model,arm,checkpoint,artifact_probe_name,probe_name,epsilon,layer,module_count,module_set,source_rows_complete,included_modules,excluded_modules,r_epsilon_equal5,state_rank_base_equal5_non_qk,state_rank_current_equal5_non_qk,delta_r_equal5,c_equal5,ratio_of_means_sensitivity_equal5,base_rank_modules_json_equal5_non_qk,current_rank_modules_json_equal5_non_qk,delta_r_modules_json_equal5_non_qk,c_modules_json_equal5_non_qk,c_equal5_E_general,G_equal5,module_count_eq7src,module_set_eq7src,source_rows_complete_eq7src,included_modules_eq7src,excluded_modules_eq7src,r_epsilon_equal7,state_rank_base_equal7,state_rank_current_equal7,delta_r_equal7,c_equal7,ratio_of_means_sensitivity_equal7,base_rank_modules_json_equal7,current_rank_modules_json_equal7,delta_r_modules_json_equal7,c_modules_json_equal7,equal5_minus_equal7_c,equal5_minus_equal7_delta_r,equal5_minus_equal7_r,sign_changed_c,excluded_modules_exactly_qk
llama,base,0,E_general,E_general,0.01,14,5,equal5_non_qk,True,"mlp.down_proj,mlp.gate_proj,mlp.up_proj,self_attn.o_proj,self_attn.v_proj","self_attn.q_proj,self_attn.k_proj",1737.8,1737.8,1737.8,0.0,0.0,0.0,"{""mlp.down_proj"": 2529.0, ""mlp.gate_proj"": 1399.0, ""mlp.up_proj"": 2314.0, ""self_attn.o_proj"": 1584.0, ""self_attn.v_proj"": 863.0}","{""mlp.down_proj"": 2529.0, ""mlp.gate_proj"": 1399.0, ""mlp.up_proj"": 2314.0, ""self_attn.o_proj"": 1584.0, ""self_attn.v_proj"": 863.0}","{""mlp.down_proj"": 0.0, ""mlp.gate_proj"": 0.0, ""mlp.up_proj"": 0.0, ""self_attn.o_proj"": 0.0, ""self_attn.v_proj"": 0.0}","{""mlp.down_proj"": 0.0, ""mlp.gate_proj"": 0.0, ""mlp.up_proj"": 0.0, ""self_attn.o_proj"": 0.0, ""self_attn.v_proj"": 0.0}",0.0,0.0,7,equal7,True,"mlp.down_proj,mlp.gate_proj,mlp.up_proj,self_attn.k_proj,self_attn.o_proj,self_attn.q_proj,self_attn.v_proj",,1393.7142857142858,1393.7142857142858,1393.7142857142858,0.0,0.0,0.0,"{""mlp.down_proj"": 2529.0, ""mlp.gate_proj"": 1399.0, ""mlp.up_proj"": 2314.0, ""self_attn.k_proj"": 375.0, ""self_attn.o_proj"": 1584.0, ""self_attn.q_proj"": 692.0, ""self_attn.v_proj"": 863.0}","{""mlp.down_proj"": 2529.0, ""mlp.gate_proj"": 1399.0, ""mlp.up_proj"": 2314.0, ""self_attn.k_proj"": 375.0, ""self_attn.o_proj"": 1584.0, ""self_attn.q_proj"": 692.0, ""self_attn.v_proj"": 863.0}","{""mlp.down_proj"": 0.0, ""mlp.gate_proj"": 0.0, ""mlp.up_proj"": 0.0, ""self_attn.k_proj"": 0.0, ""self_attn.o_proj"": 0.0, ""self_attn.q_proj"": 0.0, ""self_attn.v_proj"": 0.0}","{""mlp.down_proj"": 0.0, ""mlp.gate_proj"": 0.0, ""mlp.up_proj"": 0.0, ""self_attn.k_proj"": 0.0, ""self_attn.o_proj"": 0.0, ""self_attn.q_proj"": 0.0, ""self_attn.v_proj"": 0.0}",0.0,0.0,344.0857142857142,False,True
llama,base,0,E_general,E_general,0.025,14,5,equal5_non_qk,True,"mlp.down_proj,mlp.gate_proj,mlp.up_proj,self_attn.o_proj,self_attn.v_proj","self_attn.q_proj,self_attn.k_proj",1358.4,1358.4,1358.4,0.0,0.0,0.0,"{""mlp.down_proj"": 2167.0, ""mlp.gate_proj"": 784.0, ""mlp.up_proj"": 1852.0, ""self_attn.o_proj"": 1238.0, ""self_attn.v_proj"": 751.0}","{""mlp.down_proj"": 2167.0, ""mlp.gate_proj"": 784.0, ""mlp.up_proj"": 1852.0, ""self_attn.o_proj"": 1238.0, ""self_attn.v_proj"": 751.0}","{""mlp.down_proj"": 0.0, ""mlp.gate_proj"": 0.0, ""mlp.up_proj"": 0.0, ""self_attn.o_proj"": 0.0, ""self_attn.v_proj"": 0.0}","{""mlp.down_proj"": 0.0, ""mlp.gate_proj"": 0.0, ""mlp.up_proj"": 0.0, ""self_attn.o_proj"": 0.0, ""self_attn.v_proj"": 0.0}",0.0,0.0,7,equal7,True,"mlp.down_proj,mlp.gate_proj,mlp.up_proj,self_attn.k_proj,self_attn.o_proj,self_attn.q_proj,self_attn.v_proj",,1050.7142857142858,1050.7142857142858,1050.7142857142858,0.0,0.0,0.0,"{""mlp.down_proj"": 2167.0, ""mlp.gate_proj"": 784.0, ""mlp.up_proj"": 1852.0, ""self_attn.k_proj"": 212.0, ""self_attn.o_proj"": 1238.0, ""self_attn.q_proj"": 351.0, ""self_attn.v_proj"": 751.0}","{""mlp.down_proj"": 2167.0, ""mlp.gate_proj"": 784.0, ""mlp.up_proj"": 1852.0, ""self_attn.k_proj"": 212.0, ""self_attn.o_proj"": 1238.0, ""self_attn.q_proj"": 351.0, ""self_attn.v_proj"": 751.0}","{""mlp.down_proj"": 0.0, ""mlp.gate_proj"": 0.0, ""mlp.up_proj"": 0.0, ""self_attn.k_proj"": 0.0, ""self_attn.o_proj"": 0.0, ""self_attn.q_proj"": 0.0, ""self_attn.v_proj"": 0.0}","{""mlp.down_proj"": 0.0, ""mlp.gate_proj"": 0.0, ""mlp.up_proj"": 0.0, ""self_attn.k_proj"": 0.0, ""self_attn.o_proj"": 0.0, ""self_attn.q_proj"": 0.0, ""self_attn.v_proj"": 0.0}",0.0,0.0,307.6857142857143,False,True
llama,base,0,E_general,E_general,0.05,14,5,equal5_non_qk,True,"mlp.down_proj,mlp.gate_proj,mlp.up_proj,self_attn.o_proj,self_attn.v_proj","self_attn.q_proj,self_attn.k_proj",1033.4,1033.4,1033.4,0.0,0.0,0.0,"{""mlp.down_proj"": 1802.0, ""mlp.gate_proj"": 368.0, ""mlp.up_proj"": 1412.0, ""self_attn.o_proj"": 954.0, ""self_attn.v_proj"": 631.0}","{""mlp.down_proj"": 1802.0, ""mlp.gate_proj"": 368.0, ""mlp.up_proj"": 1412.0, ""self_attn.o_proj"": 954.0, ""self_attn.v_proj"": 631.0}","{""mlp.down_proj"": 0.0, ""mlp.gate_proj"": 0.0, ""mlp.up_proj"": 0.0, ""self_attn.o_proj"": 0.0, ""self_attn.v_proj"": 0.0}","{""mlp.down_proj"": 0.0, ""mlp.gate_proj"": 0.0, ""mlp.up_proj"": 0.0, ""self_attn.o_proj"": 0.0, ""self_attn.v_proj"": 0.0}",0.0,0.0,7,equal7,True,"mlp.down_proj,mlp.gate_proj,mlp.up_proj,self_attn.k_proj,self_attn.o_proj,self_attn.q_proj,self_attn.v_proj",,776.2857142857143,776.2857142857143,776.2857142857143,0.0,0.0,0.0,"{""mlp.down_proj"": 1802.0, ""mlp.gate_proj"": 368.0, ""mlp.up_proj"": 1412.0, ""self_attn.k_proj"": 111.0, ""self_attn.o_proj"": 954.0, ""self_attn.q_proj"": 156.0, ""self_attn.v_proj"": 631.0}","{""mlp.down_proj"": 1802.0, ""mlp.gate_proj"": 368.0, ""mlp.up_proj"": 1412.0, ""self_attn.k_proj"": 111.0, ""self_attn.o_proj"": 954.0, ""self_attn.q_proj"": 156.0, ""self_attn.v_proj"": 631.0}","{""mlp.down_proj"": 0.0, ""mlp.gate_proj"": 0.0, ""mlp.up_proj"": 0.0, ""self_attn.k_proj"": 0.0, ""self_attn.o_proj"": 0.0, ""self_attn.q_proj"": 0.0, ""self_attn.v_proj"": 0.0}","{""mlp.down_proj"": 0.0, ""mlp.gate_proj"": 0.0, ""mlp.up_proj"": 0.0, ""self_attn.k_proj"": 0.0, ""self_attn.o_proj"": 0.0, ""self_attn.q_proj"": 0.0, ""self_attn.v_proj"": 0.0}",0.0,0.0,257.11428571428576,False,True
llama,base,0,E_general,E_general,0.1,14,5,equal5_non_qk,True,"mlp.down_proj,mlp.gate_proj,mlp.up_proj,self_attn.o_proj,self_attn.v_proj","self_attn.q_proj,self_attn.k_proj",704.6,704.6,704.6,0.0,0.0,0.0,"{""mlp.down_proj"": 1362.0, ""mlp.gate_proj"": 100.0, ""mlp.up_proj"": 923.0, ""self_attn.o_proj"": 659.0, ""self_attn.v_proj"": 479.0}","{""mlp.down_proj"": 1362.0, ""mlp.gate_proj"": 100.0, ""mlp.up_proj"": 923.0, ""self_attn.o_proj"": 659.0, ""self_attn.v_proj"": 479.0}","{""mlp.down_proj"": 0.0, ""mlp.gate_proj"": 0.0, ""mlp.up_proj"": 0.0, ""self_attn.o_proj"": 0.0, ""self_attn.v_proj"": 0.0}","{""mlp.down_proj"": 0.0, ""mlp.gate_proj"": 0.0, ""mlp.up_proj"": 0.0, ""self_attn.o_proj"": 0.0, ""self_attn.v_proj"": 0.0}",0.0,0.0,7,equal7,True,"mlp.down_proj,mlp.gate_proj,mlp.up_proj,self_attn.k_proj,self_attn.o_proj,self_attn.q_proj,self_attn.v_proj",,517.2857142857143,517.2857142857143,517.2857142857143,0.0,0.0,0.0,"{""mlp.down_proj"": 1362.0, ""mlp.gate_proj"": 100.0, ""mlp.up_proj"": 923.0, ""self_attn.k_proj"": 48.0, ""self_attn.o_proj"": 659.0, ""self_attn.q_proj"": 50.0, ""self_attn.v_proj"": 479.0}","{""mlp.down_proj"": 1362.0, ""mlp.gate_proj"": 100.0, ""mlp.up_proj"": 923.0, ""self_attn.k_proj"": 48.0, ""self_attn.o_proj"": 659.0, ""self_attn.q_proj"": 50.0, ""self_attn.v_proj"": 479.0}","{""mlp.down_proj"": 0.0, ""mlp.gate_proj"": 0.0, ""mlp.up_proj"": 0.0, ""self_attn.k_proj"": 0.0, ""self_attn.o_proj"": 0.0, ""self_attn.q_proj"": 0.0, ""self_attn.v_proj"": 0.0}","{""mlp.down_proj"": 0.0, ""mlp.gate_proj"": 0.0, ""mlp.up_proj"": 0.0, ""self_attn.k_proj"": 0.0, ""self_attn.o_proj"": 0.0, ""self_attn.q_proj"": 0.0, ""self_attn.v_proj"": 0.0}",0.0,0.0,187.3142857142857,False,True
llama,base,0,E_if,E_ifeval,0.01,14,5,equal5_non_qk,True,"mlp.down_proj,mlp.gate_proj,mlp.up_proj,self_attn.o_proj,self_attn.v_proj","self_attn.q_proj,self_attn.k_proj",1652.8,1652.8,1652.8,0.0,0.0,0.0,"{""mlp.down_proj"": 2435.0, ""mlp.gate_proj"": 1309.0, ""mlp.up_proj"": 2178.0, ""self_attn.o_proj"": 1511.0, ""self_attn.v_proj"": 831.0}","{""mlp.down_proj"": 2435.0, ""mlp.gate_proj"": 1309.0, ""mlp.up_proj"": 2178.0, ""self_attn.o_proj"": 1511.0, ""self_attn.v_proj"": 831.0}","{""mlp.down_proj"": 0.0, ""mlp.gate_proj"": 0.0, ""mlp.up_proj"": 0.0, ""self_attn.o_proj"": 0.0, ""self_attn.v_proj"": 0.0}","{""mlp.down_proj"": 0.0, ""mlp.gate_proj"": 0.0, ""mlp.up_proj"": 0.0, ""self_attn.o_proj"": 0.0, ""self_attn.v_proj"": 0.0}",0.0,0.0,7,equal7,True,"mlp.down_proj,mlp.gate_proj,mlp.up_proj,self_attn.k_proj,self_attn.o_proj,self_attn.q_proj,self_attn.v_proj",,1319.857142857143,1319.857142857143,1319.857142857143,0.0,0.0,0.0,"{""mlp.down_proj"": 2435.0, ""mlp.gate_proj"": 1309.0, ""mlp.up_proj"": 2178.0, ""self_attn.k_proj"": 345.0, ""self_attn.o_proj"": 1511.0, ""self_attn.q_proj"": 630.0, ""self_attn.v_proj"": 831.0}","{""mlp.down_proj"": 2435.0, ""mlp.gate_proj"": 1309.0, ""mlp.up_proj"": 2178.0, ""self_attn.k_proj"": 345.0, ""self_attn.o_proj"": 1511.0, ""self_attn.q_proj"": 630.0, ""self_attn.v_proj"": 831.0}","{""mlp.down_proj"": 0.0, ""mlp.gate_proj"": 0.0, ""mlp.up_proj"": 0.0, ""self_attn.k_proj"": 0.0, ""self_attn.o_proj"": 0.0, ""self_attn.q_proj"": 0.0, ""self_attn.v_proj"": 0.0}","{""mlp.down_proj"": 0.0, ""mlp.gate_proj"": 0.0, ""mlp.up_proj"": 0.0, ""self_attn.k_proj"": 0.0, ""self_attn.o_proj"": 0.0, ""self_attn.q_proj"": 0.0, ""self_attn.v_proj"": 0.0}",0.0,0.0,332.94285714285706,False,True
llama,base,0,E_if,E_ifeval,0.025,14,5,equal5_non_qk,True,"mlp.down_proj,mlp.gate_proj,mlp.up_proj,self_attn.o_proj,self_attn.v_proj","self_attn.q_proj,self_attn.k_proj",1254.0,1254.0,1254.0,0.0,0.0,0.0,"{""mlp.down_proj"": 2031.0, ""mlp.gate_proj"": 709.0, ""mlp.up_proj"": 1670.0, ""self_attn.o_proj"": 1157.0, ""self_attn.v_proj"": 703.0}","{""mlp.down_proj"": 2031.0, ""mlp.gate_proj"": 709.0, ""mlp.up_proj"": 1670.0, ""self_attn.o_proj"": 1157.0, ""self_attn.v_proj"": 703.0}","{""mlp.down_proj"": 0.0, ""mlp.gate_proj"": 0.0, ""mlp.up_proj"": 0.0, ""self_attn.o_proj"": 0.0, ""self_attn.v_proj"": 0.0}","{""mlp.down_proj"": 0.0, ""mlp.gate_proj"": 0.0, ""mlp.up_proj"": 0.0, ""self_attn.o_proj"": 0.0, ""self_attn.v_proj"": 0.0}",0.0,0.0,7,equal7,True,"mlp.down_proj,mlp.gate_proj,mlp.up_proj,self_attn.k_proj,self_attn.o_proj,self_attn.q_proj,self_attn.v_proj",,966.7142857142857,966.7142857142857,966.7142857142857,0.0,0.0,0.0,"{""mlp.down_proj"": 2031.0, ""mlp.gate_proj"": 709.0, ""mlp.up_proj"": 1670.0, ""self_attn.k_proj"": 188.0, ""self_attn.o_proj"": 1157.0, ""self_attn.q_proj"": 309.0, ""self_attn.v_proj"": 703.0}","{""mlp.down_proj"": 2031.0, ""mlp.gate_proj"": 709.0, ""mlp.up_proj"": 1670.0, ""self_attn.k_proj"": 188.0, ""self_attn.o_proj"": 1157.0, ""self_attn.q_proj"": 309.0, ""self_attn.v_proj"": 703.0}","{""mlp.down_proj"": 0.0, ""mlp.gate_proj"": 0.0, ""mlp.up_proj"": 0.0, ""self_attn.k_proj"": 0.0, ""self_attn.o_proj"": 0.0, ""self_attn.q_proj"": 0.0, ""self_attn.v_proj"": 0.0}","{""mlp.down_proj"": 0.0, ""mlp.gate_proj"": 0.0, ""mlp.up_proj"": 0.0, ""self_attn.k_proj"": 0.0, ""self_attn.o_proj"": 0.0, ""self_attn.q_proj"": 0.0, ""self_attn.v_proj"": 0.0}",0.0,0.0,287.28571428571433,False,True
llama,base,0,E_if,E_ifeval,0.05,14,5,equal5_non_qk,True,"mlp.down_proj,mlp.gate_proj,mlp.up_proj,self_attn.o_proj,self_attn.v_proj","self_attn.q_proj,self_attn.k_proj",921.2,921.2,921.2,0.0,0.0,0.0,"{""mlp.down_proj"": 1632.0, ""mlp.gate_proj"": 328.0, ""mlp.up_proj"": 1207.0, ""self_attn.o_proj"": 868.0, ""self_attn.v_proj"": 571.0}","{""mlp.down_proj"": 1632.0, ""mlp.gate_proj"": 328.0, ""mlp.up_proj"": 1207.0, ""self_attn.o_proj"": 868.0, ""self_attn.v_proj"": 571.0}","{""mlp.down_proj"": 0.0, ""mlp.gate_proj"": 0.0, ""mlp.up_proj"": 0.0, ""self_attn.o_proj"": 0.0, ""self_attn.v_proj"": 0.0}","{""mlp.down_proj"": 0.0, ""mlp.gate_proj"": 0.0, ""mlp.up_proj"": 0.0, ""self_attn.o_proj"": 0.0, ""self_attn.v_proj"": 0.0}",0.0,0.0,7,equal7,True,"mlp.down_proj,mlp.gate_proj,mlp.up_proj,self_attn.k_proj,self_attn.o_proj,self_attn.q_proj,self_attn.v_proj",,691.2857142857143,691.2857142857143,691.2857142857143,0.0,0.0,0.0,"{""mlp.down_proj"": 1632.0, ""mlp.gate_proj"": 328.0, ""mlp.up_proj"": 1207.0, ""self_attn.k_proj"": 98.0, ""self_attn.o_proj"": 868.0, ""self_attn.q_proj"": 135.0, ""self_attn.v_proj"": 571.0}","{""mlp.down_proj"": 1632.0, ""mlp.gate_proj"": 328.0, ""mlp.up_proj"": 1207.0, ""self_attn.k_proj"": 98.0, ""self_attn.o_proj"": 868.0, ""self_attn.q_proj"": 135.0, ""self_attn.v_proj"": 571.0}","{""mlp.down_proj"": 0.0, ""mlp.gate_proj"": 0.0, ""mlp.up_proj"": 0.0, ""self_attn.k_proj"": 0.0, ""self_attn.o_proj"": 0.0, ""self_attn.q_proj"": 0.0, ""self_attn.v_proj"": 0.0}","{""mlp.down_proj"": 0.0, ""mlp.gate_proj"": 0.0, ""mlp.up_proj"": 0.0, ""self_attn.k_proj"": 0.0, ""self_attn.o_proj"": 0.0, ""self_attn.q_proj"": 0.0, ""self_attn.v_proj"": 0.0}",0.0,0.0,229.9142857142857,False,True
llama,base,0,E_if,E_ifeval,0.1,14,5,equal5_non_qk,True,"mlp.down_proj,mlp.gate_proj,mlp.up_proj,self_attn.o_proj,self_attn.v_proj","self_attn.q_proj,self_attn.k_proj",592.8,592.8,592.8,0.0,0.0,0.0,"{""mlp.down_proj"": 1166.0, ""mlp.gate_proj"": 96.0, ""mlp.up_proj"": 722.0, ""self_attn.o_proj"": 572.0, ""self_attn.v_proj"": 408.0}","{""mlp.down_proj"": 1166.0, ""mlp.gate_proj"": 96.0, ""mlp.up_proj"": 722.0, ""self_attn.o_proj"": 572.0, ""self_attn.v_proj"": 408.0}","{""mlp.down_proj"": 0.0, ""mlp.gate_proj"": 0.0, ""mlp.up_proj"": 0.0, ""self_attn.o_proj"": 0.0, ""self_attn.v_proj"": 0.0}","{""mlp.down_proj"": 0.0, ""mlp.gate_proj"": 0.0, ""mlp.up_proj"": 0.0, ""self_attn.o_proj"": 0.0, ""self_attn.v_proj"": 0.0}",0.0,0.0,7,equal7,True,"mlp.down_proj,mlp.gate_proj,mlp.up_proj,self_attn.k_proj,self_attn.o_proj,self_attn.q_proj,self_attn.v_proj",,435.7142857142857,435.7142857142857,435.7142857142857,0.0,0.0,0.0,"{""mlp.down_proj"": 1166.0, ""mlp.gate_proj"": 96.0, ""mlp.up_proj"": 722.0, ""self_attn.k_proj"": 42.0, ""self_attn.o_proj"": 572.0, ""self_attn.q_proj"": 44.0, ""self_attn.v_proj"": 408.0}","{""mlp.down_proj"": 1166.0, ""mlp.gate_proj"": 96.0, ""mlp.up_proj"": 722.0, ""self_attn.k_proj"": 42.0, ""self_attn.o_proj"": 572.0, ""self_attn.q_proj"": 44.0, ""self_attn.v_proj"": 408.0}","{""mlp.down_proj"": 0.0, ""mlp.gate_proj"": 0.0, ""mlp.up_proj"": 0.0, ""self_attn.k_proj"": 0.0, ""self_attn.o_proj"": 0.0, ""self_attn.q_proj"": 0.0, ""self_attn.v_proj"": 0.0}","{""mlp.down_proj"": 0.0, ""mlp.gate_proj"": 0.0, ""mlp.up_proj"": 0.0, ""self_attn.k_proj"": 0.0, ""self_attn.o_proj"": 0.0, ""self_attn.q_proj"": 0.0, ""self_attn.v_proj"": 0.0}",0.0,0.0,157.08571428571423,False,True
llama,base,0,E_math,E_mathHeld,0.01,14,5,equal5_non_qk,True,"mlp.down_proj,mlp.gate_proj,mlp.up_proj,self_attn.o_proj,self_attn.v_proj","self_attn.q_proj,self_attn.k_proj",851.6,851.6,851.6,0.0,0.0,0.0,"{""mlp.down_proj"": 1162.0, ""mlp.gate_proj"": 587.0, ""mlp.up_proj"": 1022.0, ""self_attn.o_proj"": 828.0, ""self_attn.v_proj"": 659.0}","{""mlp.down_proj"": 1162.0, ""mlp.gate_proj"": 587.0, ""mlp.up_proj"": 1022.0, ""self_attn.o_proj"": 828.0, ""self_attn.v_proj"": 659.0}","{""mlp.down_proj"": 0.0, ""mlp.gate_proj"": 0.0, ""mlp.up_proj"": 0.0, ""self_attn.o_proj"": 0.0, ""self_attn.v_proj"": 0.0}","{""mlp.down_proj"": 0.0, ""mlp.gate_proj"": 0.0, ""mlp.up_proj"": 0.0, ""self_attn.o_proj"": 0.0, ""self_attn.v_proj"": 0.0}",0.0,0.0,7,equal7,True,"mlp.down_proj,mlp.gate_proj,mlp.up_proj,self_attn.k_proj,self_attn.o_proj,self_attn.q_proj,self_attn.v_proj",,701.7142857142857,701.7142857142857,701.7142857142857,0.0,0.0,0.0,"{""mlp.down_proj"": 1162.0, ""mlp.gate_proj"": 587.0, ""mlp.up_proj"": 1022.0, ""self_attn.k_proj"": 263.0, ""self_attn.o_proj"": 828.0, ""self_attn.q_proj"": 391.0, ""self_attn.v_proj"": 659.0}","{""mlp.down_proj"": 1162.0, ""mlp.gate_proj"": 587.0, ""mlp.up_proj"": 1022.0, ""self_attn.k_proj"": 263.0, ""self_attn.o_proj"": 828.0, ""self_attn.q_proj"": 391.0, ""self_attn.v_proj"": 659.0}","{""mlp.down_proj"": 0.0, ""mlp.gate_proj"": 0.0, ""mlp.up_proj"": 0.0, ""self_attn.k_proj"": 0.0, ""self_attn.o_proj"": 0.0, ""self_attn.q_proj"": 0.0, ""self_attn.v_proj"": 0.0}","{""mlp.down_proj"": 0.0, ""mlp.gate_proj"": 0.0, ""mlp.up_proj"": 0.0, ""self_attn.k_proj"": 0.0, ""self_attn.o_proj"": 0.0, ""self_attn.q_proj"": 0.0, ""self_attn.v_proj"": 0.0}",0.0,0.0,149.88571428571436,False,True
llama,base,0,E_math,E_mathHeld,0.025,14,5,equal5_non_qk,True,"mlp.down_proj,mlp.gate_proj,mlp.up_proj,self_attn.o_proj,self_attn.v_proj","self_attn.q_proj,self_attn.k_proj",621.6,621.6,621.6,0.0,0.0,0.0,"{""mlp.down_proj"": 912.0, ""mlp.gate_proj"": 322.0, ""mlp.up_proj"": 751.0, ""self_attn.o_proj"": 607.0, ""self_attn.v_proj"": 516.0}","{""mlp.down_proj"": 912.0, ""mlp.gate_proj"": 322.0, ""mlp.up_proj"": 751.0, ""self_attn.o_proj"": 607.0, ""self_attn.v_proj"": 516.0}","{""mlp.down_proj"": 0.0, ""mlp.gate_proj"": 0.0, ""mlp.up_proj"": 0.0, ""self_attn.o_proj"": 0.0, ""self_attn.v_proj"": 0.0}","{""mlp.down_proj"": 0.0, ""mlp.gate_proj"": 0.0, ""mlp.up_proj"": 0.0, ""self_attn.o_proj"": 0.0, ""self_attn.v_proj"": 0.0}",0.0,0.0,7,equal7,True,"mlp.down_proj,mlp.gate_proj,mlp.up_proj,self_attn.k_proj,self_attn.o_proj,self_attn.q_proj,self_attn.v_proj",,495.14285714285717,495.14285714285717,495.14285714285717,0.0,0.0,0.0,"{""mlp.down_proj"": 912.0, ""mlp.gate_proj"": 322.0, ""mlp.up_proj"": 751.0, ""self_attn.k_proj"": 150.0, ""self_attn.o_proj"": 607.0, ""self_attn.q_proj"": 208.0, ""self_attn.v_proj"": 516.0}","{""mlp.down_proj"": 912.0, ""mlp.gate_proj"": 322.0, ""mlp.up_proj"": 751.0, ""self_attn.k_proj"": 150.0, ""self_attn.o_proj"": 607.0, ""self_attn.q_proj"": 208.0, ""self_attn.v_proj"": 516.0}","{""mlp.down_proj"": 0.0, ""mlp.gate_proj"": 0.0, ""mlp.up_proj"": 0.0, ""self_attn.k_proj"": 0.0, ""self_attn.o_proj"": 0.0, ""self_attn.q_proj"": 0.0, ""self_attn.v_proj"": 0.0}","{""mlp.down_proj"": 0.0, ""mlp.gate_proj"": 0.0, ""mlp.up_proj"": 0.0, ""self_attn.k_proj"": 0.0, ""self_attn.o_proj"": 0.0, ""self_attn.q_proj"": 0.0, ""self_attn.v_proj"": 0.0}",0.0,0.0,126.45714285714286,False,True
llama,base,0,E_math,E_mathHeld,0.05,14,5,equal5_non_qk,True,"mlp.down_proj,mlp.gate_proj,mlp.up_proj,self_attn.o_proj,self_attn.v_proj","self_attn.q_proj,self_attn.k_proj",446.2,446.2,446.2,0.0,0.0,0.0,"{""mlp.down_proj"": 701.0, ""mlp.gate_proj"": 158.0, ""mlp.up_proj"": 534.0, ""self_attn.o_proj"": 441.0, ""self_attn.v_proj"": 397.0}","{""mlp.down_proj"": 701.0, ""mlp.gate_proj"": 158.0, ""mlp.up_proj"": 534.0, ""self_attn.o_proj"": 441.0, ""self_attn.v_proj"": 397.0}","{""mlp.down_proj"": 0.0, ""mlp.gate_proj"": 0.0, ""mlp.up_proj"": 0.0, ""self_attn.o_proj"": 0.0, ""self_attn.v_proj"": 0.0}","{""mlp.down_proj"": 0.0, ""mlp.gate_proj"": 0.0, ""mlp.up_proj"": 0.0, ""self_attn.o_proj"": 0.0, ""self_attn.v_proj"": 0.0}",0.0,0.0,7,equal7,True,"mlp.down_proj,mlp.gate_proj,mlp.up_proj,self_attn.k_proj,self_attn.o_proj,self_attn.q_proj,self_attn.v_proj",,345.42857142857144,345.42857142857144,345.42857142857144,0.0,0.0,0.0,"{""mlp.down_proj"": 701.0, ""mlp.gate_proj"": 158.0, ""mlp.up_proj"": 534.0, ""self_attn.k_proj"": 84.0, ""self_attn.o_proj"": 441.0, ""self_attn.q_proj"": 103.0, ""self_attn.v_proj"": 397.0}","{""mlp.down_proj"": 701.0, ""mlp.gate_proj"": 158.0, ""mlp.up_proj"": 534.0, ""self_attn.k_proj"": 84.0, ""self_attn.o_proj"": 441.0, ""self_attn.q_proj"": 103.0, ""self_attn.v_proj"": 397.0}","{""mlp.down_proj"": 0.0, ""mlp.gate_proj"": 0.0, ""mlp.up_proj"": 0.0, ""self_attn.k_proj"": 0.0, ""self_attn.o_proj"": 0.0, ""self_attn.q_proj"": 0.0, ""self_attn.v_proj"": 0.0}","{""mlp.down_proj"": 0.0, ""mlp.gate_proj"": 0.0, ""mlp.up_proj"": 0.0, ""self_attn.k_proj"": 0.0, ""self_attn.o_proj"": 0.0, ""self_attn.q_proj"": 0.0, ""self_attn.v_proj"": 0.0}",0.0,0.0,100.77142857142854,False,True
llama,base,0,E_math,E_mathHeld,0.1,14,5,equal5_non_qk,True,"mlp.down_proj,mlp.gate_proj,mlp.up_proj,self_attn.o_proj,self_attn.v_proj","self_attn.q_proj,self_attn.k_proj",283.2,283.2,283.2,0.0,0.0,0.0,"{""mlp.down_proj"": 483.0, ""mlp.gate_proj"": 49.0, ""mlp.up_proj"": 325.0, ""self_attn.o_proj"": 286.0, ""self_attn.v_proj"": 273.0}","{""mlp.down_proj"": 483.0, ""mlp.gate_proj"": 49.0, ""mlp.up_proj"": 325.0, ""self_attn.o_proj"": 286.0, ""self_attn.v_proj"": 273.0}","{""mlp.down_proj"": 0.0, ""mlp.gate_proj"": 0.0, ""mlp.up_proj"": 0.0, ""self_attn.o_proj"": 0.0, ""self_attn.v_proj"": 0.0}","{""mlp.down_proj"": 0.0, ""mlp.gate_proj"": 0.0, ""mlp.up_proj"": 0.0, ""self_attn.o_proj"": 0.0, ""self_attn.v_proj"": 0.0}",0.0,0.0,7,equal7,True,"mlp.down_proj,mlp.gate_proj,mlp.up_proj,self_attn.k_proj,self_attn.o_proj,self_attn.q_proj,self_attn.v_proj",,213.14285714285714,213.14285714285714,213.14285714285714,0.0,0.0,0.0,"{""mlp.down_proj"": 483.0, ""mlp.gate_proj"": 49.0, ""mlp.up_proj"": 325.0, ""self_attn.k_proj"": 38.0, ""self_attn.o_proj"": 286.0, ""self_attn.q_proj"": 38.0, ""self_attn.v_proj"": 273.0}","{""mlp.down_proj"": 483.0, ""mlp.gate_proj"": 49.0, ""mlp.up_proj"": 325.0, ""self_attn.k_proj"": 38.0, ""self_attn.o_proj"": 286.0, ""self_attn.q_proj"": 38.0, ""self_attn.v_proj"": 273.0}","{""mlp.down_proj"": 0.0, ""mlp.gate_proj"": 0.0, ""mlp.up_proj"": 0.0, ""self_attn.k_proj"": 0.0, ""self_attn.o_proj"": 0.0, ""self_attn.q_proj"": 0.0, ""self_attn.v_proj"": 0.0}","{""mlp.down_proj"": 0.0, ""mlp.gate_proj"": 0.0, ""mlp.up_proj"": 0.0, ""self_attn.k_proj"": 0.0, ""self_attn.o_proj"": 0.0, ""self_attn.q_proj"": 0.0, ""self_attn.v_proj"": 0.0}",0.0,0.0,70.05714285714285,False,True
llama,base,0,E_ood,E_mmluPro,0.01,14,5,equal5_non_qk,True,"mlp.down_proj,mlp.gate_proj,mlp.up_proj,self_attn.o_proj,self_attn.v_proj","self_attn.q_proj,self_attn.k_proj",1694.2,1694.2,1694.2,0.0,0.0,0.0,"{""mlp.down_proj"": 2452.0, ""mlp.gate_proj"": 1352.0, ""mlp.up_proj"": 2263.0, ""self_attn.o_proj"": 1556.0, ""self_attn.v_proj"": 848.0}","{""mlp.down_proj"": 2452.0, ""mlp.gate_proj"": 1352.0, ""mlp.up_proj"": 2263.0, ""self_attn.o_proj"": 1556.0, ""self_attn.v_proj"": 848.0}","{""mlp.down_proj"": 0.0, ""mlp.gate_proj"": 0.0, ""mlp.up_proj"": 0.0, ""self_attn.o_proj"": 0.0, ""self_attn.v_proj"": 0.0}","{""mlp.down_proj"": 0.0, ""mlp.gate_proj"": 0.0, ""mlp.up_proj"": 0.0, ""self_attn.o_proj"": 0.0, ""self_attn.v_proj"": 0.0}",0.0,0.0,7,equal7,True,"mlp.down_proj,mlp.gate_proj,mlp.up_proj,self_attn.k_proj,self_attn.o_proj,self_attn.q_proj,self_attn.v_proj",,1343.5714285714287,1343.5714285714287,1343.5714285714287,0.0,0.0,0.0,"{""mlp.down_proj"": 2452.0, ""mlp.gate_proj"": 1352.0, ""mlp.up_proj"": 2263.0, ""self_attn.k_proj"": 331.0, ""self_attn.o_proj"": 1556.0, ""self_attn.q_proj"": 603.0, ""self_attn.v_proj"": 848.0}","{""mlp.down_proj"": 2452.0, ""mlp.gate_proj"": 1352.0, ""mlp.up_proj"": 2263.0, ""self_attn.k_proj"": 331.0, ""self_attn.o_proj"": 1556.0, ""self_attn.q_proj"": 603.0, ""self_attn.v_proj"": 848.0}","{""mlp.down_proj"": 0.0, ""mlp.gate_proj"": 0.0, ""mlp.up_proj"": 0.0, ""self_attn.k_proj"": 0.0, ""self_attn.o_proj"": 0.0, ""self_attn.q_proj"": 0.0, ""self_attn.v_proj"": 0.0}","{""mlp.down_proj"": 0.0, ""mlp.gate_proj"": 0.0, ""mlp.up_proj"": 0.0, ""self_attn.k_proj"": 0.0, ""self_attn.o_proj"": 0.0, ""self_attn.q_proj"": 0.0, ""self_attn.v_proj"": 0.0}",0.0,0.0,350.6285714285714,False,True
llama,base,0,E_ood,E_mmluPro,0.025,14,5,equal5_non_qk,True,"mlp.down_proj,mlp.gate_proj,mlp.up_proj,self_attn.o_proj,self_attn.v_proj","self_attn.q_proj,self_attn.k_proj",1296.6,1296.6,1296.6,0.0,0.0,0.0,"{""mlp.down_proj"": 2058.0, ""mlp.gate_proj"": 731.0, ""mlp.up_proj"": 1775.0, ""self_attn.o_proj"": 1191.0, ""self_attn.v_proj"": 728.0}","{""mlp.down_proj"": 2058.0, ""mlp.gate_proj"": 731.0, ""mlp.up_proj"": 1775.0, ""self_attn.o_proj"": 1191.0, ""self_attn.v_proj"": 728.0}","{""mlp.down_proj"": 0.0, ""mlp.gate_proj"": 0.0, ""mlp.up_proj"": 0.0, ""self_attn.o_proj"": 0.0, ""self_attn.v_proj"": 0.0}","{""mlp.down_proj"": 0.0, ""mlp.gate_proj"": 0.0, ""mlp.up_proj"": 0.0, ""self_attn.o_proj"": 0.0, ""self_attn.v_proj"": 0.0}",0.0,0.0,7,equal7,True,"mlp.down_proj,mlp.gate_proj,mlp.up_proj,self_attn.k_proj,self_attn.o_proj,self_attn.q_proj,self_attn.v_proj",,992.7142857142857,992.7142857142857,992.7142857142857,0.0,0.0,0.0,"{""mlp.down_proj"": 2058.0, ""mlp.gate_proj"": 731.0, ""mlp.up_proj"": 1775.0, ""self_attn.k_proj"": 178.0, ""self_attn.o_proj"": 1191.0, ""self_attn.q_proj"": 288.0, ""self_attn.v_proj"": 728.0}","{""mlp.down_proj"": 2058.0, ""mlp.gate_proj"": 731.0, ""mlp.up_proj"": 1775.0, ""self_attn.k_proj"": 178.0, ""self_attn.o_proj"": 1191.0, ""self_attn.q_proj"": 288.0, ""self_attn.v_proj"": 728.0}","{""mlp.down_proj"": 0.0, ""mlp.gate_proj"": 0.0, ""mlp.up_proj"": 0.0, ""self_attn.k_proj"": 0.0, ""self_attn.o_proj"": 0.0, ""self_attn.q_proj"": 0.0, ""self_attn.v_proj"": 0.0}","{""mlp.down_proj"": 0.0, ""mlp.gate_proj"": 0.0, ""mlp.up_proj"": 0.0, ""self_attn.k_proj"": 0.0, ""self_attn.o_proj"": 0.0, ""self_attn.q_proj"": 0.0, ""self_attn.v_proj"": 0.0}",0.0,0.0,303.88571428571424,False,True
llama,base,0,E_ood,E_mmluPro,0.05,14,5,equal5_non_qk,True,"mlp.down_proj,mlp.gate_proj,mlp.up_proj,self_attn.o_proj,self_attn.v_proj","self_attn.q_proj,self_attn.k_proj",961.6,961.6,961.6,0.0,0.0,0.0,"{""mlp.down_proj"": 1669.0, ""mlp.gate_proj"": 327.0, ""mlp.up_proj"": 1319.0, ""self_attn.o_proj"": 891.0, ""self_attn.v_proj"": 602.0}","{""mlp.down_proj"": 1669.0, ""mlp.gate_proj"": 327.0, ""mlp.up_proj"": 1319.0, ""self_attn.o_proj"": 891.0, ""self_attn.v_proj"": 602.0}","{""mlp.down_proj"": 0.0, ""mlp.gate_proj"": 0.0, ""mlp.up_proj"": 0.0, ""self_attn.o_proj"": 0.0, ""self_attn.v_proj"": 0.0}","{""mlp.down_proj"": 0.0, ""mlp.gate_proj"": 0.0, ""mlp.up_proj"": 0.0, ""self_attn.o_proj"": 0.0, ""self_attn.v_proj"": 0.0}",0.0,0.0,7,equal7,True,"mlp.down_proj,mlp.gate_proj,mlp.up_proj,self_attn.k_proj,self_attn.o_proj,self_attn.q_proj,self_attn.v_proj",,717.4285714285714,717.4285714285714,717.4285714285714,0.0,0.0,0.0,"{""mlp.down_proj"": 1669.0, ""mlp.gate_proj"": 327.0, ""mlp.up_proj"": 1319.0, ""self_attn.k_proj"": 91.0, ""self_attn.o_proj"": 891.0, ""self_attn.q_proj"": 123.0, ""self_attn.v_proj"": 602.0}","{""mlp.down_proj"": 1669.0, ""mlp.gate_proj"": 327.0, ""mlp.up_proj"": 1319.0, ""self_attn.k_proj"": 91.0, ""self_attn.o_proj"": 891.0, ""self_attn.q_proj"": 123.0, ""self_attn.v_proj"": 602.0}","{""mlp.down_proj"": 0.0, ""mlp.gate_proj"": 0.0, ""mlp.up_proj"": 0.0, ""self_attn.k_proj"": 0.0, ""self_attn.o_proj"": 0.0, ""self_attn.q_proj"": 0.0, ""self_attn.v_proj"": 0.0}","{""mlp.down_proj"": 0.0, ""mlp.gate_proj"": 0.0, ""mlp.up_proj"": 0.0, ""self_attn.k_proj"": 0.0, ""self_attn.o_proj"": 0.0, ""self_attn.q_proj"": 0.0, ""self_attn.v_proj"": 0.0}",0.0,0.0,244.17142857142858,False,True
llama,base,0,E_ood,E_mmluPro,0.1,14,5,equal5_non_qk,True,"mlp.down_proj,mlp.gate_proj,mlp.up_proj,self_attn.o_proj,self_attn.v_proj","self_attn.q_proj,self_attn.k_proj",630.6,630.6,630.6,0.0,0.0,0.0,"{""mlp.down_proj"": 1213.0, ""mlp.gate_proj"": 83.0, ""mlp.up_proj"": 825.0, ""self_attn.o_proj"": 586.0, ""self_attn.v_proj"": 446.0}","{""mlp.down_proj"": 1213.0, ""mlp.gate_proj"": 83.0, ""mlp.up_proj"": 825.0, ""self_attn.o_proj"": 586.0, ""self_attn.v_proj"": 446.0}","{""mlp.down_proj"": 0.0, ""mlp.gate_proj"": 0.0, ""mlp.up_proj"": 0.0, ""self_attn.o_proj"": 0.0, ""self_attn.v_proj"": 0.0}","{""mlp.down_proj"": 0.0, ""mlp.gate_proj"": 0.0, ""mlp.up_proj"": 0.0, ""self_attn.o_proj"": 0.0, ""self_attn.v_proj"": 0.0}",0.0,0.0,7,equal7,True,"mlp.down_proj,mlp.gate_proj,mlp.up_proj,self_attn.k_proj,self_attn.o_proj,self_attn.q_proj,self_attn.v_proj",,461.85714285714283,461.85714285714283,461.85714285714283,0.0,0.0,0.0,"{""mlp.down_proj"": 1213.0, ""mlp.gate_proj"": 83.0, ""mlp.up_proj"": 825.0, ""self_attn.k_proj"": 39.0, ""self_attn.o_proj"": 586.0, ""self_attn.q_proj"": 41.0, ""self_attn.v_proj"": 446.0}","{""mlp.down_proj"": 1213.0, ""mlp.gate_proj"": 83.0, ""mlp.up_proj"": 825.0, ""self_attn.k_proj"": 39.0, ""self_attn.o_proj"": 586.0, ""self_attn.q_proj"": 41.0, ""self_attn.v_proj"": 446.0}","{""mlp.down_proj"": 0.0, ""mlp.gate_proj"": 0.0, ""mlp.up_proj"": 0.0, ""self_attn.k_proj"": 0.0, ""self_attn.o_proj"": 0.0, ""self_attn.q_proj"": 0.0, ""self_attn.v_proj"": 0.0}","{""mlp.down_proj"": 0.0, ""mlp.gate_proj"": 0.0, ""mlp.up_proj"": 0.0, ""self_attn.k_proj"": 0.0, ""self_attn.o_proj"": 0.0, ""self_attn.q_proj"": 0.0, ""self_attn.v_proj"": 0.0}",0.0,0.0,168.7428571428572,False,True
llama,offkd,5,E_general,E_general,0.01,14,5,equal5_non_qk,True,"mlp.down_proj,mlp.gate_proj,mlp.up_proj,self_attn.o_proj,self_attn.v_proj","self_attn.q_proj,self_attn.k_proj",1737.8,1737.8,1737.8,0.0,0.0,0.0,"{""mlp.down_proj"": 2529.0, ""mlp.gate_proj"": 1399.0, ""mlp.up_proj"": 2314.0, ""self_attn.o_proj"": 1584.0, ""self_attn.v_proj"": 863.0}","{""mlp.down_proj"": 2529.0, ""mlp.gate_proj"": 1399.0, ""mlp.up_proj"": 2314.0, ""self_attn.o_proj"": 1584.0, ""self_attn.v_proj"": 863.0}","{""mlp.down_proj"": 0.0, ""mlp.gate_proj"": 0.0, ""mlp.up_proj"": 0.0, ""self_attn.o_proj"": 0.0, ""self_attn.v_proj"": 0.0}","{""mlp.down_proj"": 0.0, ""mlp.gate_proj"": 0.0, ""mlp.up_proj"": 0.0, ""self_attn.o_proj"": 0.0, ""self_attn.v_proj"": 0.0}",0.0,0.0,7,equal7,True,"mlp.down_proj,mlp.gate_proj,mlp.up_proj,self_attn.k_proj,self_attn.o_proj,self_attn.q_proj,self_attn.v_proj",,1393.4285714285713,1393.7142857142858,1393.4285714285713,-0.2857142857142857,0.0005873933388384255,0.00020500205002061672,"{""mlp.down_proj"": 2529.0, ""mlp.gate_proj"": 1399.0, ""mlp.up_proj"": 2314.0, ""self_attn.k_proj"": 375.0, ""self_attn.o_proj"": 1584.0, ""self_attn.q_proj"": 692.0, ""self_attn.v_proj"": 863.0}","{""mlp.down_proj"": 2529.0, ""mlp.gate_proj"": 1399.0, ""mlp.up_proj"": 2314.0, ""self_attn.k_proj"": 374.0, ""self_attn.o_proj"": 1584.0, ""self_attn.q_proj"": 691.0, ""self_attn.v_proj"": 863.0}","{""mlp.down_proj"": 0.0, ""mlp.gate_proj"": 0.0, ""mlp.up_proj"": 0.0, ""self_attn.k_proj"": -1.0, ""self_attn.o_proj"": 0.0, ""self_attn.q_proj"": -1.0, ""self_attn.v_proj"": 0.0}","{""mlp.down_proj"": 0.0, ""mlp.gate_proj"": 0.0, ""mlp.up_proj"": 0.0, ""self_attn.k_proj"": 0.0026666666666666666, ""self_attn.o_proj"": 0.0, ""self_attn.q_proj"": 0.001445086705202312, ""self_attn.v_proj"": 0.0}",-0.0005873933388384255,0.2857142857142857,344.3714285714286,True,True
llama,offkd,5,E_general,E_general,0.025,14,5,equal5_non_qk,True,"mlp.down_proj,mlp.gate_proj,mlp.up_proj,self_attn.o_proj,self_attn.v_proj","self_attn.q_proj,self_attn.k_proj",1358.4,1358.4,1358.4,0.0,0.0,0.0,"{""mlp.down_proj"": 2167.0, ""mlp.gate_proj"": 784.0, ""mlp.up_proj"": 1852.0, ""self_attn.o_proj"": 1238.0, ""self_attn.v_proj"": 751.0}","{""mlp.down_proj"": 2167.0, ""mlp.gate_proj"": 784.0, ""mlp.up_proj"": 1852.0, ""self_attn.o_proj"": 1238.0, ""self_attn.v_proj"": 751.0}","{""mlp.down_proj"": 0.0, ""mlp.gate_proj"": 0.0, ""mlp.up_proj"": 0.0, ""self_attn.o_proj"": 0.0, ""self_attn.v_proj"": 0.0}","{""mlp.down_proj"": 0.0, ""mlp.gate_proj"": 0.0, ""mlp.up_proj"": 0.0, ""self_attn.o_proj"": 0.0, ""self_attn.v_proj"": 0.0}",0.0,0.0,7,equal7,True,"mlp.down_proj,mlp.gate_proj,mlp.up_proj,self_attn.k_proj,self_attn.o_proj,self_attn.q_proj,self_attn.v_proj",,1050.4285714285713,1050.7142857142858,1050.4285714285713,-0.2857142857142857,0.00108085485443976,0.0002719238613189853,"{""mlp.down_proj"": 2167.0, ""mlp.gate_proj"": 784.0, ""mlp.up_proj"": 1852.0, ""self_attn.k_proj"": 212.0, ""self_attn.o_proj"": 1238.0, ""self_attn.q_proj"": 351.0, ""self_attn.v_proj"": 751.0}","{""mlp.down_proj"": 2167.0, ""mlp.gate_proj"": 784.0, ""mlp.up_proj"": 1852.0, ""self_attn.k_proj"": 211.0, ""self_attn.o_proj"": 1238.0, ""self_attn.q_proj"": 350.0, ""self_attn.v_proj"": 751.0}","{""mlp.down_proj"": 0.0, ""mlp.gate_proj"": 0.0, ""mlp.up_proj"": 0.0, ""self_attn.k_proj"": -1.0, ""self_attn.o_proj"": 0.0, ""self_attn.q_proj"": -1.0, ""self_attn.v_proj"": 0.0}","{""mlp.down_proj"": 0.0, ""mlp.gate_proj"": 0.0, ""mlp.up_proj"": 0.0, ""self_attn.k_proj"": 0.0047169811320754715, ""self_attn.o_proj"": 0.0, ""self_attn.q_proj"": 0.002849002849002849, ""self_attn.v_proj"": 0.0}",-0.00108085485443976,0.2857142857142857,307.97142857142876,True,True
llama,offkd,5,E_general,E_general,0.05,14,5,equal5_non_qk,True,"mlp.down_proj,mlp.gate_proj,mlp.up_proj,self_attn.o_proj,self_attn.v_proj","self_attn.q_proj,self_attn.k_proj",1033.2,1033.4,1033.2,-0.2,0.00011098779134295228,0.00019353590090966273,"{""mlp.down_proj"": 1802.0, ""mlp.gate_proj"": 368.0, ""mlp.up_proj"": 1412.0, ""self_attn.o_proj"": 954.0, ""self_attn.v_proj"": 631.0}","{""mlp.down_proj"": 1801.0, ""mlp.gate_proj"": 368.0, ""mlp.up_proj"": 1412.0, ""self_attn.o_proj"": 954.0, ""self_attn.v_proj"": 631.0}","{""mlp.down_proj"": -1.0, ""mlp.gate_proj"": 0.0, ""mlp.up_proj"": 0.0, ""self_attn.o_proj"": 0.0, ""self_attn.v_proj"": 0.0}","{""mlp.down_proj"": 0.0005549389567147614, ""mlp.gate_proj"": 0.0, ""mlp.up_proj"": 0.0, ""self_attn.o_proj"": 0.0, ""self_attn.v_proj"": 0.0}",0.00011098779134295228,0.0,7,equal7,True,"mlp.down_proj,mlp.gate_proj,mlp.up_proj,self_attn.k_proj,self_attn.o_proj,self_attn.q_proj,self_attn.v_proj",,776.1428571428571,776.2857142857143,776.1428571428571,-0.14285714285714285,7.927699381639449e-05,0.0001840264998160781,"{""mlp.down_proj"": 1802.0, ""mlp.gate_proj"": 368.0, ""mlp.up_proj"": 1412.0, ""self_attn.k_proj"": 111.0, ""self_attn.o_proj"": 954.0, ""self_attn.q_proj"": 156.0, ""self_attn.v_proj"": 631.0}","{""mlp.down_proj"": 1801.0, ""mlp.gate_proj"": 368.0, ""mlp.up_proj"": 1412.0, ""self_attn.k_proj"": 111.0, ""self_attn.o_proj"": 954.0, ""self_attn.q_proj"": 156.0, ""self_attn.v_proj"": 631.0}","{""mlp.down_proj"": -1.0, ""mlp.gate_proj"": 0.0, ""mlp.up_proj"": 0.0, ""self_attn.k_proj"": 0.0, ""self_attn.o_proj"": 0.0, ""self_attn.q_proj"": 0.0, ""self_attn.v_proj"": 0.0}","{""mlp.down_proj"": 0.0005549389567147614, ""mlp.gate_proj"": 0.0, ""mlp.up_proj"": 0.0, ""self_attn.k_proj"": 0.0, ""self_attn.o_proj"": 0.0, ""self_attn.q_proj"": 0.0, ""self_attn.v_proj"": 0.0}",3.1710797526557794e-05,-0.05714285714285716,257.05714285714294,False,True
llama,offkd,5,E_general,E_general,0.1,14,5,equal5_non_qk,True,"mlp.down_proj,mlp.gate_proj,mlp.up_proj,self_attn.o_proj,self_attn.v_proj","self_attn.q_proj,self_attn.k_proj",704.6,704.6,704.6,0.0,0.0,0.0,"{""mlp.down_proj"": 1362.0, ""mlp.gate_proj"": 100.0, ""mlp.up_proj"": 923.0, ""self_attn.o_proj"": 659.0, ""self_attn.v_proj"": 479.0}","{""mlp.down_proj"": 1362.0, ""mlp.gate_proj"": 100.0, ""mlp.up_proj"": 923.0, ""self_attn.o_proj"": 659.0, ""self_attn.v_proj"": 479.0}","{""mlp.down_proj"": 0.0, ""mlp.gate_proj"": 0.0, ""mlp.up_proj"": 0.0, ""self_attn.o_proj"": 0.0, ""self_attn.v_proj"": 0.0}","{""mlp.down_proj"": 0.0, ""mlp.gate_proj"": 0.0, ""mlp.up_proj"": 0.0, ""self_attn.o_proj"": 0.0, ""self_attn.v_proj"": 0.0}",0.0,0.0,7,equal7,True,"mlp.down_proj,mlp.gate_proj,mlp.up_proj,self_attn.k_proj,self_attn.o_proj,self_attn.q_proj,self_attn.v_proj",,517.1428571428571,517.2857142857143,517.1428571428571,-0.14285714285714285,0.002857142857142857,0.000276166804750226,"{""mlp.down_proj"": 1362.0, ""mlp.gate_proj"": 100.0, ""mlp.up_proj"": 923.0, ""self_attn.k_proj"": 48.0, ""self_attn.o_proj"": 659.0, ""self_attn.q_proj"": 50.0, ""self_attn.v_proj"": 479.0}","{""mlp.down_proj"": 1362.0, ""mlp.gate_proj"": 100.0, ""mlp.up_proj"": 923.0, ""self_attn.k_proj"": 48.0, ""self_attn.o_proj"": 659.0, ""self_attn.q_proj"": 49.0, ""self_attn.v_proj"": 479.0}","{""mlp.down_proj"": 0.0, ""mlp.gate_proj"": 0.0, ""mlp.up_proj"": 0.0, ""self_attn.k_proj"": 0.0, ""self_attn.o_proj"": 0.0, ""self_attn.q_proj"": -1.0, ""self_attn.v_proj"": 0.0}","{""mlp.down_proj"": 0.0, ""mlp.gate_proj"": 0.0, ""mlp.up_proj"": 0.0, ""self_attn.k_proj"": 0.0, ""self_attn.o_proj"": 0.0, ""self_attn.q_proj"": 0.02, ""self_attn.v_proj"": 0.0}",-0.002857142857142857,0.14285714285714285,187.4571428571429,True,True
llama,offkd,5,E_if,E_ifeval,0.01,14,5,equal5_non_qk,True,"mlp.down_proj,mlp.gate_proj,mlp.up_proj,self_attn.o_proj,self_attn.v_proj","self_attn.q_proj,self_attn.k_proj",1649.6,1652.8,1649.6,-3.2,0.0019651927274222216,0.0019361084220716636,"{""mlp.down_proj"": 2435.0, ""mlp.gate_proj"": 1309.0, ""mlp.up_proj"": 2178.0, ""self_attn.o_proj"": 1511.0, ""self_attn.v_proj"": 831.0}","{""mlp.down_proj"": 2431.0, ""mlp.gate_proj"": 1304.0, ""mlp.up_proj"": 2174.0, ""self_attn.o_proj"": 1509.0, ""self_attn.v_proj"": 830.0}","{""mlp.down_proj"": -4.0, ""mlp.gate_proj"": -5.0, ""mlp.up_proj"": -4.0, ""self_attn.o_proj"": -2.0, ""self_attn.v_proj"": -1.0}","{""mlp.down_proj"": 0.0016427104722792608, ""mlp.gate_proj"": 0.0038197097020626434, ""mlp.up_proj"": 0.0018365472910927456, ""self_attn.o_proj"": 0.0013236267372600927, ""self_attn.v_proj"": 0.0012033694344163659}",0.0,0.0019651927274222216,7,equal7,True,"mlp.down_proj,mlp.gate_proj,mlp.up_proj,self_attn.k_proj,self_attn.o_proj,self_attn.q_proj,self_attn.v_proj",,1316.857142857143,1319.857142857143,1316.857142857143,-3.0,0.0029121385497558904,0.0022729732655049247,"{""mlp.down_proj"": 2435.0, ""mlp.gate_proj"": 1309.0, ""mlp.up_proj"": 2178.0, ""self_attn.k_proj"": 345.0, ""self_attn.o_proj"": 1511.0, ""self_attn.q_proj"": 630.0, ""self_attn.v_proj"": 831.0}","{""mlp.down_proj"": 2431.0, ""mlp.gate_proj"": 1304.0, ""mlp.up_proj"": 2174.0, ""self_attn.k_proj"": 343.0, ""self_attn.o_proj"": 1509.0, ""self_attn.q_proj"": 627.0, ""self_attn.v_proj"": 830.0}","{""mlp.down_proj"": -4.0, ""mlp.gate_proj"": -5.0, ""mlp.up_proj"": -4.0, ""self_attn.k_proj"": -2.0, ""self_attn.o_proj"": -2.0, ""self_attn.q_proj"": -3.0, ""self_attn.v_proj"": -1.0}","{""mlp.down_proj"": 0.0016427104722792608, ""mlp.gate_proj"": 0.0038197097020626434, ""mlp.up_proj"": 0.0018365472910927456, ""self_attn.k_proj"": 0.005797101449275362, ""self_attn.o_proj"": 0.0013236267372600927, ""self_attn.q_proj"": 0.004761904761904762, ""self_attn.v_proj"": 0.0012033694344163659}",-0.0009469458223336689,-0.20000000000000018,332.742857142857,False,True
llama,offkd,5,E_if,E_ifeval,0.025,14,5,equal5_non_qk,True,"mlp.down_proj,mlp.gate_proj,mlp.up_proj,self_attn.o_proj,self_attn.v_proj","self_attn.q_proj,self_attn.k_proj",1250.6,1254.0,1250.6,-3.4,0.0027753500017777067,0.0027113237639554153,"{""mlp.down_proj"": 2031.0, ""mlp.gate_proj"": 709.0, ""mlp.up_proj"": 1670.0, ""self_attn.o_proj"": 1157.0, ""self_attn.v_proj"": 703.0}","{""mlp.down_proj"": 2025.0, ""mlp.gate_proj"": 705.0, ""mlp.up_proj"": 1665.0, ""self_attn.o_proj"": 1156.0, ""self_attn.v_proj"": 702.0}","{""mlp.down_proj"": -6.0, ""mlp.gate_proj"": -4.0, ""mlp.up_proj"": -5.0, ""self_attn.o_proj"": -1.0, ""self_attn.v_proj"": -1.0}","{""mlp.down_proj"": 0.0029542097488921715, ""mlp.gate_proj"": 0.005641748942172073, ""mlp.up_proj"": 0.0029940119760479044, ""self_attn.o_proj"": 0.000864304235090752, ""self_attn.v_proj"": 0.001422475106685633}",0.0,0.0027753500017777067,7,equal7,True,"mlp.down_proj,mlp.gate_proj,mlp.up_proj,self_attn.k_proj,self_attn.o_proj,self_attn.q_proj,self_attn.v_proj",,964.0,966.7142857142857,964.0,-2.7142857142857144,0.0029070345597533784,0.0028077434609132053,"{""mlp.down_proj"": 2031.0, ""mlp.gate_proj"": 709.0, ""mlp.up_proj"": 1670.0, ""self_attn.k_proj"": 188.0, ""self_attn.o_proj"": 1157.0, ""self_attn.q_proj"": 309.0, ""self_attn.v_proj"": 703.0}","{""mlp.down_proj"": 2025.0, ""mlp.gate_proj"": 705.0, ""mlp.up_proj"": 1665.0, ""self_attn.k_proj"": 188.0, ""self_attn.o_proj"": 1156.0, ""self_attn.q_proj"": 307.0, ""self_attn.v_proj"": 702.0}","{""mlp.down_proj"": -6.0, ""mlp.gate_proj"": -4.0, ""mlp.up_proj"": -5.0, ""self_attn.k_proj"": 0.0, ""self_attn.o_proj"": -1.0, ""self_attn.q_proj"": -2.0, ""self_attn.v_proj"": -1.0}","{""mlp.down_proj"": 0.0029542097488921715, ""mlp.gate_proj"": 0.005641748942172073, ""mlp.up_proj"": 0.0029940119760479044, ""self_attn.k_proj"": 0.0, ""self_attn.o_proj"": 0.000864304235090752, ""self_attn.q_proj"": 0.006472491909385114, ""self_attn.v_proj"": 0.001422475106685633}",-0.0001316845579756717,-0.6857142857142855,286.5999999999999,False,True
llama,offkd,5,E_if,E_ifeval,0.05,14,5,equal5_non_qk,True,"mlp.down_proj,mlp.gate_proj,mlp.up_proj,self_attn.o_proj,self_attn.v_proj","self_attn.q_proj,self_attn.k_proj",917.8,921.2,917.8,-3.4,0.004204155014690518,0.003690838037342695,"{""mlp.down_proj"": 1632.0, ""mlp.gate_proj"": 328.0, ""mlp.up_proj"": 1207.0, ""self_attn.o_proj"": 868.0, ""self_attn.v_proj"": 571.0}","{""mlp.down_proj"": 1626.0, ""mlp.gate_proj"": 325.0, ""mlp.up_proj"": 1202.0, ""self_attn.o_proj"": 866.0, ""self_attn.v_proj"": 570.0}","{""mlp.down_proj"": -6.0, ""mlp.gate_proj"": -3.0, ""mlp.up_proj"": -5.0, ""self_attn.o_proj"": -2.0, ""self_attn.v_proj"": -1.0}","{""mlp.down_proj"": 0.003676470588235294, ""mlp.gate_proj"": 0.009146341463414634, ""mlp.up_proj"": 0.004142502071251036, ""self_attn.o_proj"": 0.002304147465437788, ""self_attn.v_proj"": 0.0017513134851138354}",0.00011098779134295228,0.004093167223347566,7,equal7,True,"mlp.down_proj,mlp.gate_proj,mlp.up_proj,self_attn.k_proj,self_attn.o_proj,self_attn.q_proj,self_attn.v_proj",,688.5714285714286,691.2857142857143,688.5714285714286,-2.7142857142857144,0.005518894873359008,0.003926431080801912,"{""mlp.down_proj"": 1632.0, ""mlp.gate_proj"": 328.0, ""mlp.up_proj"": 1207.0, ""self_attn.k_proj"": 98.0, ""self_attn.o_proj"": 868.0, ""self_attn.q_proj"": 135.0, ""self_attn.v_proj"": 571.0}","{""mlp.down_proj"": 1626.0, ""mlp.gate_proj"": 325.0, ""mlp.up_proj"": 1202.0, ""self_attn.k_proj"": 97.0, ""self_attn.o_proj"": 866.0, ""self_attn.q_proj"": 134.0, ""self_attn.v_proj"": 570.0}","{""mlp.down_proj"": -6.0, ""mlp.gate_proj"": -3.0, ""mlp.up_proj"": -5.0, ""self_attn.k_proj"": -1.0, ""self_attn.o_proj"": -2.0, ""self_attn.q_proj"": -1.0, ""self_attn.v_proj"": -1.0}","{""mlp.down_proj"": 0.003676470588235294, ""mlp.gate_proj"": 0.009146341463414634, ""mlp.up_proj"": 0.004142502071251036, ""self_attn.k_proj"": 0.01020408163265306, ""self_attn.o_proj"": 0.002304147465437788, ""self_attn.q_proj"": 0.007407407407407408, ""self_attn.v_proj"": 0.0017513134851138354}",-0.0013147398586684901,-0.6857142857142855,229.2285714285714,False,True
llama,offkd,5,E_if,E_ifeval,0.1,14,5,equal5_non_qk,True,"mlp.down_proj,mlp.gate_proj,mlp.up_proj,self_attn.o_proj,self_attn.v_proj","self_attn.q_proj,self_attn.k_proj",589.6,592.8,589.6,-3.2,0.005858557768658426,0.005398110661268441,"{""mlp.down_proj"": 1166.0, ""mlp.gate_proj"": 96.0, ""mlp.up_proj"": 722.0, ""self_attn.o_proj"": 572.0, ""self_attn.v_proj"": 408.0}","{""mlp.down_proj"": 1159.0, ""mlp.gate_proj"": 95.0, ""mlp.up_proj"": 717.0, ""self_attn.o_proj"": 570.0, ""self_attn.v_proj"": 407.0}","{""mlp.down_proj"": -7.0, ""mlp.gate_proj"": -1.0, ""mlp.up_proj"": -5.0, ""self_attn.o_proj"": -2.0, ""self_attn.v_proj"": -1.0}","{""mlp.down_proj"": 0.006003430531732418, ""mlp.gate_proj"": 0.010416666666666666, ""mlp.up_proj"": 0.006925207756232687, ""self_attn.o_proj"": 0.0034965034965034965, ""self_attn.v_proj"": 0.0024509803921568627}",0.0,0.005858557768658426,7,equal7,True,"mlp.down_proj,mlp.gate_proj,mlp.up_proj,self_attn.k_proj,self_attn.o_proj,self_attn.q_proj,self_attn.v_proj",,433.42857142857144,435.7142857142857,433.42857142857144,-2.2857142857142856,0.004184684120470304,0.005245901639344243,"{""mlp.down_proj"": 1166.0, ""mlp.gate_proj"": 96.0, ""mlp.up_proj"": 722.0, ""self_attn.k_proj"": 42.0, ""self_attn.o_proj"": 572.0, ""self_attn.q_proj"": 44.0, ""self_attn.v_proj"": 408.0}","{""mlp.down_proj"": 1159.0, ""mlp.gate_proj"": 95.0, ""mlp.up_proj"": 717.0, ""self_attn.k_proj"": 42.0, ""self_attn.o_proj"": 570.0, ""self_attn.q_proj"": 44.0, ""self_attn.v_proj"": 407.0}","{""mlp.down_proj"": -7.0, ""mlp.gate_proj"": -1.0, ""mlp.up_proj"": -5.0, ""self_attn.k_proj"": 0.0, ""self_attn.o_proj"": -2.0, ""self_attn.q_proj"": 0.0, ""self_attn.v_proj"": -1.0}","{""mlp.down_proj"": 0.006003430531732418, ""mlp.gate_proj"": 0.010416666666666666, ""mlp.up_proj"": 0.006925207756232687, ""self_attn.k_proj"": 0.0, ""self_attn.o_proj"": 0.0034965034965034965, ""self_attn.q_proj"": 0.0, ""self_attn.v_proj"": 0.0024509803921568627}",0.0016738736481881223,-0.9142857142857146,156.17142857142858,False,True
llama,offkd,5,E_math,E_mathHeld,0.01,14,5,equal5_non_qk,True,"mlp.down_proj,mlp.gate_proj,mlp.up_proj,self_attn.o_proj,self_attn.v_proj","self_attn.q_proj,self_attn.k_proj",851.8,851.6,851.8,0.2,-0.0004101443566882539,-0.00023485204321269584,"{""mlp.down_proj"": 1162.0, ""mlp.gate_proj"": 587.0, ""mlp.up_proj"": 1022.0, ""self_attn.o_proj"": 828.0, ""self_attn.v_proj"": 659.0}","{""mlp.down_proj"": 1161.0, ""mlp.gate_proj"": 588.0, ""mlp.up_proj"": 1022.0, ""self_attn.o_proj"": 829.0, ""self_attn.v_proj"": 659.0}","{""mlp.down_proj"": -1.0, ""mlp.gate_proj"": 1.0, ""mlp.up_proj"": 0.0, ""self_attn.o_proj"": 1.0, ""self_attn.v_proj"": 0.0}","{""mlp.down_proj"": 0.0008605851979345956, ""mlp.gate_proj"": -0.0017035775127768314, ""mlp.up_proj"": 0.0, ""self_attn.o_proj"": -0.0012077294685990338, ""self_attn.v_proj"": 0.0}",0.0,-0.0004101443566882539,7,equal7,True,"mlp.down_proj,mlp.gate_proj,mlp.up_proj,self_attn.k_proj,self_attn.o_proj,self_attn.q_proj,self_attn.v_proj",,701.7142857142857,701.7142857142857,701.7142857142857,0.0,7.240328194171125e-05,0.0,"{""mlp.down_proj"": 1162.0, ""mlp.gate_proj"": 587.0, ""mlp.up_proj"": 1022.0, ""self_attn.k_proj"": 263.0, ""self_attn.o_proj"": 828.0, ""self_attn.q_proj"": 391.0, ""self_attn.v_proj"": 659.0}","{""mlp.down_proj"": 1161.0, ""mlp.gate_proj"": 588.0, ""mlp.up_proj"": 1022.0, ""self_attn.k_proj"": 263.0, ""self_attn.o_proj"": 829.0, ""self_attn.q_proj"": 390.0, ""self_attn.v_proj"": 659.0}","{""mlp.down_proj"": -1.0, ""mlp.gate_proj"": 1.0, ""mlp.up_proj"": 0.0, ""self_attn.k_proj"": 0.0, ""self_attn.o_proj"": 1.0, ""self_attn.q_proj"": -1.0, ""self_attn.v_proj"": 0.0}","{""mlp.down_proj"": 0.0008605851979345956, ""mlp.gate_proj"": -0.0017035775127768314, ""mlp.up_proj"": 0.0, ""self_attn.k_proj"": 0.0, ""self_attn.o_proj"": -0.0012077294685990338, ""self_attn.q_proj"": 0.0025575447570332483, ""self_attn.v_proj"": 0.0}",-0.00048254763862996515,0.2,150.0857142857143,True,True
llama,offkd,5,E_math,E_mathHeld,0.025,14,5,equal5_non_qk,True,"mlp.down_proj,mlp.gate_proj,mlp.up_proj,self_attn.o_proj,self_attn.v_proj","self_attn.q_proj,self_attn.k_proj",622.0,621.6,622.0,0.4,-0.0011189059576311544,-0.0006435006435006069,"{""mlp.down_proj"": 912.0, ""mlp.gate_proj"": 322.0, ""mlp.up_proj"": 751.0, ""self_attn.o_proj"": 607.0, ""self_attn.v_proj"": 516.0}","{""mlp.down_proj"": 911.0, ""mlp.gate_proj"": 323.0, ""mlp.up_proj"": 751.0, ""self_attn.o_proj"": 608.0, ""self_attn.v_proj"": 517.0}","{""mlp.down_proj"": -1.0, ""mlp.gate_proj"": 1.0, ""mlp.up_proj"": 0.0, ""self_attn.o_proj"": 1.0, ""self_attn.v_proj"": 1.0}","{""mlp.down_proj"": 0.0010964912280701754, ""mlp.gate_proj"": -0.003105590062111801, ""mlp.up_proj"": 0.0, ""self_attn.o_proj"": -0.0016474464579901153, ""self_attn.v_proj"": -0.001937984496124031}",0.0,-0.0011189059576311544,7,equal7,True,"mlp.down_proj,mlp.gate_proj,mlp.up_proj,self_attn.k_proj,self_attn.o_proj,self_attn.q_proj,self_attn.v_proj",,495.2857142857143,495.14285714285717,495.2857142857143,0.14285714285714285,-0.00011240535435192343,-0.00028851702250426214,"{""mlp.down_proj"": 912.0, ""mlp.gate_proj"": 322.0, ""mlp.up_proj"": 751.0, ""self_attn.k_proj"": 150.0, ""self_attn.o_proj"": 607.0, ""self_attn.q_proj"": 208.0, ""self_attn.v_proj"": 516.0}","{""mlp.down_proj"": 911.0, ""mlp.gate_proj"": 323.0, ""mlp.up_proj"": 751.0, ""self_attn.k_proj"": 150.0, ""self_attn.o_proj"": 608.0, ""self_attn.q_proj"": 207.0, ""self_attn.v_proj"": 517.0}","{""mlp.down_proj"": -1.0, ""mlp.gate_proj"": 1.0, ""mlp.up_proj"": 0.0, ""self_attn.k_proj"": 0.0, ""self_attn.o_proj"": 1.0, ""self_attn.q_proj"": -1.0, ""self_attn.v_proj"": 1.0}","{""mlp.down_proj"": 0.0010964912280701754, ""mlp.gate_proj"": -0.003105590062111801, ""mlp.up_proj"": 0.0, ""self_attn.k_proj"": 0.0, ""self_attn.o_proj"": -0.0016474464579901153, ""self_attn.q_proj"": 0.004807692307692308, ""self_attn.v_proj"": -0.001937984496124031}",-0.001006500603279231,0.2571428571428572,126.71428571428572,False,True
llama,offkd,5,E_math,E_mathHeld,0.05,14,5,equal5_non_qk,True,"mlp.down_proj,mlp.gate_proj,mlp.up_proj,self_attn.o_proj,self_attn.v_proj","self_attn.q_proj,self_attn.k_proj",446.6,446.2,446.6,0.4,-0.0008280465744350174,-0.0008964589870014212,"{""mlp.down_proj"": 701.0, ""mlp.gate_proj"": 158.0, ""mlp.up_proj"": 534.0, ""self_attn.o_proj"": 441.0, ""self_attn.v_proj"": 397.0}","{""mlp.down_proj"": 701.0, ""mlp.gate_proj"": 158.0, ""mlp.up_proj"": 535.0, ""self_attn.o_proj"": 442.0, ""self_attn.v_proj"": 397.0}","{""mlp.down_proj"": 0.0, ""mlp.gate_proj"": 0.0, ""mlp.up_proj"": 1.0, ""self_attn.o_proj"": 1.0, ""self_attn.v_proj"": 0.0}","{""mlp.down_proj"": 0.0, ""mlp.gate_proj"": 0.0, ""mlp.up_proj"": -0.0018726591760299626, ""self_attn.o_proj"": -0.0022675736961451248, ""self_attn.v_proj"": 0.0}",0.00011098779134295228,-0.0009390343657779697,7,equal7,True,"mlp.down_proj,mlp.gate_proj,mlp.up_proj,self_attn.k_proj,self_attn.o_proj,self_attn.q_proj,self_attn.v_proj",,345.7142857142857,345.42857142857144,345.7142857142857,0.2857142857142857,-0.0005914618388821553,-0.0008271298593879004,"{""mlp.down_proj"": 701.0, ""mlp.gate_proj"": 158.0, ""mlp.up_proj"": 534.0, ""self_attn.k_proj"": 84.0, ""self_attn.o_proj"": 441.0, ""self_attn.q_proj"": 103.0, ""self_attn.v_proj"": 397.0}","{""mlp.down_proj"": 701.0, ""mlp.gate_proj"": 158.0, ""mlp.up_proj"": 535.0, ""self_attn.k_proj"": 84.0, ""self_attn.o_proj"": 442.0, ""self_attn.q_proj"": 103.0, ""self_attn.v_proj"": 397.0}","{""mlp.down_proj"": 0.0, ""mlp.gate_proj"": 0.0, ""mlp.up_proj"": 1.0, ""self_attn.k_proj"": 0.0, ""self_attn.o_proj"": 1.0, ""self_attn.q_proj"": 0.0, ""self_attn.v_proj"": 0.0}","{""mlp.down_proj"": 0.0, ""mlp.gate_proj"": 0.0, ""mlp.up_proj"": -0.0018726591760299626, ""self_attn.k_proj"": 0.0, ""self_attn.o_proj"": -0.0022675736961451248, ""self_attn.q_proj"": 0.0, ""self_attn.v_proj"": 0.0}",-0.00023658473555286208,0.11428571428571432,100.8857142857143,False,True
llama,offkd,5,E_math,E_mathHeld,0.1,14,5,equal5_non_qk,True,"mlp.down_proj,mlp.gate_proj,mlp.up_proj,self_attn.o_proj,self_attn.v_proj","self_attn.q_proj,self_attn.k_proj",283.6,283.2,283.6,0.4,-0.0013146853146853148,-0.001412429378531194,"{""mlp.down_proj"": 483.0, ""mlp.gate_proj"": 49.0, ""mlp.up_proj"": 325.0, ""self_attn.o_proj"": 286.0, ""self_attn.v_proj"": 273.0}","{""mlp.down_proj"": 483.0, ""mlp.gate_proj"": 49.0, ""mlp.up_proj"": 326.0, ""self_attn.o_proj"": 287.0, ""self_attn.v_proj"": 273.0}","{""mlp.down_proj"": 0.0, ""mlp.gate_proj"": 0.0, ""mlp.up_proj"": 1.0, ""self_attn.o_proj"": 1.0, ""self_attn.v_proj"": 0.0}","{""mlp.down_proj"": 0.0, ""mlp.gate_proj"": 0.0, ""mlp.up_proj"": -0.003076923076923077, ""self_attn.o_proj"": -0.0034965034965034965, ""self_attn.v_proj"": 0.0}",0.0,-0.0013146853146853148,7,equal7,True,"mlp.down_proj,mlp.gate_proj,mlp.up_proj,self_attn.k_proj,self_attn.o_proj,self_attn.q_proj,self_attn.v_proj",,213.42857142857142,213.14285714285714,213.42857142857142,0.2857142857142857,-0.0009390609390609392,-0.0013404825737265034,"{""mlp.down_proj"": 483.0, ""mlp.gate_proj"": 49.0, ""mlp.up_proj"": 325.0, ""self_attn.k_proj"": 38.0, ""self_attn.o_proj"": 286.0, ""self_attn.q_proj"": 38.0, ""self_attn.v_proj"": 273.0}","{""mlp.down_proj"": 483.0, ""mlp.gate_proj"": 49.0, ""mlp.up_proj"": 326.0, ""self_attn.k_proj"": 38.0, ""self_attn.o_proj"": 287.0, ""self_attn.q_proj"": 38.0, ""self_attn.v_proj"": 273.0}","{""mlp.down_proj"": 0.0, ""mlp.gate_proj"": 0.0, ""mlp.up_proj"": 1.0, ""self_attn.k_proj"": 0.0, ""self_attn.o_proj"": 1.0, ""self_attn.q_proj"": 0.0, ""self_attn.v_proj"": 0.0}","{""mlp.down_proj"": 0.0, ""mlp.gate_proj"": 0.0, ""mlp.up_proj"": -0.003076923076923077, ""self_attn.k_proj"": 0.0, ""self_attn.o_proj"": -0.0034965034965034965, ""self_attn.q_proj"": 0.0, ""self_attn.v_proj"": 0.0}",-0.00037562437562437565,0.11428571428571432,70.1714285714286,False,True
llama,offkd,5,E_ood,E_mmluPro,0.01,14,5,equal5_non_qk,True,"mlp.down_proj,mlp.gate_proj,mlp.up_proj,self_attn.o_proj,self_attn.v_proj","self_attn.q_proj,self_attn.k_proj",1694.0,1694.2,1694.0,-0.2,4.140962309361634e-05,0.00011804981702281046,"{""mlp.down_proj"": 2452.0, ""mlp.gate_proj"": 1352.0, ""mlp.up_proj"": 2263.0, ""self_attn.o_proj"": 1556.0, ""self_attn.v_proj"": 848.0}","{""mlp.down_proj"": 2451.0, ""mlp.gate_proj"": 1352.0, ""mlp.up_proj"": 2262.0, ""self_attn.o_proj"": 1557.0, ""self_attn.v_proj"": 848.0}","{""mlp.down_proj"": -1.0, ""mlp.gate_proj"": 0.0, ""mlp.up_proj"": -1.0, ""self_attn.o_proj"": 1.0, ""self_attn.v_proj"": 0.0}","{""mlp.down_proj"": 0.0004078303425774878, ""mlp.gate_proj"": 0.0, ""mlp.up_proj"": 0.0004418912947414936, ""self_attn.o_proj"": -0.0006426735218508997, ""self_attn.v_proj"": 0.0}",0.0,4.140962309361634e-05,7,equal7,True,"mlp.down_proj,mlp.gate_proj,mlp.up_proj,self_attn.k_proj,self_attn.o_proj,self_attn.q_proj,self_attn.v_proj",,1343.142857142857,1343.5714285714287,1343.142857142857,-0.42857142857142855,0.000698081563489287,0.0003189792663477841,"{""mlp.down_proj"": 2452.0, ""mlp.gate_proj"": 1352.0, ""mlp.up_proj"": 2263.0, ""self_attn.k_proj"": 331.0, ""self_attn.o_proj"": 1556.0, ""self_attn.q_proj"": 603.0, ""self_attn.v_proj"": 848.0}","{""mlp.down_proj"": 2451.0, ""mlp.gate_proj"": 1352.0, ""mlp.up_proj"": 2262.0, ""self_attn.k_proj"": 330.0, ""self_attn.o_proj"": 1557.0, ""self_attn.q_proj"": 602.0, ""self_attn.v_proj"": 848.0}","{""mlp.down_proj"": -1.0, ""mlp.gate_proj"": 0.0, ""mlp.up_proj"": -1.0, ""self_attn.k_proj"": -1.0, ""self_attn.o_proj"": 1.0, ""self_attn.q_proj"": -1.0, ""self_attn.v_proj"": 0.0}","{""mlp.down_proj"": 0.0004078303425774878, ""mlp.gate_proj"": 0.0, ""mlp.up_proj"": 0.0004418912947414936, ""self_attn.k_proj"": 0.0030211480362537764, ""self_attn.o_proj"": -0.0006426735218508997, ""self_attn.q_proj"": 0.001658374792703151, ""self_attn.v_proj"": 0.0}",-0.0006566719403956707,0.22857142857142854,350.8571428571429,False,True
llama,offkd,5,E_ood,E_mmluPro,0.025,14,5,equal5_non_qk,True,"mlp.down_proj,mlp.gate_proj,mlp.up_proj,self_attn.o_proj,self_attn.v_proj","self_attn.q_proj,self_attn.k_proj",1296.0,1296.6,1296.0,-0.6,0.000484583060898094,0.0004627487274409294,"{""mlp.down_proj"": 2058.0, ""mlp.gate_proj"": 731.0, ""mlp.up_proj"": 1775.0, ""self_attn.o_proj"": 1191.0, ""self_attn.v_proj"": 728.0}","{""mlp.down_proj"": 2057.0, ""mlp.gate_proj"": 731.0, ""mlp.up_proj"": 1774.0, ""self_attn.o_proj"": 1191.0, ""self_attn.v_proj"": 727.0}","{""mlp.down_proj"": -1.0, ""mlp.gate_proj"": 0.0, ""mlp.up_proj"": -1.0, ""self_attn.o_proj"": 0.0, ""self_attn.v_proj"": -1.0}","{""mlp.down_proj"": 0.00048590864917395527, ""mlp.gate_proj"": 0.0, ""mlp.up_proj"": 0.0005633802816901409, ""self_attn.o_proj"": 0.0, ""self_attn.v_proj"": 0.0013736263736263737}",0.0,0.000484583060898094,7,equal7,True,"mlp.down_proj,mlp.gate_proj,mlp.up_proj,self_attn.k_proj,self_attn.o_proj,self_attn.q_proj,self_attn.v_proj",,992.0,992.7142857142857,992.0,-0.7142857142857143,0.0016447307221146544,0.0007195279896387479,"{""mlp.down_proj"": 2058.0, ""mlp.gate_proj"": 731.0, ""mlp.up_proj"": 1775.0, ""self_attn.k_proj"": 178.0, ""self_attn.o_proj"": 1191.0, ""self_attn.q_proj"": 288.0, ""self_attn.v_proj"": 728.0}","{""mlp.down_proj"": 2057.0, ""mlp.gate_proj"": 731.0, ""mlp.up_proj"": 1774.0, ""self_attn.k_proj"": 177.0, ""self_attn.o_proj"": 1191.0, ""self_attn.q_proj"": 287.0, ""self_attn.v_proj"": 727.0}","{""mlp.down_proj"": -1.0, ""mlp.gate_proj"": 0.0, ""mlp.up_proj"": -1.0, ""self_attn.k_proj"": -1.0, ""self_attn.o_proj"": 0.0, ""self_attn.q_proj"": -1.0, ""self_attn.v_proj"": -1.0}","{""mlp.down_proj"": 0.00048590864917395527, ""mlp.gate_proj"": 0.0, ""mlp.up_proj"": 0.0005633802816901409, ""self_attn.k_proj"": 0.0056179775280898875, ""self_attn.o_proj"": 0.0, ""self_attn.q_proj"": 0.003472222222222222, ""self_attn.v_proj"": 0.0013736263736263737}",-0.0011601476612165605,0.11428571428571432,304.0,False,True
llama,offkd,5,E_ood,E_mmluPro,0.05,14,5,equal5_non_qk,True,"mlp.down_proj,mlp.gate_proj,mlp.up_proj,self_attn.o_proj,self_attn.v_proj","self_attn.q_proj,self_attn.k_proj",961.2,961.6,961.2,-0.4,0.00027146225761568376,0.0004159733777038033,"{""mlp.down_proj"": 1669.0, ""mlp.gate_proj"": 327.0, ""mlp.up_proj"": 1319.0, ""self_attn.o_proj"": 891.0, ""self_attn.v_proj"": 602.0}","{""mlp.down_proj"": 1668.0, ""mlp.gate_proj"": 327.0, ""mlp.up_proj"": 1318.0, ""self_attn.o_proj"": 891.0, ""self_attn.v_proj"": 602.0}","{""mlp.down_proj"": -1.0, ""mlp.gate_proj"": 0.0, ""mlp.up_proj"": -1.0, ""self_attn.o_proj"": 0.0, ""self_attn.v_proj"": 0.0}","{""mlp.down_proj"": 0.0005991611743559018, ""mlp.gate_proj"": 0.0, ""mlp.up_proj"": 0.000758150113722517, ""self_attn.o_proj"": 0.0, ""self_attn.v_proj"": 0.0}",0.00011098779134295228,0.0001604744662727315,7,equal7,True,"mlp.down_proj,mlp.gate_proj,mlp.up_proj,self_attn.k_proj,self_attn.o_proj,self_attn.q_proj,self_attn.v_proj",,717.0,717.4285714285714,717.0,-0.42857142857142855,0.001355341798413061,0.0005973715651135232,"{""mlp.down_proj"": 1669.0, ""mlp.gate_proj"": 327.0, ""mlp.up_proj"": 1319.0, ""self_attn.k_proj"": 91.0, ""self_attn.o_proj"": 891.0, ""self_attn.q_proj"": 123.0, ""self_attn.v_proj"": 602.0}","{""mlp.down_proj"": 1668.0, ""mlp.gate_proj"": 327.0, ""mlp.up_proj"": 1318.0, ""self_attn.k_proj"": 91.0, ""self_attn.o_proj"": 891.0, ""self_attn.q_proj"": 122.0, ""self_attn.v_proj"": 602.0}","{""mlp.down_proj"": -1.0, ""mlp.gate_proj"": 0.0, ""mlp.up_proj"": -1.0, ""self_attn.k_proj"": 0.0, ""self_attn.o_proj"": 0.0, ""self_attn.q_proj"": -1.0, ""self_attn.v_proj"": 0.0}","{""mlp.down_proj"": 0.0005991611743559018, ""mlp.gate_proj"": 0.0, ""mlp.up_proj"": 0.000758150113722517, ""self_attn.k_proj"": 0.0, ""self_attn.o_proj"": 0.0, ""self_attn.q_proj"": 0.008130081300813009, ""self_attn.v_proj"": 0.0}",-0.0010838795407973772,0.028571428571428525,244.20000000000005,False,True
llama,offkd,5,E_ood,E_mmluPro,0.1,14,5,equal5_non_qk,True,"mlp.down_proj,mlp.gate_proj,mlp.up_proj,self_attn.o_proj,self_attn.v_proj","self_attn.q_proj,self_attn.k_proj",630.2,630.6,630.2,-0.4,0.0006133109549388353,0.0006343165239454127,"{""mlp.down_proj"": 1213.0, ""mlp.gate_proj"": 83.0, ""mlp.up_proj"": 825.0, ""self_attn.o_proj"": 586.0, ""self_attn.v_proj"": 446.0}","{""mlp.down_proj"": 1212.0, ""mlp.gate_proj"": 83.0, ""mlp.up_proj"": 825.0, ""self_attn.o_proj"": 586.0, ""self_attn.v_proj"": 445.0}","{""mlp.down_proj"": -1.0, ""mlp.gate_proj"": 0.0, ""mlp.up_proj"": 0.0, ""self_attn.o_proj"": 0.0, ""self_attn.v_proj"": -1.0}","{""mlp.down_proj"": 0.0008244023083264633, ""mlp.gate_proj"": 0.0, ""mlp.up_proj"": 0.0, ""self_attn.o_proj"": 0.0, ""self_attn.v_proj"": 0.002242152466367713}",0.0,0.0006133109549388353,7,equal7,True,"mlp.down_proj,mlp.gate_proj,mlp.up_proj,self_attn.k_proj,self_attn.o_proj,self_attn.q_proj,self_attn.v_proj",,461.57142857142856,461.85714285714283,461.57142857142856,-0.2857142857142857,0.0004380792535277395,0.0006186204763377493,"{""mlp.down_proj"": 1213.0, ""mlp.gate_proj"": 83.0, ""mlp.up_proj"": 825.0, ""self_attn.k_proj"": 39.0, ""self_attn.o_proj"": 586.0, ""self_attn.q_proj"": 41.0, ""self_attn.v_proj"": 446.0}","{""mlp.down_proj"": 1212.0, ""mlp.gate_proj"": 83.0, ""mlp.up_proj"": 825.0, ""self_attn.k_proj"": 39.0, ""self_attn.o_proj"": 586.0, ""self_attn.q_proj"": 41.0, ""self_attn.v_proj"": 445.0}","{""mlp.down_proj"": -1.0, ""mlp.gate_proj"": 0.0, ""mlp.up_proj"": 0.0, ""self_attn.k_proj"": 0.0, ""self_attn.o_proj"": 0.0, ""self_attn.q_proj"": 0.0, ""self_attn.v_proj"": -1.0}","{""mlp.down_proj"": 0.0008244023083264633, ""mlp.gate_proj"": 0.0, ""mlp.up_proj"": 0.0, ""self_attn.k_proj"": 0.0, ""self_attn.o_proj"": 0.0, ""self_attn.q_proj"": 0.0, ""self_attn.v_proj"": 0.002242152466367713}",0.0001752317014110958,-0.11428571428571432,168.6285714285715,False,True
llama,offkd,20,E_general,E_general,0.01,14,5,equal5_non_qk,True,"mlp.down_proj,mlp.gate_proj,mlp.up_proj,self_attn.o_proj,self_attn.v_proj","self_attn.q_proj,self_attn.k_proj",1737.2,1737.8,1737.2,-0.6,0.0003650011545839527,0.00034526412705714645,"{""mlp.down_proj"": 2529.0, ""mlp.gate_proj"": 1399.0, ""mlp.up_proj"": 2314.0, ""self_attn.o_proj"": 1584.0, ""self_attn.v_proj"": 863.0}","{""mlp.down_proj"": 2528.0, ""mlp.gate_proj"": 1397.0, ""mlp.up_proj"": 2314.0, ""self_attn.o_proj"": 1584.0, ""self_attn.v_proj"": 863.0}","{""mlp.down_proj"": -1.0, ""mlp.gate_proj"": -2.0, ""mlp.up_proj"": 0.0, ""self_attn.o_proj"": 0.0, ""self_attn.v_proj"": 0.0}","{""mlp.down_proj"": 0.00039541320680110717, ""mlp.gate_proj"": 0.0014295925661186562, ""mlp.up_proj"": 0.0, ""self_attn.o_proj"": 0.0, ""self_attn.v_proj"": 0.0}",0.0003650011545839527,0.0,7,equal7,True,"mlp.down_proj,mlp.gate_proj,mlp.up_proj,self_attn.k_proj,self_attn.o_proj,self_attn.q_proj,self_attn.v_proj",,1392.5714285714287,1393.7142857142858,1392.5714285714287,-1.1428571428571428,0.0016419427459800045,0.0008200082000819775,"{""mlp.down_proj"": 2529.0, ""mlp.gate_proj"": 1399.0, ""mlp.up_proj"": 2314.0, ""self_attn.k_proj"": 375.0, ""self_attn.o_proj"": 1584.0, ""self_attn.q_proj"": 692.0, ""self_attn.v_proj"": 863.0}","{""mlp.down_proj"": 2528.0, ""mlp.gate_proj"": 1397.0, ""mlp.up_proj"": 2314.0, ""self_attn.k_proj"": 373.0, ""self_attn.o_proj"": 1584.0, ""self_attn.q_proj"": 689.0, ""self_attn.v_proj"": 863.0}","{""mlp.down_proj"": -1.0, ""mlp.gate_proj"": -2.0, ""mlp.up_proj"": 0.0, ""self_attn.k_proj"": -2.0, ""self_attn.o_proj"": 0.0, ""self_attn.q_proj"": -3.0, ""self_attn.v_proj"": 0.0}","{""mlp.down_proj"": 0.00039541320680110717, ""mlp.gate_proj"": 0.0014295925661186562, ""mlp.up_proj"": 0.0, ""self_attn.k_proj"": 0.005333333333333333, ""self_attn.o_proj"": 0.0, ""self_attn.q_proj"": 0.004335260115606936, ""self_attn.v_proj"": 0.0}",-0.001276941591396052,0.5428571428571428,344.6285714285714,False,True
llama,offkd,20,E_general,E_general,0.025,14,5,equal5_non_qk,True,"mlp.down_proj,mlp.gate_proj,mlp.up_proj,self_attn.o_proj,self_attn.v_proj","self_attn.q_proj,self_attn.k_proj",1357.8,1358.4,1357.8,-0.6,0.0005489380471026325,0.00044169611307430534,"{""mlp.down_proj"": 2167.0, ""mlp.gate_proj"": 784.0, ""mlp.up_proj"": 1852.0, ""self_attn.o_proj"": 1238.0, ""self_attn.v_proj"": 751.0}","{""mlp.down_proj"": 2166.0, ""mlp.gate_proj"": 782.0, ""mlp.up_proj"": 1851.0, ""self_attn.o_proj"": 1239.0, ""self_attn.v_proj"": 751.0}","{""mlp.down_proj"": -1.0, ""mlp.gate_proj"": -2.0, ""mlp.up_proj"": -1.0, ""self_attn.o_proj"": 1.0, ""self_attn.v_proj"": 0.0}","{""mlp.down_proj"": 0.00046146746654360867, ""mlp.gate_proj"": 0.002551020408163265, ""mlp.up_proj"": 0.0005399568034557236, ""self_attn.o_proj"": -0.0008077544426494346, ""self_attn.v_proj"": 0.0}",0.0005489380471026325,0.0,7,equal7,True,"mlp.down_proj,mlp.gate_proj,mlp.up_proj,self_attn.k_proj,self_attn.o_proj,self_attn.q_proj,self_attn.v_proj",,1049.7142857142858,1050.7142857142858,1049.7142857142858,-1.0,0.0025538083139528293,0.0009517335146159075,"{""mlp.down_proj"": 2167.0, ""mlp.gate_proj"": 784.0, ""mlp.up_proj"": 1852.0, ""self_attn.k_proj"": 212.0, ""self_attn.o_proj"": 1238.0, ""self_attn.q_proj"": 351.0, ""self_attn.v_proj"": 751.0}","{""mlp.down_proj"": 2166.0, ""mlp.gate_proj"": 782.0, ""mlp.up_proj"": 1851.0, ""self_attn.k_proj"": 210.0, ""self_attn.o_proj"": 1239.0, ""self_attn.q_proj"": 349.0, ""self_attn.v_proj"": 751.0}","{""mlp.down_proj"": -1.0, ""mlp.gate_proj"": -2.0, ""mlp.up_proj"": -1.0, ""self_attn.k_proj"": -2.0, ""self_attn.o_proj"": 1.0, ""self_attn.q_proj"": -2.0, ""self_attn.v_proj"": 0.0}","{""mlp.down_proj"": 0.00046146746654360867, ""mlp.gate_proj"": 0.002551020408163265, ""mlp.up_proj"": 0.0005399568034557236, ""self_attn.k_proj"": 0.009433962264150943, ""self_attn.o_proj"": -0.0008077544426494346, ""self_attn.q_proj"": 0.005698005698005698, ""self_attn.v_proj"": 0.0}",-0.002004870266850197,0.4,308.0857142857142,False,True
llama,offkd,20,E_general,E_general,0.05,14,5,equal5_non_qk,True,"mlp.down_proj,mlp.gate_proj,mlp.up_proj,self_attn.o_proj,self_attn.v_proj","self_attn.q_proj,self_attn.k_proj",1032.8,1033.4,1032.8,-0.6,0.0011299437667021469,0.0005806077027289882,"{""mlp.down_proj"": 1802.0, ""mlp.gate_proj"": 368.0, ""mlp.up_proj"": 1412.0, ""self_attn.o_proj"": 954.0, ""self_attn.v_proj"": 631.0}","{""mlp.down_proj"": 1801.0, ""mlp.gate_proj"": 366.0, ""mlp.up_proj"": 1411.0, ""self_attn.o_proj"": 955.0, ""self_attn.v_proj"": 631.0}","{""mlp.down_proj"": -1.0, ""mlp.gate_proj"": -2.0, ""mlp.up_proj"": -1.0, ""self_attn.o_proj"": 1.0, ""self_attn.v_proj"": 0.0}","{""mlp.down_proj"": 0.0005549389567147614, ""mlp.gate_proj"": 0.005434782608695652, ""mlp.up_proj"": 0.000708215297450425, ""self_attn.o_proj"": -0.0010482180293501049, ""self_attn.v_proj"": 0.0}",0.0011299437667021469,0.0,7,equal7,True,"mlp.down_proj,mlp.gate_proj,mlp.up_proj,self_attn.k_proj,self_attn.o_proj,self_attn.q_proj,self_attn.v_proj",,775.7142857142857,776.2857142857143,775.7142857142857,-0.5714285714285714,0.0017228536062524492,0.0007361059992640194,"{""mlp.down_proj"": 1802.0, ""mlp.gate_proj"": 368.0, ""mlp.up_proj"": 1412.0, ""self_attn.k_proj"": 111.0, ""self_attn.o_proj"": 954.0, ""self_attn.q_proj"": 156.0, ""self_attn.v_proj"": 631.0}","{""mlp.down_proj"": 1801.0, ""mlp.gate_proj"": 366.0, ""mlp.up_proj"": 1411.0, ""self_attn.k_proj"": 111.0, ""self_attn.o_proj"": 955.0, ""self_attn.q_proj"": 155.0, ""self_attn.v_proj"": 631.0}","{""mlp.down_proj"": -1.0, ""mlp.gate_proj"": -2.0, ""mlp.up_proj"": -1.0, ""self_attn.k_proj"": 0.0, ""self_attn.o_proj"": 1.0, ""self_attn.q_proj"": -1.0, ""self_attn.v_proj"": 0.0}","{""mlp.down_proj"": 0.0005549389567147614, ""mlp.gate_proj"": 0.005434782608695652, ""mlp.up_proj"": 0.000708215297450425, ""self_attn.k_proj"": 0.0, ""self_attn.o_proj"": -0.0010482180293501049, ""self_attn.q_proj"": 0.00641025641025641, ""self_attn.v_proj"": 0.0}",-0.0005929098395503023,-0.02857142857142858,257.0857142857143,False,True
llama,offkd,20,E_general,E_general,0.1,14,5,equal5_non_qk,True,"mlp.down_proj,mlp.gate_proj,mlp.up_proj,self_attn.o_proj,self_attn.v_proj","self_attn.q_proj,self_attn.k_proj",704.0,704.6,704.0,-0.6,0.0023635276018473886,0.0008515469770082639,"{""mlp.down_proj"": 1362.0, ""mlp.gate_proj"": 100.0, ""mlp.up_proj"": 923.0, ""self_attn.o_proj"": 659.0, ""self_attn.v_proj"": 479.0}","{""mlp.down_proj"": 1361.0, ""mlp.gate_proj"": 99.0, ""mlp.up_proj"": 922.0, ""self_attn.o_proj"": 659.0, ""self_attn.v_proj"": 479.0}","{""mlp.down_proj"": -1.0, ""mlp.gate_proj"": -1.0, ""mlp.up_proj"": -1.0, ""self_attn.o_proj"": 0.0, ""self_attn.v_proj"": 0.0}","{""mlp.down_proj"": 0.0007342143906020558, ""mlp.gate_proj"": 0.01, ""mlp.up_proj"": 0.0010834236186348862, ""self_attn.o_proj"": 0.0, ""self_attn.v_proj"": 0.0}",0.0023635276018473886,0.0,7,equal7,True,"mlp.down_proj,mlp.gate_proj,mlp.up_proj,self_attn.k_proj,self_attn.o_proj,self_attn.q_proj,self_attn.v_proj",,516.7142857142857,517.2857142857143,516.7142857142857,-0.5714285714285714,0.00454537685846242,0.0011046672190004644,"{""mlp.down_proj"": 1362.0, ""mlp.gate_proj"": 100.0, ""mlp.up_proj"": 923.0, ""self_attn.k_proj"": 48.0, ""self_attn.o_proj"": 659.0, ""self_attn.q_proj"": 50.0, ""self_attn.v_proj"": 479.0}","{""mlp.down_proj"": 1361.0, ""mlp.gate_proj"": 99.0, ""mlp.up_proj"": 922.0, ""self_attn.k_proj"": 48.0, ""self_attn.o_proj"": 659.0, ""self_attn.q_proj"": 49.0, ""self_attn.v_proj"": 479.0}","{""mlp.down_proj"": -1.0, ""mlp.gate_proj"": -1.0, ""mlp.up_proj"": -1.0, ""self_attn.k_proj"": 0.0, ""self_attn.o_proj"": 0.0, ""self_attn.q_proj"": -1.0, ""self_attn.v_proj"": 0.0}","{""mlp.down_proj"": 0.0007342143906020558, ""mlp.gate_proj"": 0.01, ""mlp.up_proj"": 0.0010834236186348862, ""self_attn.k_proj"": 0.0, ""self_attn.o_proj"": 0.0, ""self_attn.q_proj"": 0.02, ""self_attn.v_proj"": 0.0}",-0.0021818492566150318,-0.02857142857142858,187.28571428571433,False,True
llama,offkd,20,E_if,E_ifeval,0.01,14,5,equal5_non_qk,True,"mlp.down_proj,mlp.gate_proj,mlp.up_proj,self_attn.o_proj,self_attn.v_proj","self_attn.q_proj,self_attn.k_proj",1644.6,1652.8,1644.6,-8.2,0.004951490712310754,0.004961277831558595,"{""mlp.down_proj"": 2435.0, ""mlp.gate_proj"": 1309.0, ""mlp.up_proj"": 2178.0, ""self_attn.o_proj"": 1511.0, ""self_attn.v_proj"": 831.0}","{""mlp.down_proj"": 2424.0, ""mlp.gate_proj"": 1294.0, ""mlp.up_proj"": 2167.0, ""self_attn.o_proj"": 1509.0, ""self_attn.v_proj"": 829.0}","{""mlp.down_proj"": -11.0, ""mlp.gate_proj"": -15.0, ""mlp.up_proj"": -11.0, ""self_attn.o_proj"": -2.0, ""self_attn.v_proj"": -2.0}","{""mlp.down_proj"": 0.004517453798767967, ""mlp.gate_proj"": 0.01145912910618793, ""mlp.up_proj"": 0.005050505050505051, ""self_attn.o_proj"": 0.0013236267372600927, ""self_attn.v_proj"": 0.0024067388688327317}",0.0003650011545839527,0.004586489557726801,7,equal7,True,"mlp.down_proj,mlp.gate_proj,mlp.up_proj,self_attn.k_proj,self_attn.o_proj,self_attn.q_proj,self_attn.v_proj",,1312.142857142857,1319.857142857143,1312.142857142857,-7.714285714285714,0.007233910106545539,0.005844788397012713,"{""mlp.down_proj"": 2435.0, ""mlp.gate_proj"": 1309.0, ""mlp.up_proj"": 2178.0, ""self_attn.k_proj"": 345.0, ""self_attn.o_proj"": 1511.0, ""self_attn.q_proj"": 630.0, ""self_attn.v_proj"": 831.0}","{""mlp.down_proj"": 2424.0, ""mlp.gate_proj"": 1294.0, ""mlp.up_proj"": 2167.0, ""self_attn.k_proj"": 341.0, ""self_attn.o_proj"": 1509.0, ""self_attn.q_proj"": 621.0, ""self_attn.v_proj"": 829.0}","{""mlp.down_proj"": -11.0, ""mlp.gate_proj"": -15.0, ""mlp.up_proj"": -11.0, ""self_attn.k_proj"": -4.0, ""self_attn.o_proj"": -2.0, ""self_attn.q_proj"": -9.0, ""self_attn.v_proj"": -2.0}","{""mlp.down_proj"": 0.004517453798767967, ""mlp.gate_proj"": 0.01145912910618793, ""mlp.up_proj"": 0.005050505050505051, ""self_attn.k_proj"": 0.011594202898550725, ""self_attn.o_proj"": 0.0013236267372600927, ""self_attn.q_proj"": 0.014285714285714285, ""self_attn.v_proj"": 0.0024067388688327317}",-0.0022824193942347854,-0.4857142857142849,332.4571428571428,False,True
llama,offkd,20,E_if,E_ifeval,0.025,14,5,equal5_non_qk,True,"mlp.down_proj,mlp.gate_proj,mlp.up_proj,self_attn.o_proj,self_attn.v_proj","self_attn.q_proj,self_attn.k_proj",1244.8,1254.0,1244.8,-9.2,0.007788700498131548,0.007336523125996847,"{""mlp.down_proj"": 2031.0, ""mlp.gate_proj"": 709.0, ""mlp.up_proj"": 1670.0, ""self_attn.o_proj"": 1157.0, ""self_attn.v_proj"": 703.0}","{""mlp.down_proj"": 2016.0, ""mlp.gate_proj"": 696.0, ""mlp.up_proj"": 1657.0, ""self_attn.o_proj"": 1154.0, ""self_attn.v_proj"": 701.0}","{""mlp.down_proj"": -15.0, ""mlp.gate_proj"": -13.0, ""mlp.up_proj"": -13.0, ""self_attn.o_proj"": -3.0, ""self_attn.v_proj"": -2.0}","{""mlp.down_proj"": 0.007385524372230428, ""mlp.gate_proj"": 0.018335684062059238, ""mlp.up_proj"": 0.007784431137724551, ""self_attn.o_proj"": 0.0025929127052722557, ""self_attn.v_proj"": 0.002844950213371266}",0.0005489380471026325,0.007239762451028916,7,equal7,True,"mlp.down_proj,mlp.gate_proj,mlp.up_proj,self_attn.k_proj,self_attn.o_proj,self_attn.q_proj,self_attn.v_proj",,959.0,966.7142857142857,959.0,-7.714285714285714,0.009857039441593357,0.007979902467858676,"{""mlp.down_proj"": 2031.0, ""mlp.gate_proj"": 709.0, ""mlp.up_proj"": 1670.0, ""self_attn.k_proj"": 188.0, ""self_attn.o_proj"": 1157.0, ""self_attn.q_proj"": 309.0, ""self_attn.v_proj"": 703.0}","{""mlp.down_proj"": 2016.0, ""mlp.gate_proj"": 696.0, ""mlp.up_proj"": 1657.0, ""self_attn.k_proj"": 186.0, ""self_attn.o_proj"": 1154.0, ""self_attn.q_proj"": 303.0, ""self_attn.v_proj"": 701.0}","{""mlp.down_proj"": -15.0, ""mlp.gate_proj"": -13.0, ""mlp.up_proj"": -13.0, ""self_attn.k_proj"": -2.0, ""self_attn.o_proj"": -3.0, ""self_attn.q_proj"": -6.0, ""self_attn.v_proj"": -2.0}","{""mlp.down_proj"": 0.007385524372230428, ""mlp.gate_proj"": 0.018335684062059238, ""mlp.up_proj"": 0.007784431137724551, ""self_attn.k_proj"": 0.010638297872340425, ""self_attn.o_proj"": 0.0025929127052722557, ""self_attn.q_proj"": 0.019417475728155338, ""self_attn.v_proj"": 0.002844950213371266}",-0.002068338943461809,-1.4857142857142849,285.79999999999995,False,True
llama,offkd,20,E_if,E_ifeval,0.05,14,5,equal5_non_qk,True,"mlp.down_proj,mlp.gate_proj,mlp.up_proj,self_attn.o_proj,self_attn.v_proj","self_attn.q_proj,self_attn.k_proj",912.2,921.2,912.2,-9.0,0.01151042268237449,0.009769865392965697,"{""mlp.down_proj"": 1632.0, ""mlp.gate_proj"": 328.0, ""mlp.up_proj"": 1207.0, ""self_attn.o_proj"": 868.0, ""self_attn.v_proj"": 571.0}","{""mlp.down_proj"": 1616.0, ""mlp.gate_proj"": 319.0, ""mlp.up_proj"": 1193.0, ""self_attn.o_proj"": 865.0, ""self_attn.v_proj"": 568.0}","{""mlp.down_proj"": -16.0, ""mlp.gate_proj"": -9.0, ""mlp.up_proj"": -14.0, ""self_attn.o_proj"": -3.0, ""self_attn.v_proj"": -3.0}","{""mlp.down_proj"": 0.00980392156862745, ""mlp.gate_proj"": 0.027439024390243903, ""mlp.up_proj"": 0.0115990057995029, ""self_attn.o_proj"": 0.0034562211981566822, ""self_attn.v_proj"": 0.005253940455341506}",0.0011299437667021469,0.010380478915672342,7,equal7,True,"mlp.down_proj,mlp.gate_proj,mlp.up_proj,self_attn.k_proj,self_attn.o_proj,self_attn.q_proj,self_attn.v_proj",,684.2857142857143,691.2857142857143,684.2857142857143,-7.0,0.012854059609535392,0.010126059103120479,"{""mlp.down_proj"": 1632.0, ""mlp.gate_proj"": 328.0, ""mlp.up_proj"": 1207.0, ""self_attn.k_proj"": 98.0, ""self_attn.o_proj"": 868.0, ""self_attn.q_proj"": 135.0, ""self_attn.v_proj"": 571.0}","{""mlp.down_proj"": 1616.0, ""mlp.gate_proj"": 319.0, ""mlp.up_proj"": 1193.0, ""self_attn.k_proj"": 97.0, ""self_attn.o_proj"": 865.0, ""self_attn.q_proj"": 132.0, ""self_attn.v_proj"": 568.0}","{""mlp.down_proj"": -16.0, ""mlp.gate_proj"": -9.0, ""mlp.up_proj"": -14.0, ""self_attn.k_proj"": -1.0, ""self_attn.o_proj"": -3.0, ""self_attn.q_proj"": -3.0, ""self_attn.v_proj"": -3.0}","{""mlp.down_proj"": 0.00980392156862745, ""mlp.gate_proj"": 0.027439024390243903, ""mlp.up_proj"": 0.0115990057995029, ""self_attn.k_proj"": 0.01020408163265306, ""self_attn.o_proj"": 0.0034562211981566822, ""self_attn.q_proj"": 0.022222222222222223, ""self_attn.v_proj"": 0.005253940455341506}",-0.0013436369271609024,-2.0,227.9142857142857,False,True
llama,offkd,20,E_if,E_ifeval,0.1,14,5,equal5_non_qk,True,"mlp.down_proj,mlp.gate_proj,mlp.up_proj,self_attn.o_proj,self_attn.v_proj","self_attn.q_proj,self_attn.k_proj",584.6,592.8,584.6,-8.2,0.017719582973025595,0.01383265856950056,"{""mlp.down_proj"": 1166.0, ""mlp.gate_proj"": 96.0, ""mlp.up_proj"": 722.0, ""self_attn.o_proj"": 572.0, ""self_attn.v_proj"": 408.0}","{""mlp.down_proj"": 1149.0, ""mlp.gate_proj"": 92.0, ""mlp.up_proj"": 709.0, ""self_attn.o_proj"": 568.0, ""self_attn.v_proj"": 405.0}","{""mlp.down_proj"": -17.0, ""mlp.gate_proj"": -4.0, ""mlp.up_proj"": -13.0, ""self_attn.o_proj"": -4.0, ""self_attn.v_proj"": -3.0}","{""mlp.down_proj"": 0.014579759862778732, ""mlp.gate_proj"": 0.041666666666666664, ""mlp.up_proj"": 0.018005540166204988, ""self_attn.o_proj"": 0.006993006993006993, ""self_attn.v_proj"": 0.007352941176470588}",0.0023635276018473886,0.015356055371178207,7,equal7,True,"mlp.down_proj,mlp.gate_proj,mlp.up_proj,self_attn.k_proj,self_attn.o_proj,self_attn.q_proj,self_attn.v_proj",,429.7142857142857,435.7142857142857,429.7142857142857,-6.0,0.015903598227485816,0.013770491803278688,"{""mlp.down_proj"": 1166.0, ""mlp.gate_proj"": 96.0, ""mlp.up_proj"": 722.0, ""self_attn.k_proj"": 42.0, ""self_attn.o_proj"": 572.0, ""self_attn.q_proj"": 44.0, ""self_attn.v_proj"": 408.0}","{""mlp.down_proj"": 1149.0, ""mlp.gate_proj"": 92.0, ""mlp.up_proj"": 709.0, ""self_attn.k_proj"": 42.0, ""self_attn.o_proj"": 568.0, ""self_attn.q_proj"": 43.0, ""self_attn.v_proj"": 405.0}","{""mlp.down_proj"": -17.0, ""mlp.gate_proj"": -4.0, ""mlp.up_proj"": -13.0, ""self_attn.k_proj"": 0.0, ""self_attn.o_proj"": -4.0, ""self_attn.q_proj"": -1.0, ""self_attn.v_proj"": -3.0}","{""mlp.down_proj"": 0.014579759862778732, ""mlp.gate_proj"": 0.041666666666666664, ""mlp.up_proj"": 0.018005540166204988, ""self_attn.k_proj"": 0.0, ""self_attn.o_proj"": 0.006993006993006993, ""self_attn.q_proj"": 0.022727272727272728, ""self_attn.v_proj"": 0.007352941176470588}",0.0018159847455397789,-2.1999999999999993,154.8857142857143,False,True
llama,offkd,20,E_math,E_mathHeld,0.01,14,5,equal5_non_qk,True,"mlp.down_proj,mlp.gate_proj,mlp.up_proj,self_attn.o_proj,self_attn.v_proj","self_attn.q_proj,self_attn.k_proj",849.8,851.6,849.8,-1.8,0.00214167484052845,0.0021136683889150638,"{""mlp.down_proj"": 1162.0, ""mlp.gate_proj"": 587.0, ""mlp.up_proj"": 1022.0, ""self_attn.o_proj"": 828.0, ""self_attn.v_proj"": 659.0}","{""mlp.down_proj"": 1159.0, ""mlp.gate_proj"": 584.0, ""mlp.up_proj"": 1018.0, ""self_attn.o_proj"": 830.0, ""self_attn.v_proj"": 658.0}","{""mlp.down_proj"": -3.0, ""mlp.gate_proj"": -3.0, ""mlp.up_proj"": -4.0, ""self_attn.o_proj"": 2.0, ""self_attn.v_proj"": -1.0}","{""mlp.down_proj"": 0.0025817555938037868, ""mlp.gate_proj"": 0.005110732538330494, ""mlp.up_proj"": 0.003913894324853229, ""self_attn.o_proj"": -0.0024154589371980675, ""self_attn.v_proj"": 0.0015174506828528073}",0.0003650011545839527,0.0017766736859444973,7,equal7,True,"mlp.down_proj,mlp.gate_proj,mlp.up_proj,self_attn.k_proj,self_attn.o_proj,self_attn.q_proj,self_attn.v_proj",,699.7142857142857,701.7142857142857,699.7142857142857,-2.0,0.0035344049427995044,0.002850162866449512,"{""mlp.down_proj"": 1162.0, ""mlp.gate_proj"": 587.0, ""mlp.up_proj"": 1022.0, ""self_attn.k_proj"": 263.0, ""self_attn.o_proj"": 828.0, ""self_attn.q_proj"": 391.0, ""self_attn.v_proj"": 659.0}","{""mlp.down_proj"": 1159.0, ""mlp.gate_proj"": 584.0, ""mlp.up_proj"": 1018.0, ""self_attn.k_proj"": 262.0, ""self_attn.o_proj"": 830.0, ""self_attn.q_proj"": 387.0, ""self_attn.v_proj"": 658.0}","{""mlp.down_proj"": -3.0, ""mlp.gate_proj"": -3.0, ""mlp.up_proj"": -4.0, ""self_attn.k_proj"": -1.0, ""self_attn.o_proj"": 2.0, ""self_attn.q_proj"": -4.0, ""self_attn.v_proj"": -1.0}","{""mlp.down_proj"": 0.0025817555938037868, ""mlp.gate_proj"": 0.005110732538330494, ""mlp.up_proj"": 0.003913894324853229, ""self_attn.k_proj"": 0.0038022813688212928, ""self_attn.o_proj"": -0.0024154589371980675, ""self_attn.q_proj"": 0.010230179028132993, ""self_attn.v_proj"": 0.0015174506828528073}",-0.0013927301022710545,0.19999999999999996,150.0857142857143,False,True
llama,offkd,20,E_math,E_mathHeld,0.025,14,5,equal5_non_qk,True,"mlp.down_proj,mlp.gate_proj,mlp.up_proj,self_attn.o_proj,self_attn.v_proj","self_attn.q_proj,self_attn.k_proj",620.2,621.6,620.2,-1.4,0.0023174927853933823,0.002252252252252216,"{""mlp.down_proj"": 912.0, ""mlp.gate_proj"": 322.0, ""mlp.up_proj"": 751.0, ""self_attn.o_proj"": 607.0, ""self_attn.v_proj"": 516.0}","{""mlp.down_proj"": 908.0, ""mlp.gate_proj"": 320.0, ""mlp.up_proj"": 748.0, ""self_attn.o_proj"": 610.0, ""self_attn.v_proj"": 515.0}","{""mlp.down_proj"": -4.0, ""mlp.gate_proj"": -2.0, ""mlp.up_proj"": -3.0, ""self_attn.o_proj"": 3.0, ""self_attn.v_proj"": -1.0}","{""mlp.down_proj"": 0.0043859649122807015, ""mlp.gate_proj"": 0.006211180124223602, ""mlp.up_proj"": 0.0039946737683089215, ""self_attn.o_proj"": -0.004942339373970346, ""self_attn.v_proj"": 0.001937984496124031}",0.0005489380471026325,0.0017685547382907498,7,equal7,True,"mlp.down_proj,mlp.gate_proj,mlp.up_proj,self_attn.k_proj,self_attn.o_proj,self_attn.q_proj,self_attn.v_proj",,493.57142857142856,495.14285714285717,493.57142857142856,-1.5714285714285714,0.004668172502387214,0.0031736872475476873,"{""mlp.down_proj"": 912.0, ""mlp.gate_proj"": 322.0, ""mlp.up_proj"": 751.0, ""self_attn.k_proj"": 150.0, ""self_attn.o_proj"": 607.0, ""self_attn.q_proj"": 208.0, ""self_attn.v_proj"": 516.0}","{""mlp.down_proj"": 908.0, ""mlp.gate_proj"": 320.0, ""mlp.up_proj"": 748.0, ""self_attn.k_proj"": 149.0, ""self_attn.o_proj"": 610.0, ""self_attn.q_proj"": 205.0, ""self_attn.v_proj"": 515.0}","{""mlp.down_proj"": -4.0, ""mlp.gate_proj"": -2.0, ""mlp.up_proj"": -3.0, ""self_attn.k_proj"": -1.0, ""self_attn.o_proj"": 3.0, ""self_attn.q_proj"": -3.0, ""self_attn.v_proj"": -1.0}","{""mlp.down_proj"": 0.0043859649122807015, ""mlp.gate_proj"": 0.006211180124223602, ""mlp.up_proj"": 0.0039946737683089215, ""self_attn.k_proj"": 0.006666666666666667, ""self_attn.o_proj"": -0.004942339373970346, ""self_attn.q_proj"": 0.014423076923076924, ""self_attn.v_proj"": 0.001937984496124031}",-0.002350679716993832,0.17142857142857149,126.62857142857149,False,True
llama,offkd,20,E_math,E_mathHeld,0.05,14,5,equal5_non_qk,True,"mlp.down_proj,mlp.gate_proj,mlp.up_proj,self_attn.o_proj,self_attn.v_proj","self_attn.q_proj,self_attn.k_proj",445.2,446.2,445.2,-1.0,0.0032798634739993316,0.0022411474675033617,"{""mlp.down_proj"": 701.0, ""mlp.gate_proj"": 158.0, ""mlp.up_proj"": 534.0, ""self_attn.o_proj"": 441.0, ""self_attn.v_proj"": 397.0}","{""mlp.down_proj"": 698.0, ""mlp.gate_proj"": 156.0, ""mlp.up_proj"": 532.0, ""self_attn.o_proj"": 444.0, ""self_attn.v_proj"": 396.0}","{""mlp.down_proj"": -3.0, ""mlp.gate_proj"": -2.0, ""mlp.up_proj"": -2.0, ""self_attn.o_proj"": 3.0, ""self_attn.v_proj"": -1.0}","{""mlp.down_proj"": 0.0042796005706134095, ""mlp.gate_proj"": 0.012658227848101266, ""mlp.up_proj"": 0.003745318352059925, ""self_attn.o_proj"": -0.006802721088435374, ""self_attn.v_proj"": 0.0025188916876574307}",0.0011299437667021469,0.0021499197072971845,7,equal7,True,"mlp.down_proj,mlp.gate_proj,mlp.up_proj,self_attn.k_proj,self_attn.o_proj,self_attn.q_proj,self_attn.v_proj",,344.2857142857143,345.42857142857144,344.2857142857143,-1.1428571428571428,0.006817365000416272,0.003308519437551766,"{""mlp.down_proj"": 701.0, ""mlp.gate_proj"": 158.0, ""mlp.up_proj"": 534.0, ""self_attn.k_proj"": 84.0, ""self_attn.o_proj"": 441.0, ""self_attn.q_proj"": 103.0, ""self_attn.v_proj"": 397.0}","{""mlp.down_proj"": 698.0, ""mlp.gate_proj"": 156.0, ""mlp.up_proj"": 532.0, ""self_attn.k_proj"": 83.0, ""self_attn.o_proj"": 444.0, ""self_attn.q_proj"": 101.0, ""self_attn.v_proj"": 396.0}","{""mlp.down_proj"": -3.0, ""mlp.gate_proj"": -2.0, ""mlp.up_proj"": -2.0, ""self_attn.k_proj"": -1.0, ""self_attn.o_proj"": 3.0, ""self_attn.q_proj"": -2.0, ""self_attn.v_proj"": -1.0}","{""mlp.down_proj"": 0.0042796005706134095, ""mlp.gate_proj"": 0.012658227848101266, ""mlp.up_proj"": 0.003745318352059925, ""self_attn.k_proj"": 0.011904761904761904, ""self_attn.o_proj"": -0.006802721088435374, ""self_attn.q_proj"": 0.019417475728155338, ""self_attn.v_proj"": 0.0025188916876574307}",-0.00353750152641694,0.1428571428571428,100.91428571428571,False,True
llama,offkd,20,E_math,E_mathHeld,0.1,14,5,equal5_non_qk,True,"mlp.down_proj,mlp.gate_proj,mlp.up_proj,self_attn.o_proj,self_attn.v_proj","self_attn.q_proj,self_attn.k_proj",282.6,283.2,282.6,-0.6,0.004859173952341654,0.00211864406779649,"{""mlp.down_proj"": 483.0, ""mlp.gate_proj"": 49.0, ""mlp.up_proj"": 325.0, ""self_attn.o_proj"": 286.0, ""self_attn.v_proj"": 273.0}","{""mlp.down_proj"": 481.0, ""mlp.gate_proj"": 48.0, ""mlp.up_proj"": 324.0, ""self_attn.o_proj"": 288.0, ""self_attn.v_proj"": 272.0}","{""mlp.down_proj"": -2.0, ""mlp.gate_proj"": -1.0, ""mlp.up_proj"": -1.0, ""self_attn.o_proj"": 2.0, ""self_attn.v_proj"": -1.0}","{""mlp.down_proj"": 0.004140786749482402, ""mlp.gate_proj"": 0.02040816326530612, ""mlp.up_proj"": 0.003076923076923077, ""self_attn.o_proj"": -0.006993006993006993, ""self_attn.v_proj"": 0.003663003663003663}",0.0023635276018473886,0.0024956463504942654,7,equal7,True,"mlp.down_proj,mlp.gate_proj,mlp.up_proj,self_attn.k_proj,self_attn.o_proj,self_attn.q_proj,self_attn.v_proj",,212.71428571428572,213.14285714285714,212.71428571428572,-0.42857142857142855,0.003470838537386896,0.002010723860589755,"{""mlp.down_proj"": 483.0, ""mlp.gate_proj"": 49.0, ""mlp.up_proj"": 325.0, ""self_attn.k_proj"": 38.0, ""self_attn.o_proj"": 286.0, ""self_attn.q_proj"": 38.0, ""self_attn.v_proj"": 273.0}","{""mlp.down_proj"": 481.0, ""mlp.gate_proj"": 48.0, ""mlp.up_proj"": 324.0, ""self_attn.k_proj"": 38.0, ""self_attn.o_proj"": 288.0, ""self_attn.q_proj"": 38.0, ""self_attn.v_proj"": 272.0}","{""mlp.down_proj"": -2.0, ""mlp.gate_proj"": -1.0, ""mlp.up_proj"": -1.0, ""self_attn.k_proj"": 0.0, ""self_attn.o_proj"": 2.0, ""self_attn.q_proj"": 0.0, ""self_attn.v_proj"": -1.0}","{""mlp.down_proj"": 0.004140786749482402, ""mlp.gate_proj"": 0.02040816326530612, ""mlp.up_proj"": 0.003076923076923077, ""self_attn.k_proj"": 0.0, ""self_attn.o_proj"": -0.006993006993006993, ""self_attn.q_proj"": 0.0, ""self_attn.v_proj"": 0.003663003663003663}",0.0013883354149547581,-0.17142857142857143,69.8857142857143,False,True
llama,offkd,20,E_ood,E_mmluPro,0.01,14,5,equal5_non_qk,True,"mlp.down_proj,mlp.gate_proj,mlp.up_proj,self_attn.o_proj,self_attn.v_proj","self_attn.q_proj,self_attn.k_proj",1691.8,1694.2,1691.8,-2.4,0.0014451705639874823,0.001416597804273457,"{""mlp.down_proj"": 2452.0, ""mlp.gate_proj"": 1352.0, ""mlp.up_proj"": 2263.0, ""self_attn.o_proj"": 1556.0, ""self_attn.v_proj"": 848.0}","{""mlp.down_proj"": 2449.0, ""mlp.gate_proj"": 1347.0, ""mlp.up_proj"": 2259.0, ""self_attn.o_proj"": 1557.0, ""self_attn.v_proj"": 847.0}","{""mlp.down_proj"": -3.0, ""mlp.gate_proj"": -5.0, ""mlp.up_proj"": -4.0, ""self_attn.o_proj"": 1.0, ""self_attn.v_proj"": -1.0}","{""mlp.down_proj"": 0.0012234910277324632, ""mlp.gate_proj"": 0.0036982248520710057, ""mlp.up_proj"": 0.0017675651789659744, ""self_attn.o_proj"": -0.0006426735218508997, ""self_attn.v_proj"": 0.0011792452830188679}",0.0003650011545839527,0.0010801694094035297,7,equal7,True,"mlp.down_proj,mlp.gate_proj,mlp.up_proj,self_attn.k_proj,self_attn.o_proj,self_attn.q_proj,self_attn.v_proj",,1340.7142857142858,1343.5714285714287,1340.7142857142858,-2.857142857142857,0.003511595841744928,0.00212652844231794,"{""mlp.down_proj"": 2452.0, ""mlp.gate_proj"": 1352.0, ""mlp.up_proj"": 2263.0, ""self_attn.k_proj"": 331.0, ""self_attn.o_proj"": 1556.0, ""self_attn.q_proj"": 603.0, ""self_attn.v_proj"": 848.0}","{""mlp.down_proj"": 2449.0, ""mlp.gate_proj"": 1347.0, ""mlp.up_proj"": 2259.0, ""self_attn.k_proj"": 328.0, ""self_attn.o_proj"": 1557.0, ""self_attn.q_proj"": 598.0, ""self_attn.v_proj"": 847.0}","{""mlp.down_proj"": -3.0, ""mlp.gate_proj"": -5.0, ""mlp.up_proj"": -4.0, ""self_attn.k_proj"": -3.0, ""self_attn.o_proj"": 1.0, ""self_attn.q_proj"": -5.0, ""self_attn.v_proj"": -1.0}","{""mlp.down_proj"": 0.0012234910277324632, ""mlp.gate_proj"": 0.0036982248520710057, ""mlp.up_proj"": 0.0017675651789659744, ""self_attn.k_proj"": 0.00906344410876133, ""self_attn.o_proj"": -0.0006426735218508997, ""self_attn.q_proj"": 0.008291873963515755, ""self_attn.v_proj"": 0.0011792452830188679}",-0.0020664252777574457,0.4571428571428573,351.0857142857142,False,True
llama,offkd,20,E_ood,E_mmluPro,0.025,14,5,equal5_non_qk,True,"mlp.down_proj,mlp.gate_proj,mlp.up_proj,self_attn.o_proj,self_attn.v_proj","self_attn.q_proj,self_attn.k_proj",1293.6,1296.6,1293.6,-3.0,0.002594821531842131,0.002313743637204998,"{""mlp.down_proj"": 2058.0, ""mlp.gate_proj"": 731.0, ""mlp.up_proj"": 1775.0, ""self_attn.o_proj"": 1191.0, ""self_attn.v_proj"": 728.0}","{""mlp.down_proj"": 2054.0, ""mlp.gate_proj"": 726.0, ""mlp.up_proj"": 1770.0, ""self_attn.o_proj"": 1191.0, ""self_attn.v_proj"": 727.0}","{""mlp.down_proj"": -4.0, ""mlp.gate_proj"": -5.0, ""mlp.up_proj"": -5.0, ""self_attn.o_proj"": 0.0, ""self_attn.v_proj"": -1.0}","{""mlp.down_proj"": 0.001943634596695821, ""mlp.gate_proj"": 0.006839945280437756, ""mlp.up_proj"": 0.0028169014084507044, ""self_attn.o_proj"": 0.0, ""self_attn.v_proj"": 0.0013736263736263737}",0.0005489380471026325,0.0020458834847394986,7,equal7,True,"mlp.down_proj,mlp.gate_proj,mlp.up_proj,self_attn.k_proj,self_attn.o_proj,self_attn.q_proj,self_attn.v_proj",,989.8571428571429,992.7142857142857,989.8571428571429,-2.857142857142857,0.004946675626008157,0.002878111958555106,"{""mlp.down_proj"": 2058.0, ""mlp.gate_proj"": 731.0, ""mlp.up_proj"": 1775.0, ""self_attn.k_proj"": 178.0, ""self_attn.o_proj"": 1191.0, ""self_attn.q_proj"": 288.0, ""self_attn.v_proj"": 728.0}","{""mlp.down_proj"": 2054.0, ""mlp.gate_proj"": 726.0, ""mlp.up_proj"": 1770.0, ""self_attn.k_proj"": 176.0, ""self_attn.o_proj"": 1191.0, ""self_attn.q_proj"": 285.0, ""self_attn.v_proj"": 727.0}","{""mlp.down_proj"": -4.0, ""mlp.gate_proj"": -5.0, ""mlp.up_proj"": -5.0, ""self_attn.k_proj"": -2.0, ""self_attn.o_proj"": 0.0, ""self_attn.q_proj"": -3.0, ""self_attn.v_proj"": -1.0}","{""mlp.down_proj"": 0.001943634596695821, ""mlp.gate_proj"": 0.006839945280437756, ""mlp.up_proj"": 0.0028169014084507044, ""self_attn.k_proj"": 0.011235955056179775, ""self_attn.o_proj"": 0.0, ""self_attn.q_proj"": 0.010416666666666666, ""self_attn.v_proj"": 0.0013736263736263737}",-0.002351854094166026,-0.1428571428571428,303.742857142857,False,True
llama,offkd,20,E_ood,E_mmluPro,0.05,14,5,equal5_non_qk,True,"mlp.down_proj,mlp.gate_proj,mlp.up_proj,self_attn.o_proj,self_attn.v_proj","self_attn.q_proj,self_attn.k_proj",959.0,961.6,959.0,-2.6,0.003299932695887224,0.002703826955074899,"{""mlp.down_proj"": 1669.0, ""mlp.gate_proj"": 327.0, ""mlp.up_proj"": 1319.0, ""self_attn.o_proj"": 891.0, ""self_attn.v_proj"": 602.0}","{""mlp.down_proj"": 1664.0, ""mlp.gate_proj"": 324.0, ""mlp.up_proj"": 1314.0, ""self_attn.o_proj"": 892.0, ""self_attn.v_proj"": 601.0}","{""mlp.down_proj"": -5.0, ""mlp.gate_proj"": -3.0, ""mlp.up_proj"": -5.0, ""self_attn.o_proj"": 1.0, ""self_attn.v_proj"": -1.0}","{""mlp.down_proj"": 0.0029958058717795086, ""mlp.gate_proj"": 0.009174311926605505, ""mlp.up_proj"": 0.0037907505686125853, ""self_attn.o_proj"": -0.001122334455667789, ""self_attn.v_proj"": 0.0016611295681063123}",0.0011299437667021469,0.0021699889291850773,7,equal7,True,"mlp.down_proj,mlp.gate_proj,mlp.up_proj,self_attn.k_proj,self_attn.o_proj,self_attn.q_proj,self_attn.v_proj",,715.1428571428571,717.4285714285714,715.1428571428571,-2.2857142857142856,0.006249833867153304,0.0031859816806054046,"{""mlp.down_proj"": 1669.0, ""mlp.gate_proj"": 327.0, ""mlp.up_proj"": 1319.0, ""self_attn.k_proj"": 91.0, ""self_attn.o_proj"": 891.0, ""self_attn.q_proj"": 123.0, ""self_attn.v_proj"": 602.0}","{""mlp.down_proj"": 1664.0, ""mlp.gate_proj"": 324.0, ""mlp.up_proj"": 1314.0, ""self_attn.k_proj"": 90.0, ""self_attn.o_proj"": 892.0, ""self_attn.q_proj"": 121.0, ""self_attn.v_proj"": 601.0}","{""mlp.down_proj"": -5.0, ""mlp.gate_proj"": -3.0, ""mlp.up_proj"": -5.0, ""self_attn.k_proj"": -1.0, ""self_attn.o_proj"": 1.0, ""self_attn.q_proj"": -2.0, ""self_attn.v_proj"": -1.0}","{""mlp.down_proj"": 0.0029958058717795086, ""mlp.gate_proj"": 0.009174311926605505, ""mlp.up_proj"": 0.0037907505686125853, ""self_attn.k_proj"": 0.01098901098901099, ""self_attn.o_proj"": -0.001122334455667789, ""self_attn.q_proj"": 0.016260162601626018, ""self_attn.v_proj"": 0.0016611295681063123}",-0.00294990117126608,-0.3142857142857145,243.8571428571429,False,True
llama,offkd,20,E_ood,E_mmluPro,0.1,14,5,equal5_non_qk,True,"mlp.down_proj,mlp.gate_proj,mlp.up_proj,self_attn.o_proj,self_attn.v_proj","self_attn.q_proj,self_attn.k_proj",628.2,630.6,628.2,-2.4,0.007168940444676608,0.0038058991436726564,"{""mlp.down_proj"": 1213.0, ""mlp.gate_proj"": 83.0, ""mlp.up_proj"": 825.0, ""self_attn.o_proj"": 586.0, ""self_attn.v_proj"": 446.0}","{""mlp.down_proj"": 1208.0, ""mlp.gate_proj"": 81.0, ""mlp.up_proj"": 821.0, ""self_attn.o_proj"": 587.0, ""self_attn.v_proj"": 444.0}","{""mlp.down_proj"": -5.0, ""mlp.gate_proj"": -2.0, ""mlp.up_proj"": -4.0, ""self_attn.o_proj"": 1.0, ""self_attn.v_proj"": -2.0}","{""mlp.down_proj"": 0.004122011541632316, ""mlp.gate_proj"": 0.024096385542168676, ""mlp.up_proj"": 0.0048484848484848485, ""self_attn.o_proj"": -0.0017064846416382253, ""self_attn.v_proj"": 0.004484304932735426}",0.0023635276018473886,0.00480541284282922,7,equal7,True,"mlp.down_proj,mlp.gate_proj,mlp.up_proj,self_attn.k_proj,self_attn.o_proj,self_attn.q_proj,self_attn.v_proj",,460.0,461.85714285714283,460.0,-1.8571428571428572,0.008604992303688868,0.004021033096195431,"{""mlp.down_proj"": 1213.0, ""mlp.gate_proj"": 83.0, ""mlp.up_proj"": 825.0, ""self_attn.k_proj"": 39.0, ""self_attn.o_proj"": 586.0, ""self_attn.q_proj"": 41.0, ""self_attn.v_proj"": 446.0}","{""mlp.down_proj"": 1208.0, ""mlp.gate_proj"": 81.0, ""mlp.up_proj"": 821.0, ""self_attn.k_proj"": 39.0, ""self_attn.o_proj"": 587.0, ""self_attn.q_proj"": 40.0, ""self_attn.v_proj"": 444.0}","{""mlp.down_proj"": -5.0, ""mlp.gate_proj"": -2.0, ""mlp.up_proj"": -4.0, ""self_attn.k_proj"": 0.0, ""self_attn.o_proj"": 1.0, ""self_attn.q_proj"": -1.0, ""self_attn.v_proj"": -2.0}","{""mlp.down_proj"": 0.004122011541632316, ""mlp.gate_proj"": 0.024096385542168676, ""mlp.up_proj"": 0.0048484848484848485, ""self_attn.k_proj"": 0.0, ""self_attn.o_proj"": -0.0017064846416382253, ""self_attn.q_proj"": 0.024390243902439025, ""self_attn.v_proj"": 0.004484304932735426}",-0.0014360518590122596,-0.5428571428571427,168.20000000000005,False,True
llama,offkd,40,E_general,E_general,0.01,14,5,equal5_non_qk,True,"mlp.down_proj,mlp.gate_proj,mlp.up_proj,self_attn.o_proj,self_attn.v_proj","self_attn.q_proj,self_attn.k_proj",1736.6,1737.8,1736.6,-1.2,0.0007540467216659984,0.0006905282541144237,"{""mlp.down_proj"": 2529.0, ""mlp.gate_proj"": 1399.0, ""mlp.up_proj"": 2314.0, ""self_attn.o_proj"": 1584.0, ""self_attn.v_proj"": 863.0}","{""mlp.down_proj"": 2528.0, ""mlp.gate_proj"": 1394.0, ""mlp.up_proj"": 2313.0, ""self_attn.o_proj"": 1585.0, ""self_attn.v_proj"": 863.0}","{""mlp.down_proj"": -1.0, ""mlp.gate_proj"": -5.0, ""mlp.up_proj"": -1.0, ""self_attn.o_proj"": 1.0, ""self_attn.v_proj"": 0.0}","{""mlp.down_proj"": 0.00039541320680110717, ""mlp.gate_proj"": 0.0035739814152966403, ""mlp.up_proj"": 0.000432152117545376, ""self_attn.o_proj"": -0.0006313131313131314, ""self_attn.v_proj"": 0.0}",0.0007540467216659984,0.0,7,equal7,True,"mlp.down_proj,mlp.gate_proj,mlp.up_proj,self_attn.k_proj,self_attn.o_proj,self_attn.q_proj,self_attn.v_proj",,1391.857142857143,1393.7142857142858,1391.857142857143,-1.8571428571428572,0.00250722577559132,0.0013325133251332745,"{""mlp.down_proj"": 2529.0, ""mlp.gate_proj"": 1399.0, ""mlp.up_proj"": 2314.0, ""self_attn.k_proj"": 375.0, ""self_attn.o_proj"": 1584.0, ""self_attn.q_proj"": 692.0, ""self_attn.v_proj"": 863.0}","{""mlp.down_proj"": 2528.0, ""mlp.gate_proj"": 1394.0, ""mlp.up_proj"": 2313.0, ""self_attn.k_proj"": 372.0, ""self_attn.o_proj"": 1585.0, ""self_attn.q_proj"": 688.0, ""self_attn.v_proj"": 863.0}","{""mlp.down_proj"": -1.0, ""mlp.gate_proj"": -5.0, ""mlp.up_proj"": -1.0, ""self_attn.k_proj"": -3.0, ""self_attn.o_proj"": 1.0, ""self_attn.q_proj"": -4.0, ""self_attn.v_proj"": 0.0}","{""mlp.down_proj"": 0.00039541320680110717, ""mlp.gate_proj"": 0.0035739814152966403, ""mlp.up_proj"": 0.000432152117545376, ""self_attn.k_proj"": 0.008, ""self_attn.o_proj"": -0.0006313131313131314, ""self_attn.q_proj"": 0.005780346820809248, ""self_attn.v_proj"": 0.0}",-0.0017531790539253216,0.6571428571428573,344.742857142857,False,True
llama,offkd,40,E_general,E_general,0.025,14,5,equal5_non_qk,True,"mlp.down_proj,mlp.gate_proj,mlp.up_proj,self_attn.o_proj,self_attn.v_proj","self_attn.q_proj,self_attn.k_proj",1357.0,1358.4,1357.0,-1.4,0.001352978135021592,0.0010306242638398785,"{""mlp.down_proj"": 2167.0, ""mlp.gate_proj"": 784.0, ""mlp.up_proj"": 1852.0, ""self_attn.o_proj"": 1238.0, ""self_attn.v_proj"": 751.0}","{""mlp.down_proj"": 2165.0, ""mlp.gate_proj"": 779.0, ""mlp.up_proj"": 1850.0, ""self_attn.o_proj"": 1240.0, ""self_attn.v_proj"": 751.0}","{""mlp.down_proj"": -2.0, ""mlp.gate_proj"": -5.0, ""mlp.up_proj"": -2.0, ""self_attn.o_proj"": 2.0, ""self_attn.v_proj"": 0.0}","{""mlp.down_proj"": 0.0009229349330872173, ""mlp.gate_proj"": 0.006377551020408163, ""mlp.up_proj"": 0.0010799136069114472, ""self_attn.o_proj"": -0.0016155088852988692, ""self_attn.v_proj"": 0.0}",0.001352978135021592,0.0,7,equal7,True,"mlp.down_proj,mlp.gate_proj,mlp.up_proj,self_attn.k_proj,self_attn.o_proj,self_attn.q_proj,self_attn.v_proj",,1048.7142857142858,1050.7142857142858,1048.7142857142858,-2.0,0.004615977923906539,0.001903467029231815,"{""mlp.down_proj"": 2167.0, ""mlp.gate_proj"": 784.0, ""mlp.up_proj"": 1852.0, ""self_attn.k_proj"": 212.0, ""self_attn.o_proj"": 1238.0, ""self_attn.q_proj"": 351.0, ""self_attn.v_proj"": 751.0}","{""mlp.down_proj"": 2165.0, ""mlp.gate_proj"": 779.0, ""mlp.up_proj"": 1850.0, ""self_attn.k_proj"": 209.0, ""self_attn.o_proj"": 1240.0, ""self_attn.q_proj"": 347.0, ""self_attn.v_proj"": 751.0}","{""mlp.down_proj"": -2.0, ""mlp.gate_proj"": -5.0, ""mlp.up_proj"": -2.0, ""self_attn.k_proj"": -3.0, ""self_attn.o_proj"": 2.0, ""self_attn.q_proj"": -4.0, ""self_attn.v_proj"": 0.0}","{""mlp.down_proj"": 0.0009229349330872173, ""mlp.gate_proj"": 0.006377551020408163, ""mlp.up_proj"": 0.0010799136069114472, ""self_attn.k_proj"": 0.014150943396226415, ""self_attn.o_proj"": -0.0016155088852988692, ""self_attn.q_proj"": 0.011396011396011397, ""self_attn.v_proj"": 0.0}",-0.0032629997888849473,0.6000000000000001,308.2857142857142,False,True
llama,offkd,40,E_general,E_general,0.05,14,5,equal5_non_qk,True,"mlp.down_proj,mlp.gate_proj,mlp.up_proj,self_attn.o_proj,self_attn.v_proj","self_attn.q_proj,self_attn.k_proj",1032.0,1033.4,1032.0,-1.4,0.002803365794273859,0.001354751306367419,"{""mlp.down_proj"": 1802.0, ""mlp.gate_proj"": 368.0, ""mlp.up_proj"": 1412.0, ""self_attn.o_proj"": 954.0, ""self_attn.v_proj"": 631.0}","{""mlp.down_proj"": 1800.0, ""mlp.gate_proj"": 363.0, ""mlp.up_proj"": 1410.0, ""self_attn.o_proj"": 956.0, ""self_attn.v_proj"": 631.0}","{""mlp.down_proj"": -2.0, ""mlp.gate_proj"": -5.0, ""mlp.up_proj"": -2.0, ""self_attn.o_proj"": 2.0, ""self_attn.v_proj"": 0.0}","{""mlp.down_proj"": 0.0011098779134295228, ""mlp.gate_proj"": 0.01358695652173913, ""mlp.up_proj"": 0.00141643059490085, ""self_attn.o_proj"": -0.0020964360587002098, ""self_attn.v_proj"": 0.0}",0.002803365794273859,0.0,7,equal7,True,"mlp.down_proj,mlp.gate_proj,mlp.up_proj,self_attn.k_proj,self_attn.o_proj,self_attn.q_proj,self_attn.v_proj",,774.8571428571429,776.2857142857143,774.8571428571429,-1.4285714285714286,0.005120907257270159,0.001840264998159756,"{""mlp.down_proj"": 1802.0, ""mlp.gate_proj"": 368.0, ""mlp.up_proj"": 1412.0, ""self_attn.k_proj"": 111.0, ""self_attn.o_proj"": 954.0, ""self_attn.q_proj"": 156.0, ""self_attn.v_proj"": 631.0}","{""mlp.down_proj"": 1800.0, ""mlp.gate_proj"": 363.0, ""mlp.up_proj"": 1410.0, ""self_attn.k_proj"": 110.0, ""self_attn.o_proj"": 956.0, ""self_attn.q_proj"": 154.0, ""self_attn.v_proj"": 631.0}","{""mlp.down_proj"": -2.0, ""mlp.gate_proj"": -5.0, ""mlp.up_proj"": -2.0, ""self_attn.k_proj"": -1.0, ""self_attn.o_proj"": 2.0, ""self_attn.q_proj"": -2.0, ""self_attn.v_proj"": 0.0}","{""mlp.down_proj"": 0.0011098779134295228, ""mlp.gate_proj"": 0.01358695652173913, ""mlp.up_proj"": 0.00141643059490085, ""self_attn.k_proj"": 0.009009009009009009, ""self_attn.o_proj"": -0.0020964360587002098, ""self_attn.q_proj"": 0.01282051282051282, ""self_attn.v_proj"": 0.0}",-0.0023175414629963004,0.028571428571428692,257.1428571428571,False,True
llama,offkd,40,E_general,E_general,0.1,14,5,equal5_non_qk,True,"mlp.down_proj,mlp.gate_proj,mlp.up_proj,self_attn.o_proj,self_attn.v_proj","self_attn.q_proj,self_attn.k_proj",703.6,704.6,703.6,-1.0,0.004423565067124215,0.001419244961680386,"{""mlp.down_proj"": 1362.0, ""mlp.gate_proj"": 100.0, ""mlp.up_proj"": 923.0, ""self_attn.o_proj"": 659.0, ""self_attn.v_proj"": 479.0}","{""mlp.down_proj"": 1360.0, ""mlp.gate_proj"": 98.0, ""mlp.up_proj"": 921.0, ""self_attn.o_proj"": 660.0, ""self_attn.v_proj"": 479.0}","{""mlp.down_proj"": -2.0, ""mlp.gate_proj"": -2.0, ""mlp.up_proj"": -2.0, ""self_attn.o_proj"": 1.0, ""self_attn.v_proj"": 0.0}","{""mlp.down_proj"": 0.0014684287812041115, ""mlp.gate_proj"": 0.02, ""mlp.up_proj"": 0.0021668472372697724, ""self_attn.o_proj"": -0.0015174506828528073, ""self_attn.v_proj"": 0.0}",0.004423565067124215,0.0,7,equal7,True,"mlp.down_proj,mlp.gate_proj,mlp.up_proj,self_attn.k_proj,self_attn.o_proj,self_attn.q_proj,self_attn.v_proj",,516.4285714285714,517.2857142857143,516.4285714285714,-0.8571428571428571,0.00601683219080301,0.0016570008285004768,"{""mlp.down_proj"": 1362.0, ""mlp.gate_proj"": 100.0, ""mlp.up_proj"": 923.0, ""self_attn.k_proj"": 48.0, ""self_attn.o_proj"": 659.0, ""self_attn.q_proj"": 50.0, ""self_attn.v_proj"": 479.0}","{""mlp.down_proj"": 1360.0, ""mlp.gate_proj"": 98.0, ""mlp.up_proj"": 921.0, ""self_attn.k_proj"": 48.0, ""self_attn.o_proj"": 660.0, ""self_attn.q_proj"": 49.0, ""self_attn.v_proj"": 479.0}","{""mlp.down_proj"": -2.0, ""mlp.gate_proj"": -2.0, ""mlp.up_proj"": -2.0, ""self_attn.k_proj"": 0.0, ""self_attn.o_proj"": 1.0, ""self_attn.q_proj"": -1.0, ""self_attn.v_proj"": 0.0}","{""mlp.down_proj"": 0.0014684287812041115, ""mlp.gate_proj"": 0.02, ""mlp.up_proj"": 0.0021668472372697724, ""self_attn.k_proj"": 0.0, ""self_attn.o_proj"": -0.0015174506828528073, ""self_attn.q_proj"": 0.02, ""self_attn.v_proj"": 0.0}",-0.0015932671236787953,-0.1428571428571429,187.17142857142858,False,True
llama,offkd,40,E_if,E_ifeval,0.01,14,5,equal5_non_qk,True,"mlp.down_proj,mlp.gate_proj,mlp.up_proj,self_attn.o_proj,self_attn.v_proj","self_attn.q_proj,self_attn.k_proj",1644.4,1652.8,1644.4,-8.4,0.005124704814749756,0.005082284607937962,"{""mlp.down_proj"": 2435.0, ""mlp.gate_proj"": 1309.0, ""mlp.up_proj"": 2178.0, ""self_attn.o_proj"": 1511.0, ""self_attn.v_proj"": 831.0}","{""mlp.down_proj"": 2424.0, ""mlp.gate_proj"": 1292.0, ""mlp.up_proj"": 2167.0, ""self_attn.o_proj"": 1510.0, ""self_attn.v_proj"": 829.0}","{""mlp.down_proj"": -11.0, ""mlp.gate_proj"": -17.0, ""mlp.up_proj"": -11.0, ""self_attn.o_proj"": -1.0, ""self_attn.v_proj"": -2.0}","{""mlp.down_proj"": 0.004517453798767967, ""mlp.gate_proj"": 0.012987012987012988, ""mlp.up_proj"": 0.005050505050505051, ""self_attn.o_proj"": 0.0006618133686300463, ""self_attn.v_proj"": 0.0024067388688327317}",0.0007540467216659984,0.004370658093083758,7,equal7,True,"mlp.down_proj,mlp.gate_proj,mlp.up_proj,self_attn.k_proj,self_attn.o_proj,self_attn.q_proj,self_attn.v_proj",,1311.857142857143,1319.857142857143,1311.857142857143,-8.0,0.007584391835045055,0.006061262041346466,"{""mlp.down_proj"": 2435.0, ""mlp.gate_proj"": 1309.0, ""mlp.up_proj"": 2178.0, ""self_attn.k_proj"": 345.0, ""self_attn.o_proj"": 1511.0, ""self_attn.q_proj"": 630.0, ""self_attn.v_proj"": 831.0}","{""mlp.down_proj"": 2424.0, ""mlp.gate_proj"": 1292.0, ""mlp.up_proj"": 2167.0, ""self_attn.k_proj"": 341.0, ""self_attn.o_proj"": 1510.0, ""self_attn.q_proj"": 620.0, ""self_attn.v_proj"": 829.0}","{""mlp.down_proj"": -11.0, ""mlp.gate_proj"": -17.0, ""mlp.up_proj"": -11.0, ""self_attn.k_proj"": -4.0, ""self_attn.o_proj"": -1.0, ""self_attn.q_proj"": -10.0, ""self_attn.v_proj"": -2.0}","{""mlp.down_proj"": 0.004517453798767967, ""mlp.gate_proj"": 0.012987012987012988, ""mlp.up_proj"": 0.005050505050505051, ""self_attn.k_proj"": 0.011594202898550725, ""self_attn.o_proj"": 0.0006618133686300463, ""self_attn.q_proj"": 0.015873015873015872, ""self_attn.v_proj"": 0.0024067388688327317}",-0.0024596870202952988,-0.40000000000000036,332.5428571428572,False,True
llama,offkd,40,E_if,E_ifeval,0.025,14,5,equal5_non_qk,True,"mlp.down_proj,mlp.gate_proj,mlp.up_proj,self_attn.o_proj,self_attn.v_proj","self_attn.q_proj,self_attn.k_proj",1244.6,1254.0,1244.6,-9.4,0.00812691417735437,0.007496012759170726,"{""mlp.down_proj"": 2031.0, ""mlp.gate_proj"": 709.0, ""mlp.up_proj"": 1670.0, ""self_attn.o_proj"": 1157.0, ""self_attn.v_proj"": 703.0}","{""mlp.down_proj"": 2016.0, ""mlp.gate_proj"": 694.0, ""mlp.up_proj"": 1656.0, ""self_attn.o_proj"": 1156.0, ""self_attn.v_proj"": 701.0}","{""mlp.down_proj"": -15.0, ""mlp.gate_proj"": -15.0, ""mlp.up_proj"": -14.0, ""self_attn.o_proj"": -1.0, ""self_attn.v_proj"": -2.0}","{""mlp.down_proj"": 0.007385524372230428, ""mlp.gate_proj"": 0.021156558533145273, ""mlp.up_proj"": 0.008383233532934131, ""self_attn.o_proj"": 0.000864304235090752, ""self_attn.v_proj"": 0.002844950213371266}",0.001352978135021592,0.006773936042332777,7,equal7,True,"mlp.down_proj,mlp.gate_proj,mlp.up_proj,self_attn.k_proj,self_attn.o_proj,self_attn.q_proj,self_attn.v_proj",,958.7142857142857,966.7142857142857,958.7142857142857,-8.0,0.010560941491708596,0.008275454411112753,"{""mlp.down_proj"": 2031.0, ""mlp.gate_proj"": 709.0, ""mlp.up_proj"": 1670.0, ""self_attn.k_proj"": 188.0, ""self_attn.o_proj"": 1157.0, ""self_attn.q_proj"": 309.0, ""self_attn.v_proj"": 703.0}","{""mlp.down_proj"": 2016.0, ""mlp.gate_proj"": 694.0, ""mlp.up_proj"": 1656.0, ""self_attn.k_proj"": 186.0, ""self_attn.o_proj"": 1156.0, ""self_attn.q_proj"": 302.0, ""self_attn.v_proj"": 701.0}","{""mlp.down_proj"": -15.0, ""mlp.gate_proj"": -15.0, ""mlp.up_proj"": -14.0, ""self_attn.k_proj"": -2.0, ""self_attn.o_proj"": -1.0, ""self_attn.q_proj"": -7.0, ""self_attn.v_proj"": -2.0}","{""mlp.down_proj"": 0.007385524372230428, ""mlp.gate_proj"": 0.021156558533145273, ""mlp.up_proj"": 0.008383233532934131, ""self_attn.k_proj"": 0.010638297872340425, ""self_attn.o_proj"": 0.000864304235090752, ""self_attn.q_proj"": 0.022653721682847898, ""self_attn.v_proj"": 0.002844950213371266}",-0.0024340273143542267,-1.4000000000000004,285.88571428571424,False,True
llama,offkd,40,E_if,E_ifeval,0.05,14,5,equal5_non_qk,True,"mlp.down_proj,mlp.gate_proj,mlp.up_proj,self_attn.o_proj,self_attn.v_proj","self_attn.q_proj,self_attn.k_proj",911.8,921.2,911.8,-9.4,0.012178013135849567,0.01020408163265316,"{""mlp.down_proj"": 1632.0, ""mlp.gate_proj"": 328.0, ""mlp.up_proj"": 1207.0, ""self_attn.o_proj"": 868.0, ""self_attn.v_proj"": 571.0}","{""mlp.down_proj"": 1615.0, ""mlp.gate_proj"": 318.0, ""mlp.up_proj"": 1192.0, ""self_attn.o_proj"": 866.0, ""self_attn.v_proj"": 568.0}","{""mlp.down_proj"": -17.0, ""mlp.gate_proj"": -10.0, ""mlp.up_proj"": -15.0, ""self_attn.o_proj"": -2.0, ""self_attn.v_proj"": -3.0}","{""mlp.down_proj"": 0.010416666666666666, ""mlp.gate_proj"": 0.03048780487804878, ""mlp.up_proj"": 0.012427506213753107, ""self_attn.o_proj"": 0.002304147465437788, ""self_attn.v_proj"": 0.005253940455341506}",0.002803365794273859,0.009374647341575709,7,equal7,True,"mlp.down_proj,mlp.gate_proj,mlp.up_proj,self_attn.k_proj,self_attn.o_proj,self_attn.q_proj,self_attn.v_proj",,683.8571428571429,691.2857142857143,683.8571428571429,-7.428571428571429,0.014788635880968027,0.010746021905352367,"{""mlp.down_proj"": 1632.0, ""mlp.gate_proj"": 328.0, ""mlp.up_proj"": 1207.0, ""self_attn.k_proj"": 98.0, ""self_attn.o_proj"": 868.0, ""self_attn.q_proj"": 135.0, ""self_attn.v_proj"": 571.0}","{""mlp.down_proj"": 1615.0, ""mlp.gate_proj"": 318.0, ""mlp.up_proj"": 1192.0, ""self_attn.k_proj"": 96.0, ""self_attn.o_proj"": 866.0, ""self_attn.q_proj"": 132.0, ""self_attn.v_proj"": 568.0}","{""mlp.down_proj"": -17.0, ""mlp.gate_proj"": -10.0, ""mlp.up_proj"": -15.0, ""self_attn.k_proj"": -2.0, ""self_attn.o_proj"": -2.0, ""self_attn.q_proj"": -3.0, ""self_attn.v_proj"": -3.0}","{""mlp.down_proj"": 0.010416666666666666, ""mlp.gate_proj"": 0.03048780487804878, ""mlp.up_proj"": 0.012427506213753107, ""self_attn.k_proj"": 0.02040816326530612, ""self_attn.o_proj"": 0.002304147465437788, ""self_attn.q_proj"": 0.022222222222222223, ""self_attn.v_proj"": 0.005253940455341506}",-0.00261062274511846,-1.9714285714285715,227.94285714285706,False,True
llama,offkd,40,E_if,E_ifeval,0.1,14,5,equal5_non_qk,True,"mlp.down_proj,mlp.gate_proj,mlp.up_proj,self_attn.o_proj,self_attn.v_proj","self_attn.q_proj,self_attn.k_proj",585.2,592.8,585.2,-7.6,0.01653008619529352,0.012820512820512667,"{""mlp.down_proj"": 1166.0, ""mlp.gate_proj"": 96.0, ""mlp.up_proj"": 722.0, ""self_attn.o_proj"": 572.0, ""self_attn.v_proj"": 408.0}","{""mlp.down_proj"": 1149.0, ""mlp.gate_proj"": 92.0, ""mlp.up_proj"": 709.0, ""self_attn.o_proj"": 570.0, ""self_attn.v_proj"": 406.0}","{""mlp.down_proj"": -17.0, ""mlp.gate_proj"": -4.0, ""mlp.up_proj"": -13.0, ""self_attn.o_proj"": -2.0, ""self_attn.v_proj"": -2.0}","{""mlp.down_proj"": 0.014579759862778732, ""mlp.gate_proj"": 0.041666666666666664, ""mlp.up_proj"": 0.018005540166204988, ""self_attn.o_proj"": 0.0034965034965034965, ""self_attn.v_proj"": 0.004901960784313725}",0.004423565067124215,0.012106521128169305,7,equal7,True,"mlp.down_proj,mlp.gate_proj,mlp.up_proj,self_attn.k_proj,self_attn.o_proj,self_attn.q_proj,self_attn.v_proj",,430.14285714285717,435.7142857142857,430.14285714285717,-5.571428571428571,0.015053957671962905,0.012786885245901602,"{""mlp.down_proj"": 1166.0, ""mlp.gate_proj"": 96.0, ""mlp.up_proj"": 722.0, ""self_attn.k_proj"": 42.0, ""self_attn.o_proj"": 572.0, ""self_attn.q_proj"": 44.0, ""self_attn.v_proj"": 408.0}","{""mlp.down_proj"": 1149.0, ""mlp.gate_proj"": 92.0, ""mlp.up_proj"": 709.0, ""self_attn.k_proj"": 42.0, ""self_attn.o_proj"": 570.0, ""self_attn.q_proj"": 43.0, ""self_attn.v_proj"": 406.0}","{""mlp.down_proj"": -17.0, ""mlp.gate_proj"": -4.0, ""mlp.up_proj"": -13.0, ""self_attn.k_proj"": 0.0, ""self_attn.o_proj"": -2.0, ""self_attn.q_proj"": -1.0, ""self_attn.v_proj"": -2.0}","{""mlp.down_proj"": 0.014579759862778732, ""mlp.gate_proj"": 0.041666666666666664, ""mlp.up_proj"": 0.018005540166204988, ""self_attn.k_proj"": 0.0, ""self_attn.o_proj"": 0.0034965034965034965, ""self_attn.q_proj"": 0.022727272727272728, ""self_attn.v_proj"": 0.004901960784313725}",0.0014761285233306151,-2.0285714285714285,155.05714285714288,False,True
llama,offkd,40,E_math,E_mathHeld,0.01,14,5,equal5_non_qk,True,"mlp.down_proj,mlp.gate_proj,mlp.up_proj,self_attn.o_proj,self_attn.v_proj","self_attn.q_proj,self_attn.k_proj",849.4,851.6,849.4,-2.2,0.002769770056879904,0.002583372475340589,"{""mlp.down_proj"": 1162.0, ""mlp.gate_proj"": 587.0, ""mlp.up_proj"": 1022.0, ""self_attn.o_proj"": 828.0, ""self_attn.v_proj"": 659.0}","{""mlp.down_proj"": 1158.0, ""mlp.gate_proj"": 582.0, ""mlp.up_proj"": 1017.0, ""self_attn.o_proj"": 833.0, ""self_attn.v_proj"": 657.0}","{""mlp.down_proj"": -4.0, ""mlp.gate_proj"": -5.0, ""mlp.up_proj"": -5.0, ""self_attn.o_proj"": 5.0, ""self_attn.v_proj"": -2.0}","{""mlp.down_proj"": 0.0034423407917383822, ""mlp.gate_proj"": 0.008517887563884156, ""mlp.up_proj"": 0.004892367906066536, ""self_attn.o_proj"": -0.006038647342995169, ""self_attn.v_proj"": 0.0030349013657056147}",0.0007540467216659984,0.0020157233352139058,7,equal7,True,"mlp.down_proj,mlp.gate_proj,mlp.up_proj,self_attn.k_proj,self_attn.o_proj,self_attn.q_proj,self_attn.v_proj",,699.1428571428571,701.7142857142857,699.1428571428571,-2.5714285714285716,0.0048915909724583356,0.0036644951140064916,"{""mlp.down_proj"": 1162.0, ""mlp.gate_proj"": 587.0, ""mlp.up_proj"": 1022.0, ""self_attn.k_proj"": 263.0, ""self_attn.o_proj"": 828.0, ""self_attn.q_proj"": 391.0, ""self_attn.v_proj"": 659.0}","{""mlp.down_proj"": 1158.0, ""mlp.gate_proj"": 582.0, ""mlp.up_proj"": 1017.0, ""self_attn.k_proj"": 261.0, ""self_attn.o_proj"": 833.0, ""self_attn.q_proj"": 386.0, ""self_attn.v_proj"": 657.0}","{""mlp.down_proj"": -4.0, ""mlp.gate_proj"": -5.0, ""mlp.up_proj"": -5.0, ""self_attn.k_proj"": -2.0, ""self_attn.o_proj"": 5.0, ""self_attn.q_proj"": -5.0, ""self_attn.v_proj"": -2.0}","{""mlp.down_proj"": 0.0034423407917383822, ""mlp.gate_proj"": 0.008517887563884156, ""mlp.up_proj"": 0.004892367906066536, ""self_attn.k_proj"": 0.0076045627376425855, ""self_attn.o_proj"": -0.006038647342995169, ""self_attn.q_proj"": 0.01278772378516624, ""self_attn.v_proj"": 0.0030349013657056147}",-0.0021218209155784316,0.37142857142857144,150.25714285714287,False,True
llama,offkd,40,E_math,E_mathHeld,0.025,14,5,equal5_non_qk,True,"mlp.down_proj,mlp.gate_proj,mlp.up_proj,self_attn.o_proj,self_attn.v_proj","self_attn.q_proj,self_attn.k_proj",619.8,621.6,619.8,-1.8,0.003323182350165925,0.0028957528957530053,"{""mlp.down_proj"": 912.0, ""mlp.gate_proj"": 322.0, ""mlp.up_proj"": 751.0, ""self_attn.o_proj"": 607.0, ""self_attn.v_proj"": 516.0}","{""mlp.down_proj"": 907.0, ""mlp.gate_proj"": 318.0, ""mlp.up_proj"": 746.0, ""self_attn.o_proj"": 613.0, ""self_attn.v_proj"": 515.0}","{""mlp.down_proj"": -5.0, ""mlp.gate_proj"": -4.0, ""mlp.up_proj"": -5.0, ""self_attn.o_proj"": 6.0, ""self_attn.v_proj"": -1.0}","{""mlp.down_proj"": 0.005482456140350877, ""mlp.gate_proj"": 0.012422360248447204, ""mlp.up_proj"": 0.006657789613848202, ""self_attn.o_proj"": -0.009884678747940691, ""self_attn.v_proj"": 0.001937984496124031}",0.001352978135021592,0.001970204215144333,7,equal7,True,"mlp.down_proj,mlp.gate_proj,mlp.up_proj,self_attn.k_proj,self_attn.o_proj,self_attn.q_proj,self_attn.v_proj",,493.2857142857143,495.14285714285717,493.2857142857143,-1.8571428571428572,0.005386522191510459,0.003750721292556326,"{""mlp.down_proj"": 912.0, ""mlp.gate_proj"": 322.0, ""mlp.up_proj"": 751.0, ""self_attn.k_proj"": 150.0, ""self_attn.o_proj"": 607.0, ""self_attn.q_proj"": 208.0, ""self_attn.v_proj"": 516.0}","{""mlp.down_proj"": 907.0, ""mlp.gate_proj"": 318.0, ""mlp.up_proj"": 746.0, ""self_attn.k_proj"": 149.0, ""self_attn.o_proj"": 613.0, ""self_attn.q_proj"": 205.0, ""self_attn.v_proj"": 515.0}","{""mlp.down_proj"": -5.0, ""mlp.gate_proj"": -4.0, ""mlp.up_proj"": -5.0, ""self_attn.k_proj"": -1.0, ""self_attn.o_proj"": 6.0, ""self_attn.q_proj"": -3.0, ""self_attn.v_proj"": -1.0}","{""mlp.down_proj"": 0.005482456140350877, ""mlp.gate_proj"": 0.012422360248447204, ""mlp.up_proj"": 0.006657789613848202, ""self_attn.k_proj"": 0.006666666666666667, ""self_attn.o_proj"": -0.009884678747940691, ""self_attn.q_proj"": 0.014423076923076924, ""self_attn.v_proj"": 0.001937984496124031}",-0.002063339841344534,0.05714285714285716,126.51428571428568,False,True
llama,offkd,40,E_math,E_mathHeld,0.05,14,5,equal5_non_qk,True,"mlp.down_proj,mlp.gate_proj,mlp.up_proj,self_attn.o_proj,self_attn.v_proj","self_attn.q_proj,self_attn.k_proj",445.0,446.2,445.0,-1.2,0.004348758918567423,0.002689376961004009,"{""mlp.down_proj"": 701.0, ""mlp.gate_proj"": 158.0, ""mlp.up_proj"": 534.0, ""self_attn.o_proj"": 441.0, ""self_attn.v_proj"": 397.0}","{""mlp.down_proj"": 697.0, ""mlp.gate_proj"": 155.0, ""mlp.up_proj"": 531.0, ""self_attn.o_proj"": 447.0, ""self_attn.v_proj"": 395.0}","{""mlp.down_proj"": -4.0, ""mlp.gate_proj"": -3.0, ""mlp.up_proj"": -3.0, ""self_attn.o_proj"": 6.0, ""self_attn.v_proj"": -2.0}","{""mlp.down_proj"": 0.005706134094151213, ""mlp.gate_proj"": 0.0189873417721519, ""mlp.up_proj"": 0.0056179775280898875, ""self_attn.o_proj"": -0.013605442176870748, ""self_attn.v_proj"": 0.005037783375314861}",0.002803365794273859,0.001545393124293564,7,equal7,True,"mlp.down_proj,mlp.gate_proj,mlp.up_proj,self_attn.k_proj,self_attn.o_proj,self_attn.q_proj,self_attn.v_proj",,344.14285714285717,345.42857142857144,344.14285714285717,-1.2857142857142858,0.007580861746536337,0.0037220843672456337,"{""mlp.down_proj"": 701.0, ""mlp.gate_proj"": 158.0, ""mlp.up_proj"": 534.0, ""self_attn.k_proj"": 84.0, ""self_attn.o_proj"": 441.0, ""self_attn.q_proj"": 103.0, ""self_attn.v_proj"": 397.0}","{""mlp.down_proj"": 697.0, ""mlp.gate_proj"": 155.0, ""mlp.up_proj"": 531.0, ""self_attn.k_proj"": 83.0, ""self_attn.o_proj"": 447.0, ""self_attn.q_proj"": 101.0, ""self_attn.v_proj"": 395.0}","{""mlp.down_proj"": -4.0, ""mlp.gate_proj"": -3.0, ""mlp.up_proj"": -3.0, ""self_attn.k_proj"": -1.0, ""self_attn.o_proj"": 6.0, ""self_attn.q_proj"": -2.0, ""self_attn.v_proj"": -2.0}","{""mlp.down_proj"": 0.005706134094151213, ""mlp.gate_proj"": 0.0189873417721519, ""mlp.up_proj"": 0.0056179775280898875, ""self_attn.k_proj"": 0.011904761904761904, ""self_attn.o_proj"": -0.013605442176870748, ""self_attn.q_proj"": 0.019417475728155338, ""self_attn.v_proj"": 0.005037783375314861}",-0.0032321028279689136,0.08571428571428585,100.85714285714283,False,True
llama,offkd,40,E_math,E_mathHeld,0.1,14,5,equal5_non_qk,True,"mlp.down_proj,mlp.gate_proj,mlp.up_proj,self_attn.o_proj,self_attn.v_proj","self_attn.q_proj,self_attn.k_proj",282.4,283.2,282.4,-0.8,0.008571668497134335,0.002824858757062187,"{""mlp.down_proj"": 483.0, ""mlp.gate_proj"": 49.0, ""mlp.up_proj"": 325.0, ""self_attn.o_proj"": 286.0, ""self_attn.v_proj"": 273.0}","{""mlp.down_proj"": 480.0, ""mlp.gate_proj"": 47.0, ""mlp.up_proj"": 323.0, ""self_attn.o_proj"": 290.0, ""self_attn.v_proj"": 272.0}","{""mlp.down_proj"": -3.0, ""mlp.gate_proj"": -2.0, ""mlp.up_proj"": -2.0, ""self_attn.o_proj"": 4.0, ""self_attn.v_proj"": -1.0}","{""mlp.down_proj"": 0.006211180124223602, ""mlp.gate_proj"": 0.04081632653061224, ""mlp.up_proj"": 0.006153846153846154, ""self_attn.o_proj"": -0.013986013986013986, ""self_attn.v_proj"": 0.003663003663003663}",0.004423565067124215,0.00414810343001012,7,equal7,True,"mlp.down_proj,mlp.gate_proj,mlp.up_proj,self_attn.k_proj,self_attn.o_proj,self_attn.q_proj,self_attn.v_proj",,212.57142857142858,213.14285714285714,212.57142857142858,-0.5714285714285714,0.006122620355095953,0.002680965147453007,"{""mlp.down_proj"": 483.0, ""mlp.gate_proj"": 49.0, ""mlp.up_proj"": 325.0, ""self_attn.k_proj"": 38.0, ""self_attn.o_proj"": 286.0, ""self_attn.q_proj"": 38.0, ""self_attn.v_proj"": 273.0}","{""mlp.down_proj"": 480.0, ""mlp.gate_proj"": 47.0, ""mlp.up_proj"": 323.0, ""self_attn.k_proj"": 38.0, ""self_attn.o_proj"": 290.0, ""self_attn.q_proj"": 38.0, ""self_attn.v_proj"": 272.0}","{""mlp.down_proj"": -3.0, ""mlp.gate_proj"": -2.0, ""mlp.up_proj"": -2.0, ""self_attn.k_proj"": 0.0, ""self_attn.o_proj"": 4.0, ""self_attn.q_proj"": 0.0, ""self_attn.v_proj"": -1.0}","{""mlp.down_proj"": 0.006211180124223602, ""mlp.gate_proj"": 0.04081632653061224, ""mlp.up_proj"": 0.006153846153846154, ""self_attn.k_proj"": 0.0, ""self_attn.o_proj"": -0.013986013986013986, ""self_attn.q_proj"": 0.0, ""self_attn.v_proj"": 0.003663003663003663}",0.0024490481420383816,-0.22857142857142865,69.8285714285714,False,True
llama,offkd,40,E_ood,E_mmluPro,0.01,14,5,equal5_non_qk,True,"mlp.down_proj,mlp.gate_proj,mlp.up_proj,self_attn.o_proj,self_attn.v_proj","self_attn.q_proj,self_attn.k_proj",1688.8,1694.2,1688.8,-5.4,0.003254388104131914,0.003187345059615211,"{""mlp.down_proj"": 2452.0, ""mlp.gate_proj"": 1352.0, ""mlp.up_proj"": 2263.0, ""self_attn.o_proj"": 1556.0, ""self_attn.v_proj"": 848.0}","{""mlp.down_proj"": 2447.0, ""mlp.gate_proj"": 1340.0, ""mlp.up_proj"": 2255.0, ""self_attn.o_proj"": 1555.0, ""self_attn.v_proj"": 847.0}","{""mlp.down_proj"": -5.0, ""mlp.gate_proj"": -12.0, ""mlp.up_proj"": -8.0, ""self_attn.o_proj"": -1.0, ""self_attn.v_proj"": -1.0}","{""mlp.down_proj"": 0.0020391517128874386, ""mlp.gate_proj"": 0.008875739644970414, ""mlp.up_proj"": 0.003535130357931949, ""self_attn.o_proj"": 0.0006426735218508997, ""self_attn.v_proj"": 0.0011792452830188679}",0.0007540467216659984,0.0025003413824659154,7,equal7,True,"mlp.down_proj,mlp.gate_proj,mlp.up_proj,self_attn.k_proj,self_attn.o_proj,self_attn.q_proj,self_attn.v_proj",,1338.142857142857,1343.5714285714287,1338.142857142857,-5.428571428571429,0.005709308030656675,0.004040404040404137,"{""mlp.down_proj"": 2452.0, ""mlp.gate_proj"": 1352.0, ""mlp.up_proj"": 2263.0, ""self_attn.k_proj"": 331.0, ""self_attn.o_proj"": 1556.0, ""self_attn.q_proj"": 603.0, ""self_attn.v_proj"": 848.0}","{""mlp.down_proj"": 2447.0, ""mlp.gate_proj"": 1340.0, ""mlp.up_proj"": 2255.0, ""self_attn.k_proj"": 327.0, ""self_attn.o_proj"": 1555.0, ""self_attn.q_proj"": 596.0, ""self_attn.v_proj"": 847.0}","{""mlp.down_proj"": -5.0, ""mlp.gate_proj"": -12.0, ""mlp.up_proj"": -8.0, ""self_attn.k_proj"": -4.0, ""self_attn.o_proj"": -1.0, ""self_attn.q_proj"": -7.0, ""self_attn.v_proj"": -1.0}","{""mlp.down_proj"": 0.0020391517128874386, ""mlp.gate_proj"": 0.008875739644970414, ""mlp.up_proj"": 0.003535130357931949, ""self_attn.k_proj"": 0.012084592145015106, ""self_attn.o_proj"": 0.0006426735218508997, ""self_attn.q_proj"": 0.011608623548922056, ""self_attn.v_proj"": 0.0011792452830188679}",-0.002454919926524761,0.02857142857142847,350.65714285714284,False,True
llama,offkd,40,E_ood,E_mmluPro,0.025,14,5,equal5_non_qk,True,"mlp.down_proj,mlp.gate_proj,mlp.up_proj,self_attn.o_proj,self_attn.v_proj","self_attn.q_proj,self_attn.k_proj",1290.4,1296.6,1290.4,-6.2,0.005533985257577477,0.004781736850223522,"{""mlp.down_proj"": 2058.0, ""mlp.gate_proj"": 731.0, ""mlp.up_proj"": 1775.0, ""self_attn.o_proj"": 1191.0, ""self_attn.v_proj"": 728.0}","{""mlp.down_proj"": 2051.0, ""mlp.gate_proj"": 720.0, ""mlp.up_proj"": 1765.0, ""self_attn.o_proj"": 1190.0, ""self_attn.v_proj"": 726.0}","{""mlp.down_proj"": -7.0, ""mlp.gate_proj"": -11.0, ""mlp.up_proj"": -10.0, ""self_attn.o_proj"": -1.0, ""self_attn.v_proj"": -2.0}","{""mlp.down_proj"": 0.003401360544217687, ""mlp.gate_proj"": 0.015047879616963064, ""mlp.up_proj"": 0.005633802816901409, ""self_attn.o_proj"": 0.0008396305625524769, ""self_attn.v_proj"": 0.0027472527472527475}",0.001352978135021592,0.004181007122555884,7,equal7,True,"mlp.down_proj,mlp.gate_proj,mlp.up_proj,self_attn.k_proj,self_attn.o_proj,self_attn.q_proj,self_attn.v_proj",,987.1428571428571,992.7142857142857,987.1428571428571,-5.571428571428571,0.008840709997609737,0.0056123183191826,"{""mlp.down_proj"": 2058.0, ""mlp.gate_proj"": 731.0, ""mlp.up_proj"": 1775.0, ""self_attn.k_proj"": 178.0, ""self_attn.o_proj"": 1191.0, ""self_attn.q_proj"": 288.0, ""self_attn.v_proj"": 728.0}","{""mlp.down_proj"": 2051.0, ""mlp.gate_proj"": 720.0, ""mlp.up_proj"": 1765.0, ""self_attn.k_proj"": 175.0, ""self_attn.o_proj"": 1190.0, ""self_attn.q_proj"": 283.0, ""self_attn.v_proj"": 726.0}","{""mlp.down_proj"": -7.0, ""mlp.gate_proj"": -11.0, ""mlp.up_proj"": -10.0, ""self_attn.k_proj"": -3.0, ""self_attn.o_proj"": -1.0, ""self_attn.q_proj"": -5.0, ""self_attn.v_proj"": -2.0}","{""mlp.down_proj"": 0.003401360544217687, ""mlp.gate_proj"": 0.015047879616963064, ""mlp.up_proj"": 0.005633802816901409, ""self_attn.k_proj"": 0.016853932584269662, ""self_attn.o_proj"": 0.0008396305625524769, ""self_attn.q_proj"": 0.017361111111111112, ""self_attn.v_proj"": 0.0027472527472527475}",-0.00330672474003226,-0.628571428571429,303.257142857143,False,True
llama,offkd,40,E_ood,E_mmluPro,0.05,14,5,equal5_non_qk,True,"mlp.down_proj,mlp.gate_proj,mlp.up_proj,self_attn.o_proj,self_attn.v_proj","self_attn.q_proj,self_attn.k_proj",956.0,961.6,956.0,-5.6,0.007645222390539795,0.005823627287853601,"{""mlp.down_proj"": 1669.0, ""mlp.gate_proj"": 327.0, ""mlp.up_proj"": 1319.0, ""self_attn.o_proj"": 891.0, ""self_attn.v_proj"": 602.0}","{""mlp.down_proj"": 1661.0, ""mlp.gate_proj"": 320.0, ""mlp.up_proj"": 1309.0, ""self_attn.o_proj"": 890.0, ""self_attn.v_proj"": 600.0}","{""mlp.down_proj"": -8.0, ""mlp.gate_proj"": -7.0, ""mlp.up_proj"": -10.0, ""self_attn.o_proj"": -1.0, ""self_attn.v_proj"": -2.0}","{""mlp.down_proj"": 0.004793289394847214, ""mlp.gate_proj"": 0.021406727828746176, ""mlp.up_proj"": 0.0075815011372251705, ""self_attn.o_proj"": 0.001122334455667789, ""self_attn.v_proj"": 0.0033222591362126247}",0.002803365794273859,0.004841856596265936,7,equal7,True,"mlp.down_proj,mlp.gate_proj,mlp.up_proj,self_attn.k_proj,self_attn.o_proj,self_attn.q_proj,self_attn.v_proj",,712.7142857142857,717.4285714285714,712.7142857142857,-4.714285714285714,0.012084911119022854,0.006571087216248597,"{""mlp.down_proj"": 1669.0, ""mlp.gate_proj"": 327.0, ""mlp.up_proj"": 1319.0, ""self_attn.k_proj"": 91.0, ""self_attn.o_proj"": 891.0, ""self_attn.q_proj"": 123.0, ""self_attn.v_proj"": 602.0}","{""mlp.down_proj"": 1661.0, ""mlp.gate_proj"": 320.0, ""mlp.up_proj"": 1309.0, ""self_attn.k_proj"": 89.0, ""self_attn.o_proj"": 890.0, ""self_attn.q_proj"": 120.0, ""self_attn.v_proj"": 600.0}","{""mlp.down_proj"": -8.0, ""mlp.gate_proj"": -7.0, ""mlp.up_proj"": -10.0, ""self_attn.k_proj"": -2.0, ""self_attn.o_proj"": -1.0, ""self_attn.q_proj"": -3.0, ""self_attn.v_proj"": -2.0}","{""mlp.down_proj"": 0.004793289394847214, ""mlp.gate_proj"": 0.021406727828746176, ""mlp.up_proj"": 0.0075815011372251705, ""self_attn.k_proj"": 0.02197802197802198, ""self_attn.o_proj"": 0.001122334455667789, ""self_attn.q_proj"": 0.024390243902439025, ""self_attn.v_proj"": 0.0033222591362126247}",-0.004439688728483059,-0.8857142857142852,243.28571428571433,False,True
llama,offkd,40,E_ood,E_mmluPro,0.1,14,5,equal5_non_qk,True,"mlp.down_proj,mlp.gate_proj,mlp.up_proj,self_attn.o_proj,self_attn.v_proj","self_attn.q_proj,self_attn.k_proj",625.8,630.6,625.8,-4.8,0.012416365945939398,0.007611798287345493,"{""mlp.down_proj"": 1213.0, ""mlp.gate_proj"": 83.0, ""mlp.up_proj"": 825.0, ""self_attn.o_proj"": 586.0, ""self_attn.v_proj"": 446.0}","{""mlp.down_proj"": 1205.0, ""mlp.gate_proj"": 80.0, ""mlp.up_proj"": 816.0, ""self_attn.o_proj"": 585.0, ""self_attn.v_proj"": 443.0}","{""mlp.down_proj"": -8.0, ""mlp.gate_proj"": -3.0, ""mlp.up_proj"": -9.0, ""self_attn.o_proj"": -1.0, ""self_attn.v_proj"": -3.0}","{""mlp.down_proj"": 0.006595218466611707, ""mlp.gate_proj"": 0.03614457831325301, ""mlp.up_proj"": 0.01090909090909091, ""self_attn.o_proj"": 0.0017064846416382253, ""self_attn.v_proj"": 0.006726457399103139}",0.004423565067124215,0.007992800878815183,7,equal7,True,"mlp.down_proj,mlp.gate_proj,mlp.up_proj,self_attn.k_proj,self_attn.o_proj,self_attn.q_proj,self_attn.v_proj",,458.2857142857143,461.85714285714283,458.2857142857143,-3.5714285714285716,0.01235315337601943,0.00773275595422205,"{""mlp.down_proj"": 1213.0, ""mlp.gate_proj"": 83.0, ""mlp.up_proj"": 825.0, ""self_attn.k_proj"": 39.0, ""self_attn.o_proj"": 586.0, ""self_attn.q_proj"": 41.0, ""self_attn.v_proj"": 446.0}","{""mlp.down_proj"": 1205.0, ""mlp.gate_proj"": 80.0, ""mlp.up_proj"": 816.0, ""self_attn.k_proj"": 39.0, ""self_attn.o_proj"": 585.0, ""self_attn.q_proj"": 40.0, ""self_attn.v_proj"": 443.0}","{""mlp.down_proj"": -8.0, ""mlp.gate_proj"": -3.0, ""mlp.up_proj"": -9.0, ""self_attn.k_proj"": 0.0, ""self_attn.o_proj"": -1.0, ""self_attn.q_proj"": -1.0, ""self_attn.v_proj"": -3.0}","{""mlp.down_proj"": 0.006595218466611707, ""mlp.gate_proj"": 0.03614457831325301, ""mlp.up_proj"": 0.01090909090909091, ""self_attn.k_proj"": 0.0, ""self_attn.o_proj"": 0.0017064846416382253, ""self_attn.q_proj"": 0.024390243902439025, ""self_attn.v_proj"": 0.006726457399103139}",6.321256991996885e-05,-1.2285714285714282,167.51428571428568,False,True
llama,offkd,80,E_general,E_general,0.01,14,5,equal5_non_qk,True,"mlp.down_proj,mlp.gate_proj,mlp.up_proj,self_attn.o_proj,self_attn.v_proj","self_attn.q_proj,self_attn.k_proj",1736.4,1737.8,1736.4,-1.4,0.0007610355396744629,0.0008056162964667186,"{""mlp.down_proj"": 2529.0, ""mlp.gate_proj"": 1399.0, ""mlp.up_proj"": 2314.0, ""self_attn.o_proj"": 1584.0, ""self_attn.v_proj"": 863.0}","{""mlp.down_proj"": 2527.0, ""mlp.gate_proj"": 1392.0, ""mlp.up_proj"": 2313.0, ""self_attn.o_proj"": 1586.0, ""self_attn.v_proj"": 864.0}","{""mlp.down_proj"": -2.0, ""mlp.gate_proj"": -7.0, ""mlp.up_proj"": -1.0, ""self_attn.o_proj"": 2.0, ""self_attn.v_proj"": 1.0}","{""mlp.down_proj"": 0.0007908264136022143, ""mlp.gate_proj"": 0.005003573981415297, ""mlp.up_proj"": 0.000432152117545376, ""self_attn.o_proj"": -0.0012626262626262627, ""self_attn.v_proj"": -0.0011587485515643105}",0.0007610355396744629,0.0,7,equal7,True,"mlp.down_proj,mlp.gate_proj,mlp.up_proj,self_attn.k_proj,self_attn.o_proj,self_attn.q_proj,self_attn.v_proj",,1391.0,1393.7142857142858,1391.0,-2.7142857142857144,0.0038934454240174042,0.0019475194751947984,"{""mlp.down_proj"": 2529.0, ""mlp.gate_proj"": 1399.0, ""mlp.up_proj"": 2314.0, ""self_attn.k_proj"": 375.0, ""self_attn.o_proj"": 1584.0, ""self_attn.q_proj"": 692.0, ""self_attn.v_proj"": 863.0}","{""mlp.down_proj"": 2527.0, ""mlp.gate_proj"": 1392.0, ""mlp.up_proj"": 2313.0, ""self_attn.k_proj"": 370.0, ""self_attn.o_proj"": 1586.0, ""self_attn.q_proj"": 685.0, ""self_attn.v_proj"": 864.0}","{""mlp.down_proj"": -2.0, ""mlp.gate_proj"": -7.0, ""mlp.up_proj"": -1.0, ""self_attn.k_proj"": -5.0, ""self_attn.o_proj"": 2.0, ""self_attn.q_proj"": -7.0, ""self_attn.v_proj"": 1.0}","{""mlp.down_proj"": 0.0007908264136022143, ""mlp.gate_proj"": 0.005003573981415297, ""mlp.up_proj"": 0.000432152117545376, ""self_attn.k_proj"": 0.013333333333333334, ""self_attn.o_proj"": -0.0012626262626262627, ""self_attn.q_proj"": 0.010115606936416185, ""self_attn.v_proj"": -0.0011587485515643105}",-0.0031324098843429414,1.3142857142857145,345.4000000000001,False,True
llama,offkd,80,E_general,E_general,0.025,14,5,equal5_non_qk,True,"mlp.down_proj,mlp.gate_proj,mlp.up_proj,self_attn.o_proj,self_attn.v_proj","self_attn.q_proj,self_attn.k_proj",1356.6,1358.4,1356.6,-1.8,0.0017939248214330795,0.0013250883392227487,"{""mlp.down_proj"": 2167.0, ""mlp.gate_proj"": 784.0, ""mlp.up_proj"": 1852.0, ""self_attn.o_proj"": 1238.0, ""self_attn.v_proj"": 751.0}","{""mlp.down_proj"": 2164.0, ""mlp.gate_proj"": 777.0, ""mlp.up_proj"": 1850.0, ""self_attn.o_proj"": 1241.0, ""self_attn.v_proj"": 751.0}","{""mlp.down_proj"": -3.0, ""mlp.gate_proj"": -7.0, ""mlp.up_proj"": -2.0, ""self_attn.o_proj"": 3.0, ""self_attn.v_proj"": 0.0}","{""mlp.down_proj"": 0.0013844023996308261, ""mlp.gate_proj"": 0.008928571428571428, ""mlp.up_proj"": 0.0010799136069114472, ""self_attn.o_proj"": -0.0024232633279483036, ""self_attn.v_proj"": 0.0}",0.0017939248214330795,0.0,7,equal7,True,"mlp.down_proj,mlp.gate_proj,mlp.up_proj,self_attn.k_proj,self_attn.o_proj,self_attn.q_proj,self_attn.v_proj",,1048.142857142857,1050.7142857142858,1048.142857142857,-2.5714285714285716,0.006011794697211646,0.002447314751869569,"{""mlp.down_proj"": 2167.0, ""mlp.gate_proj"": 784.0, ""mlp.up_proj"": 1852.0, ""self_attn.k_proj"": 212.0, ""self_attn.o_proj"": 1238.0, ""self_attn.q_proj"": 351.0, ""self_attn.v_proj"": 751.0}","{""mlp.down_proj"": 2164.0, ""mlp.gate_proj"": 777.0, ""mlp.up_proj"": 1850.0, ""self_attn.k_proj"": 208.0, ""self_attn.o_proj"": 1241.0, ""self_attn.q_proj"": 346.0, ""self_attn.v_proj"": 751.0}","{""mlp.down_proj"": -3.0, ""mlp.gate_proj"": -7.0, ""mlp.up_proj"": -2.0, ""self_attn.k_proj"": -4.0, ""self_attn.o_proj"": 3.0, ""self_attn.q_proj"": -5.0, ""self_attn.v_proj"": 0.0}","{""mlp.down_proj"": 0.0013844023996308261, ""mlp.gate_proj"": 0.008928571428571428, ""mlp.up_proj"": 0.0010799136069114472, ""self_attn.k_proj"": 0.018867924528301886, ""self_attn.o_proj"": -0.0024232633279483036, ""self_attn.q_proj"": 0.014245014245014245, ""self_attn.v_proj"": 0.0}",-0.004217869875778567,0.7714285714285716,308.4571428571428,False,True
llama,offkd,80,E_general,E_general,0.05,14,5,equal5_non_qk,True,"mlp.down_proj,mlp.gate_proj,mlp.up_proj,self_attn.o_proj,self_attn.v_proj","self_attn.q_proj,self_attn.k_proj",1031.6,1033.4,1031.6,-1.8,0.0033591760319593078,0.0017418231081867445,"{""mlp.down_proj"": 1802.0, ""mlp.gate_proj"": 368.0, ""mlp.up_proj"": 1412.0, ""self_attn.o_proj"": 954.0, ""self_attn.v_proj"": 631.0}","{""mlp.down_proj"": 1798.0, ""mlp.gate_proj"": 362.0, ""mlp.up_proj"": 1410.0, ""self_attn.o_proj"": 957.0, ""self_attn.v_proj"": 631.0}","{""mlp.down_proj"": -4.0, ""mlp.gate_proj"": -6.0, ""mlp.up_proj"": -2.0, ""self_attn.o_proj"": 3.0, ""self_attn.v_proj"": 0.0}","{""mlp.down_proj"": 0.0022197558268590455, ""mlp.gate_proj"": 0.016304347826086956, ""mlp.up_proj"": 0.00141643059490085, ""self_attn.o_proj"": -0.0031446540880503146, ""self_attn.v_proj"": 0.0}",0.0033591760319593078,0.0,7,equal7,True,"mlp.down_proj,mlp.gate_proj,mlp.up_proj,self_attn.k_proj,self_attn.o_proj,self_attn.q_proj,self_attn.v_proj",,774.2857142857143,776.2857142857143,774.2857142857143,-2.0,0.007720666772654826,0.0025763709974236286,"{""mlp.down_proj"": 1802.0, ""mlp.gate_proj"": 368.0, ""mlp.up_proj"": 1412.0, ""self_attn.k_proj"": 111.0, ""self_attn.o_proj"": 954.0, ""self_attn.q_proj"": 156.0, ""self_attn.v_proj"": 631.0}","{""mlp.down_proj"": 1798.0, ""mlp.gate_proj"": 362.0, ""mlp.up_proj"": 1410.0, ""self_attn.k_proj"": 109.0, ""self_attn.o_proj"": 957.0, ""self_attn.q_proj"": 153.0, ""self_attn.v_proj"": 631.0}","{""mlp.down_proj"": -4.0, ""mlp.gate_proj"": -6.0, ""mlp.up_proj"": -2.0, ""self_attn.k_proj"": -2.0, ""self_attn.o_proj"": 3.0, ""self_attn.q_proj"": -3.0, ""self_attn.v_proj"": 0.0}","{""mlp.down_proj"": 0.0022197558268590455, ""mlp.gate_proj"": 0.016304347826086956, ""mlp.up_proj"": 0.00141643059490085, ""self_attn.k_proj"": 0.018018018018018018, ""self_attn.o_proj"": -0.0031446540880503146, ""self_attn.q_proj"": 0.019230769230769232, ""self_attn.v_proj"": 0.0}",-0.004361490740695518,0.19999999999999996,257.3142857142856,False,True
llama,offkd,80,E_general,E_general,0.1,14,5,equal5_non_qk,True,"mlp.down_proj,mlp.gate_proj,mlp.up_proj,self_attn.o_proj,self_attn.v_proj","self_attn.q_proj,self_attn.k_proj",703.2,704.6,703.2,-1.4,0.006413760686794476,0.0019869429463525083,"{""mlp.down_proj"": 1362.0, ""mlp.gate_proj"": 100.0, ""mlp.up_proj"": 923.0, ""self_attn.o_proj"": 659.0, ""self_attn.v_proj"": 479.0}","{""mlp.down_proj"": 1358.0, ""mlp.gate_proj"": 97.0, ""mlp.up_proj"": 921.0, ""self_attn.o_proj"": 661.0, ""self_attn.v_proj"": 479.0}","{""mlp.down_proj"": -4.0, ""mlp.gate_proj"": -3.0, ""mlp.up_proj"": -2.0, ""self_attn.o_proj"": 2.0, ""self_attn.v_proj"": 0.0}","{""mlp.down_proj"": 0.002936857562408223, ""mlp.gate_proj"": 0.03, ""mlp.up_proj"": 0.0021668472372697724, ""self_attn.o_proj"": -0.0030349013657056147, ""self_attn.v_proj"": 0.0}",0.006413760686794476,0.0,7,equal7,True,"mlp.down_proj,mlp.gate_proj,mlp.up_proj,self_attn.k_proj,self_attn.o_proj,self_attn.q_proj,self_attn.v_proj",,516.1428571428571,517.2857142857143,516.1428571428571,-1.1428571428571428,0.007438400490567483,0.002209334438000709,"{""mlp.down_proj"": 1362.0, ""mlp.gate_proj"": 100.0, ""mlp.up_proj"": 923.0, ""self_attn.k_proj"": 48.0, ""self_attn.o_proj"": 659.0, ""self_attn.q_proj"": 50.0, ""self_attn.v_proj"": 479.0}","{""mlp.down_proj"": 1358.0, ""mlp.gate_proj"": 97.0, ""mlp.up_proj"": 921.0, ""self_attn.k_proj"": 48.0, ""self_attn.o_proj"": 661.0, ""self_attn.q_proj"": 49.0, ""self_attn.v_proj"": 479.0}","{""mlp.down_proj"": -4.0, ""mlp.gate_proj"": -3.0, ""mlp.up_proj"": -2.0, ""self_attn.k_proj"": 0.0, ""self_attn.o_proj"": 2.0, ""self_attn.q_proj"": -1.0, ""self_attn.v_proj"": 0.0}","{""mlp.down_proj"": 0.002936857562408223, ""mlp.gate_proj"": 0.03, ""mlp.up_proj"": 0.0021668472372697724, ""self_attn.k_proj"": 0.0, ""self_attn.o_proj"": -0.0030349013657056147, ""self_attn.q_proj"": 0.02, ""self_attn.v_proj"": 0.0}",-0.0010246398037730073,-0.2571428571428571,187.05714285714294,False,True
llama,offkd,80,E_if,E_ifeval,0.01,14,5,equal5_non_qk,True,"mlp.down_proj,mlp.gate_proj,mlp.up_proj,self_attn.o_proj,self_attn.v_proj","self_attn.q_proj,self_attn.k_proj",1642.4,1652.8,1642.4,-10.4,0.006251248270669178,0.006292352371732735,"{""mlp.down_proj"": 2435.0, ""mlp.gate_proj"": 1309.0, ""mlp.up_proj"": 2178.0, ""self_attn.o_proj"": 1511.0, ""self_attn.v_proj"": 831.0}","{""mlp.down_proj"": 2421.0, ""mlp.gate_proj"": 1285.0, ""mlp.up_proj"": 2165.0, ""self_attn.o_proj"": 1511.0, ""self_attn.v_proj"": 830.0}","{""mlp.down_proj"": -14.0, ""mlp.gate_proj"": -24.0, ""mlp.up_proj"": -13.0, ""self_attn.o_proj"": 0.0, ""self_attn.v_proj"": -1.0}","{""mlp.down_proj"": 0.005749486652977412, ""mlp.gate_proj"": 0.01833460656990069, ""mlp.up_proj"": 0.005968778696051423, ""self_attn.o_proj"": 0.0, ""self_attn.v_proj"": 0.0012033694344163659}",0.0007610355396744629,0.005490212730994716,7,equal7,True,"mlp.down_proj,mlp.gate_proj,mlp.up_proj,self_attn.k_proj,self_attn.o_proj,self_attn.q_proj,self_attn.v_proj",,1309.857142857143,1319.857142857143,1309.857142857143,-10.0,0.009670737821255862,0.007576577551683082,"{""mlp.down_proj"": 2435.0, ""mlp.gate_proj"": 1309.0, ""mlp.up_proj"": 2178.0, ""self_attn.k_proj"": 345.0, ""self_attn.o_proj"": 1511.0, ""self_attn.q_proj"": 630.0, ""self_attn.v_proj"": 831.0}","{""mlp.down_proj"": 2421.0, ""mlp.gate_proj"": 1285.0, ""mlp.up_proj"": 2165.0, ""self_attn.k_proj"": 339.0, ""self_attn.o_proj"": 1511.0, ""self_attn.q_proj"": 618.0, ""self_attn.v_proj"": 830.0}","{""mlp.down_proj"": -14.0, ""mlp.gate_proj"": -24.0, ""mlp.up_proj"": -13.0, ""self_attn.k_proj"": -6.0, ""self_attn.o_proj"": 0.0, ""self_attn.q_proj"": -12.0, ""self_attn.v_proj"": -1.0}","{""mlp.down_proj"": 0.005749486652977412, ""mlp.gate_proj"": 0.01833460656990069, ""mlp.up_proj"": 0.005968778696051423, ""self_attn.k_proj"": 0.017391304347826087, ""self_attn.o_proj"": 0.0, ""self_attn.q_proj"": 0.01904761904761905, ""self_attn.v_proj"": 0.0012033694344163659}",-0.0034194895505866843,-0.40000000000000036,332.5428571428572,False,True
llama,offkd,80,E_if,E_ifeval,0.025,14,5,equal5_non_qk,True,"mlp.down_proj,mlp.gate_proj,mlp.up_proj,self_attn.o_proj,self_attn.v_proj","self_attn.q_proj,self_attn.k_proj",1242.2,1254.0,1242.2,-11.8,0.0105620810513659,0.009409888357256741,"{""mlp.down_proj"": 2031.0, ""mlp.gate_proj"": 709.0, ""mlp.up_proj"": 1670.0, ""self_attn.o_proj"": 1157.0, ""self_attn.v_proj"": 703.0}","{""mlp.down_proj"": 2012.0, ""mlp.gate_proj"": 687.0, ""mlp.up_proj"": 1654.0, ""self_attn.o_proj"": 1157.0, ""self_attn.v_proj"": 701.0}","{""mlp.down_proj"": -19.0, ""mlp.gate_proj"": -22.0, ""mlp.up_proj"": -16.0, ""self_attn.o_proj"": 0.0, ""self_attn.v_proj"": -2.0}","{""mlp.down_proj"": 0.009354997538158542, ""mlp.gate_proj"": 0.031029619181946404, ""mlp.up_proj"": 0.009580838323353293, ""self_attn.o_proj"": 0.0, ""self_attn.v_proj"": 0.002844950213371266}",0.0017939248214330795,0.00876815622993282,7,equal7,True,"mlp.down_proj,mlp.gate_proj,mlp.up_proj,self_attn.k_proj,self_attn.o_proj,self_attn.q_proj,self_attn.v_proj",,956.5714285714286,966.7142857142857,956.5714285714286,-10.142857142857142,0.014282424091292973,0.010492093985517922,"{""mlp.down_proj"": 2031.0, ""mlp.gate_proj"": 709.0, ""mlp.up_proj"": 1670.0, ""self_attn.k_proj"": 188.0, ""self_attn.o_proj"": 1157.0, ""self_attn.q_proj"": 309.0, ""self_attn.v_proj"": 703.0}","{""mlp.down_proj"": 2012.0, ""mlp.gate_proj"": 687.0, ""mlp.up_proj"": 1654.0, ""self_attn.k_proj"": 184.0, ""self_attn.o_proj"": 1157.0, ""self_attn.q_proj"": 301.0, ""self_attn.v_proj"": 701.0}","{""mlp.down_proj"": -19.0, ""mlp.gate_proj"": -22.0, ""mlp.up_proj"": -16.0, ""self_attn.k_proj"": -4.0, ""self_attn.o_proj"": 0.0, ""self_attn.q_proj"": -8.0, ""self_attn.v_proj"": -2.0}","{""mlp.down_proj"": 0.009354997538158542, ""mlp.gate_proj"": 0.031029619181946404, ""mlp.up_proj"": 0.009580838323353293, ""self_attn.k_proj"": 0.02127659574468085, ""self_attn.o_proj"": 0.0, ""self_attn.q_proj"": 0.025889967637540454, ""self_attn.v_proj"": 0.002844950213371266}",-0.003720343039927073,-1.6571428571428584,285.6285714285715,False,True
llama,offkd,80,E_if,E_ifeval,0.05,14,5,equal5_non_qk,True,"mlp.down_proj,mlp.gate_proj,mlp.up_proj,self_attn.o_proj,self_attn.v_proj","self_attn.q_proj,self_attn.k_proj",909.8,921.2,909.8,-11.4,0.015817975121242122,0.01237516283108998,"{""mlp.down_proj"": 1632.0, ""mlp.gate_proj"": 328.0, ""mlp.up_proj"": 1207.0, ""self_attn.o_proj"": 868.0, ""self_attn.v_proj"": 571.0}","{""mlp.down_proj"": 1611.0, ""mlp.gate_proj"": 313.0, ""mlp.up_proj"": 1190.0, ""self_attn.o_proj"": 867.0, ""self_attn.v_proj"": 568.0}","{""mlp.down_proj"": -21.0, ""mlp.gate_proj"": -15.0, ""mlp.up_proj"": -17.0, ""self_attn.o_proj"": -1.0, ""self_attn.v_proj"": -3.0}","{""mlp.down_proj"": 0.012867647058823529, ""mlp.gate_proj"": 0.04573170731707317, ""mlp.up_proj"": 0.014084507042253521, ""self_attn.o_proj"": 0.001152073732718894, ""self_attn.v_proj"": 0.005253940455341506}",0.0033591760319593078,0.012458799089282813,7,equal7,True,"mlp.down_proj,mlp.gate_proj,mlp.up_proj,self_attn.k_proj,self_attn.o_proj,self_attn.q_proj,self_attn.v_proj",,682.1428571428571,691.2857142857143,682.1428571428571,-9.142857142857142,0.01990453573339992,0.013225873114279927,"{""mlp.down_proj"": 1632.0, ""mlp.gate_proj"": 328.0, ""mlp.up_proj"": 1207.0, ""self_attn.k_proj"": 98.0, ""self_attn.o_proj"": 868.0, ""self_attn.q_proj"": 135.0, ""self_attn.v_proj"": 571.0}","{""mlp.down_proj"": 1611.0, ""mlp.gate_proj"": 313.0, ""mlp.up_proj"": 1190.0, ""self_attn.k_proj"": 95.0, ""self_attn.o_proj"": 867.0, ""self_attn.q_proj"": 131.0, ""self_attn.v_proj"": 568.0}","{""mlp.down_proj"": -21.0, ""mlp.gate_proj"": -15.0, ""mlp.up_proj"": -17.0, ""self_attn.k_proj"": -3.0, ""self_attn.o_proj"": -1.0, ""self_attn.q_proj"": -4.0, ""self_attn.v_proj"": -3.0}","{""mlp.down_proj"": 0.012867647058823529, ""mlp.gate_proj"": 0.04573170731707317, ""mlp.up_proj"": 0.014084507042253521, ""self_attn.k_proj"": 0.030612244897959183, ""self_attn.o_proj"": 0.001152073732718894, ""self_attn.q_proj"": 0.02962962962962963, ""self_attn.v_proj"": 0.005253940455341506}",-0.0040865606121578,-2.257142857142858,227.65714285714284,False,True
llama,offkd,80,E_if,E_ifeval,0.1,14,5,equal5_non_qk,True,"mlp.down_proj,mlp.gate_proj,mlp.up_proj,self_attn.o_proj,self_attn.v_proj","self_attn.q_proj,self_attn.k_proj",583.4,592.8,583.4,-9.4,0.022108402415563434,0.015856950067476346,"{""mlp.down_proj"": 1166.0, ""mlp.gate_proj"": 96.0, ""mlp.up_proj"": 722.0, ""self_attn.o_proj"": 572.0, ""self_attn.v_proj"": 408.0}","{""mlp.down_proj"": 1144.0, ""mlp.gate_proj"": 90.0, ""mlp.up_proj"": 707.0, ""self_attn.o_proj"": 570.0, ""self_attn.v_proj"": 406.0}","{""mlp.down_proj"": -22.0, ""mlp.gate_proj"": -6.0, ""mlp.up_proj"": -15.0, ""self_attn.o_proj"": -2.0, ""self_attn.v_proj"": -2.0}","{""mlp.down_proj"": 0.018867924528301886, ""mlp.gate_proj"": 0.0625, ""mlp.up_proj"": 0.02077562326869806, ""self_attn.o_proj"": 0.0034965034965034965, ""self_attn.v_proj"": 0.004901960784313725}",0.006413760686794476,0.015694641728768957,7,equal7,True,"mlp.down_proj,mlp.gate_proj,mlp.up_proj,self_attn.k_proj,self_attn.o_proj,self_attn.q_proj,self_attn.v_proj",,428.85714285714283,435.7142857142857,428.85714285714283,-6.857142857142857,0.019038469257869985,0.01573770491803286,"{""mlp.down_proj"": 1166.0, ""mlp.gate_proj"": 96.0, ""mlp.up_proj"": 722.0, ""self_attn.k_proj"": 42.0, ""self_attn.o_proj"": 572.0, ""self_attn.q_proj"": 44.0, ""self_attn.v_proj"": 408.0}","{""mlp.down_proj"": 1144.0, ""mlp.gate_proj"": 90.0, ""mlp.up_proj"": 707.0, ""self_attn.k_proj"": 42.0, ""self_attn.o_proj"": 570.0, ""self_attn.q_proj"": 43.0, ""self_attn.v_proj"": 406.0}","{""mlp.down_proj"": -22.0, ""mlp.gate_proj"": -6.0, ""mlp.up_proj"": -15.0, ""self_attn.k_proj"": 0.0, ""self_attn.o_proj"": -2.0, ""self_attn.q_proj"": -1.0, ""self_attn.v_proj"": -2.0}","{""mlp.down_proj"": 0.018867924528301886, ""mlp.gate_proj"": 0.0625, ""mlp.up_proj"": 0.02077562326869806, ""self_attn.k_proj"": 0.0, ""self_attn.o_proj"": 0.0034965034965034965, ""self_attn.q_proj"": 0.022727272727272728, ""self_attn.v_proj"": 0.004901960784313725}",0.003069933157693449,-2.5428571428571436,154.54285714285714,False,True
llama,offkd,80,E_math,E_mathHeld,0.01,14,5,equal5_non_qk,True,"mlp.down_proj,mlp.gate_proj,mlp.up_proj,self_attn.o_proj,self_attn.v_proj","self_attn.q_proj,self_attn.k_proj",847.0,851.6,847.0,-4.6,0.005979442582551599,0.005401596993893873,"{""mlp.down_proj"": 1162.0, ""mlp.gate_proj"": 587.0, ""mlp.up_proj"": 1022.0, ""self_attn.o_proj"": 828.0, ""self_attn.v_proj"": 659.0}","{""mlp.down_proj"": 1155.0, ""mlp.gate_proj"": 576.0, ""mlp.up_proj"": 1014.0, ""self_attn.o_proj"": 834.0, ""self_attn.v_proj"": 656.0}","{""mlp.down_proj"": -7.0, ""mlp.gate_proj"": -11.0, ""mlp.up_proj"": -8.0, ""self_attn.o_proj"": 6.0, ""self_attn.v_proj"": -3.0}","{""mlp.down_proj"": 0.006024096385542169, ""mlp.gate_proj"": 0.018739352640545145, ""mlp.up_proj"": 0.007827788649706457, ""self_attn.o_proj"": -0.007246376811594203, ""self_attn.v_proj"": 0.004552352048558422}",0.0007610355396744629,0.005218407042877135,7,equal7,True,"mlp.down_proj,mlp.gate_proj,mlp.up_proj,self_attn.k_proj,self_attn.o_proj,self_attn.q_proj,self_attn.v_proj",,696.8571428571429,701.7142857142857,696.8571428571429,-4.857142857142857,0.009001307383896557,0.006921824104234413,"{""mlp.down_proj"": 1162.0, ""mlp.gate_proj"": 587.0, ""mlp.up_proj"": 1022.0, ""self_attn.k_proj"": 263.0, ""self_attn.o_proj"": 828.0, ""self_attn.q_proj"": 391.0, ""self_attn.v_proj"": 659.0}","{""mlp.down_proj"": 1155.0, ""mlp.gate_proj"": 576.0, ""mlp.up_proj"": 1014.0, ""self_attn.k_proj"": 259.0, ""self_attn.o_proj"": 834.0, ""self_attn.q_proj"": 384.0, ""self_attn.v_proj"": 656.0}","{""mlp.down_proj"": -7.0, ""mlp.gate_proj"": -11.0, ""mlp.up_proj"": -8.0, ""self_attn.k_proj"": -4.0, ""self_attn.o_proj"": 6.0, ""self_attn.q_proj"": -7.0, ""self_attn.v_proj"": -3.0}","{""mlp.down_proj"": 0.006024096385542169, ""mlp.gate_proj"": 0.018739352640545145, ""mlp.up_proj"": 0.007827788649706457, ""self_attn.k_proj"": 0.015209125475285171, ""self_attn.o_proj"": -0.007246376811594203, ""self_attn.q_proj"": 0.017902813299232736, ""self_attn.v_proj"": 0.004552352048558422}",-0.0030218648013449582,0.2571428571428571,150.1428571428571,False,True
llama,offkd,80,E_math,E_mathHeld,0.025,14,5,equal5_non_qk,True,"mlp.down_proj,mlp.gate_proj,mlp.up_proj,self_attn.o_proj,self_attn.v_proj","self_attn.q_proj,self_attn.k_proj",617.6,621.6,617.6,-4.0,0.0079437095104084,0.006435006435006435,"{""mlp.down_proj"": 912.0, ""mlp.gate_proj"": 322.0, ""mlp.up_proj"": 751.0, ""self_attn.o_proj"": 607.0, ""self_attn.v_proj"": 516.0}","{""mlp.down_proj"": 904.0, ""mlp.gate_proj"": 313.0, ""mlp.up_proj"": 743.0, ""self_attn.o_proj"": 614.0, ""self_attn.v_proj"": 514.0}","{""mlp.down_proj"": -8.0, ""mlp.gate_proj"": -9.0, ""mlp.up_proj"": -8.0, ""self_attn.o_proj"": 7.0, ""self_attn.v_proj"": -2.0}","{""mlp.down_proj"": 0.008771929824561403, ""mlp.gate_proj"": 0.027950310559006212, ""mlp.up_proj"": 0.010652463382157125, ""self_attn.o_proj"": -0.011532125205930808, ""self_attn.v_proj"": 0.003875968992248062}",0.0017939248214330795,0.0061497846889753205,7,equal7,True,"mlp.down_proj,mlp.gate_proj,mlp.up_proj,self_attn.k_proj,self_attn.o_proj,self_attn.q_proj,self_attn.v_proj",,491.2857142857143,495.14285714285717,491.2857142857143,-3.857142857142857,0.011012906060548123,0.007789959607616914,"{""mlp.down_proj"": 912.0, ""mlp.gate_proj"": 322.0, ""mlp.up_proj"": 751.0, ""self_attn.k_proj"": 150.0, ""self_attn.o_proj"": 607.0, ""self_attn.q_proj"": 208.0, ""self_attn.v_proj"": 516.0}","{""mlp.down_proj"": 904.0, ""mlp.gate_proj"": 313.0, ""mlp.up_proj"": 743.0, ""self_attn.k_proj"": 148.0, ""self_attn.o_proj"": 614.0, ""self_attn.q_proj"": 203.0, ""self_attn.v_proj"": 514.0}","{""mlp.down_proj"": -8.0, ""mlp.gate_proj"": -9.0, ""mlp.up_proj"": -8.0, ""self_attn.k_proj"": -2.0, ""self_attn.o_proj"": 7.0, ""self_attn.q_proj"": -5.0, ""self_attn.v_proj"": -2.0}","{""mlp.down_proj"": 0.008771929824561403, ""mlp.gate_proj"": 0.027950310559006212, ""mlp.up_proj"": 0.010652463382157125, ""self_attn.k_proj"": 0.013333333333333334, ""self_attn.o_proj"": -0.011532125205930808, ""self_attn.q_proj"": 0.02403846153846154, ""self_attn.v_proj"": 0.003875968992248062}",-0.0030691965501397234,-0.1428571428571428,126.31428571428575,False,True
llama,offkd,80,E_math,E_mathHeld,0.05,14,5,equal5_non_qk,True,"mlp.down_proj,mlp.gate_proj,mlp.up_proj,self_attn.o_proj,self_attn.v_proj","self_attn.q_proj,self_attn.k_proj",442.6,446.2,442.6,-3.6,0.012180650719787635,0.008068130883012026,"{""mlp.down_proj"": 701.0, ""mlp.gate_proj"": 158.0, ""mlp.up_proj"": 534.0, ""self_attn.o_proj"": 441.0, ""self_attn.v_proj"": 397.0}","{""mlp.down_proj"": 693.0, ""mlp.gate_proj"": 151.0, ""mlp.up_proj"": 528.0, ""self_attn.o_proj"": 447.0, ""self_attn.v_proj"": 394.0}","{""mlp.down_proj"": -8.0, ""mlp.gate_proj"": -7.0, ""mlp.up_proj"": -6.0, ""self_attn.o_proj"": 6.0, ""self_attn.v_proj"": -3.0}","{""mlp.down_proj"": 0.011412268188302425, ""mlp.gate_proj"": 0.04430379746835443, ""mlp.up_proj"": 0.011235955056179775, ""self_attn.o_proj"": -0.013605442176870748, ""self_attn.v_proj"": 0.007556675062972292}",0.0033591760319593078,0.008821474687828328,7,equal7,True,"mlp.down_proj,mlp.gate_proj,mlp.up_proj,self_attn.k_proj,self_attn.o_proj,self_attn.q_proj,self_attn.v_proj",,342.14285714285717,345.42857142857144,342.14285714285717,-3.2857142857142856,0.016262713000099287,0.0095119933829611,"{""mlp.down_proj"": 701.0, ""mlp.gate_proj"": 158.0, ""mlp.up_proj"": 534.0, ""self_attn.k_proj"": 84.0, ""self_attn.o_proj"": 441.0, ""self_attn.q_proj"": 103.0, ""self_attn.v_proj"": 397.0}","{""mlp.down_proj"": 693.0, ""mlp.gate_proj"": 151.0, ""mlp.up_proj"": 528.0, ""self_attn.k_proj"": 82.0, ""self_attn.o_proj"": 447.0, ""self_attn.q_proj"": 100.0, ""self_attn.v_proj"": 394.0}","{""mlp.down_proj"": -8.0, ""mlp.gate_proj"": -7.0, ""mlp.up_proj"": -6.0, ""self_attn.k_proj"": -2.0, ""self_attn.o_proj"": 6.0, ""self_attn.q_proj"": -3.0, ""self_attn.v_proj"": -3.0}","{""mlp.down_proj"": 0.011412268188302425, ""mlp.gate_proj"": 0.04430379746835443, ""mlp.up_proj"": 0.011235955056179775, ""self_attn.k_proj"": 0.023809523809523808, ""self_attn.o_proj"": -0.013605442176870748, ""self_attn.q_proj"": 0.02912621359223301, ""self_attn.v_proj"": 0.007556675062972292}",-0.0040820622803116515,-0.3142857142857145,100.45714285714286,False,True
llama,offkd,80,E_math,E_mathHeld,0.1,14,5,equal5_non_qk,True,"mlp.down_proj,mlp.gate_proj,mlp.up_proj,self_attn.o_proj,self_attn.v_proj","self_attn.q_proj,self_attn.k_proj",280.8,283.2,280.8,-2.4,0.016272985813358485,0.00847457627118636,"{""mlp.down_proj"": 483.0, ""mlp.gate_proj"": 49.0, ""mlp.up_proj"": 325.0, ""self_attn.o_proj"": 286.0, ""self_attn.v_proj"": 273.0}","{""mlp.down_proj"": 476.0, ""mlp.gate_proj"": 46.0, ""mlp.up_proj"": 321.0, ""self_attn.o_proj"": 290.0, ""self_attn.v_proj"": 271.0}","{""mlp.down_proj"": -7.0, ""mlp.gate_proj"": -3.0, ""mlp.up_proj"": -4.0, ""self_attn.o_proj"": 4.0, ""self_attn.v_proj"": -2.0}","{""mlp.down_proj"": 0.014492753623188406, ""mlp.gate_proj"": 0.061224489795918366, ""mlp.up_proj"": 0.012307692307692308, ""self_attn.o_proj"": -0.013986013986013986, ""self_attn.v_proj"": 0.007326007326007326}",0.006413760686794476,0.009859225126564009,7,equal7,True,"mlp.down_proj,mlp.gate_proj,mlp.up_proj,self_attn.k_proj,self_attn.o_proj,self_attn.q_proj,self_attn.v_proj",,211.42857142857142,213.14285714285714,211.42857142857142,-1.7142857142857142,0.01162356129525606,0.008042895442359288,"{""mlp.down_proj"": 483.0, ""mlp.gate_proj"": 49.0, ""mlp.up_proj"": 325.0, ""self_attn.k_proj"": 38.0, ""self_attn.o_proj"": 286.0, ""self_attn.q_proj"": 38.0, ""self_attn.v_proj"": 273.0}","{""mlp.down_proj"": 476.0, ""mlp.gate_proj"": 46.0, ""mlp.up_proj"": 321.0, ""self_attn.k_proj"": 38.0, ""self_attn.o_proj"": 290.0, ""self_attn.q_proj"": 38.0, ""self_attn.v_proj"": 271.0}","{""mlp.down_proj"": -7.0, ""mlp.gate_proj"": -3.0, ""mlp.up_proj"": -4.0, ""self_attn.k_proj"": 0.0, ""self_attn.o_proj"": 4.0, ""self_attn.q_proj"": 0.0, ""self_attn.v_proj"": -2.0}","{""mlp.down_proj"": 0.014492753623188406, ""mlp.gate_proj"": 0.061224489795918366, ""mlp.up_proj"": 0.012307692307692308, ""self_attn.k_proj"": 0.0, ""self_attn.o_proj"": -0.013986013986013986, ""self_attn.q_proj"": 0.0, ""self_attn.v_proj"": 0.007326007326007326}",0.004649424518102425,-0.6857142857142857,69.3714285714286,False,True
llama,offkd,80,E_ood,E_mmluPro,0.01,14,5,equal5_non_qk,True,"mlp.down_proj,mlp.gate_proj,mlp.up_proj,self_attn.o_proj,self_attn.v_proj","self_attn.q_proj,self_attn.k_proj",1685.8,1694.2,1685.8,-8.4,0.005056793453843545,0.004958092314956966,"{""mlp.down_proj"": 2452.0, ""mlp.gate_proj"": 1352.0, ""mlp.up_proj"": 2263.0, ""self_attn.o_proj"": 1556.0, ""self_attn.v_proj"": 848.0}","{""mlp.down_proj"": 2444.0, ""mlp.gate_proj"": 1333.0, ""mlp.up_proj"": 2252.0, ""self_attn.o_proj"": 1553.0, ""self_attn.v_proj"": 847.0}","{""mlp.down_proj"": -8.0, ""mlp.gate_proj"": -19.0, ""mlp.up_proj"": -11.0, ""self_attn.o_proj"": -3.0, ""self_attn.v_proj"": -1.0}","{""mlp.down_proj"": 0.0032626427406199023, ""mlp.gate_proj"": 0.014053254437869823, ""mlp.up_proj"": 0.004860804242156429, ""self_attn.o_proj"": 0.0019280205655526992, ""self_attn.v_proj"": 0.0011792452830188679}",0.0007610355396744629,0.0042957579141690815,7,equal7,True,"mlp.down_proj,mlp.gate_proj,mlp.up_proj,self_attn.k_proj,self_attn.o_proj,self_attn.q_proj,self_attn.v_proj",,1335.2857142857142,1343.5714285714287,1335.2857142857142,-8.285714285714286,0.008765339522474646,0.006166932482722077,"{""mlp.down_proj"": 2452.0, ""mlp.gate_proj"": 1352.0, ""mlp.up_proj"": 2263.0, ""self_attn.k_proj"": 331.0, ""self_attn.o_proj"": 1556.0, ""self_attn.q_proj"": 603.0, ""self_attn.v_proj"": 848.0}","{""mlp.down_proj"": 2444.0, ""mlp.gate_proj"": 1333.0, ""mlp.up_proj"": 2252.0, ""self_attn.k_proj"": 324.0, ""self_attn.o_proj"": 1553.0, ""self_attn.q_proj"": 594.0, ""self_attn.v_proj"": 847.0}","{""mlp.down_proj"": -8.0, ""mlp.gate_proj"": -19.0, ""mlp.up_proj"": -11.0, ""self_attn.k_proj"": -7.0, ""self_attn.o_proj"": -3.0, ""self_attn.q_proj"": -9.0, ""self_attn.v_proj"": -1.0}","{""mlp.down_proj"": 0.0032626427406199023, ""mlp.gate_proj"": 0.014053254437869823, ""mlp.up_proj"": 0.004860804242156429, ""self_attn.k_proj"": 0.021148036253776436, ""self_attn.o_proj"": 0.0019280205655526992, ""self_attn.q_proj"": 0.014925373134328358, ""self_attn.v_proj"": 0.0011792452830188679}",-0.003708546068631101,-0.11428571428571388,350.51428571428573,False,True
llama,offkd,80,E_ood,E_mmluPro,0.025,14,5,equal5_non_qk,True,"mlp.down_proj,mlp.gate_proj,mlp.up_proj,self_attn.o_proj,self_attn.v_proj","self_attn.q_proj,self_attn.k_proj",1287.0,1296.6,1287.0,-9.6,0.008624453305812315,0.007403979639055923,"{""mlp.down_proj"": 2058.0, ""mlp.gate_proj"": 731.0, ""mlp.up_proj"": 1775.0, ""self_attn.o_proj"": 1191.0, ""self_attn.v_proj"": 728.0}","{""mlp.down_proj"": 2047.0, ""mlp.gate_proj"": 713.0, ""mlp.up_proj"": 1761.0, ""self_attn.o_proj"": 1188.0, ""self_attn.v_proj"": 726.0}","{""mlp.down_proj"": -11.0, ""mlp.gate_proj"": -18.0, ""mlp.up_proj"": -14.0, ""self_attn.o_proj"": -3.0, ""self_attn.v_proj"": -2.0}","{""mlp.down_proj"": 0.005344995140913508, ""mlp.gate_proj"": 0.024623803009575923, ""mlp.up_proj"": 0.007887323943661971, ""self_attn.o_proj"": 0.0025188916876574307, ""self_attn.v_proj"": 0.0027472527472527475}",0.0017939248214330795,0.006830528484379236,7,equal7,True,"mlp.down_proj,mlp.gate_proj,mlp.up_proj,self_attn.k_proj,self_attn.o_proj,self_attn.q_proj,self_attn.v_proj",,984.2857142857143,992.7142857142857,984.2857142857143,-8.428571428571429,0.013149355357549191,0.008490430277737706,"{""mlp.down_proj"": 2058.0, ""mlp.gate_proj"": 731.0, ""mlp.up_proj"": 1775.0, ""self_attn.k_proj"": 178.0, ""self_attn.o_proj"": 1191.0, ""self_attn.q_proj"": 288.0, ""self_attn.v_proj"": 728.0}","{""mlp.down_proj"": 2047.0, ""mlp.gate_proj"": 713.0, ""mlp.up_proj"": 1761.0, ""self_attn.k_proj"": 173.0, ""self_attn.o_proj"": 1188.0, ""self_attn.q_proj"": 282.0, ""self_attn.v_proj"": 726.0}","{""mlp.down_proj"": -11.0, ""mlp.gate_proj"": -18.0, ""mlp.up_proj"": -14.0, ""self_attn.k_proj"": -5.0, ""self_attn.o_proj"": -3.0, ""self_attn.q_proj"": -6.0, ""self_attn.v_proj"": -2.0}","{""mlp.down_proj"": 0.005344995140913508, ""mlp.gate_proj"": 0.024623803009575923, ""mlp.up_proj"": 0.007887323943661971, ""self_attn.k_proj"": 0.028089887640449437, ""self_attn.o_proj"": 0.0025188916876574307, ""self_attn.q_proj"": 0.020833333333333332, ""self_attn.v_proj"": 0.0027472527472527475}",-0.004524902051736876,-1.1714285714285708,302.71428571428567,False,True
llama,offkd,80,E_ood,E_mmluPro,0.05,14,5,equal5_non_qk,True,"mlp.down_proj,mlp.gate_proj,mlp.up_proj,self_attn.o_proj,self_attn.v_proj","self_attn.q_proj,self_attn.k_proj",952.6,961.6,952.6,-9.0,0.012690167327297257,0.009359400998336107,"{""mlp.down_proj"": 1669.0, ""mlp.gate_proj"": 327.0, ""mlp.up_proj"": 1319.0, ""self_attn.o_proj"": 891.0, ""self_attn.v_proj"": 602.0}","{""mlp.down_proj"": 1656.0, ""mlp.gate_proj"": 315.0, ""mlp.up_proj"": 1305.0, ""self_attn.o_proj"": 888.0, ""self_attn.v_proj"": 599.0}","{""mlp.down_proj"": -13.0, ""mlp.gate_proj"": -12.0, ""mlp.up_proj"": -14.0, ""self_attn.o_proj"": -3.0, ""self_attn.v_proj"": -3.0}","{""mlp.down_proj"": 0.007789095266626723, ""mlp.gate_proj"": 0.03669724770642202, ""mlp.up_proj"": 0.01061410159211524, ""self_attn.o_proj"": 0.003367003367003367, ""self_attn.v_proj"": 0.0049833887043189366}",0.0033591760319593078,0.009330991295337949,7,equal7,True,"mlp.down_proj,mlp.gate_proj,mlp.up_proj,self_attn.k_proj,self_attn.o_proj,self_attn.q_proj,self_attn.v_proj",,710.0,717.4285714285714,710.0,-7.428571428571429,0.018419742115253043,0.010354440461967367,"{""mlp.down_proj"": 1669.0, ""mlp.gate_proj"": 327.0, ""mlp.up_proj"": 1319.0, ""self_attn.k_proj"": 91.0, ""self_attn.o_proj"": 891.0, ""self_attn.q_proj"": 123.0, ""self_attn.v_proj"": 602.0}","{""mlp.down_proj"": 1656.0, ""mlp.gate_proj"": 315.0, ""mlp.up_proj"": 1305.0, ""self_attn.k_proj"": 88.0, ""self_attn.o_proj"": 888.0, ""self_attn.q_proj"": 119.0, ""self_attn.v_proj"": 599.0}","{""mlp.down_proj"": -13.0, ""mlp.gate_proj"": -12.0, ""mlp.up_proj"": -14.0, ""self_attn.k_proj"": -3.0, ""self_attn.o_proj"": -3.0, ""self_attn.q_proj"": -4.0, ""self_attn.v_proj"": -3.0}","{""mlp.down_proj"": 0.007789095266626723, ""mlp.gate_proj"": 0.03669724770642202, ""mlp.up_proj"": 0.01061410159211524, ""self_attn.k_proj"": 0.03296703296703297, ""self_attn.o_proj"": 0.003367003367003367, ""self_attn.q_proj"": 0.032520325203252036, ""self_attn.v_proj"": 0.0049833887043189366}",-0.005729574787955785,-1.5714285714285712,242.60000000000002,False,True
llama,offkd,80,E_ood,E_mmluPro,0.1,14,5,equal5_non_qk,True,"mlp.down_proj,mlp.gate_proj,mlp.up_proj,self_attn.o_proj,self_attn.v_proj","self_attn.q_proj,self_attn.k_proj",622.8,630.6,622.8,-7.8,0.020325647143990693,0.012369172216936359,"{""mlp.down_proj"": 1213.0, ""mlp.gate_proj"": 83.0, ""mlp.up_proj"": 825.0, ""self_attn.o_proj"": 586.0, ""self_attn.v_proj"": 446.0}","{""mlp.down_proj"": 1199.0, ""mlp.gate_proj"": 78.0, ""mlp.up_proj"": 812.0, ""self_attn.o_proj"": 583.0, ""self_attn.v_proj"": 442.0}","{""mlp.down_proj"": -14.0, ""mlp.gate_proj"": -5.0, ""mlp.up_proj"": -13.0, ""self_attn.o_proj"": -3.0, ""self_attn.v_proj"": -4.0}","{""mlp.down_proj"": 0.011541632316570486, ""mlp.gate_proj"": 0.060240963855421686, ""mlp.up_proj"": 0.01575757575757576, ""self_attn.o_proj"": 0.005119453924914676, ""self_attn.v_proj"": 0.008968609865470852}",0.006413760686794476,0.013911886457196217,7,equal7,True,"mlp.down_proj,mlp.gate_proj,mlp.up_proj,self_attn.k_proj,self_attn.o_proj,self_attn.q_proj,self_attn.v_proj",,456.14285714285717,461.85714285714283,456.14285714285717,-5.714285714285714,0.01800263994605607,0.01237240952675523,"{""mlp.down_proj"": 1213.0, ""mlp.gate_proj"": 83.0, ""mlp.up_proj"": 825.0, ""self_attn.k_proj"": 39.0, ""self_attn.o_proj"": 586.0, ""self_attn.q_proj"": 41.0, ""self_attn.v_proj"": 446.0}","{""mlp.down_proj"": 1199.0, ""mlp.gate_proj"": 78.0, ""mlp.up_proj"": 812.0, ""self_attn.k_proj"": 39.0, ""self_attn.o_proj"": 583.0, ""self_attn.q_proj"": 40.0, ""self_attn.v_proj"": 442.0}","{""mlp.down_proj"": -14.0, ""mlp.gate_proj"": -5.0, ""mlp.up_proj"": -13.0, ""self_attn.k_proj"": 0.0, ""self_attn.o_proj"": -3.0, ""self_attn.q_proj"": -1.0, ""self_attn.v_proj"": -4.0}","{""mlp.down_proj"": 0.011541632316570486, ""mlp.gate_proj"": 0.060240963855421686, ""mlp.up_proj"": 0.01575757575757576, ""self_attn.k_proj"": 0.0, ""self_attn.o_proj"": 0.005119453924914676, ""self_attn.q_proj"": 0.024390243902439025, ""self_attn.v_proj"": 0.008968609865470852}",0.002323007197934622,-2.0857142857142854,166.6571428571428,False,True
llama,offkd,160,E_general,E_general,0.01,14,5,equal5_non_qk,True,"mlp.down_proj,mlp.gate_proj,mlp.up_proj,self_attn.o_proj,self_attn.v_proj","self_attn.q_proj,self_attn.k_proj",1736.4,1737.8,1736.4,-1.4,0.0007610355396744629,0.0008056162964667186,"{""mlp.down_proj"": 2529.0, ""mlp.gate_proj"": 1399.0, ""mlp.up_proj"": 2314.0, ""self_attn.o_proj"": 1584.0, ""self_attn.v_proj"": 863.0}","{""mlp.down_proj"": 2527.0, ""mlp.gate_proj"": 1392.0, ""mlp.up_proj"": 2313.0, ""self_attn.o_proj"": 1586.0, ""self_attn.v_proj"": 864.0}","{""mlp.down_proj"": -2.0, ""mlp.gate_proj"": -7.0, ""mlp.up_proj"": -1.0, ""self_attn.o_proj"": 2.0, ""self_attn.v_proj"": 1.0}","{""mlp.down_proj"": 0.0007908264136022143, ""mlp.gate_proj"": 0.005003573981415297, ""mlp.up_proj"": 0.000432152117545376, ""self_attn.o_proj"": -0.0012626262626262627, ""self_attn.v_proj"": -0.0011587485515643105}",0.0007610355396744629,0.0,7,equal7,True,"mlp.down_proj,mlp.gate_proj,mlp.up_proj,self_attn.k_proj,self_attn.o_proj,self_attn.q_proj,self_attn.v_proj",,1390.5714285714287,1393.7142857142858,1390.5714285714287,-3.142857142857143,0.004687279720741874,0.0022550225502254787,"{""mlp.down_proj"": 2529.0, ""mlp.gate_proj"": 1399.0, ""mlp.up_proj"": 2314.0, ""self_attn.k_proj"": 375.0, ""self_attn.o_proj"": 1584.0, ""self_attn.q_proj"": 692.0, ""self_attn.v_proj"": 863.0}","{""mlp.down_proj"": 2527.0, ""mlp.gate_proj"": 1392.0, ""mlp.up_proj"": 2313.0, ""self_attn.k_proj"": 369.0, ""self_attn.o_proj"": 1586.0, ""self_attn.q_proj"": 683.0, ""self_attn.v_proj"": 864.0}","{""mlp.down_proj"": -2.0, ""mlp.gate_proj"": -7.0, ""mlp.up_proj"": -1.0, ""self_attn.k_proj"": -6.0, ""self_attn.o_proj"": 2.0, ""self_attn.q_proj"": -9.0, ""self_attn.v_proj"": 1.0}","{""mlp.down_proj"": 0.0007908264136022143, ""mlp.gate_proj"": 0.005003573981415297, ""mlp.up_proj"": 0.000432152117545376, ""self_attn.k_proj"": 0.016, ""self_attn.o_proj"": -0.0012626262626262627, ""self_attn.q_proj"": 0.01300578034682081, ""self_attn.v_proj"": -0.0011587485515643105}",-0.003926244181067412,1.7428571428571429,345.8285714285714,False,True
llama,offkd,160,E_general,E_general,0.025,14,5,equal5_non_qk,True,"mlp.down_proj,mlp.gate_proj,mlp.up_proj,self_attn.o_proj,self_attn.v_proj","self_attn.q_proj,self_attn.k_proj",1356.4,1358.4,1356.4,-2.0,0.0019554757099629664,0.0014723203769140163,"{""mlp.down_proj"": 2167.0, ""mlp.gate_proj"": 784.0, ""mlp.up_proj"": 1852.0, ""self_attn.o_proj"": 1238.0, ""self_attn.v_proj"": 751.0}","{""mlp.down_proj"": 2164.0, ""mlp.gate_proj"": 777.0, ""mlp.up_proj"": 1850.0, ""self_attn.o_proj"": 1240.0, ""self_attn.v_proj"": 751.0}","{""mlp.down_proj"": -3.0, ""mlp.gate_proj"": -7.0, ""mlp.up_proj"": -2.0, ""self_attn.o_proj"": 2.0, ""self_attn.v_proj"": 0.0}","{""mlp.down_proj"": 0.0013844023996308261, ""mlp.gate_proj"": 0.008928571428571428, ""mlp.up_proj"": 0.0010799136069114472, ""self_attn.o_proj"": -0.0016155088852988692, ""self_attn.v_proj"": 0.0}",0.0019554757099629664,0.0,7,equal7,True,"mlp.down_proj,mlp.gate_proj,mlp.up_proj,self_attn.k_proj,self_attn.o_proj,self_attn.q_proj,self_attn.v_proj",,1047.4285714285713,1050.7142857142858,1047.4285714285713,-3.2857142857142856,0.00828889789789823,0.0031271244051667077,"{""mlp.down_proj"": 2167.0, ""mlp.gate_proj"": 784.0, ""mlp.up_proj"": 1852.0, ""self_attn.k_proj"": 212.0, ""self_attn.o_proj"": 1238.0, ""self_attn.q_proj"": 351.0, ""self_attn.v_proj"": 751.0}","{""mlp.down_proj"": 2164.0, ""mlp.gate_proj"": 777.0, ""mlp.up_proj"": 1850.0, ""self_attn.k_proj"": 206.0, ""self_attn.o_proj"": 1240.0, ""self_attn.q_proj"": 344.0, ""self_attn.v_proj"": 751.0}","{""mlp.down_proj"": -3.0, ""mlp.gate_proj"": -7.0, ""mlp.up_proj"": -2.0, ""self_attn.k_proj"": -6.0, ""self_attn.o_proj"": 2.0, ""self_attn.q_proj"": -7.0, ""self_attn.v_proj"": 0.0}","{""mlp.down_proj"": 0.0013844023996308261, ""mlp.gate_proj"": 0.008928571428571428, ""mlp.up_proj"": 0.0010799136069114472, ""self_attn.k_proj"": 0.02830188679245283, ""self_attn.o_proj"": -0.0016155088852988692, ""self_attn.q_proj"": 0.019943019943019943, ""self_attn.v_proj"": 0.0}",-0.006333422187935263,1.2857142857142856,308.97142857142876,False,True
llama,offkd,160,E_general,E_general,0.05,14,5,equal5_non_qk,True,"mlp.down_proj,mlp.gate_proj,mlp.up_proj,self_attn.o_proj,self_attn.v_proj","self_attn.q_proj,self_attn.k_proj",1031.6,1033.4,1031.6,-1.8,0.0033591760319593078,0.0017418231081867445,"{""mlp.down_proj"": 1802.0, ""mlp.gate_proj"": 368.0, ""mlp.up_proj"": 1412.0, ""self_attn.o_proj"": 954.0, ""self_attn.v_proj"": 631.0}","{""mlp.down_proj"": 1798.0, ""mlp.gate_proj"": 362.0, ""mlp.up_proj"": 1410.0, ""self_attn.o_proj"": 957.0, ""self_attn.v_proj"": 631.0}","{""mlp.down_proj"": -4.0, ""mlp.gate_proj"": -6.0, ""mlp.up_proj"": -2.0, ""self_attn.o_proj"": 3.0, ""self_attn.v_proj"": 0.0}","{""mlp.down_proj"": 0.0022197558268590455, ""mlp.gate_proj"": 0.016304347826086956, ""mlp.up_proj"": 0.00141643059490085, ""self_attn.o_proj"": -0.0031446540880503146, ""self_attn.v_proj"": 0.0}",0.0033591760319593078,0.0,7,equal7,True,"mlp.down_proj,mlp.gate_proj,mlp.up_proj,self_attn.k_proj,self_attn.o_proj,self_attn.q_proj,self_attn.v_proj",,773.8571428571429,776.2857142857143,773.8571428571429,-2.4285714285714284,0.010839169891157945,0.0031284504968715704,"{""mlp.down_proj"": 1802.0, ""mlp.gate_proj"": 368.0, ""mlp.up_proj"": 1412.0, ""self_attn.k_proj"": 111.0, ""self_attn.o_proj"": 954.0, ""self_attn.q_proj"": 156.0, ""self_attn.v_proj"": 631.0}","{""mlp.down_proj"": 1798.0, ""mlp.gate_proj"": 362.0, ""mlp.up_proj"": 1410.0, ""self_attn.k_proj"": 108.0, ""self_attn.o_proj"": 957.0, ""self_attn.q_proj"": 151.0, ""self_attn.v_proj"": 631.0}","{""mlp.down_proj"": -4.0, ""mlp.gate_proj"": -6.0, ""mlp.up_proj"": -2.0, ""self_attn.k_proj"": -3.0, ""self_attn.o_proj"": 3.0, ""self_attn.q_proj"": -5.0, ""self_attn.v_proj"": 0.0}","{""mlp.down_proj"": 0.0022197558268590455, ""mlp.gate_proj"": 0.016304347826086956, ""mlp.up_proj"": 0.00141643059490085, ""self_attn.k_proj"": 0.02702702702702703, ""self_attn.o_proj"": -0.0031446540880503146, ""self_attn.q_proj"": 0.03205128205128205, ""self_attn.v_proj"": 0.0}",-0.0074799938591986375,0.6285714285714283,257.742857142857,False,True
llama,offkd,160,E_general,E_general,0.1,14,5,equal5_non_qk,True,"mlp.down_proj,mlp.gate_proj,mlp.up_proj,self_attn.o_proj,self_attn.v_proj","self_attn.q_proj,self_attn.k_proj",703.2,704.6,703.2,-1.4,0.006413760686794476,0.0019869429463525083,"{""mlp.down_proj"": 1362.0, ""mlp.gate_proj"": 100.0, ""mlp.up_proj"": 923.0, ""self_attn.o_proj"": 659.0, ""self_attn.v_proj"": 479.0}","{""mlp.down_proj"": 1358.0, ""mlp.gate_proj"": 97.0, ""mlp.up_proj"": 921.0, ""self_attn.o_proj"": 661.0, ""self_attn.v_proj"": 479.0}","{""mlp.down_proj"": -4.0, ""mlp.gate_proj"": -3.0, ""mlp.up_proj"": -2.0, ""self_attn.o_proj"": 2.0, ""self_attn.v_proj"": 0.0}","{""mlp.down_proj"": 0.002936857562408223, ""mlp.gate_proj"": 0.03, ""mlp.up_proj"": 0.0021668472372697724, ""self_attn.o_proj"": -0.0030349013657056147, ""self_attn.v_proj"": 0.0}",0.006413760686794476,0.0,7,equal7,True,"mlp.down_proj,mlp.gate_proj,mlp.up_proj,self_attn.k_proj,self_attn.o_proj,self_attn.q_proj,self_attn.v_proj",,515.8571428571429,517.2857142857143,515.8571428571429,-1.4285714285714286,0.013271733823900816,0.0027616680475007213,"{""mlp.down_proj"": 1362.0, ""mlp.gate_proj"": 100.0, ""mlp.up_proj"": 923.0, ""self_attn.k_proj"": 48.0, ""self_attn.o_proj"": 659.0, ""self_attn.q_proj"": 50.0, ""self_attn.v_proj"": 479.0}","{""mlp.down_proj"": 1358.0, ""mlp.gate_proj"": 97.0, ""mlp.up_proj"": 921.0, ""self_attn.k_proj"": 47.0, ""self_attn.o_proj"": 661.0, ""self_attn.q_proj"": 48.0, ""self_attn.v_proj"": 479.0}","{""mlp.down_proj"": -4.0, ""mlp.gate_proj"": -3.0, ""mlp.up_proj"": -2.0, ""self_attn.k_proj"": -1.0, ""self_attn.o_proj"": 2.0, ""self_attn.q_proj"": -2.0, ""self_attn.v_proj"": 0.0}","{""mlp.down_proj"": 0.002936857562408223, ""mlp.gate_proj"": 0.03, ""mlp.up_proj"": 0.0021668472372697724, ""self_attn.k_proj"": 0.020833333333333332, ""self_attn.o_proj"": -0.0030349013657056147, ""self_attn.q_proj"": 0.04, ""self_attn.v_proj"": 0.0}",-0.006857973137106341,0.028571428571428692,187.34285714285716,False,True
llama,offkd,160,E_if,E_ifeval,0.01,14,5,equal5_non_qk,True,"mlp.down_proj,mlp.gate_proj,mlp.up_proj,self_attn.o_proj,self_attn.v_proj","self_attn.q_proj,self_attn.k_proj",1642.4,1652.8,1642.4,-10.4,0.006312209294197046,0.006292352371732735,"{""mlp.down_proj"": 2435.0, ""mlp.gate_proj"": 1309.0, ""mlp.up_proj"": 2178.0, ""self_attn.o_proj"": 1511.0, ""self_attn.v_proj"": 831.0}","{""mlp.down_proj"": 2421.0, ""mlp.gate_proj"": 1284.0, ""mlp.up_proj"": 2166.0, ""self_attn.o_proj"": 1511.0, ""self_attn.v_proj"": 830.0}","{""mlp.down_proj"": -14.0, ""mlp.gate_proj"": -25.0, ""mlp.up_proj"": -12.0, ""self_attn.o_proj"": 0.0, ""self_attn.v_proj"": -1.0}","{""mlp.down_proj"": 0.005749486652977412, ""mlp.gate_proj"": 0.019098548510313215, ""mlp.up_proj"": 0.005509641873278237, ""self_attn.o_proj"": 0.0, ""self_attn.v_proj"": 0.0012033694344163659}",0.0007610355396744629,0.005551173754522583,7,equal7,True,"mlp.down_proj,mlp.gate_proj,mlp.up_proj,self_attn.k_proj,self_attn.o_proj,self_attn.q_proj,self_attn.v_proj",,1309.2857142857142,1319.857142857143,1309.2857142857142,-10.571428571428571,0.010995953498615558,0.008009524840350762,"{""mlp.down_proj"": 2435.0, ""mlp.gate_proj"": 1309.0, ""mlp.up_proj"": 2178.0, ""self_attn.k_proj"": 345.0, ""self_attn.o_proj"": 1511.0, ""self_attn.q_proj"": 630.0, ""self_attn.v_proj"": 831.0}","{""mlp.down_proj"": 2421.0, ""mlp.gate_proj"": 1284.0, ""mlp.up_proj"": 2166.0, ""self_attn.k_proj"": 337.0, ""self_attn.o_proj"": 1511.0, ""self_attn.q_proj"": 616.0, ""self_attn.v_proj"": 830.0}","{""mlp.down_proj"": -14.0, ""mlp.gate_proj"": -25.0, ""mlp.up_proj"": -12.0, ""self_attn.k_proj"": -8.0, ""self_attn.o_proj"": 0.0, ""self_attn.q_proj"": -14.0, ""self_attn.v_proj"": -1.0}","{""mlp.down_proj"": 0.005749486652977412, ""mlp.gate_proj"": 0.019098548510313215, ""mlp.up_proj"": 0.005509641873278237, ""self_attn.k_proj"": 0.02318840579710145, ""self_attn.o_proj"": 0.0, ""self_attn.q_proj"": 0.022222222222222223, ""self_attn.v_proj"": 0.0012033694344163659}",-0.004683744204418512,0.17142857142857082,333.11428571428587,False,True
llama,offkd,160,E_if,E_ifeval,0.025,14,5,equal5_non_qk,True,"mlp.down_proj,mlp.gate_proj,mlp.up_proj,self_attn.o_proj,self_attn.v_proj","self_attn.q_proj,self_attn.k_proj",1242.2,1254.0,1242.2,-11.8,0.010538386656391868,0.009409888357256741,"{""mlp.down_proj"": 2031.0, ""mlp.gate_proj"": 709.0, ""mlp.up_proj"": 1670.0, ""self_attn.o_proj"": 1157.0, ""self_attn.v_proj"": 703.0}","{""mlp.down_proj"": 2011.0, ""mlp.gate_proj"": 686.0, ""mlp.up_proj"": 1655.0, ""self_attn.o_proj"": 1157.0, ""self_attn.v_proj"": 702.0}","{""mlp.down_proj"": -20.0, ""mlp.gate_proj"": -23.0, ""mlp.up_proj"": -15.0, ""self_attn.o_proj"": 0.0, ""self_attn.v_proj"": -1.0}","{""mlp.down_proj"": 0.009847365829640572, ""mlp.gate_proj"": 0.03244005641748942, ""mlp.up_proj"": 0.008982035928143712, ""self_attn.o_proj"": 0.0, ""self_attn.v_proj"": 0.001422475106685633}",0.0019554757099629664,0.008582910946428901,7,equal7,True,"mlp.down_proj,mlp.gate_proj,mlp.up_proj,self_attn.k_proj,self_attn.o_proj,self_attn.q_proj,self_attn.v_proj",,956.1428571428571,966.7142857142857,956.1428571428571,-10.571428571428571,0.015950019644247995,0.010935421900398978,"{""mlp.down_proj"": 2031.0, ""mlp.gate_proj"": 709.0, ""mlp.up_proj"": 1670.0, ""self_attn.k_proj"": 188.0, ""self_attn.o_proj"": 1157.0, ""self_attn.q_proj"": 309.0, ""self_attn.v_proj"": 703.0}","{""mlp.down_proj"": 2011.0, ""mlp.gate_proj"": 686.0, ""mlp.up_proj"": 1655.0, ""self_attn.k_proj"": 183.0, ""self_attn.o_proj"": 1157.0, ""self_attn.q_proj"": 299.0, ""self_attn.v_proj"": 702.0}","{""mlp.down_proj"": -20.0, ""mlp.gate_proj"": -23.0, ""mlp.up_proj"": -15.0, ""self_attn.k_proj"": -5.0, ""self_attn.o_proj"": 0.0, ""self_attn.q_proj"": -10.0, ""self_attn.v_proj"": -1.0}","{""mlp.down_proj"": 0.009847365829640572, ""mlp.gate_proj"": 0.03244005641748942, ""mlp.up_proj"": 0.008982035928143712, ""self_attn.k_proj"": 0.026595744680851064, ""self_attn.o_proj"": 0.0, ""self_attn.q_proj"": 0.032362459546925564, ""self_attn.v_proj"": 0.001422475106685633}",-0.005411632987856126,-1.2285714285714295,286.05714285714294,False,True
llama,offkd,160,E_if,E_ifeval,0.05,14,5,equal5_non_qk,True,"mlp.down_proj,mlp.gate_proj,mlp.up_proj,self_attn.o_proj,self_attn.v_proj","self_attn.q_proj,self_attn.k_proj",909.8,921.2,909.8,-11.4,0.016034317458538134,0.01237516283108998,"{""mlp.down_proj"": 1632.0, ""mlp.gate_proj"": 328.0, ""mlp.up_proj"": 1207.0, ""self_attn.o_proj"": 868.0, ""self_attn.v_proj"": 571.0}","{""mlp.down_proj"": 1610.0, ""mlp.gate_proj"": 312.0, ""mlp.up_proj"": 1191.0, ""self_attn.o_proj"": 867.0, ""self_attn.v_proj"": 569.0}","{""mlp.down_proj"": -22.0, ""mlp.gate_proj"": -16.0, ""mlp.up_proj"": -16.0, ""self_attn.o_proj"": -1.0, ""self_attn.v_proj"": -2.0}","{""mlp.down_proj"": 0.013480392156862746, ""mlp.gate_proj"": 0.04878048780487805, ""mlp.up_proj"": 0.013256006628003313, ""self_attn.o_proj"": 0.001152073732718894, ""self_attn.v_proj"": 0.0035026269702276708}",0.0033591760319593078,0.012675141426578825,7,equal7,True,"mlp.down_proj,mlp.gate_proj,mlp.up_proj,self_attn.k_proj,self_attn.o_proj,self_attn.q_proj,self_attn.v_proj",,681.8571428571429,691.2857142857143,681.8571428571429,-9.428571428571429,0.02257499298004856,0.013639181649101077,"{""mlp.down_proj"": 1632.0, ""mlp.gate_proj"": 328.0, ""mlp.up_proj"": 1207.0, ""self_attn.k_proj"": 98.0, ""self_attn.o_proj"": 868.0, ""self_attn.q_proj"": 135.0, ""self_attn.v_proj"": 571.0}","{""mlp.down_proj"": 1610.0, ""mlp.gate_proj"": 312.0, ""mlp.up_proj"": 1191.0, ""self_attn.k_proj"": 94.0, ""self_attn.o_proj"": 867.0, ""self_attn.q_proj"": 130.0, ""self_attn.v_proj"": 569.0}","{""mlp.down_proj"": -22.0, ""mlp.gate_proj"": -16.0, ""mlp.up_proj"": -16.0, ""self_attn.k_proj"": -4.0, ""self_attn.o_proj"": -1.0, ""self_attn.q_proj"": -5.0, ""self_attn.v_proj"": -2.0}","{""mlp.down_proj"": 0.013480392156862746, ""mlp.gate_proj"": 0.04878048780487805, ""mlp.up_proj"": 0.013256006628003313, ""self_attn.k_proj"": 0.04081632653061224, ""self_attn.o_proj"": 0.001152073732718894, ""self_attn.q_proj"": 0.037037037037037035, ""self_attn.v_proj"": 0.0035026269702276708}",-0.006540675521510428,-1.9714285714285715,227.94285714285706,False,True
llama,offkd,160,E_if,E_ifeval,0.1,14,5,equal5_non_qk,True,"mlp.down_proj,mlp.gate_proj,mlp.up_proj,self_attn.o_proj,self_attn.v_proj","self_attn.q_proj,self_attn.k_proj",583.2,592.8,583.2,-9.6,0.024086254025268386,0.016194331983805516,"{""mlp.down_proj"": 1166.0, ""mlp.gate_proj"": 96.0, ""mlp.up_proj"": 722.0, ""self_attn.o_proj"": 572.0, ""self_attn.v_proj"": 408.0}","{""mlp.down_proj"": 1143.0, ""mlp.gate_proj"": 89.0, ""mlp.up_proj"": 708.0, ""self_attn.o_proj"": 570.0, ""self_attn.v_proj"": 406.0}","{""mlp.down_proj"": -23.0, ""mlp.gate_proj"": -7.0, ""mlp.up_proj"": -14.0, ""self_attn.o_proj"": -2.0, ""self_attn.v_proj"": -2.0}","{""mlp.down_proj"": 0.01972555746140652, ""mlp.gate_proj"": 0.07291666666666667, ""mlp.up_proj"": 0.019390581717451522, ""self_attn.o_proj"": 0.0034965034965034965, ""self_attn.v_proj"": 0.004901960784313725}",0.006413760686794476,0.01767249333847391,7,equal7,True,"mlp.down_proj,mlp.gate_proj,mlp.up_proj,self_attn.k_proj,self_attn.o_proj,self_attn.q_proj,self_attn.v_proj",,428.57142857142856,435.7142857142857,428.57142857142856,-7.142857142857143,0.023697973654412487,0.016393442622950876,"{""mlp.down_proj"": 1166.0, ""mlp.gate_proj"": 96.0, ""mlp.up_proj"": 722.0, ""self_attn.k_proj"": 42.0, ""self_attn.o_proj"": 572.0, ""self_attn.q_proj"": 44.0, ""self_attn.v_proj"": 408.0}","{""mlp.down_proj"": 1143.0, ""mlp.gate_proj"": 89.0, ""mlp.up_proj"": 708.0, ""self_attn.k_proj"": 42.0, ""self_attn.o_proj"": 570.0, ""self_attn.q_proj"": 42.0, ""self_attn.v_proj"": 406.0}","{""mlp.down_proj"": -23.0, ""mlp.gate_proj"": -7.0, ""mlp.up_proj"": -14.0, ""self_attn.k_proj"": 0.0, ""self_attn.o_proj"": -2.0, ""self_attn.q_proj"": -2.0, ""self_attn.v_proj"": -2.0}","{""mlp.down_proj"": 0.01972555746140652, ""mlp.gate_proj"": 0.07291666666666667, ""mlp.up_proj"": 0.019390581717451522, ""self_attn.k_proj"": 0.0, ""self_attn.o_proj"": 0.0034965034965034965, ""self_attn.q_proj"": 0.045454545454545456, ""self_attn.v_proj"": 0.004901960784313725}",0.00038828037085589934,-2.4571428571428564,154.6285714285715,False,True
llama,offkd,160,E_math,E_mathHeld,0.01,14,5,equal5_non_qk,True,"mlp.down_proj,mlp.gate_proj,mlp.up_proj,self_attn.o_proj,self_attn.v_proj","self_attn.q_proj,self_attn.k_proj",849.4,851.6,849.4,-2.2,0.00304370120673084,0.002583372475340589,"{""mlp.down_proj"": 1162.0, ""mlp.gate_proj"": 587.0, ""mlp.up_proj"": 1022.0, ""self_attn.o_proj"": 828.0, ""self_attn.v_proj"": 659.0}","{""mlp.down_proj"": 1157.0, ""mlp.gate_proj"": 579.0, ""mlp.up_proj"": 1018.0, ""self_attn.o_proj"": 836.0, ""self_attn.v_proj"": 657.0}","{""mlp.down_proj"": -5.0, ""mlp.gate_proj"": -8.0, ""mlp.up_proj"": -4.0, ""self_attn.o_proj"": 8.0, ""self_attn.v_proj"": -2.0}","{""mlp.down_proj"": 0.004302925989672977, ""mlp.gate_proj"": 0.013628620102214651, ""mlp.up_proj"": 0.003913894324853229, ""self_attn.o_proj"": -0.00966183574879227, ""self_attn.v_proj"": 0.0030349013657056147}",0.0007610355396744629,0.0022826656670563773,7,equal7,True,"mlp.down_proj,mlp.gate_proj,mlp.up_proj,self_attn.k_proj,self_attn.o_proj,self_attn.q_proj,self_attn.v_proj",,698.5714285714286,701.7142857142857,698.5714285714286,-3.142857142857143,0.006904349258310301,0.004478827361563472,"{""mlp.down_proj"": 1162.0, ""mlp.gate_proj"": 587.0, ""mlp.up_proj"": 1022.0, ""self_attn.k_proj"": 263.0, ""self_attn.o_proj"": 828.0, ""self_attn.q_proj"": 391.0, ""self_attn.v_proj"": 659.0}","{""mlp.down_proj"": 1157.0, ""mlp.gate_proj"": 579.0, ""mlp.up_proj"": 1018.0, ""self_attn.k_proj"": 259.0, ""self_attn.o_proj"": 836.0, ""self_attn.q_proj"": 384.0, ""self_attn.v_proj"": 657.0}","{""mlp.down_proj"": -5.0, ""mlp.gate_proj"": -8.0, ""mlp.up_proj"": -4.0, ""self_attn.k_proj"": -4.0, ""self_attn.o_proj"": 8.0, ""self_attn.q_proj"": -7.0, ""self_attn.v_proj"": -2.0}","{""mlp.down_proj"": 0.004302925989672977, ""mlp.gate_proj"": 0.013628620102214651, ""mlp.up_proj"": 0.003913894324853229, ""self_attn.k_proj"": 0.015209125475285171, ""self_attn.o_proj"": -0.00966183574879227, ""self_attn.q_proj"": 0.017902813299232736, ""self_attn.v_proj"": 0.0030349013657056147}",-0.0038606480515794607,0.9428571428571426,150.82857142857142,False,True
llama,offkd,160,E_math,E_mathHeld,0.025,14,5,equal5_non_qk,True,"mlp.down_proj,mlp.gate_proj,mlp.up_proj,self_attn.o_proj,self_attn.v_proj","self_attn.q_proj,self_attn.k_proj",619.8,621.6,619.8,-1.8,0.004261246219683031,0.0028957528957530053,"{""mlp.down_proj"": 912.0, ""mlp.gate_proj"": 322.0, ""mlp.up_proj"": 751.0, ""self_attn.o_proj"": 607.0, ""self_attn.v_proj"": 516.0}","{""mlp.down_proj"": 907.0, ""mlp.gate_proj"": 315.0, ""mlp.up_proj"": 747.0, ""self_attn.o_proj"": 615.0, ""self_attn.v_proj"": 515.0}","{""mlp.down_proj"": -5.0, ""mlp.gate_proj"": -7.0, ""mlp.up_proj"": -4.0, ""self_attn.o_proj"": 8.0, ""self_attn.v_proj"": -1.0}","{""mlp.down_proj"": 0.005482456140350877, ""mlp.gate_proj"": 0.021739130434782608, ""mlp.up_proj"": 0.005326231691078562, ""self_attn.o_proj"": -0.013179571663920923, ""self_attn.v_proj"": 0.001937984496124031}",0.0019554757099629664,0.0023057705097200647,7,equal7,True,"mlp.down_proj,mlp.gate_proj,mlp.up_proj,self_attn.k_proj,self_attn.o_proj,self_attn.q_proj,self_attn.v_proj",,492.7142857142857,495.14285714285717,492.7142857142857,-2.4285714285714284,0.009334956090982385,0.004904789382573604,"{""mlp.down_proj"": 912.0, ""mlp.gate_proj"": 322.0, ""mlp.up_proj"": 751.0, ""self_attn.k_proj"": 150.0, ""self_attn.o_proj"": 607.0, ""self_attn.q_proj"": 208.0, ""self_attn.v_proj"": 516.0}","{""mlp.down_proj"": 907.0, ""mlp.gate_proj"": 315.0, ""mlp.up_proj"": 747.0, ""self_attn.k_proj"": 147.0, ""self_attn.o_proj"": 615.0, ""self_attn.q_proj"": 203.0, ""self_attn.v_proj"": 515.0}","{""mlp.down_proj"": -5.0, ""mlp.gate_proj"": -7.0, ""mlp.up_proj"": -4.0, ""self_attn.k_proj"": -3.0, ""self_attn.o_proj"": 8.0, ""self_attn.q_proj"": -5.0, ""self_attn.v_proj"": -1.0}","{""mlp.down_proj"": 0.005482456140350877, ""mlp.gate_proj"": 0.021739130434782608, ""mlp.up_proj"": 0.005326231691078562, ""self_attn.k_proj"": 0.02, ""self_attn.o_proj"": -0.013179571663920923, ""self_attn.q_proj"": 0.02403846153846154, ""self_attn.v_proj"": 0.001937984496124031}",-0.005073709871299354,0.6285714285714283,127.08571428571423,False,True
llama,offkd,160,E_math,E_mathHeld,0.05,14,5,equal5_non_qk,True,"mlp.down_proj,mlp.gate_proj,mlp.up_proj,self_attn.o_proj,self_attn.v_proj","self_attn.q_proj,self_attn.k_proj",445.0,446.2,445.0,-1.2,0.005884149879231195,0.002689376961004009,"{""mlp.down_proj"": 701.0, ""mlp.gate_proj"": 158.0, ""mlp.up_proj"": 534.0, ""self_attn.o_proj"": 441.0, ""self_attn.v_proj"": 397.0}","{""mlp.down_proj"": 696.0, ""mlp.gate_proj"": 153.0, ""mlp.up_proj"": 532.0, ""self_attn.o_proj"": 449.0, ""self_attn.v_proj"": 395.0}","{""mlp.down_proj"": -5.0, ""mlp.gate_proj"": -5.0, ""mlp.up_proj"": -2.0, ""self_attn.o_proj"": 8.0, ""self_attn.v_proj"": -2.0}","{""mlp.down_proj"": 0.007132667617689016, ""mlp.gate_proj"": 0.03164556962025317, ""mlp.up_proj"": 0.003745318352059925, ""self_attn.o_proj"": -0.018140589569160998, ""self_attn.v_proj"": 0.005037783375314861}",0.0033591760319593078,0.002524973847271887,7,equal7,True,"mlp.down_proj,mlp.gate_proj,mlp.up_proj,self_attn.k_proj,self_attn.o_proj,self_attn.q_proj,self_attn.v_proj",,343.85714285714283,345.42857142857144,343.85714285714283,-1.5714285714285714,0.011765212399701826,0.004549214226633699,"{""mlp.down_proj"": 701.0, ""mlp.gate_proj"": 158.0, ""mlp.up_proj"": 534.0, ""self_attn.k_proj"": 84.0, ""self_attn.o_proj"": 441.0, ""self_attn.q_proj"": 103.0, ""self_attn.v_proj"": 397.0}","{""mlp.down_proj"": 696.0, ""mlp.gate_proj"": 153.0, ""mlp.up_proj"": 532.0, ""self_attn.k_proj"": 82.0, ""self_attn.o_proj"": 449.0, ""self_attn.q_proj"": 100.0, ""self_attn.v_proj"": 395.0}","{""mlp.down_proj"": -5.0, ""mlp.gate_proj"": -5.0, ""mlp.up_proj"": -2.0, ""self_attn.k_proj"": -2.0, ""self_attn.o_proj"": 8.0, ""self_attn.q_proj"": -3.0, ""self_attn.v_proj"": -2.0}","{""mlp.down_proj"": 0.007132667617689016, ""mlp.gate_proj"": 0.03164556962025317, ""mlp.up_proj"": 0.003745318352059925, ""self_attn.k_proj"": 0.023809523809523808, ""self_attn.o_proj"": -0.018140589569160998, ""self_attn.q_proj"": 0.02912621359223301, ""self_attn.v_proj"": 0.005037783375314861}",-0.005881062520470631,0.37142857142857144,101.14285714285717,False,True
llama,offkd,160,E_math,E_mathHeld,0.1,14,5,equal5_non_qk,True,"mlp.down_proj,mlp.gate_proj,mlp.up_proj,self_attn.o_proj,self_attn.v_proj","self_attn.q_proj,self_attn.k_proj",282.6,283.2,282.6,-0.6,0.011053393811157785,0.00211864406779649,"{""mlp.down_proj"": 483.0, ""mlp.gate_proj"": 49.0, ""mlp.up_proj"": 325.0, ""self_attn.o_proj"": 286.0, ""self_attn.v_proj"": 273.0}","{""mlp.down_proj"": 479.0, ""mlp.gate_proj"": 46.0, ""mlp.up_proj"": 324.0, ""self_attn.o_proj"": 292.0, ""self_attn.v_proj"": 272.0}","{""mlp.down_proj"": -4.0, ""mlp.gate_proj"": -3.0, ""mlp.up_proj"": -1.0, ""self_attn.o_proj"": 6.0, ""self_attn.v_proj"": -1.0}","{""mlp.down_proj"": 0.008281573498964804, ""mlp.gate_proj"": 0.061224489795918366, ""mlp.up_proj"": 0.003076923076923077, ""self_attn.o_proj"": -0.02097902097902098, ""self_attn.v_proj"": 0.003663003663003663}",0.006413760686794476,0.004639633124363309,7,equal7,True,"mlp.down_proj,mlp.gate_proj,mlp.up_proj,self_attn.k_proj,self_attn.o_proj,self_attn.q_proj,self_attn.v_proj",,212.57142857142858,213.14285714285714,212.57142857142858,-0.5714285714285714,0.011654679789924734,0.002680965147453007,"{""mlp.down_proj"": 483.0, ""mlp.gate_proj"": 49.0, ""mlp.up_proj"": 325.0, ""self_attn.k_proj"": 38.0, ""self_attn.o_proj"": 286.0, ""self_attn.q_proj"": 38.0, ""self_attn.v_proj"": 273.0}","{""mlp.down_proj"": 479.0, ""mlp.gate_proj"": 46.0, ""mlp.up_proj"": 324.0, ""self_attn.k_proj"": 38.0, ""self_attn.o_proj"": 292.0, ""self_attn.q_proj"": 37.0, ""self_attn.v_proj"": 272.0}","{""mlp.down_proj"": -4.0, ""mlp.gate_proj"": -3.0, ""mlp.up_proj"": -1.0, ""self_attn.k_proj"": 0.0, ""self_attn.o_proj"": 6.0, ""self_attn.q_proj"": -1.0, ""self_attn.v_proj"": -1.0}","{""mlp.down_proj"": 0.008281573498964804, ""mlp.gate_proj"": 0.061224489795918366, ""mlp.up_proj"": 0.003076923076923077, ""self_attn.k_proj"": 0.0, ""self_attn.o_proj"": -0.02097902097902098, ""self_attn.q_proj"": 0.02631578947368421, ""self_attn.v_proj"": 0.003663003663003663}",-0.0006012859787669494,-0.02857142857142858,70.02857142857144,False,True
llama,offkd,160,E_ood,E_mmluPro,0.01,14,5,equal5_non_qk,True,"mlp.down_proj,mlp.gate_proj,mlp.up_proj,self_attn.o_proj,self_attn.v_proj","self_attn.q_proj,self_attn.k_proj",1686.8,1694.2,1686.8,-7.4,0.004436249953698426,0.004367843229843047,"{""mlp.down_proj"": 2452.0, ""mlp.gate_proj"": 1352.0, ""mlp.up_proj"": 2263.0, ""self_attn.o_proj"": 1556.0, ""self_attn.v_proj"": 848.0}","{""mlp.down_proj"": 2444.0, ""mlp.gate_proj"": 1336.0, ""mlp.up_proj"": 2254.0, ""self_attn.o_proj"": 1553.0, ""self_attn.v_proj"": 847.0}","{""mlp.down_proj"": -8.0, ""mlp.gate_proj"": -16.0, ""mlp.up_proj"": -9.0, ""self_attn.o_proj"": -3.0, ""self_attn.v_proj"": -1.0}","{""mlp.down_proj"": 0.0032626427406199023, ""mlp.gate_proj"": 0.011834319526627219, ""mlp.up_proj"": 0.003977021652673442, ""self_attn.o_proj"": 0.0019280205655526992, ""self_attn.v_proj"": 0.0011792452830188679}",0.0007610355396744629,0.0036752144140239635,7,equal7,True,"mlp.down_proj,mlp.gate_proj,mlp.up_proj,self_attn.k_proj,self_attn.o_proj,self_attn.q_proj,self_attn.v_proj",,1335.857142857143,1343.5714285714287,1335.857142857143,-7.714285714285714,0.008753686741835813,0.005741626794258421,"{""mlp.down_proj"": 2452.0, ""mlp.gate_proj"": 1352.0, ""mlp.up_proj"": 2263.0, ""self_attn.k_proj"": 331.0, ""self_attn.o_proj"": 1556.0, ""self_attn.q_proj"": 603.0, ""self_attn.v_proj"": 848.0}","{""mlp.down_proj"": 2444.0, ""mlp.gate_proj"": 1336.0, ""mlp.up_proj"": 2254.0, ""self_attn.k_proj"": 323.0, ""self_attn.o_proj"": 1553.0, ""self_attn.q_proj"": 594.0, ""self_attn.v_proj"": 847.0}","{""mlp.down_proj"": -8.0, ""mlp.gate_proj"": -16.0, ""mlp.up_proj"": -9.0, ""self_attn.k_proj"": -8.0, ""self_attn.o_proj"": -3.0, ""self_attn.q_proj"": -9.0, ""self_attn.v_proj"": -1.0}","{""mlp.down_proj"": 0.0032626427406199023, ""mlp.gate_proj"": 0.011834319526627219, ""mlp.up_proj"": 0.003977021652673442, ""self_attn.k_proj"": 0.02416918429003021, ""self_attn.o_proj"": 0.0019280205655526992, ""self_attn.q_proj"": 0.014925373134328358, ""self_attn.v_proj"": 0.0011792452830188679}",-0.004317436788137387,0.31428571428571406,350.94285714285706,False,True
llama,offkd,160,E_ood,E_mmluPro,0.025,14,5,equal5_non_qk,True,"mlp.down_proj,mlp.gate_proj,mlp.up_proj,self_attn.o_proj,self_attn.v_proj","self_attn.q_proj,self_attn.k_proj",1288.2,1296.6,1288.2,-8.4,0.0074656317031457,0.006478482184173889,"{""mlp.down_proj"": 2058.0, ""mlp.gate_proj"": 731.0, ""mlp.up_proj"": 1775.0, ""self_attn.o_proj"": 1191.0, ""self_attn.v_proj"": 728.0}","{""mlp.down_proj"": 2047.0, ""mlp.gate_proj"": 716.0, ""mlp.up_proj"": 1764.0, ""self_attn.o_proj"": 1188.0, ""self_attn.v_proj"": 726.0}","{""mlp.down_proj"": -11.0, ""mlp.gate_proj"": -15.0, ""mlp.up_proj"": -11.0, ""self_attn.o_proj"": -3.0, ""self_attn.v_proj"": -2.0}","{""mlp.down_proj"": 0.005344995140913508, ""mlp.gate_proj"": 0.02051983584131327, ""mlp.up_proj"": 0.006197183098591549, ""self_attn.o_proj"": 0.0025188916876574307, ""self_attn.v_proj"": 0.0027472527472527475}",0.0019554757099629664,0.005510155993182733,7,equal7,True,"mlp.down_proj,mlp.gate_proj,mlp.up_proj,self_attn.k_proj,self_attn.o_proj,self_attn.q_proj,self_attn.v_proj",,984.8571428571429,992.7142857142857,984.8571428571429,-7.857142857142857,0.013620225605689054,0.007914807886026685,"{""mlp.down_proj"": 2058.0, ""mlp.gate_proj"": 731.0, ""mlp.up_proj"": 1775.0, ""self_attn.k_proj"": 178.0, ""self_attn.o_proj"": 1191.0, ""self_attn.q_proj"": 288.0, ""self_attn.v_proj"": 728.0}","{""mlp.down_proj"": 2047.0, ""mlp.gate_proj"": 716.0, ""mlp.up_proj"": 1764.0, ""self_attn.k_proj"": 172.0, ""self_attn.o_proj"": 1188.0, ""self_attn.q_proj"": 281.0, ""self_attn.v_proj"": 726.0}","{""mlp.down_proj"": -11.0, ""mlp.gate_proj"": -15.0, ""mlp.up_proj"": -11.0, ""self_attn.k_proj"": -6.0, ""self_attn.o_proj"": -3.0, ""self_attn.q_proj"": -7.0, ""self_attn.v_proj"": -2.0}","{""mlp.down_proj"": 0.005344995140913508, ""mlp.gate_proj"": 0.02051983584131327, ""mlp.up_proj"": 0.006197183098591549, ""self_attn.k_proj"": 0.033707865168539325, ""self_attn.o_proj"": 0.0025188916876574307, ""self_attn.q_proj"": 0.024305555555555556, ""self_attn.v_proj"": 0.0027472527472527475}",-0.006154593902543354,-0.5428571428571436,303.34285714285716,False,True
llama,offkd,160,E_ood,E_mmluPro,0.05,14,5,equal5_non_qk,True,"mlp.down_proj,mlp.gate_proj,mlp.up_proj,self_attn.o_proj,self_attn.v_proj","self_attn.q_proj,self_attn.k_proj",953.6,961.6,953.6,-8.0,0.01129143055033545,0.008319467554076539,"{""mlp.down_proj"": 1669.0, ""mlp.gate_proj"": 327.0, ""mlp.up_proj"": 1319.0, ""self_attn.o_proj"": 891.0, ""self_attn.v_proj"": 602.0}","{""mlp.down_proj"": 1656.0, ""mlp.gate_proj"": 316.0, ""mlp.up_proj"": 1308.0, ""self_attn.o_proj"": 888.0, ""self_attn.v_proj"": 600.0}","{""mlp.down_proj"": -13.0, ""mlp.gate_proj"": -11.0, ""mlp.up_proj"": -11.0, ""self_attn.o_proj"": -3.0, ""self_attn.v_proj"": -2.0}","{""mlp.down_proj"": 0.007789095266626723, ""mlp.gate_proj"": 0.03363914373088685, ""mlp.up_proj"": 0.008339651250947688, ""self_attn.o_proj"": 0.003367003367003367, ""self_attn.v_proj"": 0.0033222591362126247}",0.0033591760319593078,0.007932254518376144,7,equal7,True,"mlp.down_proj,mlp.gate_proj,mlp.up_proj,self_attn.k_proj,self_attn.o_proj,self_attn.q_proj,self_attn.v_proj",,710.7142857142857,717.4285714285714,710.7142857142857,-6.714285714285714,0.017420644417423175,0.009358821186778266,"{""mlp.down_proj"": 1669.0, ""mlp.gate_proj"": 327.0, ""mlp.up_proj"": 1319.0, ""self_attn.k_proj"": 91.0, ""self_attn.o_proj"": 891.0, ""self_attn.q_proj"": 123.0, ""self_attn.v_proj"": 602.0}","{""mlp.down_proj"": 1656.0, ""mlp.gate_proj"": 316.0, ""mlp.up_proj"": 1308.0, ""self_attn.k_proj"": 88.0, ""self_attn.o_proj"": 888.0, ""self_attn.q_proj"": 119.0, ""self_attn.v_proj"": 600.0}","{""mlp.down_proj"": -13.0, ""mlp.gate_proj"": -11.0, ""mlp.up_proj"": -11.0, ""self_attn.k_proj"": -3.0, ""self_attn.o_proj"": -3.0, ""self_attn.q_proj"": -4.0, ""self_attn.v_proj"": -2.0}","{""mlp.down_proj"": 0.007789095266626723, ""mlp.gate_proj"": 0.03363914373088685, ""mlp.up_proj"": 0.008339651250947688, ""self_attn.k_proj"": 0.03296703296703297, ""self_attn.o_proj"": 0.003367003367003367, ""self_attn.q_proj"": 0.032520325203252036, ""self_attn.v_proj"": 0.0033222591362126247}",-0.006129213867087724,-1.2857142857142856,242.88571428571436,False,True
llama,offkd,160,E_ood,E_mmluPro,0.1,14,5,equal5_non_qk,True,"mlp.down_proj,mlp.gate_proj,mlp.up_proj,self_attn.o_proj,self_attn.v_proj","self_attn.q_proj,self_attn.k_proj",624.2,630.6,624.2,-6.4,0.016234127979234618,0.010149064383127144,"{""mlp.down_proj"": 1213.0, ""mlp.gate_proj"": 83.0, ""mlp.up_proj"": 825.0, ""self_attn.o_proj"": 586.0, ""self_attn.v_proj"": 446.0}","{""mlp.down_proj"": 1200.0, ""mlp.gate_proj"": 79.0, ""mlp.up_proj"": 815.0, ""self_attn.o_proj"": 584.0, ""self_attn.v_proj"": 443.0}","{""mlp.down_proj"": -13.0, ""mlp.gate_proj"": -4.0, ""mlp.up_proj"": -10.0, ""self_attn.o_proj"": -2.0, ""self_attn.v_proj"": -3.0}","{""mlp.down_proj"": 0.010717230008244023, ""mlp.gate_proj"": 0.04819277108433735, ""mlp.up_proj"": 0.012121212121212121, ""self_attn.o_proj"": 0.0034129692832764505, ""self_attn.v_proj"": 0.006726457399103139}",0.006413760686794476,0.009820367292440142,7,equal7,True,"mlp.down_proj,mlp.gate_proj,mlp.up_proj,self_attn.k_proj,self_attn.o_proj,self_attn.q_proj,self_attn.v_proj",,457.14285714285717,461.85714285714283,457.14285714285717,-4.714285714285714,0.015080126256944586,0.010207237859573047,"{""mlp.down_proj"": 1213.0, ""mlp.gate_proj"": 83.0, ""mlp.up_proj"": 825.0, ""self_attn.k_proj"": 39.0, ""self_attn.o_proj"": 586.0, ""self_attn.q_proj"": 41.0, ""self_attn.v_proj"": 446.0}","{""mlp.down_proj"": 1200.0, ""mlp.gate_proj"": 79.0, ""mlp.up_proj"": 815.0, ""self_attn.k_proj"": 39.0, ""self_attn.o_proj"": 584.0, ""self_attn.q_proj"": 40.0, ""self_attn.v_proj"": 443.0}","{""mlp.down_proj"": -13.0, ""mlp.gate_proj"": -4.0, ""mlp.up_proj"": -10.0, ""self_attn.k_proj"": 0.0, ""self_attn.o_proj"": -2.0, ""self_attn.q_proj"": -1.0, ""self_attn.v_proj"": -3.0}","{""mlp.down_proj"": 0.010717230008244023, ""mlp.gate_proj"": 0.04819277108433735, ""mlp.up_proj"": 0.012121212121212121, ""self_attn.k_proj"": 0.0, ""self_attn.o_proj"": 0.0034129692832764505, ""self_attn.q_proj"": 0.024390243902439025, ""self_attn.v_proj"": 0.006726457399103139}",0.0011540017222900316,-1.685714285714286,167.05714285714288,False,True
llama,offkd,320,E_general,E_general,0.01,14,5,equal5_non_qk,True,"mlp.down_proj,mlp.gate_proj,mlp.up_proj,self_attn.o_proj,self_attn.v_proj","self_attn.q_proj,self_attn.k_proj",1736.4,1737.8,1736.4,-1.4,0.0008175643727772533,0.0008056162964667186,"{""mlp.down_proj"": 2529.0, ""mlp.gate_proj"": 1399.0, ""mlp.up_proj"": 2314.0, ""self_attn.o_proj"": 1584.0, ""self_attn.v_proj"": 863.0}","{""mlp.down_proj"": 2527.0, ""mlp.gate_proj"": 1391.0, ""mlp.up_proj"": 2314.0, ""self_attn.o_proj"": 1586.0, ""self_attn.v_proj"": 864.0}","{""mlp.down_proj"": -2.0, ""mlp.gate_proj"": -8.0, ""mlp.up_proj"": 0.0, ""self_attn.o_proj"": 2.0, ""self_attn.v_proj"": 1.0}","{""mlp.down_proj"": 0.0007908264136022143, ""mlp.gate_proj"": 0.005718370264474625, ""mlp.up_proj"": 0.0, ""self_attn.o_proj"": -0.0012626262626262627, ""self_attn.v_proj"": -0.0011587485515643105}",0.0008175643727772533,0.0,7,equal7,True,"mlp.down_proj,mlp.gate_proj,mlp.up_proj,self_attn.k_proj,self_attn.o_proj,self_attn.q_proj,self_attn.v_proj",,1390.142857142857,1393.7142857142858,1390.142857142857,-3.5714285714285716,0.00552149175539691,0.0025625256252563224,"{""mlp.down_proj"": 2529.0, ""mlp.gate_proj"": 1399.0, ""mlp.up_proj"": 2314.0, ""self_attn.k_proj"": 375.0, ""self_attn.o_proj"": 1584.0, ""self_attn.q_proj"": 692.0, ""self_attn.v_proj"": 863.0}","{""mlp.down_proj"": 2527.0, ""mlp.gate_proj"": 1391.0, ""mlp.up_proj"": 2314.0, ""self_attn.k_proj"": 368.0, ""self_attn.o_proj"": 1586.0, ""self_attn.q_proj"": 681.0, ""self_attn.v_proj"": 864.0}","{""mlp.down_proj"": -2.0, ""mlp.gate_proj"": -8.0, ""mlp.up_proj"": 0.0, ""self_attn.k_proj"": -7.0, ""self_attn.o_proj"": 2.0, ""self_attn.q_proj"": -11.0, ""self_attn.v_proj"": 1.0}","{""mlp.down_proj"": 0.0007908264136022143, ""mlp.gate_proj"": 0.005718370264474625, ""mlp.up_proj"": 0.0, ""self_attn.k_proj"": 0.018666666666666668, ""self_attn.o_proj"": -0.0012626262626262627, ""self_attn.q_proj"": 0.015895953757225433, ""self_attn.v_proj"": -0.0011587485515643105}",-0.0047039273826196566,2.1714285714285717,346.257142857143,False,True
llama,offkd,320,E_general,E_general,0.025,14,5,equal5_non_qk,True,"mlp.down_proj,mlp.gate_proj,mlp.up_proj,self_attn.o_proj,self_attn.v_proj","self_attn.q_proj,self_attn.k_proj",1356.4,1358.4,1356.4,-2.0,0.002196137542374588,0.0014723203769140163,"{""mlp.down_proj"": 2167.0, ""mlp.gate_proj"": 784.0, ""mlp.up_proj"": 1852.0, ""self_attn.o_proj"": 1238.0, ""self_attn.v_proj"": 751.0}","{""mlp.down_proj"": 2164.0, ""mlp.gate_proj"": 775.0, ""mlp.up_proj"": 1851.0, ""self_attn.o_proj"": 1241.0, ""self_attn.v_proj"": 751.0}","{""mlp.down_proj"": -3.0, ""mlp.gate_proj"": -9.0, ""mlp.up_proj"": -1.0, ""self_attn.o_proj"": 3.0, ""self_attn.v_proj"": 0.0}","{""mlp.down_proj"": 0.0013844023996308261, ""mlp.gate_proj"": 0.011479591836734694, ""mlp.up_proj"": 0.0005399568034557236, ""self_attn.o_proj"": -0.0024232633279483036, ""self_attn.v_proj"": 0.0}",0.002196137542374588,0.0,7,equal7,True,"mlp.down_proj,mlp.gate_proj,mlp.up_proj,self_attn.k_proj,self_attn.o_proj,self_attn.q_proj,self_attn.v_proj",,1047.142857142857,1050.7142857142858,1047.142857142857,-3.5714285714285716,0.009274800020764487,0.0033990482664854765,"{""mlp.down_proj"": 2167.0, ""mlp.gate_proj"": 784.0, ""mlp.up_proj"": 1852.0, ""self_attn.k_proj"": 212.0, ""self_attn.o_proj"": 1238.0, ""self_attn.q_proj"": 351.0, ""self_attn.v_proj"": 751.0}","{""mlp.down_proj"": 2164.0, ""mlp.gate_proj"": 775.0, ""mlp.up_proj"": 1851.0, ""self_attn.k_proj"": 206.0, ""self_attn.o_proj"": 1241.0, ""self_attn.q_proj"": 342.0, ""self_attn.v_proj"": 751.0}","{""mlp.down_proj"": -3.0, ""mlp.gate_proj"": -9.0, ""mlp.up_proj"": -1.0, ""self_attn.k_proj"": -6.0, ""self_attn.o_proj"": 3.0, ""self_attn.q_proj"": -9.0, ""self_attn.v_proj"": 0.0}","{""mlp.down_proj"": 0.0013844023996308261, ""mlp.gate_proj"": 0.011479591836734694, ""mlp.up_proj"": 0.0005399568034557236, ""self_attn.k_proj"": 0.02830188679245283, ""self_attn.o_proj"": -0.0024232633279483036, ""self_attn.q_proj"": 0.02564102564102564, ""self_attn.v_proj"": 0.0}",-0.007078662478389899,1.5714285714285716,309.257142857143,False,True
llama,offkd,320,E_general,E_general,0.05,14,5,equal5_non_qk,True,"mlp.down_proj,mlp.gate_proj,mlp.up_proj,self_attn.o_proj,self_attn.v_proj","self_attn.q_proj,self_attn.k_proj",1031.4,1033.4,1031.4,-2.0,0.004304489494208353,0.0019353590090961871,"{""mlp.down_proj"": 1802.0, ""mlp.gate_proj"": 368.0, ""mlp.up_proj"": 1412.0, ""self_attn.o_proj"": 954.0, ""self_attn.v_proj"": 631.0}","{""mlp.down_proj"": 1798.0, ""mlp.gate_proj"": 360.0, ""mlp.up_proj"": 1411.0, ""self_attn.o_proj"": 957.0, ""self_attn.v_proj"": 631.0}","{""mlp.down_proj"": -4.0, ""mlp.gate_proj"": -8.0, ""mlp.up_proj"": -1.0, ""self_attn.o_proj"": 3.0, ""self_attn.v_proj"": 0.0}","{""mlp.down_proj"": 0.0022197558268590455, ""mlp.gate_proj"": 0.021739130434782608, ""mlp.up_proj"": 0.000708215297450425, ""self_attn.o_proj"": -0.0031446540880503146, ""self_attn.v_proj"": 0.0}",0.004304489494208353,0.0,7,equal7,True,"mlp.down_proj,mlp.gate_proj,mlp.up_proj,self_attn.k_proj,self_attn.o_proj,self_attn.q_proj,self_attn.v_proj",,773.5714285714286,776.2857142857143,773.5714285714286,-2.7142857142857144,0.012430144708515322,0.0034965034965035798,"{""mlp.down_proj"": 1802.0, ""mlp.gate_proj"": 368.0, ""mlp.up_proj"": 1412.0, ""self_attn.k_proj"": 111.0, ""self_attn.o_proj"": 954.0, ""self_attn.q_proj"": 156.0, ""self_attn.v_proj"": 631.0}","{""mlp.down_proj"": 1798.0, ""mlp.gate_proj"": 360.0, ""mlp.up_proj"": 1411.0, ""self_attn.k_proj"": 108.0, ""self_attn.o_proj"": 957.0, ""self_attn.q_proj"": 150.0, ""self_attn.v_proj"": 631.0}","{""mlp.down_proj"": -4.0, ""mlp.gate_proj"": -8.0, ""mlp.up_proj"": -1.0, ""self_attn.k_proj"": -3.0, ""self_attn.o_proj"": 3.0, ""self_attn.q_proj"": -6.0, ""self_attn.v_proj"": 0.0}","{""mlp.down_proj"": 0.0022197558268590455, ""mlp.gate_proj"": 0.021739130434782608, ""mlp.up_proj"": 0.000708215297450425, ""self_attn.k_proj"": 0.02702702702702703, ""self_attn.o_proj"": -0.0031446540880503146, ""self_attn.q_proj"": 0.038461538461538464, ""self_attn.v_proj"": 0.0}",-0.008125655214306969,0.7142857142857144,257.82857142857154,False,True
llama,offkd,320,E_general,E_general,0.1,14,5,equal5_non_qk,True,"mlp.down_proj,mlp.gate_proj,mlp.up_proj,self_attn.o_proj,self_attn.v_proj","self_attn.q_proj,self_attn.k_proj",703.4,704.6,703.4,-1.2,0.006197075963067499,0.0017030939540165278,"{""mlp.down_proj"": 1362.0, ""mlp.gate_proj"": 100.0, ""mlp.up_proj"": 923.0, ""self_attn.o_proj"": 659.0, ""self_attn.v_proj"": 479.0}","{""mlp.down_proj"": 1358.0, ""mlp.gate_proj"": 97.0, ""mlp.up_proj"": 922.0, ""self_attn.o_proj"": 661.0, ""self_attn.v_proj"": 479.0}","{""mlp.down_proj"": -4.0, ""mlp.gate_proj"": -3.0, ""mlp.up_proj"": -1.0, ""self_attn.o_proj"": 2.0, ""self_attn.v_proj"": 0.0}","{""mlp.down_proj"": 0.002936857562408223, ""mlp.gate_proj"": 0.03, ""mlp.up_proj"": 0.0010834236186348862, ""self_attn.o_proj"": -0.0030349013657056147, ""self_attn.v_proj"": 0.0}",0.006197075963067499,0.0,7,equal7,True,"mlp.down_proj,mlp.gate_proj,mlp.up_proj,self_attn.k_proj,self_attn.o_proj,self_attn.q_proj,self_attn.v_proj",,516.0,517.2857142857143,516.0,-1.2857142857142858,0.013116959021238689,0.002485501242750715,"{""mlp.down_proj"": 1362.0, ""mlp.gate_proj"": 100.0, ""mlp.up_proj"": 923.0, ""self_attn.k_proj"": 48.0, ""self_attn.o_proj"": 659.0, ""self_attn.q_proj"": 50.0, ""self_attn.v_proj"": 479.0}","{""mlp.down_proj"": 1358.0, ""mlp.gate_proj"": 97.0, ""mlp.up_proj"": 922.0, ""self_attn.k_proj"": 47.0, ""self_attn.o_proj"": 661.0, ""self_attn.q_proj"": 48.0, ""self_attn.v_proj"": 479.0}","{""mlp.down_proj"": -4.0, ""mlp.gate_proj"": -3.0, ""mlp.up_proj"": -1.0, ""self_attn.k_proj"": -1.0, ""self_attn.o_proj"": 2.0, ""self_attn.q_proj"": -2.0, ""self_attn.v_proj"": 0.0}","{""mlp.down_proj"": 0.002936857562408223, ""mlp.gate_proj"": 0.03, ""mlp.up_proj"": 0.0010834236186348862, ""self_attn.k_proj"": 0.020833333333333332, ""self_attn.o_proj"": -0.0030349013657056147, ""self_attn.q_proj"": 0.04, ""self_attn.v_proj"": 0.0}",-0.00691988305817119,0.08571428571428585,187.39999999999998,False,True
llama,offkd,320,E_if,E_ifeval,0.01,14,5,equal5_non_qk,True,"mlp.down_proj,mlp.gate_proj,mlp.up_proj,self_attn.o_proj,self_attn.v_proj","self_attn.q_proj,self_attn.k_proj",1640.6,1652.8,1640.6,-12.2,0.007514839470230195,0.00738141335914814,"{""mlp.down_proj"": 2435.0, ""mlp.gate_proj"": 1309.0, ""mlp.up_proj"": 2178.0, ""self_attn.o_proj"": 1511.0, ""self_attn.v_proj"": 831.0}","{""mlp.down_proj"": 2420.0, ""mlp.gate_proj"": 1279.0, ""mlp.up_proj"": 2165.0, ""self_attn.o_proj"": 1509.0, ""self_attn.v_proj"": 830.0}","{""mlp.down_proj"": -15.0, ""mlp.gate_proj"": -30.0, ""mlp.up_proj"": -13.0, ""self_attn.o_proj"": -2.0, ""self_attn.v_proj"": -1.0}","{""mlp.down_proj"": 0.006160164271047228, ""mlp.gate_proj"": 0.02291825821237586, ""mlp.up_proj"": 0.005968778696051423, ""self_attn.o_proj"": 0.0013236267372600927, ""self_attn.v_proj"": 0.0012033694344163659}",0.0008175643727772533,0.0066972750974529415,7,equal7,True,"mlp.down_proj,mlp.gate_proj,mlp.up_proj,self_attn.k_proj,self_attn.o_proj,self_attn.q_proj,self_attn.v_proj",,1307.0,1319.857142857143,1307.0,-12.857142857142858,0.013816919250893992,0.009741313995021131,"{""mlp.down_proj"": 2435.0, ""mlp.gate_proj"": 1309.0, ""mlp.up_proj"": 2178.0, ""self_attn.k_proj"": 345.0, ""self_attn.o_proj"": 1511.0, ""self_attn.q_proj"": 630.0, ""self_attn.v_proj"": 831.0}","{""mlp.down_proj"": 2420.0, ""mlp.gate_proj"": 1279.0, ""mlp.up_proj"": 2165.0, ""self_attn.k_proj"": 335.0, ""self_attn.o_proj"": 1509.0, ""self_attn.q_proj"": 611.0, ""self_attn.v_proj"": 830.0}","{""mlp.down_proj"": -15.0, ""mlp.gate_proj"": -30.0, ""mlp.up_proj"": -13.0, ""self_attn.k_proj"": -10.0, ""self_attn.o_proj"": -2.0, ""self_attn.q_proj"": -19.0, ""self_attn.v_proj"": -1.0}","{""mlp.down_proj"": 0.006160164271047228, ""mlp.gate_proj"": 0.02291825821237586, ""mlp.up_proj"": 0.005968778696051423, ""self_attn.k_proj"": 0.028985507246376812, ""self_attn.o_proj"": 0.0013236267372600927, ""self_attn.q_proj"": 0.03015873015873016, ""self_attn.v_proj"": 0.0012033694344163659}",-0.006302079780663797,0.6571428571428584,333.5999999999999,False,True
llama,offkd,320,E_if,E_ifeval,0.025,14,5,equal5_non_qk,True,"mlp.down_proj,mlp.gate_proj,mlp.up_proj,self_attn.o_proj,self_attn.v_proj","self_attn.q_proj,self_attn.k_proj",1240.6,1254.0,1240.6,-13.4,0.012339918876291359,0.0106858054226476,"{""mlp.down_proj"": 2031.0, ""mlp.gate_proj"": 709.0, ""mlp.up_proj"": 1670.0, ""self_attn.o_proj"": 1157.0, ""self_attn.v_proj"": 703.0}","{""mlp.down_proj"": 2010.0, ""mlp.gate_proj"": 681.0, ""mlp.up_proj"": 1654.0, ""self_attn.o_proj"": 1156.0, ""self_attn.v_proj"": 702.0}","{""mlp.down_proj"": -21.0, ""mlp.gate_proj"": -28.0, ""mlp.up_proj"": -16.0, ""self_attn.o_proj"": -1.0, ""self_attn.v_proj"": -1.0}","{""mlp.down_proj"": 0.0103397341211226, ""mlp.gate_proj"": 0.039492242595204514, ""mlp.up_proj"": 0.009580838323353293, ""self_attn.o_proj"": 0.000864304235090752, ""self_attn.v_proj"": 0.001422475106685633}",0.002196137542374588,0.01014378133391677,7,equal7,True,"mlp.down_proj,mlp.gate_proj,mlp.up_proj,self_attn.k_proj,self_attn.o_proj,self_attn.q_proj,self_attn.v_proj",,954.2857142857143,966.7142857142857,954.2857142857143,-12.428571428571429,0.020143547763664504,0.01285650953155007,"{""mlp.down_proj"": 2031.0, ""mlp.gate_proj"": 709.0, ""mlp.up_proj"": 1670.0, ""self_attn.k_proj"": 188.0, ""self_attn.o_proj"": 1157.0, ""self_attn.q_proj"": 309.0, ""self_attn.v_proj"": 703.0}","{""mlp.down_proj"": 2010.0, ""mlp.gate_proj"": 681.0, ""mlp.up_proj"": 1654.0, ""self_attn.k_proj"": 181.0, ""self_attn.o_proj"": 1156.0, ""self_attn.q_proj"": 296.0, ""self_attn.v_proj"": 702.0}","{""mlp.down_proj"": -21.0, ""mlp.gate_proj"": -28.0, ""mlp.up_proj"": -16.0, ""self_attn.k_proj"": -7.0, ""self_attn.o_proj"": -1.0, ""self_attn.q_proj"": -13.0, ""self_attn.v_proj"": -1.0}","{""mlp.down_proj"": 0.0103397341211226, ""mlp.gate_proj"": 0.039492242595204514, ""mlp.up_proj"": 0.009580838323353293, ""self_attn.k_proj"": 0.03723404255319149, ""self_attn.o_proj"": 0.000864304235090752, ""self_attn.q_proj"": 0.042071197411003236, ""self_attn.v_proj"": 0.001422475106685633}",-0.007803628887373145,-0.9714285714285715,286.3142857142856,False,True
llama,offkd,320,E_if,E_ifeval,0.05,14,5,equal5_non_qk,True,"mlp.down_proj,mlp.gate_proj,mlp.up_proj,self_attn.o_proj,self_attn.v_proj","self_attn.q_proj,self_attn.k_proj",908.4,921.2,908.4,-12.8,0.0189920056977837,0.013894919669995731,"{""mlp.down_proj"": 1632.0, ""mlp.gate_proj"": 328.0, ""mlp.up_proj"": 1207.0, ""self_attn.o_proj"": 868.0, ""self_attn.v_proj"": 571.0}","{""mlp.down_proj"": 1609.0, ""mlp.gate_proj"": 308.0, ""mlp.up_proj"": 1190.0, ""self_attn.o_proj"": 866.0, ""self_attn.v_proj"": 569.0}","{""mlp.down_proj"": -23.0, ""mlp.gate_proj"": -20.0, ""mlp.up_proj"": -17.0, ""self_attn.o_proj"": -2.0, ""self_attn.v_proj"": -2.0}","{""mlp.down_proj"": 0.014093137254901961, ""mlp.gate_proj"": 0.06097560975609756, ""mlp.up_proj"": 0.014084507042253521, ""self_attn.o_proj"": 0.002304147465437788, ""self_attn.v_proj"": 0.0035026269702276708}",0.004304489494208353,0.014687516203575349,7,equal7,True,"mlp.down_proj,mlp.gate_proj,mlp.up_proj,self_attn.k_proj,self_attn.o_proj,self_attn.q_proj,self_attn.v_proj",,680.5714285714286,691.2857142857143,680.5714285714286,-10.714285714285714,0.02680402955305466,0.015499070055796746,"{""mlp.down_proj"": 1632.0, ""mlp.gate_proj"": 328.0, ""mlp.up_proj"": 1207.0, ""self_attn.k_proj"": 98.0, ""self_attn.o_proj"": 868.0, ""self_attn.q_proj"": 135.0, ""self_attn.v_proj"": 571.0}","{""mlp.down_proj"": 1609.0, ""mlp.gate_proj"": 308.0, ""mlp.up_proj"": 1190.0, ""self_attn.k_proj"": 94.0, ""self_attn.o_proj"": 866.0, ""self_attn.q_proj"": 128.0, ""self_attn.v_proj"": 569.0}","{""mlp.down_proj"": -23.0, ""mlp.gate_proj"": -20.0, ""mlp.up_proj"": -17.0, ""self_attn.k_proj"": -4.0, ""self_attn.o_proj"": -2.0, ""self_attn.q_proj"": -7.0, ""self_attn.v_proj"": -2.0}","{""mlp.down_proj"": 0.014093137254901961, ""mlp.gate_proj"": 0.06097560975609756, ""mlp.up_proj"": 0.014084507042253521, ""self_attn.k_proj"": 0.04081632653061224, ""self_attn.o_proj"": 0.002304147465437788, ""self_attn.q_proj"": 0.05185185185185185, ""self_attn.v_proj"": 0.0035026269702276708}",-0.0078120238552709595,-2.085714285714287,227.82857142857142,False,True
llama,offkd,320,E_if,E_ifeval,0.1,14,5,equal5_non_qk,True,"mlp.down_proj,mlp.gate_proj,mlp.up_proj,self_attn.o_proj,self_attn.v_proj","self_attn.q_proj,self_attn.k_proj",582.6,592.8,582.6,-10.2,0.026618122255471954,0.017206477732793407,"{""mlp.down_proj"": 1166.0, ""mlp.gate_proj"": 96.0, ""mlp.up_proj"": 722.0, ""self_attn.o_proj"": 572.0, ""self_attn.v_proj"": 408.0}","{""mlp.down_proj"": 1142.0, ""mlp.gate_proj"": 88.0, ""mlp.up_proj"": 707.0, ""self_attn.o_proj"": 570.0, ""self_attn.v_proj"": 406.0}","{""mlp.down_proj"": -24.0, ""mlp.gate_proj"": -8.0, ""mlp.up_proj"": -15.0, ""self_attn.o_proj"": -2.0, ""self_attn.v_proj"": -2.0}","{""mlp.down_proj"": 0.02058319039451115, ""mlp.gate_proj"": 0.08333333333333333, ""mlp.up_proj"": 0.02077562326869806, ""self_attn.o_proj"": 0.0034965034965034965, ""self_attn.v_proj"": 0.004901960784313725}",0.006197075963067499,0.020421046292404453,7,equal7,True,"mlp.down_proj,mlp.gate_proj,mlp.up_proj,self_attn.k_proj,self_attn.o_proj,self_attn.q_proj,self_attn.v_proj",,428.0,435.7142857142857,428.0,-7.714285714285714,0.02890781150591843,0.017704918032786905,"{""mlp.down_proj"": 1166.0, ""mlp.gate_proj"": 96.0, ""mlp.up_proj"": 722.0, ""self_attn.k_proj"": 42.0, ""self_attn.o_proj"": 572.0, ""self_attn.q_proj"": 44.0, ""self_attn.v_proj"": 408.0}","{""mlp.down_proj"": 1142.0, ""mlp.gate_proj"": 88.0, ""mlp.up_proj"": 707.0, ""self_attn.k_proj"": 41.0, ""self_attn.o_proj"": 570.0, ""self_attn.q_proj"": 42.0, ""self_attn.v_proj"": 406.0}","{""mlp.down_proj"": -24.0, ""mlp.gate_proj"": -8.0, ""mlp.up_proj"": -15.0, ""self_attn.k_proj"": -1.0, ""self_attn.o_proj"": -2.0, ""self_attn.q_proj"": -2.0, ""self_attn.v_proj"": -2.0}","{""mlp.down_proj"": 0.02058319039451115, ""mlp.gate_proj"": 0.08333333333333333, ""mlp.up_proj"": 0.02077562326869806, ""self_attn.k_proj"": 0.023809523809523808, ""self_attn.o_proj"": 0.0034965034965034965, ""self_attn.q_proj"": 0.045454545454545456, ""self_attn.v_proj"": 0.004901960784313725}",-0.002289689250446477,-2.485714285714285,154.60000000000002,False,True
llama,offkd,320,E_math,E_mathHeld,0.01,14,5,equal5_non_qk,True,"mlp.down_proj,mlp.gate_proj,mlp.up_proj,self_attn.o_proj,self_attn.v_proj","self_attn.q_proj,self_attn.k_proj",846.6,851.6,846.6,-5.0,0.0069050639828105945,0.0058713010803193985,"{""mlp.down_proj"": 1162.0, ""mlp.gate_proj"": 587.0, ""mlp.up_proj"": 1022.0, ""self_attn.o_proj"": 828.0, ""self_attn.v_proj"": 659.0}","{""mlp.down_proj"": 1155.0, ""mlp.gate_proj"": 572.0, ""mlp.up_proj"": 1015.0, ""self_attn.o_proj"": 835.0, ""self_attn.v_proj"": 656.0}","{""mlp.down_proj"": -7.0, ""mlp.gate_proj"": -15.0, ""mlp.up_proj"": -7.0, ""self_attn.o_proj"": 7.0, ""self_attn.v_proj"": -3.0}","{""mlp.down_proj"": 0.006024096385542169, ""mlp.gate_proj"": 0.02555366269165247, ""mlp.up_proj"": 0.00684931506849315, ""self_attn.o_proj"": -0.008454106280193236, ""self_attn.v_proj"": 0.004552352048558422}",0.0008175643727772533,0.006087499610033341,7,equal7,True,"mlp.down_proj,mlp.gate_proj,mlp.up_proj,self_attn.k_proj,self_attn.o_proj,self_attn.q_proj,self_attn.v_proj",,695.5714285714286,701.7142857142857,695.5714285714286,-6.142857142857143,0.012753468831881108,0.008754071661237739,"{""mlp.down_proj"": 1162.0, ""mlp.gate_proj"": 587.0, ""mlp.up_proj"": 1022.0, ""self_attn.k_proj"": 263.0, ""self_attn.o_proj"": 828.0, ""self_attn.q_proj"": 391.0, ""self_attn.v_proj"": 659.0}","{""mlp.down_proj"": 1155.0, ""mlp.gate_proj"": 572.0, ""mlp.up_proj"": 1015.0, ""self_attn.k_proj"": 256.0, ""self_attn.o_proj"": 835.0, ""self_attn.q_proj"": 380.0, ""self_attn.v_proj"": 656.0}","{""mlp.down_proj"": -7.0, ""mlp.gate_proj"": -15.0, ""mlp.up_proj"": -7.0, ""self_attn.k_proj"": -7.0, ""self_attn.o_proj"": 7.0, ""self_attn.q_proj"": -11.0, ""self_attn.v_proj"": -3.0}","{""mlp.down_proj"": 0.006024096385542169, ""mlp.gate_proj"": 0.02555366269165247, ""mlp.up_proj"": 0.00684931506849315, ""self_attn.k_proj"": 0.026615969581749048, ""self_attn.o_proj"": -0.008454106280193236, ""self_attn.q_proj"": 0.028132992327365727, ""self_attn.v_proj"": 0.004552352048558422}",-0.005848404849070513,1.1428571428571432,151.02857142857147,False,True
llama,offkd,320,E_math,E_mathHeld,0.025,14,5,equal5_non_qk,True,"mlp.down_proj,mlp.gate_proj,mlp.up_proj,self_attn.o_proj,self_attn.v_proj","self_attn.q_proj,self_attn.k_proj",616.8,621.6,616.8,-4.8,0.010549466874768718,0.0077220077220078315,"{""mlp.down_proj"": 912.0, ""mlp.gate_proj"": 322.0, ""mlp.up_proj"": 751.0, ""self_attn.o_proj"": 607.0, ""self_attn.v_proj"": 516.0}","{""mlp.down_proj"": 904.0, ""mlp.gate_proj"": 309.0, ""mlp.up_proj"": 744.0, ""self_attn.o_proj"": 614.0, ""self_attn.v_proj"": 513.0}","{""mlp.down_proj"": -8.0, ""mlp.gate_proj"": -13.0, ""mlp.up_proj"": -7.0, ""self_attn.o_proj"": 7.0, ""self_attn.v_proj"": -3.0}","{""mlp.down_proj"": 0.008771929824561403, ""mlp.gate_proj"": 0.040372670807453416, ""mlp.up_proj"": 0.009320905459387484, ""self_attn.o_proj"": -0.011532125205930808, ""self_attn.v_proj"": 0.005813953488372093}",0.002196137542374588,0.00835332933239413,7,equal7,True,"mlp.down_proj,mlp.gate_proj,mlp.up_proj,self_attn.k_proj,self_attn.o_proj,self_attn.q_proj,self_attn.v_proj",,489.85714285714283,495.14285714285717,489.85714285714283,-5.285714285714286,0.017791743738387912,0.010675129832660224,"{""mlp.down_proj"": 912.0, ""mlp.gate_proj"": 322.0, ""mlp.up_proj"": 751.0, ""self_attn.k_proj"": 150.0, ""self_attn.o_proj"": 607.0, ""self_attn.q_proj"": 208.0, ""self_attn.v_proj"": 516.0}","{""mlp.down_proj"": 904.0, ""mlp.gate_proj"": 309.0, ""mlp.up_proj"": 744.0, ""self_attn.k_proj"": 145.0, ""self_attn.o_proj"": 614.0, ""self_attn.q_proj"": 200.0, ""self_attn.v_proj"": 513.0}","{""mlp.down_proj"": -8.0, ""mlp.gate_proj"": -13.0, ""mlp.up_proj"": -7.0, ""self_attn.k_proj"": -5.0, ""self_attn.o_proj"": 7.0, ""self_attn.q_proj"": -8.0, ""self_attn.v_proj"": -3.0}","{""mlp.down_proj"": 0.008771929824561403, ""mlp.gate_proj"": 0.040372670807453416, ""mlp.up_proj"": 0.009320905459387484, ""self_attn.k_proj"": 0.03333333333333333, ""self_attn.o_proj"": -0.011532125205930808, ""self_attn.q_proj"": 0.038461538461538464, ""self_attn.v_proj"": 0.005813953488372093}",-0.007242276863619194,0.48571428571428577,126.94285714285712,False,True
llama,offkd,320,E_math,E_mathHeld,0.05,14,5,equal5_non_qk,True,"mlp.down_proj,mlp.gate_proj,mlp.up_proj,self_attn.o_proj,self_attn.v_proj","self_attn.q_proj,self_attn.k_proj",442.8,446.2,442.8,-3.4,0.01359894301026531,0.007619901389511379,"{""mlp.down_proj"": 701.0, ""mlp.gate_proj"": 158.0, ""mlp.up_proj"": 534.0, ""self_attn.o_proj"": 441.0, ""self_attn.v_proj"": 397.0}","{""mlp.down_proj"": 694.0, ""mlp.gate_proj"": 149.0, ""mlp.up_proj"": 529.0, ""self_attn.o_proj"": 448.0, ""self_attn.v_proj"": 394.0}","{""mlp.down_proj"": -7.0, ""mlp.gate_proj"": -9.0, ""mlp.up_proj"": -5.0, ""self_attn.o_proj"": 7.0, ""self_attn.v_proj"": -3.0}","{""mlp.down_proj"": 0.009985734664764621, ""mlp.gate_proj"": 0.056962025316455694, ""mlp.up_proj"": 0.009363295880149813, ""self_attn.o_proj"": -0.015873015873015872, ""self_attn.v_proj"": 0.007556675062972292}",0.004304489494208353,0.009294453516056957,7,equal7,True,"mlp.down_proj,mlp.gate_proj,mlp.up_proj,self_attn.k_proj,self_attn.o_proj,self_attn.q_proj,self_attn.v_proj",,341.85714285714283,345.42857142857144,341.85714285714283,-3.5714285714285716,0.021750384298000087,0.010339123242349165,"{""mlp.down_proj"": 701.0, ""mlp.gate_proj"": 158.0, ""mlp.up_proj"": 534.0, ""self_attn.k_proj"": 84.0, ""self_attn.o_proj"": 441.0, ""self_attn.q_proj"": 103.0, ""self_attn.v_proj"": 397.0}","{""mlp.down_proj"": 694.0, ""mlp.gate_proj"": 149.0, ""mlp.up_proj"": 529.0, ""self_attn.k_proj"": 81.0, ""self_attn.o_proj"": 448.0, ""self_attn.q_proj"": 98.0, ""self_attn.v_proj"": 394.0}","{""mlp.down_proj"": -7.0, ""mlp.gate_proj"": -9.0, ""mlp.up_proj"": -5.0, ""self_attn.k_proj"": -3.0, ""self_attn.o_proj"": 7.0, ""self_attn.q_proj"": -5.0, ""self_attn.v_proj"": -3.0}","{""mlp.down_proj"": 0.009985734664764621, ""mlp.gate_proj"": 0.056962025316455694, ""mlp.up_proj"": 0.009363295880149813, ""self_attn.k_proj"": 0.03571428571428571, ""self_attn.o_proj"": -0.015873015873015872, ""self_attn.q_proj"": 0.04854368932038835, ""self_attn.v_proj"": 0.007556675062972292}",-0.008151441287734778,0.1714285714285717,100.94285714285718,False,True
llama,offkd,320,E_math,E_mathHeld,0.1,14,5,equal5_non_qk,True,"mlp.down_proj,mlp.gate_proj,mlp.up_proj,self_attn.o_proj,self_attn.v_proj","self_attn.q_proj,self_attn.k_proj",281.2,283.2,281.2,-2.0,0.02200818643054668,0.007062146892655367,"{""mlp.down_proj"": 483.0, ""mlp.gate_proj"": 49.0, ""mlp.up_proj"": 325.0, ""self_attn.o_proj"": 286.0, ""self_attn.v_proj"": 273.0}","{""mlp.down_proj"": 477.0, ""mlp.gate_proj"": 44.0, ""mlp.up_proj"": 322.0, ""self_attn.o_proj"": 292.0, ""self_attn.v_proj"": 271.0}","{""mlp.down_proj"": -6.0, ""mlp.gate_proj"": -5.0, ""mlp.up_proj"": -3.0, ""self_attn.o_proj"": 6.0, ""self_attn.v_proj"": -2.0}","{""mlp.down_proj"": 0.012422360248447204, ""mlp.gate_proj"": 0.10204081632653061, ""mlp.up_proj"": 0.009230769230769232, ""self_attn.o_proj"": -0.02097902097902098, ""self_attn.v_proj"": 0.007326007326007326}",0.006197075963067499,0.015811110467479184,7,equal7,True,"mlp.down_proj,mlp.gate_proj,mlp.up_proj,self_attn.k_proj,self_attn.o_proj,self_attn.q_proj,self_attn.v_proj",,211.57142857142858,213.14285714285714,211.57142857142858,-1.5714285714285714,0.019479531660916805,0.007372654155495903,"{""mlp.down_proj"": 483.0, ""mlp.gate_proj"": 49.0, ""mlp.up_proj"": 325.0, ""self_attn.k_proj"": 38.0, ""self_attn.o_proj"": 286.0, ""self_attn.q_proj"": 38.0, ""self_attn.v_proj"": 273.0}","{""mlp.down_proj"": 477.0, ""mlp.gate_proj"": 44.0, ""mlp.up_proj"": 322.0, ""self_attn.k_proj"": 38.0, ""self_attn.o_proj"": 292.0, ""self_attn.q_proj"": 37.0, ""self_attn.v_proj"": 271.0}","{""mlp.down_proj"": -6.0, ""mlp.gate_proj"": -5.0, ""mlp.up_proj"": -3.0, ""self_attn.k_proj"": 0.0, ""self_attn.o_proj"": 6.0, ""self_attn.q_proj"": -1.0, ""self_attn.v_proj"": -2.0}","{""mlp.down_proj"": 0.012422360248447204, ""mlp.gate_proj"": 0.10204081632653061, ""mlp.up_proj"": 0.009230769230769232, ""self_attn.k_proj"": 0.0, ""self_attn.o_proj"": -0.02097902097902098, ""self_attn.q_proj"": 0.02631578947368421, ""self_attn.v_proj"": 0.007326007326007326}",0.0025286547696298754,-0.4285714285714286,69.6285714285714,False,True
llama,offkd,320,E_ood,E_mmluPro,0.01,14,5,equal5_non_qk,True,"mlp.down_proj,mlp.gate_proj,mlp.up_proj,self_attn.o_proj,self_attn.v_proj","self_attn.q_proj,self_attn.k_proj",1684.4,1694.2,1684.4,-9.8,0.006046695642565304,0.00578444103411637,"{""mlp.down_proj"": 2452.0, ""mlp.gate_proj"": 1352.0, ""mlp.up_proj"": 2263.0, ""self_attn.o_proj"": 1556.0, ""self_attn.v_proj"": 848.0}","{""mlp.down_proj"": 2443.0, ""mlp.gate_proj"": 1328.0, ""mlp.up_proj"": 2253.0, ""self_attn.o_proj"": 1551.0, ""self_attn.v_proj"": 847.0}","{""mlp.down_proj"": -9.0, ""mlp.gate_proj"": -24.0, ""mlp.up_proj"": -10.0, ""self_attn.o_proj"": -5.0, ""self_attn.v_proj"": -1.0}","{""mlp.down_proj"": 0.00367047308319739, ""mlp.gate_proj"": 0.01775147928994083, ""mlp.up_proj"": 0.004418912947414936, ""self_attn.o_proj"": 0.003213367609254499, ""self_attn.v_proj"": 0.0011792452830188679}",0.0008175643727772533,0.005229131269788051,7,equal7,True,"mlp.down_proj,mlp.gate_proj,mlp.up_proj,self_attn.k_proj,self_attn.o_proj,self_attn.q_proj,self_attn.v_proj",,1333.142857142857,1343.5714285714287,1333.142857142857,-10.428571428571429,0.011951743667601199,0.00776182881446049,"{""mlp.down_proj"": 2452.0, ""mlp.gate_proj"": 1352.0, ""mlp.up_proj"": 2263.0, ""self_attn.k_proj"": 331.0, ""self_attn.o_proj"": 1556.0, ""self_attn.q_proj"": 603.0, ""self_attn.v_proj"": 848.0}","{""mlp.down_proj"": 2443.0, ""mlp.gate_proj"": 1328.0, ""mlp.up_proj"": 2253.0, ""self_attn.k_proj"": 321.0, ""self_attn.o_proj"": 1551.0, ""self_attn.q_proj"": 589.0, ""self_attn.v_proj"": 847.0}","{""mlp.down_proj"": -9.0, ""mlp.gate_proj"": -24.0, ""mlp.up_proj"": -10.0, ""self_attn.k_proj"": -10.0, ""self_attn.o_proj"": -5.0, ""self_attn.q_proj"": -14.0, ""self_attn.v_proj"": -1.0}","{""mlp.down_proj"": 0.00367047308319739, ""mlp.gate_proj"": 0.01775147928994083, ""mlp.up_proj"": 0.004418912947414936, ""self_attn.k_proj"": 0.030211480362537766, ""self_attn.o_proj"": 0.003213367609254499, ""self_attn.q_proj"": 0.02321724709784411, ""self_attn.v_proj"": 0.0011792452830188679}",-0.005905048025035895,0.6285714285714281,351.257142857143,False,True
llama,offkd,320,E_ood,E_mmluPro,0.025,14,5,equal5_non_qk,True,"mlp.down_proj,mlp.gate_proj,mlp.up_proj,self_attn.o_proj,self_attn.v_proj","self_attn.q_proj,self_attn.k_proj",1285.2,1296.6,1285.2,-11.4,0.010577908102762908,0.008792225821378886,"{""mlp.down_proj"": 2058.0, ""mlp.gate_proj"": 731.0, ""mlp.up_proj"": 1775.0, ""self_attn.o_proj"": 1191.0, ""self_attn.v_proj"": 728.0}","{""mlp.down_proj"": 2045.0, ""mlp.gate_proj"": 708.0, ""mlp.up_proj"": 1762.0, ""self_attn.o_proj"": 1185.0, ""self_attn.v_proj"": 726.0}","{""mlp.down_proj"": -13.0, ""mlp.gate_proj"": -23.0, ""mlp.up_proj"": -13.0, ""self_attn.o_proj"": -6.0, ""self_attn.v_proj"": -2.0}","{""mlp.down_proj"": 0.006316812439261419, ""mlp.gate_proj"": 0.03146374829001368, ""mlp.up_proj"": 0.007323943661971831, ""self_attn.o_proj"": 0.005037783375314861, ""self_attn.v_proj"": 0.0027472527472527475}",0.002196137542374588,0.00838177056038832,7,equal7,True,"mlp.down_proj,mlp.gate_proj,mlp.up_proj,self_attn.k_proj,self_attn.o_proj,self_attn.q_proj,self_attn.v_proj",,982.1428571428571,992.7142857142857,982.1428571428571,-10.571428571428571,0.018133943633237996,0.01064901424665418,"{""mlp.down_proj"": 2058.0, ""mlp.gate_proj"": 731.0, ""mlp.up_proj"": 1775.0, ""self_attn.k_proj"": 178.0, ""self_attn.o_proj"": 1191.0, ""self_attn.q_proj"": 288.0, ""self_attn.v_proj"": 728.0}","{""mlp.down_proj"": 2045.0, ""mlp.gate_proj"": 708.0, ""mlp.up_proj"": 1762.0, ""self_attn.k_proj"": 171.0, ""self_attn.o_proj"": 1185.0, ""self_attn.q_proj"": 278.0, ""self_attn.v_proj"": 726.0}","{""mlp.down_proj"": -13.0, ""mlp.gate_proj"": -23.0, ""mlp.up_proj"": -13.0, ""self_attn.k_proj"": -7.0, ""self_attn.o_proj"": -6.0, ""self_attn.q_proj"": -10.0, ""self_attn.v_proj"": -2.0}","{""mlp.down_proj"": 0.006316812439261419, ""mlp.gate_proj"": 0.03146374829001368, ""mlp.up_proj"": 0.007323943661971831, ""self_attn.k_proj"": 0.03932584269662921, ""self_attn.o_proj"": 0.005037783375314861, ""self_attn.q_proj"": 0.034722222222222224, ""self_attn.v_proj"": 0.0027472527472527475}",-0.007556035530475088,-0.8285714285714292,303.05714285714294,False,True
llama,offkd,320,E_ood,E_mmluPro,0.05,14,5,equal5_non_qk,True,"mlp.down_proj,mlp.gate_proj,mlp.up_proj,self_attn.o_proj,self_attn.v_proj","self_attn.q_proj,self_attn.k_proj",951.0,961.6,951.0,-10.6,0.016285239532097394,0.011023294509151437,"{""mlp.down_proj"": 1669.0, ""mlp.gate_proj"": 327.0, ""mlp.up_proj"": 1319.0, ""self_attn.o_proj"": 891.0, ""self_attn.v_proj"": 602.0}","{""mlp.down_proj"": 1654.0, ""mlp.gate_proj"": 310.0, ""mlp.up_proj"": 1306.0, ""self_attn.o_proj"": 886.0, ""self_attn.v_proj"": 599.0}","{""mlp.down_proj"": -15.0, ""mlp.gate_proj"": -17.0, ""mlp.up_proj"": -13.0, ""self_attn.o_proj"": -5.0, ""self_attn.v_proj"": -3.0}","{""mlp.down_proj"": 0.008987417615338526, ""mlp.gate_proj"": 0.05198776758409786, ""mlp.up_proj"": 0.009855951478392721, ""self_attn.o_proj"": 0.005611672278338945, ""self_attn.v_proj"": 0.0049833887043189366}",0.004304489494208353,0.011980750037889041,7,equal7,True,"mlp.down_proj,mlp.gate_proj,mlp.up_proj,self_attn.k_proj,self_attn.o_proj,self_attn.q_proj,self_attn.v_proj",,708.4285714285714,717.4285714285714,708.4285714285714,-9.0,0.02488038991734414,0.012544802867383513,"{""mlp.down_proj"": 1669.0, ""mlp.gate_proj"": 327.0, ""mlp.up_proj"": 1319.0, ""self_attn.k_proj"": 91.0, ""self_attn.o_proj"": 891.0, ""self_attn.q_proj"": 123.0, ""self_attn.v_proj"": 602.0}","{""mlp.down_proj"": 1654.0, ""mlp.gate_proj"": 310.0, ""mlp.up_proj"": 1306.0, ""self_attn.k_proj"": 87.0, ""self_attn.o_proj"": 886.0, ""self_attn.q_proj"": 117.0, ""self_attn.v_proj"": 599.0}","{""mlp.down_proj"": -15.0, ""mlp.gate_proj"": -17.0, ""mlp.up_proj"": -13.0, ""self_attn.k_proj"": -4.0, ""self_attn.o_proj"": -5.0, ""self_attn.q_proj"": -6.0, ""self_attn.v_proj"": -3.0}","{""mlp.down_proj"": 0.008987417615338526, ""mlp.gate_proj"": 0.05198776758409786, ""mlp.up_proj"": 0.009855951478392721, ""self_attn.k_proj"": 0.04395604395604396, ""self_attn.o_proj"": 0.005611672278338945, ""self_attn.q_proj"": 0.04878048780487805, ""self_attn.v_proj"": 0.0049833887043189366}",-0.008595150385246747,-1.5999999999999996,242.57142857142856,False,True
llama,offkd,320,E_ood,E_mmluPro,0.1,14,5,equal5_non_qk,True,"mlp.down_proj,mlp.gate_proj,mlp.up_proj,self_attn.o_proj,self_attn.v_proj","self_attn.q_proj,self_attn.k_proj",622.0,630.6,622.0,-8.6,0.02574997432832076,0.013637805264827184,"{""mlp.down_proj"": 1213.0, ""mlp.gate_proj"": 83.0, ""mlp.up_proj"": 825.0, ""self_attn.o_proj"": 586.0, ""self_attn.v_proj"": 446.0}","{""mlp.down_proj"": 1198.0, ""mlp.gate_proj"": 76.0, ""mlp.up_proj"": 813.0, ""self_attn.o_proj"": 581.0, ""self_attn.v_proj"": 442.0}","{""mlp.down_proj"": -15.0, ""mlp.gate_proj"": -7.0, ""mlp.up_proj"": -12.0, ""self_attn.o_proj"": -5.0, ""self_attn.v_proj"": -4.0}","{""mlp.down_proj"": 0.01236603462489695, ""mlp.gate_proj"": 0.08433734939759036, ""mlp.up_proj"": 0.014545454545454545, ""self_attn.o_proj"": 0.008532423208191127, ""self_attn.v_proj"": 0.008968609865470852}",0.006197075963067499,0.019552898365253264,7,equal7,True,"mlp.down_proj,mlp.gate_proj,mlp.up_proj,self_attn.k_proj,self_attn.o_proj,self_attn.q_proj,self_attn.v_proj",,455.42857142857144,461.85714285714283,455.42857142857144,-6.428571428571429,0.025361479920925984,0.013918960717599665,"{""mlp.down_proj"": 1213.0, ""mlp.gate_proj"": 83.0, ""mlp.up_proj"": 825.0, ""self_attn.k_proj"": 39.0, ""self_attn.o_proj"": 586.0, ""self_attn.q_proj"": 41.0, ""self_attn.v_proj"": 446.0}","{""mlp.down_proj"": 1198.0, ""mlp.gate_proj"": 76.0, ""mlp.up_proj"": 813.0, ""self_attn.k_proj"": 39.0, ""self_attn.o_proj"": 581.0, ""self_attn.q_proj"": 39.0, ""self_attn.v_proj"": 442.0}","{""mlp.down_proj"": -15.0, ""mlp.gate_proj"": -7.0, ""mlp.up_proj"": -12.0, ""self_attn.k_proj"": 0.0, ""self_attn.o_proj"": -5.0, ""self_attn.q_proj"": -2.0, ""self_attn.v_proj"": -4.0}","{""mlp.down_proj"": 0.01236603462489695, ""mlp.gate_proj"": 0.08433734939759036, ""mlp.up_proj"": 0.014545454545454545, ""self_attn.k_proj"": 0.0, ""self_attn.o_proj"": 0.008532423208191127, ""self_attn.q_proj"": 0.04878048780487805, ""self_attn.v_proj"": 0.008968609865470852}",0.0003884944073947773,-2.171428571428571,166.57142857142856,False,True
llama,opd,5,E_general,E_general,0.01,14,5,equal5_non_qk,True,"mlp.down_proj,mlp.gate_proj,mlp.up_proj,self_attn.o_proj,self_attn.v_proj","self_attn.q_proj,self_attn.k_proj",1737.2,1737.8,1737.2,-0.6,0.0003954845091371182,0.00034526412705714645,"{""mlp.down_proj"": 2529.0, ""mlp.gate_proj"": 1399.0, ""mlp.up_proj"": 2314.0, ""self_attn.o_proj"": 1584.0, ""self_attn.v_proj"": 863.0}","{""mlp.down_proj"": 2529.0, ""mlp.gate_proj"": 1398.0, ""mlp.up_proj"": 2314.0, ""self_attn.o_proj"": 1582.0, ""self_attn.v_proj"": 863.0}","{""mlp.down_proj"": 0.0, ""mlp.gate_proj"": -1.0, ""mlp.up_proj"": 0.0, ""self_attn.o_proj"": -2.0, ""self_attn.v_proj"": 0.0}","{""mlp.down_proj"": 0.0, ""mlp.gate_proj"": 0.0007147962830593281, ""mlp.up_proj"": 0.0, ""self_attn.o_proj"": 0.0012626262626262627, ""self_attn.v_proj"": 0.0}",0.0003954845091371182,0.0,7,equal7,True,"mlp.down_proj,mlp.gate_proj,mlp.up_proj,self_attn.k_proj,self_attn.o_proj,self_attn.q_proj,self_attn.v_proj",,1393.4285714285713,1393.7142857142858,1393.4285714285713,-0.2857142857142857,7.604797721189697e-05,0.00020500205002061672,"{""mlp.down_proj"": 2529.0, ""mlp.gate_proj"": 1399.0, ""mlp.up_proj"": 2314.0, ""self_attn.k_proj"": 375.0, ""self_attn.o_proj"": 1584.0, ""self_attn.q_proj"": 692.0, ""self_attn.v_proj"": 863.0}","{""mlp.down_proj"": 2529.0, ""mlp.gate_proj"": 1398.0, ""mlp.up_proj"": 2314.0, ""self_attn.k_proj"": 375.0, ""self_attn.o_proj"": 1582.0, ""self_attn.q_proj"": 693.0, ""self_attn.v_proj"": 863.0}","{""mlp.down_proj"": 0.0, ""mlp.gate_proj"": -1.0, ""mlp.up_proj"": 0.0, ""self_attn.k_proj"": 0.0, ""self_attn.o_proj"": -2.0, ""self_attn.q_proj"": 1.0, ""self_attn.v_proj"": 0.0}","{""mlp.down_proj"": 0.0, ""mlp.gate_proj"": 0.0007147962830593281, ""mlp.up_proj"": 0.0, ""self_attn.k_proj"": 0.0, ""self_attn.o_proj"": 0.0012626262626262627, ""self_attn.q_proj"": -0.001445086705202312, ""self_attn.v_proj"": 0.0}",0.0003194365319252212,-0.3142857142857143,343.7714285714287,False,True
llama,opd,5,E_general,E_general,0.025,14,5,equal5_non_qk,True,"mlp.down_proj,mlp.gate_proj,mlp.up_proj,self_attn.o_proj,self_attn.v_proj","self_attn.q_proj,self_attn.k_proj",1358.0,1358.4,1358.0,-0.4,0.0002695422492210316,0.0002944640753828702,"{""mlp.down_proj"": 2167.0, ""mlp.gate_proj"": 784.0, ""mlp.up_proj"": 1852.0, ""self_attn.o_proj"": 1238.0, ""self_attn.v_proj"": 751.0}","{""mlp.down_proj"": 2167.0, ""mlp.gate_proj"": 784.0, ""mlp.up_proj"": 1851.0, ""self_attn.o_proj"": 1237.0, ""self_attn.v_proj"": 751.0}","{""mlp.down_proj"": 0.0, ""mlp.gate_proj"": 0.0, ""mlp.up_proj"": -1.0, ""self_attn.o_proj"": -1.0, ""self_attn.v_proj"": 0.0}","{""mlp.down_proj"": 0.0, ""mlp.gate_proj"": 0.0, ""mlp.up_proj"": 0.0005399568034557236, ""self_attn.o_proj"": 0.0008077544426494346, ""self_attn.v_proj"": 0.0}",0.0002695422492210316,0.0,7,equal7,True,"mlp.down_proj,mlp.gate_proj,mlp.up_proj,self_attn.k_proj,self_attn.o_proj,self_attn.q_proj,self_attn.v_proj",,1050.5714285714287,1050.7142857142858,1050.5714285714287,-0.14285714285714285,-0.00021447022898538436,0.00013596193065938444,"{""mlp.down_proj"": 2167.0, ""mlp.gate_proj"": 784.0, ""mlp.up_proj"": 1852.0, ""self_attn.k_proj"": 212.0, ""self_attn.o_proj"": 1238.0, ""self_attn.q_proj"": 351.0, ""self_attn.v_proj"": 751.0}","{""mlp.down_proj"": 2167.0, ""mlp.gate_proj"": 784.0, ""mlp.up_proj"": 1851.0, ""self_attn.k_proj"": 212.0, ""self_attn.o_proj"": 1237.0, ""self_attn.q_proj"": 352.0, ""self_attn.v_proj"": 751.0}","{""mlp.down_proj"": 0.0, ""mlp.gate_proj"": 0.0, ""mlp.up_proj"": -1.0, ""self_attn.k_proj"": 0.0, ""self_attn.o_proj"": -1.0, ""self_attn.q_proj"": 1.0, ""self_attn.v_proj"": 0.0}","{""mlp.down_proj"": 0.0, ""mlp.gate_proj"": 0.0, ""mlp.up_proj"": 0.0005399568034557236, ""self_attn.k_proj"": 0.0, ""self_attn.o_proj"": 0.0008077544426494346, ""self_attn.q_proj"": -0.002849002849002849, ""self_attn.v_proj"": 0.0}",0.000484012478206416,-0.2571428571428572,307.42857142857133,True,True
llama,opd,5,E_general,E_general,0.05,14,5,equal5_non_qk,True,"mlp.down_proj,mlp.gate_proj,mlp.up_proj,self_attn.o_proj,self_attn.v_proj","self_attn.q_proj,self_attn.k_proj",1032.8,1033.4,1032.8,-0.6,0.0008641096580825385,0.0005806077027289882,"{""mlp.down_proj"": 1802.0, ""mlp.gate_proj"": 368.0, ""mlp.up_proj"": 1412.0, ""self_attn.o_proj"": 954.0, ""self_attn.v_proj"": 631.0}","{""mlp.down_proj"": 1801.0, ""mlp.gate_proj"": 367.0, ""mlp.up_proj"": 1412.0, ""self_attn.o_proj"": 953.0, ""self_attn.v_proj"": 631.0}","{""mlp.down_proj"": -1.0, ""mlp.gate_proj"": -1.0, ""mlp.up_proj"": 0.0, ""self_attn.o_proj"": -1.0, ""self_attn.v_proj"": 0.0}","{""mlp.down_proj"": 0.0005549389567147614, ""mlp.gate_proj"": 0.002717391304347826, ""mlp.up_proj"": 0.0, ""self_attn.o_proj"": 0.0010482180293501049, ""self_attn.v_proj"": 0.0}",0.0008641096580825385,0.0,7,equal7,True,"mlp.down_proj,mlp.gate_proj,mlp.up_proj,self_attn.k_proj,self_attn.o_proj,self_attn.q_proj,self_attn.v_proj",,776.1428571428571,776.2857142857143,776.1428571428571,-0.14285714285714285,-0.0015855310184075323,0.0001840264998160781,"{""mlp.down_proj"": 1802.0, ""mlp.gate_proj"": 368.0, ""mlp.up_proj"": 1412.0, ""self_attn.k_proj"": 111.0, ""self_attn.o_proj"": 954.0, ""self_attn.q_proj"": 156.0, ""self_attn.v_proj"": 631.0}","{""mlp.down_proj"": 1801.0, ""mlp.gate_proj"": 367.0, ""mlp.up_proj"": 1412.0, ""self_attn.k_proj"": 112.0, ""self_attn.o_proj"": 953.0, ""self_attn.q_proj"": 157.0, ""self_attn.v_proj"": 631.0}","{""mlp.down_proj"": -1.0, ""mlp.gate_proj"": -1.0, ""mlp.up_proj"": 0.0, ""self_attn.k_proj"": 1.0, ""self_attn.o_proj"": -1.0, ""self_attn.q_proj"": 1.0, ""self_attn.v_proj"": 0.0}","{""mlp.down_proj"": 0.0005549389567147614, ""mlp.gate_proj"": 0.002717391304347826, ""mlp.up_proj"": 0.0, ""self_attn.k_proj"": -0.009009009009009009, ""self_attn.o_proj"": 0.0010482180293501049, ""self_attn.q_proj"": -0.00641025641025641, ""self_attn.v_proj"": 0.0}",0.002449640676490071,-0.45714285714285713,256.65714285714284,True,True
llama,opd,5,E_general,E_general,0.1,14,5,equal5_non_qk,True,"mlp.down_proj,mlp.gate_proj,mlp.up_proj,self_attn.o_proj,self_attn.v_proj","self_attn.q_proj,self_attn.k_proj",704.2,704.6,704.2,-0.4,0.0006069802731411229,0.0005676979846721221,"{""mlp.down_proj"": 1362.0, ""mlp.gate_proj"": 100.0, ""mlp.up_proj"": 923.0, ""self_attn.o_proj"": 659.0, ""self_attn.v_proj"": 479.0}","{""mlp.down_proj"": 1362.0, ""mlp.gate_proj"": 100.0, ""mlp.up_proj"": 923.0, ""self_attn.o_proj"": 657.0, ""self_attn.v_proj"": 479.0}","{""mlp.down_proj"": 0.0, ""mlp.gate_proj"": 0.0, ""mlp.up_proj"": 0.0, ""self_attn.o_proj"": -2.0, ""self_attn.v_proj"": 0.0}","{""mlp.down_proj"": 0.0, ""mlp.gate_proj"": 0.0, ""mlp.up_proj"": 0.0, ""self_attn.o_proj"": 0.0030349013657056147, ""self_attn.v_proj"": 0.0}",0.0006069802731411229,0.0,7,equal7,True,"mlp.down_proj,mlp.gate_proj,mlp.up_proj,self_attn.k_proj,self_attn.o_proj,self_attn.q_proj,self_attn.v_proj",,517.0,517.2857142857143,517.0,-0.2857142857142857,0.00043355733795794494,0.0005523336095002322,"{""mlp.down_proj"": 1362.0, ""mlp.gate_proj"": 100.0, ""mlp.up_proj"": 923.0, ""self_attn.k_proj"": 48.0, ""self_attn.o_proj"": 659.0, ""self_attn.q_proj"": 50.0, ""self_attn.v_proj"": 479.0}","{""mlp.down_proj"": 1362.0, ""mlp.gate_proj"": 100.0, ""mlp.up_proj"": 923.0, ""self_attn.k_proj"": 48.0, ""self_attn.o_proj"": 657.0, ""self_attn.q_proj"": 50.0, ""self_attn.v_proj"": 479.0}","{""mlp.down_proj"": 0.0, ""mlp.gate_proj"": 0.0, ""mlp.up_proj"": 0.0, ""self_attn.k_proj"": 0.0, ""self_attn.o_proj"": -2.0, ""self_attn.q_proj"": 0.0, ""self_attn.v_proj"": 0.0}","{""mlp.down_proj"": 0.0, ""mlp.gate_proj"": 0.0, ""mlp.up_proj"": 0.0, ""self_attn.k_proj"": 0.0, ""self_attn.o_proj"": 0.0030349013657056147, ""self_attn.q_proj"": 0.0, ""self_attn.v_proj"": 0.0}",0.00017342293518317797,-0.11428571428571432,187.20000000000005,False,True
llama,opd,5,E_if,E_ifeval,0.01,14,5,equal5_non_qk,True,"mlp.down_proj,mlp.gate_proj,mlp.up_proj,self_attn.o_proj,self_attn.v_proj","self_attn.q_proj,self_attn.k_proj",1652.2,1652.8,1652.2,-0.6,0.00041751373553452424,0.00036302032913837674,"{""mlp.down_proj"": 2435.0, ""mlp.gate_proj"": 1309.0, ""mlp.up_proj"": 2178.0, ""self_attn.o_proj"": 1511.0, ""self_attn.v_proj"": 831.0}","{""mlp.down_proj"": 2435.0, ""mlp.gate_proj"": 1308.0, ""mlp.up_proj"": 2178.0, ""self_attn.o_proj"": 1509.0, ""self_attn.v_proj"": 831.0}","{""mlp.down_proj"": 0.0, ""mlp.gate_proj"": -1.0, ""mlp.up_proj"": 0.0, ""self_attn.o_proj"": -2.0, ""self_attn.v_proj"": 0.0}","{""mlp.down_proj"": 0.0, ""mlp.gate_proj"": 0.0007639419404125286, ""mlp.up_proj"": 0.0, ""self_attn.o_proj"": 0.0013236267372600927, ""self_attn.v_proj"": 0.0}",0.0003954845091371182,2.2029226397406046e-05,7,equal7,True,"mlp.down_proj,mlp.gate_proj,mlp.up_proj,self_attn.k_proj,self_attn.o_proj,self_attn.q_proj,self_attn.v_proj",,1319.5714285714287,1319.857142857143,1319.5714285714287,-0.2857142857142857,7.1466727195862e-05,0.00021647364433375314,"{""mlp.down_proj"": 2435.0, ""mlp.gate_proj"": 1309.0, ""mlp.up_proj"": 2178.0, ""self_attn.k_proj"": 345.0, ""self_attn.o_proj"": 1511.0, ""self_attn.q_proj"": 630.0, ""self_attn.v_proj"": 831.0}","{""mlp.down_proj"": 2435.0, ""mlp.gate_proj"": 1308.0, ""mlp.up_proj"": 2178.0, ""self_attn.k_proj"": 345.0, ""self_attn.o_proj"": 1509.0, ""self_attn.q_proj"": 631.0, ""self_attn.v_proj"": 831.0}","{""mlp.down_proj"": 0.0, ""mlp.gate_proj"": -1.0, ""mlp.up_proj"": 0.0, ""self_attn.k_proj"": 0.0, ""self_attn.o_proj"": -2.0, ""self_attn.q_proj"": 1.0, ""self_attn.v_proj"": 0.0}","{""mlp.down_proj"": 0.0, ""mlp.gate_proj"": 0.0007639419404125286, ""mlp.up_proj"": 0.0, ""self_attn.k_proj"": 0.0, ""self_attn.o_proj"": 0.0013236267372600927, ""self_attn.q_proj"": -0.0015873015873015873, ""self_attn.v_proj"": 0.0}",0.00034604700833866227,-0.3142857142857143,332.6285714285714,False,True
llama,opd,5,E_if,E_ifeval,0.025,14,5,equal5_non_qk,True,"mlp.down_proj,mlp.gate_proj,mlp.up_proj,self_attn.o_proj,self_attn.v_proj","self_attn.q_proj,self_attn.k_proj",1253.4,1254.0,1253.4,-0.6,0.0005534219524231598,0.0004784688995214586,"{""mlp.down_proj"": 2031.0, ""mlp.gate_proj"": 709.0, ""mlp.up_proj"": 1670.0, ""self_attn.o_proj"": 1157.0, ""self_attn.v_proj"": 703.0}","{""mlp.down_proj"": 2030.0, ""mlp.gate_proj"": 708.0, ""mlp.up_proj"": 1670.0, ""self_attn.o_proj"": 1156.0, ""self_attn.v_proj"": 703.0}","{""mlp.down_proj"": -1.0, ""mlp.gate_proj"": -1.0, ""mlp.up_proj"": 0.0, ""self_attn.o_proj"": -1.0, ""self_attn.v_proj"": 0.0}","{""mlp.down_proj"": 0.0004923682914820286, ""mlp.gate_proj"": 0.0014104372355430183, ""mlp.up_proj"": 0.0, ""self_attn.o_proj"": 0.000864304235090752, ""self_attn.v_proj"": 0.0}",0.0002695422492210316,0.00028387970320212816,7,equal7,True,"mlp.down_proj,mlp.gate_proj,mlp.up_proj,self_attn.k_proj,self_attn.o_proj,self_attn.q_proj,self_attn.v_proj",,966.5714285714286,966.7142857142857,966.5714285714286,-0.14285714285714285,-0.0008268978755352816,0.00014777597162697986,"{""mlp.down_proj"": 2031.0, ""mlp.gate_proj"": 709.0, ""mlp.up_proj"": 1670.0, ""self_attn.k_proj"": 188.0, ""self_attn.o_proj"": 1157.0, ""self_attn.q_proj"": 309.0, ""self_attn.v_proj"": 703.0}","{""mlp.down_proj"": 2030.0, ""mlp.gate_proj"": 708.0, ""mlp.up_proj"": 1670.0, ""self_attn.k_proj"": 189.0, ""self_attn.o_proj"": 1156.0, ""self_attn.q_proj"": 310.0, ""self_attn.v_proj"": 703.0}","{""mlp.down_proj"": -1.0, ""mlp.gate_proj"": -1.0, ""mlp.up_proj"": 0.0, ""self_attn.k_proj"": 1.0, ""self_attn.o_proj"": -1.0, ""self_attn.q_proj"": 1.0, ""self_attn.v_proj"": 0.0}","{""mlp.down_proj"": 0.0004923682914820286, ""mlp.gate_proj"": 0.0014104372355430183, ""mlp.up_proj"": 0.0, ""self_attn.k_proj"": -0.005319148936170213, ""self_attn.o_proj"": 0.000864304235090752, ""self_attn.q_proj"": -0.003236245954692557, ""self_attn.v_proj"": 0.0}",0.0013803198279584415,-0.45714285714285713,286.82857142857154,True,True
llama,opd,5,E_if,E_ifeval,0.05,14,5,equal5_non_qk,True,"mlp.down_proj,mlp.gate_proj,mlp.up_proj,self_attn.o_proj,self_attn.v_proj","self_attn.q_proj,self_attn.k_proj",920.6,921.2,920.6,-0.6,0.001070585590648533,0.0006513243595310711,"{""mlp.down_proj"": 1632.0, ""mlp.gate_proj"": 328.0, ""mlp.up_proj"": 1207.0, ""self_attn.o_proj"": 868.0, ""self_attn.v_proj"": 571.0}","{""mlp.down_proj"": 1632.0, ""mlp.gate_proj"": 327.0, ""mlp.up_proj"": 1207.0, ""self_attn.o_proj"": 866.0, ""self_attn.v_proj"": 571.0}","{""mlp.down_proj"": 0.0, ""mlp.gate_proj"": -1.0, ""mlp.up_proj"": 0.0, ""self_attn.o_proj"": -2.0, ""self_attn.v_proj"": 0.0}","{""mlp.down_proj"": 0.0, ""mlp.gate_proj"": 0.003048780487804878, ""mlp.up_proj"": 0.0, ""self_attn.o_proj"": 0.002304147465437788, ""self_attn.v_proj"": 0.0}",0.0008641096580825385,0.0002064759325659946,7,equal7,True,"mlp.down_proj,mlp.gate_proj,mlp.up_proj,self_attn.k_proj,self_attn.o_proj,self_attn.q_proj,self_attn.v_proj",,691.0,691.2857142857143,691.0,-0.2857142857142857,-0.0002934970648806773,0.0004133085348213145,"{""mlp.down_proj"": 1632.0, ""mlp.gate_proj"": 328.0, ""mlp.up_proj"": 1207.0, ""self_attn.k_proj"": 98.0, ""self_attn.o_proj"": 868.0, ""self_attn.q_proj"": 135.0, ""self_attn.v_proj"": 571.0}","{""mlp.down_proj"": 1632.0, ""mlp.gate_proj"": 327.0, ""mlp.up_proj"": 1207.0, ""self_attn.k_proj"": 98.0, ""self_attn.o_proj"": 866.0, ""self_attn.q_proj"": 136.0, ""self_attn.v_proj"": 571.0}","{""mlp.down_proj"": 0.0, ""mlp.gate_proj"": -1.0, ""mlp.up_proj"": 0.0, ""self_attn.k_proj"": 0.0, ""self_attn.o_proj"": -2.0, ""self_attn.q_proj"": 1.0, ""self_attn.v_proj"": 0.0}","{""mlp.down_proj"": 0.0, ""mlp.gate_proj"": 0.003048780487804878, ""mlp.up_proj"": 0.0, ""self_attn.k_proj"": 0.0, ""self_attn.o_proj"": 0.002304147465437788, ""self_attn.q_proj"": -0.007407407407407408, ""self_attn.v_proj"": 0.0}",0.0013640826555292103,-0.3142857142857143,229.60000000000002,True,True
llama,opd,5,E_if,E_ifeval,0.1,14,5,equal5_non_qk,True,"mlp.down_proj,mlp.gate_proj,mlp.up_proj,self_attn.o_proj,self_attn.v_proj","self_attn.q_proj,self_attn.k_proj",592.2,592.8,592.2,-0.6,0.0027826340326340326,0.001012145748987701,"{""mlp.down_proj"": 1166.0, ""mlp.gate_proj"": 96.0, ""mlp.up_proj"": 722.0, ""self_attn.o_proj"": 572.0, ""self_attn.v_proj"": 408.0}","{""mlp.down_proj"": 1166.0, ""mlp.gate_proj"": 95.0, ""mlp.up_proj"": 722.0, ""self_attn.o_proj"": 570.0, ""self_attn.v_proj"": 408.0}","{""mlp.down_proj"": 0.0, ""mlp.gate_proj"": -1.0, ""mlp.up_proj"": 0.0, ""self_attn.o_proj"": -2.0, ""self_attn.v_proj"": 0.0}","{""mlp.down_proj"": 0.0, ""mlp.gate_proj"": 0.010416666666666666, ""mlp.up_proj"": 0.0, ""self_attn.o_proj"": 0.0034965034965034965, ""self_attn.v_proj"": 0.0}",0.0006069802731411229,0.0021756537594929096,7,equal7,True,"mlp.down_proj,mlp.gate_proj,mlp.up_proj,self_attn.k_proj,self_attn.o_proj,self_attn.q_proj,self_attn.v_proj",,435.2857142857143,435.7142857142857,435.2857142857143,-0.42857142857142855,0.0019875957375957375,0.0009836065573770865,"{""mlp.down_proj"": 1166.0, ""mlp.gate_proj"": 96.0, ""mlp.up_proj"": 722.0, ""self_attn.k_proj"": 42.0, ""self_attn.o_proj"": 572.0, ""self_attn.q_proj"": 44.0, ""self_attn.v_proj"": 408.0}","{""mlp.down_proj"": 1166.0, ""mlp.gate_proj"": 95.0, ""mlp.up_proj"": 722.0, ""self_attn.k_proj"": 42.0, ""self_attn.o_proj"": 570.0, ""self_attn.q_proj"": 44.0, ""self_attn.v_proj"": 408.0}","{""mlp.down_proj"": 0.0, ""mlp.gate_proj"": -1.0, ""mlp.up_proj"": 0.0, ""self_attn.k_proj"": 0.0, ""self_attn.o_proj"": -2.0, ""self_attn.q_proj"": 0.0, ""self_attn.v_proj"": 0.0}","{""mlp.down_proj"": 0.0, ""mlp.gate_proj"": 0.010416666666666666, ""mlp.up_proj"": 0.0, ""self_attn.k_proj"": 0.0, ""self_attn.o_proj"": 0.0034965034965034965, ""self_attn.q_proj"": 0.0, ""self_attn.v_proj"": 0.0}",0.0007950382950382951,-0.17142857142857143,156.91428571428577,False,True
llama,opd,5,E_math,E_mathHeld,0.01,14,5,equal5_non_qk,True,"mlp.down_proj,mlp.gate_proj,mlp.up_proj,self_attn.o_proj,self_attn.v_proj","self_attn.q_proj,self_attn.k_proj",850.6,851.6,850.6,-1.0,0.0011916190458245604,0.0011742602160638798,"{""mlp.down_proj"": 1162.0, ""mlp.gate_proj"": 587.0, ""mlp.up_proj"": 1022.0, ""self_attn.o_proj"": 828.0, ""self_attn.v_proj"": 659.0}","{""mlp.down_proj"": 1161.0, ""mlp.gate_proj"": 586.0, ""mlp.up_proj"": 1021.0, ""self_attn.o_proj"": 826.0, ""self_attn.v_proj"": 659.0}","{""mlp.down_proj"": -1.0, ""mlp.gate_proj"": -1.0, ""mlp.up_proj"": -1.0, ""self_attn.o_proj"": -2.0, ""self_attn.v_proj"": 0.0}","{""mlp.down_proj"": 0.0008605851979345956, ""mlp.gate_proj"": 0.0017035775127768314, ""mlp.up_proj"": 0.0009784735812133072, ""self_attn.o_proj"": 0.0024154589371980675, ""self_attn.v_proj"": 0.0}",0.0003954845091371182,0.0007961345366874422,7,equal7,True,"mlp.down_proj,mlp.gate_proj,mlp.up_proj,self_attn.k_proj,self_attn.o_proj,self_attn.q_proj,self_attn.v_proj",,701.1428571428571,701.7142857142857,701.1428571428571,-0.5714285714285714,0.00030797340861450124,0.0008143322475569802,"{""mlp.down_proj"": 1162.0, ""mlp.gate_proj"": 587.0, ""mlp.up_proj"": 1022.0, ""self_attn.k_proj"": 263.0, ""self_attn.o_proj"": 828.0, ""self_attn.q_proj"": 391.0, ""self_attn.v_proj"": 659.0}","{""mlp.down_proj"": 1161.0, ""mlp.gate_proj"": 586.0, ""mlp.up_proj"": 1021.0, ""self_attn.k_proj"": 264.0, ""self_attn.o_proj"": 826.0, ""self_attn.q_proj"": 391.0, ""self_attn.v_proj"": 659.0}","{""mlp.down_proj"": -1.0, ""mlp.gate_proj"": -1.0, ""mlp.up_proj"": -1.0, ""self_attn.k_proj"": 1.0, ""self_attn.o_proj"": -2.0, ""self_attn.q_proj"": 0.0, ""self_attn.v_proj"": 0.0}","{""mlp.down_proj"": 0.0008605851979345956, ""mlp.gate_proj"": 0.0017035775127768314, ""mlp.up_proj"": 0.0009784735812133072, ""self_attn.k_proj"": -0.0038022813688212928, ""self_attn.o_proj"": 0.0024154589371980675, ""self_attn.q_proj"": 0.0, ""self_attn.v_proj"": 0.0}",0.0008836456372100592,-0.4285714285714286,149.4571428571429,False,True
llama,opd,5,E_math,E_mathHeld,0.025,14,5,equal5_non_qk,True,"mlp.down_proj,mlp.gate_proj,mlp.up_proj,self_attn.o_proj,self_attn.v_proj","self_attn.q_proj,self_attn.k_proj",620.8,621.6,620.8,-0.8,0.0014362171341883467,0.0012870012870013967,"{""mlp.down_proj"": 912.0, ""mlp.gate_proj"": 322.0, ""mlp.up_proj"": 751.0, ""self_attn.o_proj"": 607.0, ""self_attn.v_proj"": 516.0}","{""mlp.down_proj"": 911.0, ""mlp.gate_proj"": 321.0, ""mlp.up_proj"": 750.0, ""self_attn.o_proj"": 606.0, ""self_attn.v_proj"": 516.0}","{""mlp.down_proj"": -1.0, ""mlp.gate_proj"": -1.0, ""mlp.up_proj"": -1.0, ""self_attn.o_proj"": -1.0, ""self_attn.v_proj"": 0.0}","{""mlp.down_proj"": 0.0010964912280701754, ""mlp.gate_proj"": 0.003105590062111801, ""mlp.up_proj"": 0.0013315579227696406, ""self_attn.o_proj"": 0.0016474464579901153, ""self_attn.v_proj"": 0.0}",0.0002695422492210316,0.001166674884967315,7,equal7,True,"mlp.down_proj,mlp.gate_proj,mlp.up_proj,self_attn.k_proj,self_attn.o_proj,self_attn.q_proj,self_attn.v_proj",,494.7142857142857,495.14285714285717,494.7142857142857,-0.42857142857142855,7.348842918215223e-05,0.000865551067513016,"{""mlp.down_proj"": 912.0, ""mlp.gate_proj"": 322.0, ""mlp.up_proj"": 751.0, ""self_attn.k_proj"": 150.0, ""self_attn.o_proj"": 607.0, ""self_attn.q_proj"": 208.0, ""self_attn.v_proj"": 516.0}","{""mlp.down_proj"": 911.0, ""mlp.gate_proj"": 321.0, ""mlp.up_proj"": 750.0, ""self_attn.k_proj"": 151.0, ""self_attn.o_proj"": 606.0, ""self_attn.q_proj"": 208.0, ""self_attn.v_proj"": 516.0}","{""mlp.down_proj"": -1.0, ""mlp.gate_proj"": -1.0, ""mlp.up_proj"": -1.0, ""self_attn.k_proj"": 1.0, ""self_attn.o_proj"": -1.0, ""self_attn.q_proj"": 0.0, ""self_attn.v_proj"": 0.0}","{""mlp.down_proj"": 0.0010964912280701754, ""mlp.gate_proj"": 0.003105590062111801, ""mlp.up_proj"": 0.0013315579227696406, ""self_attn.k_proj"": -0.006666666666666667, ""self_attn.o_proj"": 0.0016474464579901153, ""self_attn.q_proj"": 0.0, ""self_attn.v_proj"": 0.0}",0.0013627287050061944,-0.3714285714285715,126.08571428571423,False,True
llama,opd,5,E_math,E_mathHeld,0.05,14,5,equal5_non_qk,True,"mlp.down_proj,mlp.gate_proj,mlp.up_proj,self_attn.o_proj,self_attn.v_proj","self_attn.q_proj,self_attn.k_proj",445.8,446.2,445.8,-0.4,0.0017193375240391515,0.0008964589870012938,"{""mlp.down_proj"": 701.0, ""mlp.gate_proj"": 158.0, ""mlp.up_proj"": 534.0, ""self_attn.o_proj"": 441.0, ""self_attn.v_proj"": 397.0}","{""mlp.down_proj"": 701.0, ""mlp.gate_proj"": 157.0, ""mlp.up_proj"": 534.0, ""self_attn.o_proj"": 440.0, ""self_attn.v_proj"": 397.0}","{""mlp.down_proj"": 0.0, ""mlp.gate_proj"": -1.0, ""mlp.up_proj"": 0.0, ""self_attn.o_proj"": -1.0, ""self_attn.v_proj"": 0.0}","{""mlp.down_proj"": 0.0, ""mlp.gate_proj"": 0.006329113924050633, ""mlp.up_proj"": 0.0, ""self_attn.o_proj"": 0.0022675736961451248, ""self_attn.v_proj"": 0.0}",0.0008641096580825385,0.000855227865956613,7,equal7,True,"mlp.down_proj,mlp.gate_proj,mlp.up_proj,self_attn.k_proj,self_attn.o_proj,self_attn.q_proj,self_attn.v_proj",,345.14285714285717,345.42857142857144,345.14285714285717,-0.2857142857142857,0.0012280982314565368,0.0008271298593879004,"{""mlp.down_proj"": 701.0, ""mlp.gate_proj"": 158.0, ""mlp.up_proj"": 534.0, ""self_attn.k_proj"": 84.0, ""self_attn.o_proj"": 441.0, ""self_attn.q_proj"": 103.0, ""self_attn.v_proj"": 397.0}","{""mlp.down_proj"": 701.0, ""mlp.gate_proj"": 157.0, ""mlp.up_proj"": 534.0, ""self_attn.k_proj"": 84.0, ""self_attn.o_proj"": 440.0, ""self_attn.q_proj"": 103.0, ""self_attn.v_proj"": 397.0}","{""mlp.down_proj"": 0.0, ""mlp.gate_proj"": -1.0, ""mlp.up_proj"": 0.0, ""self_attn.k_proj"": 0.0, ""self_attn.o_proj"": -1.0, ""self_attn.q_proj"": 0.0, ""self_attn.v_proj"": 0.0}","{""mlp.down_proj"": 0.0, ""mlp.gate_proj"": 0.006329113924050633, ""mlp.up_proj"": 0.0, ""self_attn.k_proj"": 0.0, ""self_attn.o_proj"": 0.0022675736961451248, ""self_attn.q_proj"": 0.0, ""self_attn.v_proj"": 0.0}",0.0004912392925826147,-0.11428571428571432,100.65714285714284,False,True
llama,opd,5,E_math,E_mathHeld,0.1,14,5,equal5_non_qk,True,"mlp.down_proj,mlp.gate_proj,mlp.up_proj,self_attn.o_proj,self_attn.v_proj","self_attn.q_proj,self_attn.k_proj",282.8,283.2,282.8,-0.4,0.004780933352361924,0.0014124293785309932,"{""mlp.down_proj"": 483.0, ""mlp.gate_proj"": 49.0, ""mlp.up_proj"": 325.0, ""self_attn.o_proj"": 286.0, ""self_attn.v_proj"": 273.0}","{""mlp.down_proj"": 483.0, ""mlp.gate_proj"": 48.0, ""mlp.up_proj"": 325.0, ""self_attn.o_proj"": 285.0, ""self_attn.v_proj"": 273.0}","{""mlp.down_proj"": 0.0, ""mlp.gate_proj"": -1.0, ""mlp.up_proj"": 0.0, ""self_attn.o_proj"": -1.0, ""self_attn.v_proj"": 0.0}","{""mlp.down_proj"": 0.0, ""mlp.gate_proj"": 0.02040816326530612, ""mlp.up_proj"": 0.0, ""self_attn.o_proj"": 0.0034965034965034965, ""self_attn.v_proj"": 0.0}",0.0006069802731411229,0.004173953079220801,7,equal7,True,"mlp.down_proj,mlp.gate_proj,mlp.up_proj,self_attn.k_proj,self_attn.o_proj,self_attn.q_proj,self_attn.v_proj",,212.85714285714286,213.14285714285714,212.85714285714286,-0.2857142857142857,0.003414952394544231,0.0013404825737265034,"{""mlp.down_proj"": 483.0, ""mlp.gate_proj"": 49.0, ""mlp.up_proj"": 325.0, ""self_attn.k_proj"": 38.0, ""self_attn.o_proj"": 286.0, ""self_attn.q_proj"": 38.0, ""self_attn.v_proj"": 273.0}","{""mlp.down_proj"": 483.0, ""mlp.gate_proj"": 48.0, ""mlp.up_proj"": 325.0, ""self_attn.k_proj"": 38.0, ""self_attn.o_proj"": 285.0, ""self_attn.q_proj"": 38.0, ""self_attn.v_proj"": 273.0}","{""mlp.down_proj"": 0.0, ""mlp.gate_proj"": -1.0, ""mlp.up_proj"": 0.0, ""self_attn.k_proj"": 0.0, ""self_attn.o_proj"": -1.0, ""self_attn.q_proj"": 0.0, ""self_attn.v_proj"": 0.0}","{""mlp.down_proj"": 0.0, ""mlp.gate_proj"": 0.02040816326530612, ""mlp.up_proj"": 0.0, ""self_attn.k_proj"": 0.0, ""self_attn.o_proj"": 0.0034965034965034965, ""self_attn.q_proj"": 0.0, ""self_attn.v_proj"": 0.0}",0.001365980957817693,-0.11428571428571432,69.94285714285715,False,True
llama,opd,5,E_ood,E_mmluPro,0.01,14,5,equal5_non_qk,True,"mlp.down_proj,mlp.gate_proj,mlp.up_proj,self_attn.o_proj,self_attn.v_proj","self_attn.q_proj,self_attn.k_proj",1694.2,1694.2,1694.2,0.0,0.0,0.0,"{""mlp.down_proj"": 2452.0, ""mlp.gate_proj"": 1352.0, ""mlp.up_proj"": 2263.0, ""self_attn.o_proj"": 1556.0, ""self_attn.v_proj"": 848.0}","{""mlp.down_proj"": 2452.0, ""mlp.gate_proj"": 1352.0, ""mlp.up_proj"": 2263.0, ""self_attn.o_proj"": 1556.0, ""self_attn.v_proj"": 848.0}","{""mlp.down_proj"": 0.0, ""mlp.gate_proj"": 0.0, ""mlp.up_proj"": 0.0, ""self_attn.o_proj"": 0.0, ""self_attn.v_proj"": 0.0}","{""mlp.down_proj"": 0.0, ""mlp.gate_proj"": 0.0, ""mlp.up_proj"": 0.0, ""self_attn.o_proj"": 0.0, ""self_attn.v_proj"": 0.0}",0.0003954845091371182,-0.0003954845091371182,7,equal7,True,"mlp.down_proj,mlp.gate_proj,mlp.up_proj,self_attn.k_proj,self_attn.o_proj,self_attn.q_proj,self_attn.v_proj",,1343.857142857143,1343.5714285714287,1343.857142857143,0.2857142857142857,-0.00047382136934375743,-0.00021265284423174324,"{""mlp.down_proj"": 2452.0, ""mlp.gate_proj"": 1352.0, ""mlp.up_proj"": 2263.0, ""self_attn.k_proj"": 331.0, ""self_attn.o_proj"": 1556.0, ""self_attn.q_proj"": 603.0, ""self_attn.v_proj"": 848.0}","{""mlp.down_proj"": 2452.0, ""mlp.gate_proj"": 1352.0, ""mlp.up_proj"": 2263.0, ""self_attn.k_proj"": 331.0, ""self_attn.o_proj"": 1556.0, ""self_attn.q_proj"": 605.0, ""self_attn.v_proj"": 848.0}","{""mlp.down_proj"": 0.0, ""mlp.gate_proj"": 0.0, ""mlp.up_proj"": 0.0, ""self_attn.k_proj"": 0.0, ""self_attn.o_proj"": 0.0, ""self_attn.q_proj"": 2.0, ""self_attn.v_proj"": 0.0}","{""mlp.down_proj"": 0.0, ""mlp.gate_proj"": 0.0, ""mlp.up_proj"": 0.0, ""self_attn.k_proj"": 0.0, ""self_attn.o_proj"": 0.0, ""self_attn.q_proj"": -0.003316749585406302, ""self_attn.v_proj"": 0.0}",0.00047382136934375743,-0.2857142857142857,350.34285714285716,True,True
llama,opd,5,E_ood,E_mmluPro,0.025,14,5,equal5_non_qk,True,"mlp.down_proj,mlp.gate_proj,mlp.up_proj,self_attn.o_proj,self_attn.v_proj","self_attn.q_proj,self_attn.k_proj",1296.6,1296.6,1296.6,0.0,0.0,0.0,"{""mlp.down_proj"": 2058.0, ""mlp.gate_proj"": 731.0, ""mlp.up_proj"": 1775.0, ""self_attn.o_proj"": 1191.0, ""self_attn.v_proj"": 728.0}","{""mlp.down_proj"": 2058.0, ""mlp.gate_proj"": 731.0, ""mlp.up_proj"": 1775.0, ""self_attn.o_proj"": 1191.0, ""self_attn.v_proj"": 728.0}","{""mlp.down_proj"": 0.0, ""mlp.gate_proj"": 0.0, ""mlp.up_proj"": 0.0, ""self_attn.o_proj"": 0.0, ""self_attn.v_proj"": 0.0}","{""mlp.down_proj"": 0.0, ""mlp.gate_proj"": 0.0, ""mlp.up_proj"": 0.0, ""self_attn.o_proj"": 0.0, ""self_attn.v_proj"": 0.0}",0.0002695422492210316,-0.0002695422492210316,7,equal7,True,"mlp.down_proj,mlp.gate_proj,mlp.up_proj,self_attn.k_proj,self_attn.o_proj,self_attn.q_proj,self_attn.v_proj",,993.1428571428571,992.7142857142857,993.1428571428571,0.42857142857142855,-0.0017946317103620473,-0.00043171679378329453,"{""mlp.down_proj"": 2058.0, ""mlp.gate_proj"": 731.0, ""mlp.up_proj"": 1775.0, ""self_attn.k_proj"": 178.0, ""self_attn.o_proj"": 1191.0, ""self_attn.q_proj"": 288.0, ""self_attn.v_proj"": 728.0}","{""mlp.down_proj"": 2058.0, ""mlp.gate_proj"": 731.0, ""mlp.up_proj"": 1775.0, ""self_attn.k_proj"": 179.0, ""self_attn.o_proj"": 1191.0, ""self_attn.q_proj"": 290.0, ""self_attn.v_proj"": 728.0}","{""mlp.down_proj"": 0.0, ""mlp.gate_proj"": 0.0, ""mlp.up_proj"": 0.0, ""self_attn.k_proj"": 1.0, ""self_attn.o_proj"": 0.0, ""self_attn.q_proj"": 2.0, ""self_attn.v_proj"": 0.0}","{""mlp.down_proj"": 0.0, ""mlp.gate_proj"": 0.0, ""mlp.up_proj"": 0.0, ""self_attn.k_proj"": -0.0056179775280898875, ""self_attn.o_proj"": 0.0, ""self_attn.q_proj"": -0.006944444444444444, ""self_attn.v_proj"": 0.0}",0.0017946317103620473,-0.42857142857142855,303.4571428571428,True,True
llama,opd,5,E_ood,E_mmluPro,0.05,14,5,equal5_non_qk,True,"mlp.down_proj,mlp.gate_proj,mlp.up_proj,self_attn.o_proj,self_attn.v_proj","self_attn.q_proj,self_attn.k_proj",961.6,961.6,961.6,0.0,0.0,0.0,"{""mlp.down_proj"": 1669.0, ""mlp.gate_proj"": 327.0, ""mlp.up_proj"": 1319.0, ""self_attn.o_proj"": 891.0, ""self_attn.v_proj"": 602.0}","{""mlp.down_proj"": 1669.0, ""mlp.gate_proj"": 327.0, ""mlp.up_proj"": 1319.0, ""self_attn.o_proj"": 891.0, ""self_attn.v_proj"": 602.0}","{""mlp.down_proj"": 0.0, ""mlp.gate_proj"": 0.0, ""mlp.up_proj"": 0.0, ""self_attn.o_proj"": 0.0, ""self_attn.v_proj"": 0.0}","{""mlp.down_proj"": 0.0, ""mlp.gate_proj"": 0.0, ""mlp.up_proj"": 0.0, ""self_attn.o_proj"": 0.0, ""self_attn.v_proj"": 0.0}",0.0008641096580825385,-0.0008641096580825385,7,equal7,True,"mlp.down_proj,mlp.gate_proj,mlp.up_proj,self_attn.k_proj,self_attn.o_proj,self_attn.q_proj,self_attn.v_proj",,717.5714285714286,717.4285714285714,717.5714285714286,0.14285714285714285,-0.00116144018583043,-0.00019912385503778826,"{""mlp.down_proj"": 1669.0, ""mlp.gate_proj"": 327.0, ""mlp.up_proj"": 1319.0, ""self_attn.k_proj"": 91.0, ""self_attn.o_proj"": 891.0, ""self_attn.q_proj"": 123.0, ""self_attn.v_proj"": 602.0}","{""mlp.down_proj"": 1669.0, ""mlp.gate_proj"": 327.0, ""mlp.up_proj"": 1319.0, ""self_attn.k_proj"": 91.0, ""self_attn.o_proj"": 891.0, ""self_attn.q_proj"": 124.0, ""self_attn.v_proj"": 602.0}","{""mlp.down_proj"": 0.0, ""mlp.gate_proj"": 0.0, ""mlp.up_proj"": 0.0, ""self_attn.k_proj"": 0.0, ""self_attn.o_proj"": 0.0, ""self_attn.q_proj"": 1.0, ""self_attn.v_proj"": 0.0}","{""mlp.down_proj"": 0.0, ""mlp.gate_proj"": 0.0, ""mlp.up_proj"": 0.0, ""self_attn.k_proj"": 0.0, ""self_attn.o_proj"": 0.0, ""self_attn.q_proj"": -0.008130081300813009, ""self_attn.v_proj"": 0.0}",0.00116144018583043,-0.14285714285714285,244.02857142857147,True,True
llama,opd,5,E_ood,E_mmluPro,0.1,14,5,equal5_non_qk,True,"mlp.down_proj,mlp.gate_proj,mlp.up_proj,self_attn.o_proj,self_attn.v_proj","self_attn.q_proj,self_attn.k_proj",630.6,630.6,630.6,0.0,0.0,0.0,"{""mlp.down_proj"": 1213.0, ""mlp.gate_proj"": 83.0, ""mlp.up_proj"": 825.0, ""self_attn.o_proj"": 586.0, ""self_attn.v_proj"": 446.0}","{""mlp.down_proj"": 1213.0, ""mlp.gate_proj"": 83.0, ""mlp.up_proj"": 825.0, ""self_attn.o_proj"": 586.0, ""self_attn.v_proj"": 446.0}","{""mlp.down_proj"": 0.0, ""mlp.gate_proj"": 0.0, ""mlp.up_proj"": 0.0, ""self_attn.o_proj"": 0.0, ""self_attn.v_proj"": 0.0}","{""mlp.down_proj"": 0.0, ""mlp.gate_proj"": 0.0, ""mlp.up_proj"": 0.0, ""self_attn.o_proj"": 0.0, ""self_attn.v_proj"": 0.0}",0.0006069802731411229,-0.0006069802731411229,7,equal7,True,"mlp.down_proj,mlp.gate_proj,mlp.up_proj,self_attn.k_proj,self_attn.o_proj,self_attn.q_proj,self_attn.v_proj",,462.0,461.85714285714283,462.0,0.14285714285714285,-0.003663003663003663,-0.00030931023816893616,"{""mlp.down_proj"": 1213.0, ""mlp.gate_proj"": 83.0, ""mlp.up_proj"": 825.0, ""self_attn.k_proj"": 39.0, ""self_attn.o_proj"": 586.0, ""self_attn.q_proj"": 41.0, ""self_attn.v_proj"": 446.0}","{""mlp.down_proj"": 1213.0, ""mlp.gate_proj"": 83.0, ""mlp.up_proj"": 825.0, ""self_attn.k_proj"": 40.0, ""self_attn.o_proj"": 586.0, ""self_attn.q_proj"": 41.0, ""self_attn.v_proj"": 446.0}","{""mlp.down_proj"": 0.0, ""mlp.gate_proj"": 0.0, ""mlp.up_proj"": 0.0, ""self_attn.k_proj"": 1.0, ""self_attn.o_proj"": 0.0, ""self_attn.q_proj"": 0.0, ""self_attn.v_proj"": 0.0}","{""mlp.down_proj"": 0.0, ""mlp.gate_proj"": 0.0, ""mlp.up_proj"": 0.0, ""self_attn.k_proj"": -0.02564102564102564, ""self_attn.o_proj"": 0.0, ""self_attn.q_proj"": 0.0, ""self_attn.v_proj"": 0.0}",0.003663003663003663,-0.14285714285714285,168.60000000000002,True,True
llama,opd,20,E_general,E_general,0.01,14,5,equal5_non_qk,True,"mlp.down_proj,mlp.gate_proj,mlp.up_proj,self_attn.o_proj,self_attn.v_proj","self_attn.q_proj,self_attn.k_proj",1725.8,1737.8,1725.8,-12.0,0.0073355535958877,0.0069052825411439755,"{""mlp.down_proj"": 2529.0, ""mlp.gate_proj"": 1399.0, ""mlp.up_proj"": 2314.0, ""self_attn.o_proj"": 1584.0, ""self_attn.v_proj"": 863.0}","{""mlp.down_proj"": 2522.0, ""mlp.gate_proj"": 1380.0, ""mlp.up_proj"": 2303.0, ""self_attn.o_proj"": 1563.0, ""self_attn.v_proj"": 861.0}","{""mlp.down_proj"": -7.0, ""mlp.gate_proj"": -19.0, ""mlp.up_proj"": -11.0, ""self_attn.o_proj"": -21.0, ""self_attn.v_proj"": -2.0}","{""mlp.down_proj"": 0.00276789244760775, ""mlp.gate_proj"": 0.013581129378127233, ""mlp.up_proj"": 0.004753673292999135, ""self_attn.o_proj"": 0.013257575757575758, ""self_attn.v_proj"": 0.002317497103128621}",0.0073355535958877,0.0,7,equal7,True,"mlp.down_proj,mlp.gate_proj,mlp.up_proj,self_attn.k_proj,self_attn.o_proj,self_attn.q_proj,self_attn.v_proj",,1384.142857142857,1393.7142857142858,1384.142857142857,-9.571428571428571,0.007208302114321108,0.006867568675686826,"{""mlp.down_proj"": 2529.0, ""mlp.gate_proj"": 1399.0, ""mlp.up_proj"": 2314.0, ""self_attn.k_proj"": 375.0, ""self_attn.o_proj"": 1584.0, ""self_attn.q_proj"": 692.0, ""self_attn.v_proj"": 863.0}","{""mlp.down_proj"": 2522.0, ""mlp.gate_proj"": 1380.0, ""mlp.up_proj"": 2303.0, ""self_attn.k_proj"": 372.0, ""self_attn.o_proj"": 1563.0, ""self_attn.q_proj"": 688.0, ""self_attn.v_proj"": 861.0}","{""mlp.down_proj"": -7.0, ""mlp.gate_proj"": -19.0, ""mlp.up_proj"": -11.0, ""self_attn.k_proj"": -3.0, ""self_attn.o_proj"": -21.0, ""self_attn.q_proj"": -4.0, ""self_attn.v_proj"": -2.0}","{""mlp.down_proj"": 0.00276789244760775, ""mlp.gate_proj"": 0.013581129378127233, ""mlp.up_proj"": 0.004753673292999135, ""self_attn.k_proj"": 0.008, ""self_attn.o_proj"": 0.013257575757575758, ""self_attn.q_proj"": 0.005780346820809248, ""self_attn.v_proj"": 0.002317497103128621}",0.00012725148156659226,-2.428571428571429,341.65714285714284,False,True
llama,opd,20,E_general,E_general,0.025,14,5,equal5_non_qk,True,"mlp.down_proj,mlp.gate_proj,mlp.up_proj,self_attn.o_proj,self_attn.v_proj","self_attn.q_proj,self_attn.k_proj",1345.6,1358.4,1345.6,-12.8,0.010906261896924358,0.009422850412249838,"{""mlp.down_proj"": 2167.0, ""mlp.gate_proj"": 784.0, ""mlp.up_proj"": 1852.0, ""self_attn.o_proj"": 1238.0, ""self_attn.v_proj"": 751.0}","{""mlp.down_proj"": 2157.0, ""mlp.gate_proj"": 767.0, ""mlp.up_proj"": 1838.0, ""self_attn.o_proj"": 1219.0, ""self_attn.v_proj"": 747.0}","{""mlp.down_proj"": -10.0, ""mlp.gate_proj"": -17.0, ""mlp.up_proj"": -14.0, ""self_attn.o_proj"": -19.0, ""self_attn.v_proj"": -4.0}","{""mlp.down_proj"": 0.0046146746654360865, ""mlp.gate_proj"": 0.021683673469387755, ""mlp.up_proj"": 0.00755939524838013, ""self_attn.o_proj"": 0.015347334410339256, ""self_attn.v_proj"": 0.005326231691078562}",0.010906261896924358,0.0,7,equal7,True,"mlp.down_proj,mlp.gate_proj,mlp.up_proj,self_attn.k_proj,self_attn.o_proj,self_attn.q_proj,self_attn.v_proj",,1040.7142857142858,1050.7142857142858,1040.7142857142858,-10.0,0.011032751632550963,0.009517335146159074,"{""mlp.down_proj"": 2167.0, ""mlp.gate_proj"": 784.0, ""mlp.up_proj"": 1852.0, ""self_attn.k_proj"": 212.0, ""self_attn.o_proj"": 1238.0, ""self_attn.q_proj"": 351.0, ""self_attn.v_proj"": 751.0}","{""mlp.down_proj"": 2157.0, ""mlp.gate_proj"": 767.0, ""mlp.up_proj"": 1838.0, ""self_attn.k_proj"": 209.0, ""self_attn.o_proj"": 1219.0, ""self_attn.q_proj"": 348.0, ""self_attn.v_proj"": 747.0}","{""mlp.down_proj"": -10.0, ""mlp.gate_proj"": -17.0, ""mlp.up_proj"": -14.0, ""self_attn.k_proj"": -3.0, ""self_attn.o_proj"": -19.0, ""self_attn.q_proj"": -3.0, ""self_attn.v_proj"": -4.0}","{""mlp.down_proj"": 0.0046146746654360865, ""mlp.gate_proj"": 0.021683673469387755, ""mlp.up_proj"": 0.00755939524838013, ""self_attn.k_proj"": 0.014150943396226415, ""self_attn.o_proj"": 0.015347334410339256, ""self_attn.q_proj"": 0.008547008547008548, ""self_attn.v_proj"": 0.005326231691078562}",-0.00012648973562660523,-2.8000000000000007,304.88571428571413,False,True
llama,opd,20,E_general,E_general,0.05,14,5,equal5_non_qk,True,"mlp.down_proj,mlp.gate_proj,mlp.up_proj,self_attn.o_proj,self_attn.v_proj","self_attn.q_proj,self_attn.k_proj",1021.4,1033.4,1021.4,-12.0,0.014878009208177955,0.011612154054577233,"{""mlp.down_proj"": 1802.0, ""mlp.gate_proj"": 368.0, ""mlp.up_proj"": 1412.0, ""self_attn.o_proj"": 954.0, ""self_attn.v_proj"": 631.0}","{""mlp.down_proj"": 1790.0, ""mlp.gate_proj"": 356.0, ""mlp.up_proj"": 1398.0, ""self_attn.o_proj"": 936.0, ""self_attn.v_proj"": 627.0}","{""mlp.down_proj"": -12.0, ""mlp.gate_proj"": -12.0, ""mlp.up_proj"": -14.0, ""self_attn.o_proj"": -18.0, ""self_attn.v_proj"": -4.0}","{""mlp.down_proj"": 0.006659267480577136, ""mlp.gate_proj"": 0.03260869565217391, ""mlp.up_proj"": 0.009915014164305949, ""self_attn.o_proj"": 0.018867924528301886, ""self_attn.v_proj"": 0.006339144215530904}",0.014878009208177955,0.0,7,equal7,True,"mlp.down_proj,mlp.gate_proj,mlp.up_proj,self_attn.k_proj,self_attn.o_proj,self_attn.q_proj,self_attn.v_proj",,767.2857142857143,776.2857142857143,767.2857142857143,-9.0,0.013745652552915943,0.01159366948840633,"{""mlp.down_proj"": 1802.0, ""mlp.gate_proj"": 368.0, ""mlp.up_proj"": 1412.0, ""self_attn.k_proj"": 111.0, ""self_attn.o_proj"": 954.0, ""self_attn.q_proj"": 156.0, ""self_attn.v_proj"": 631.0}","{""mlp.down_proj"": 1790.0, ""mlp.gate_proj"": 356.0, ""mlp.up_proj"": 1398.0, ""self_attn.k_proj"": 110.0, ""self_attn.o_proj"": 936.0, ""self_attn.q_proj"": 154.0, ""self_attn.v_proj"": 627.0}","{""mlp.down_proj"": -12.0, ""mlp.gate_proj"": -12.0, ""mlp.up_proj"": -14.0, ""self_attn.k_proj"": -1.0, ""self_attn.o_proj"": -18.0, ""self_attn.q_proj"": -2.0, ""self_attn.v_proj"": -4.0}","{""mlp.down_proj"": 0.006659267480577136, ""mlp.gate_proj"": 0.03260869565217391, ""mlp.up_proj"": 0.009915014164305949, ""self_attn.k_proj"": 0.009009009009009009, ""self_attn.o_proj"": 0.018867924528301886, ""self_attn.q_proj"": 0.01282051282051282, ""self_attn.v_proj"": 0.006339144215530904}",0.0011323566552620123,-3.0,254.11428571428564,False,True
llama,opd,20,E_general,E_general,0.1,14,5,equal5_non_qk,True,"mlp.down_proj,mlp.gate_proj,mlp.up_proj,self_attn.o_proj,self_attn.v_proj","self_attn.q_proj,self_attn.k_proj",694.0,704.6,694.0,-10.6,0.020189558541676395,0.015043996593812123,"{""mlp.down_proj"": 1362.0, ""mlp.gate_proj"": 100.0, ""mlp.up_proj"": 923.0, ""self_attn.o_proj"": 659.0, ""self_attn.v_proj"": 479.0}","{""mlp.down_proj"": 1349.0, ""mlp.gate_proj"": 96.0, ""mlp.up_proj"": 909.0, ""self_attn.o_proj"": 642.0, ""self_attn.v_proj"": 474.0}","{""mlp.down_proj"": -13.0, ""mlp.gate_proj"": -4.0, ""mlp.up_proj"": -14.0, ""self_attn.o_proj"": -17.0, ""self_attn.v_proj"": -5.0}","{""mlp.down_proj"": 0.009544787077826725, ""mlp.gate_proj"": 0.04, ""mlp.up_proj"": 0.015167930660888408, ""self_attn.o_proj"": 0.025796661608497723, ""self_attn.v_proj"": 0.010438413361169102}",0.020189558541676395,0.0,7,equal7,True,"mlp.down_proj,mlp.gate_proj,mlp.up_proj,self_attn.k_proj,self_attn.o_proj,self_attn.q_proj,self_attn.v_proj",,509.42857142857144,517.2857142857143,509.42857142857144,-7.857142857142857,0.020254446577387897,0.015189174261253859,"{""mlp.down_proj"": 1362.0, ""mlp.gate_proj"": 100.0, ""mlp.up_proj"": 923.0, ""self_attn.k_proj"": 48.0, ""self_attn.o_proj"": 659.0, ""self_attn.q_proj"": 50.0, ""self_attn.v_proj"": 479.0}","{""mlp.down_proj"": 1349.0, ""mlp.gate_proj"": 96.0, ""mlp.up_proj"": 909.0, ""self_attn.k_proj"": 47.0, ""self_attn.o_proj"": 642.0, ""self_attn.q_proj"": 49.0, ""self_attn.v_proj"": 474.0}","{""mlp.down_proj"": -13.0, ""mlp.gate_proj"": -4.0, ""mlp.up_proj"": -14.0, ""self_attn.k_proj"": -1.0, ""self_attn.o_proj"": -17.0, ""self_attn.q_proj"": -1.0, ""self_attn.v_proj"": -5.0}","{""mlp.down_proj"": 0.009544787077826725, ""mlp.gate_proj"": 0.04, ""mlp.up_proj"": 0.015167930660888408, ""self_attn.k_proj"": 0.020833333333333332, ""self_attn.o_proj"": 0.025796661608497723, ""self_attn.q_proj"": 0.02, ""self_attn.v_proj"": 0.010438413361169102}",-6.488803571150226e-05,-2.742857142857143,184.57142857142856,False,True
llama,opd,20,E_if,E_ifeval,0.01,14,5,equal5_non_qk,True,"mlp.down_proj,mlp.gate_proj,mlp.up_proj,self_attn.o_proj,self_attn.v_proj","self_attn.q_proj,self_attn.k_proj",1630.4,1652.8,1630.4,-22.4,0.01439021555405485,0.01355275895450137,"{""mlp.down_proj"": 2435.0, ""mlp.gate_proj"": 1309.0, ""mlp.up_proj"": 2178.0, ""self_attn.o_proj"": 1511.0, ""self_attn.v_proj"": 831.0}","{""mlp.down_proj"": 2418.0, ""mlp.gate_proj"": 1268.0, ""mlp.up_proj"": 2157.0, ""self_attn.o_proj"": 1482.0, ""self_attn.v_proj"": 827.0}","{""mlp.down_proj"": -17.0, ""mlp.gate_proj"": -41.0, ""mlp.up_proj"": -21.0, ""self_attn.o_proj"": -29.0, ""self_attn.v_proj"": -4.0}","{""mlp.down_proj"": 0.006981519507186858, ""mlp.gate_proj"": 0.03132161955691368, ""mlp.up_proj"": 0.009641873278236915, ""self_attn.o_proj"": 0.019192587690271344, ""self_attn.v_proj"": 0.0048134777376654635}",0.0073355535958877,0.00705466195816715,7,equal7,True,"mlp.down_proj,mlp.gate_proj,mlp.up_proj,self_attn.k_proj,self_attn.o_proj,self_attn.q_proj,self_attn.v_proj",,1302.142857142857,1319.857142857143,1302.142857142857,-17.714285714285715,0.013936420357796254,0.013421365948695795,"{""mlp.down_proj"": 2435.0, ""mlp.gate_proj"": 1309.0, ""mlp.up_proj"": 2178.0, ""self_attn.k_proj"": 345.0, ""self_attn.o_proj"": 1511.0, ""self_attn.q_proj"": 630.0, ""self_attn.v_proj"": 831.0}","{""mlp.down_proj"": 2418.0, ""mlp.gate_proj"": 1268.0, ""mlp.up_proj"": 2157.0, ""self_attn.k_proj"": 340.0, ""self_attn.o_proj"": 1482.0, ""self_attn.q_proj"": 623.0, ""self_attn.v_proj"": 827.0}","{""mlp.down_proj"": -17.0, ""mlp.gate_proj"": -41.0, ""mlp.up_proj"": -21.0, ""self_attn.k_proj"": -5.0, ""self_attn.o_proj"": -29.0, ""self_attn.q_proj"": -7.0, ""self_attn.v_proj"": -4.0}","{""mlp.down_proj"": 0.006981519507186858, ""mlp.gate_proj"": 0.03132161955691368, ""mlp.up_proj"": 0.009641873278236915, ""self_attn.k_proj"": 0.014492753623188406, ""self_attn.o_proj"": 0.019192587690271344, ""self_attn.q_proj"": 0.011111111111111112, ""self_attn.v_proj"": 0.0048134777376654635}",0.0004537951962585961,-4.685714285714283,328.257142857143,False,True
llama,opd,20,E_if,E_ifeval,0.025,14,5,equal5_non_qk,True,"mlp.down_proj,mlp.gate_proj,mlp.up_proj,self_attn.o_proj,self_attn.v_proj","self_attn.q_proj,self_attn.k_proj",1231.0,1254.0,1231.0,-23.0,0.021386419284137266,0.018341307814992026,"{""mlp.down_proj"": 2031.0, ""mlp.gate_proj"": 709.0, ""mlp.up_proj"": 1670.0, ""self_attn.o_proj"": 1157.0, ""self_attn.v_proj"": 703.0}","{""mlp.down_proj"": 2008.0, ""mlp.gate_proj"": 674.0, ""mlp.up_proj"": 1646.0, ""self_attn.o_proj"": 1130.0, ""self_attn.v_proj"": 697.0}","{""mlp.down_proj"": -23.0, ""mlp.gate_proj"": -35.0, ""mlp.up_proj"": -24.0, ""self_attn.o_proj"": -27.0, ""self_attn.v_proj"": -6.0}","{""mlp.down_proj"": 0.011324470704086657, ""mlp.gate_proj"": 0.04936530324400564, ""mlp.up_proj"": 0.01437125748502994, ""self_attn.o_proj"": 0.023336214347450302, ""self_attn.v_proj"": 0.008534850640113799}",0.010906261896924358,0.010480157387212908,7,equal7,True,"mlp.down_proj,mlp.gate_proj,mlp.up_proj,self_attn.k_proj,self_attn.o_proj,self_attn.q_proj,self_attn.v_proj",,949.1428571428571,966.7142857142857,949.1428571428571,-17.571428571428573,0.01986725328609425,0.01817644451012264,"{""mlp.down_proj"": 2031.0, ""mlp.gate_proj"": 709.0, ""mlp.up_proj"": 1670.0, ""self_attn.k_proj"": 188.0, ""self_attn.o_proj"": 1157.0, ""self_attn.q_proj"": 309.0, ""self_attn.v_proj"": 703.0}","{""mlp.down_proj"": 2008.0, ""mlp.gate_proj"": 674.0, ""mlp.up_proj"": 1646.0, ""self_attn.k_proj"": 185.0, ""self_attn.o_proj"": 1130.0, ""self_attn.q_proj"": 304.0, ""self_attn.v_proj"": 697.0}","{""mlp.down_proj"": -23.0, ""mlp.gate_proj"": -35.0, ""mlp.up_proj"": -24.0, ""self_attn.k_proj"": -3.0, ""self_attn.o_proj"": -27.0, ""self_attn.q_proj"": -5.0, ""self_attn.v_proj"": -6.0}","{""mlp.down_proj"": 0.011324470704086657, ""mlp.gate_proj"": 0.04936530324400564, ""mlp.up_proj"": 0.01437125748502994, ""self_attn.k_proj"": 0.015957446808510637, ""self_attn.o_proj"": 0.023336214347450302, ""self_attn.q_proj"": 0.016181229773462782, ""self_attn.v_proj"": 0.008534850640113799}",0.0015191659980430157,-5.428571428571427,281.8571428571429,False,True
llama,opd,20,E_if,E_ifeval,0.05,14,5,equal5_non_qk,True,"mlp.down_proj,mlp.gate_proj,mlp.up_proj,self_attn.o_proj,self_attn.v_proj","self_attn.q_proj,self_attn.k_proj",899.8,921.2,899.8,-21.4,0.029795789114255018,0.023230568823274088,"{""mlp.down_proj"": 1632.0, ""mlp.gate_proj"": 328.0, ""mlp.up_proj"": 1207.0, ""self_attn.o_proj"": 868.0, ""self_attn.v_proj"": 571.0}","{""mlp.down_proj"": 1606.0, ""mlp.gate_proj"": 305.0, ""mlp.up_proj"": 1182.0, ""self_attn.o_proj"": 842.0, ""self_attn.v_proj"": 564.0}","{""mlp.down_proj"": -26.0, ""mlp.gate_proj"": -23.0, ""mlp.up_proj"": -25.0, ""self_attn.o_proj"": -26.0, ""self_attn.v_proj"": -7.0}","{""mlp.down_proj"": 0.015931372549019607, ""mlp.gate_proj"": 0.0701219512195122, ""mlp.up_proj"": 0.020712510356255178, ""self_attn.o_proj"": 0.029953917050691243, ""self_attn.v_proj"": 0.012259194395796848}",0.014878009208177955,0.014917779906077063,7,equal7,True,"mlp.down_proj,mlp.gate_proj,mlp.up_proj,self_attn.k_proj,self_attn.o_proj,self_attn.q_proj,self_attn.v_proj",,675.2857142857143,691.2857142857143,675.2857142857143,-16.0,0.02777228646914987,0.023145277949989666,"{""mlp.down_proj"": 1632.0, ""mlp.gate_proj"": 328.0, ""mlp.up_proj"": 1207.0, ""self_attn.k_proj"": 98.0, ""self_attn.o_proj"": 868.0, ""self_attn.q_proj"": 135.0, ""self_attn.v_proj"": 571.0}","{""mlp.down_proj"": 1606.0, ""mlp.gate_proj"": 305.0, ""mlp.up_proj"": 1182.0, ""self_attn.k_proj"": 95.0, ""self_attn.o_proj"": 842.0, ""self_attn.q_proj"": 133.0, ""self_attn.v_proj"": 564.0}","{""mlp.down_proj"": -26.0, ""mlp.gate_proj"": -23.0, ""mlp.up_proj"": -25.0, ""self_attn.k_proj"": -3.0, ""self_attn.o_proj"": -26.0, ""self_attn.q_proj"": -2.0, ""self_attn.v_proj"": -7.0}","{""mlp.down_proj"": 0.015931372549019607, ""mlp.gate_proj"": 0.0701219512195122, ""mlp.up_proj"": 0.020712510356255178, ""self_attn.k_proj"": 0.030612244897959183, ""self_attn.o_proj"": 0.029953917050691243, ""self_attn.q_proj"": 0.014814814814814815, ""self_attn.v_proj"": 0.012259194395796848}",0.00202350264510515,-5.399999999999999,224.51428571428562,False,True
llama,opd,20,E_if,E_ifeval,0.1,14,5,equal5_non_qk,True,"mlp.down_proj,mlp.gate_proj,mlp.up_proj,self_attn.o_proj,self_attn.v_proj","self_attn.q_proj,self_attn.k_proj",575.2,592.8,575.2,-17.6,0.042682414238910414,0.029689608636976908,"{""mlp.down_proj"": 1166.0, ""mlp.gate_proj"": 96.0, ""mlp.up_proj"": 722.0, ""self_attn.o_proj"": 572.0, ""self_attn.v_proj"": 408.0}","{""mlp.down_proj"": 1139.0, ""mlp.gate_proj"": 86.0, ""mlp.up_proj"": 700.0, ""self_attn.o_proj"": 550.0, ""self_attn.v_proj"": 401.0}","{""mlp.down_proj"": -27.0, ""mlp.gate_proj"": -10.0, ""mlp.up_proj"": -22.0, ""self_attn.o_proj"": -22.0, ""self_attn.v_proj"": -7.0}","{""mlp.down_proj"": 0.023156089193825044, ""mlp.gate_proj"": 0.10416666666666667, ""mlp.up_proj"": 0.030470914127423823, ""self_attn.o_proj"": 0.038461538461538464, ""self_attn.v_proj"": 0.01715686274509804}",0.020189558541676395,0.02249285569723402,7,equal7,True,"mlp.down_proj,mlp.gate_proj,mlp.up_proj,self_attn.k_proj,self_attn.o_proj,self_attn.q_proj,self_attn.v_proj",,422.85714285714283,435.7142857142857,422.85714285714283,-12.857142857142858,0.037135552533049794,0.02950819672131155,"{""mlp.down_proj"": 1166.0, ""mlp.gate_proj"": 96.0, ""mlp.up_proj"": 722.0, ""self_attn.k_proj"": 42.0, ""self_attn.o_proj"": 572.0, ""self_attn.q_proj"": 44.0, ""self_attn.v_proj"": 408.0}","{""mlp.down_proj"": 1139.0, ""mlp.gate_proj"": 86.0, ""mlp.up_proj"": 700.0, ""self_attn.k_proj"": 41.0, ""self_attn.o_proj"": 550.0, ""self_attn.q_proj"": 43.0, ""self_attn.v_proj"": 401.0}","{""mlp.down_proj"": -27.0, ""mlp.gate_proj"": -10.0, ""mlp.up_proj"": -22.0, ""self_attn.k_proj"": -1.0, ""self_attn.o_proj"": -22.0, ""self_attn.q_proj"": -1.0, ""self_attn.v_proj"": -7.0}","{""mlp.down_proj"": 0.023156089193825044, ""mlp.gate_proj"": 0.10416666666666667, ""mlp.up_proj"": 0.030470914127423823, ""self_attn.k_proj"": 0.023809523809523808, ""self_attn.o_proj"": 0.038461538461538464, ""self_attn.q_proj"": 0.022727272727272728, ""self_attn.v_proj"": 0.01715686274509804}",0.00554686170586062,-4.742857142857144,152.3428571428572,False,True
llama,opd,20,E_math,E_mathHeld,0.01,14,5,equal5_non_qk,True,"mlp.down_proj,mlp.gate_proj,mlp.up_proj,self_attn.o_proj,self_attn.v_proj","self_attn.q_proj,self_attn.k_proj",833.4,851.6,833.4,-18.2,0.02291263341136493,0.021371535932362663,"{""mlp.down_proj"": 1162.0, ""mlp.gate_proj"": 587.0, ""mlp.up_proj"": 1022.0, ""self_attn.o_proj"": 828.0, ""self_attn.v_proj"": 659.0}","{""mlp.down_proj"": 1145.0, ""mlp.gate_proj"": 563.0, ""mlp.up_proj"": 1004.0, ""self_attn.o_proj"": 805.0, ""self_attn.v_proj"": 650.0}","{""mlp.down_proj"": -17.0, ""mlp.gate_proj"": -24.0, ""mlp.up_proj"": -18.0, ""self_attn.o_proj"": -23.0, ""self_attn.v_proj"": -9.0}","{""mlp.down_proj"": 0.014629948364888123, ""mlp.gate_proj"": 0.04088586030664395, ""mlp.up_proj"": 0.01761252446183953, ""self_attn.o_proj"": 0.027777777777777776, ""self_attn.v_proj"": 0.013657056145675266}",0.0073355535958877,0.01557707981547723,7,equal7,True,"mlp.down_proj,mlp.gate_proj,mlp.up_proj,self_attn.k_proj,self_attn.o_proj,self_attn.q_proj,self_attn.v_proj",,686.7142857142857,701.7142857142857,686.7142857142857,-15.0,0.022370353816318623,0.021376221498371338,"{""mlp.down_proj"": 1162.0, ""mlp.gate_proj"": 587.0, ""mlp.up_proj"": 1022.0, ""self_attn.k_proj"": 263.0, ""self_attn.o_proj"": 828.0, ""self_attn.q_proj"": 391.0, ""self_attn.v_proj"": 659.0}","{""mlp.down_proj"": 1145.0, ""mlp.gate_proj"": 563.0, ""mlp.up_proj"": 1004.0, ""self_attn.k_proj"": 258.0, ""self_attn.o_proj"": 805.0, ""self_attn.q_proj"": 382.0, ""self_attn.v_proj"": 650.0}","{""mlp.down_proj"": -17.0, ""mlp.gate_proj"": -24.0, ""mlp.up_proj"": -18.0, ""self_attn.k_proj"": -5.0, ""self_attn.o_proj"": -23.0, ""self_attn.q_proj"": -9.0, ""self_attn.v_proj"": -9.0}","{""mlp.down_proj"": 0.014629948364888123, ""mlp.gate_proj"": 0.04088586030664395, ""mlp.up_proj"": 0.01761252446183953, ""self_attn.k_proj"": 0.019011406844106463, ""self_attn.o_proj"": 0.027777777777777776, ""self_attn.q_proj"": 0.023017902813299233, ""self_attn.v_proj"": 0.013657056145675266}",0.000542279595046307,-3.1999999999999993,146.6857142857143,False,True
llama,opd,20,E_math,E_mathHeld,0.025,14,5,equal5_non_qk,True,"mlp.down_proj,mlp.gate_proj,mlp.up_proj,self_attn.o_proj,self_attn.v_proj","self_attn.q_proj,self_attn.k_proj",604.6,621.6,604.6,-17.0,0.03094986639562992,0.02734877734877735,"{""mlp.down_proj"": 912.0, ""mlp.gate_proj"": 322.0, ""mlp.up_proj"": 751.0, ""self_attn.o_proj"": 607.0, ""self_attn.v_proj"": 516.0}","{""mlp.down_proj"": 894.0, ""mlp.gate_proj"": 303.0, ""mlp.up_proj"": 733.0, ""self_attn.o_proj"": 586.0, ""self_attn.v_proj"": 507.0}","{""mlp.down_proj"": -18.0, ""mlp.gate_proj"": -19.0, ""mlp.up_proj"": -18.0, ""self_attn.o_proj"": -21.0, ""self_attn.v_proj"": -9.0}","{""mlp.down_proj"": 0.019736842105263157, ""mlp.gate_proj"": 0.059006211180124224, ""mlp.up_proj"": 0.023968042609853527, ""self_attn.o_proj"": 0.03459637561779242, ""self_attn.v_proj"": 0.01744186046511628}",0.010906261896924358,0.020043604498705563,7,equal7,True,"mlp.down_proj,mlp.gate_proj,mlp.up_proj,self_attn.k_proj,self_attn.o_proj,self_attn.q_proj,self_attn.v_proj",,481.42857142857144,495.14285714285717,481.42857142857144,-13.714285714285714,0.03072426354266606,0.02769763416041548,"{""mlp.down_proj"": 912.0, ""mlp.gate_proj"": 322.0, ""mlp.up_proj"": 751.0, ""self_attn.k_proj"": 150.0, ""self_attn.o_proj"": 607.0, ""self_attn.q_proj"": 208.0, ""self_attn.v_proj"": 516.0}","{""mlp.down_proj"": 894.0, ""mlp.gate_proj"": 303.0, ""mlp.up_proj"": 733.0, ""self_attn.k_proj"": 146.0, ""self_attn.o_proj"": 586.0, ""self_attn.q_proj"": 201.0, ""self_attn.v_proj"": 507.0}","{""mlp.down_proj"": -18.0, ""mlp.gate_proj"": -19.0, ""mlp.up_proj"": -18.0, ""self_attn.k_proj"": -4.0, ""self_attn.o_proj"": -21.0, ""self_attn.q_proj"": -7.0, ""self_attn.v_proj"": -9.0}","{""mlp.down_proj"": 0.019736842105263157, ""mlp.gate_proj"": 0.059006211180124224, ""mlp.up_proj"": 0.023968042609853527, ""self_attn.k_proj"": 0.02666666666666667, ""self_attn.o_proj"": 0.03459637561779242, ""self_attn.q_proj"": 0.03365384615384615, ""self_attn.v_proj"": 0.01744186046511628}",0.0002256028529638611,-3.2857142857142865,123.17142857142858,False,True
llama,opd,20,E_math,E_mathHeld,0.05,14,5,equal5_non_qk,True,"mlp.down_proj,mlp.gate_proj,mlp.up_proj,self_attn.o_proj,self_attn.v_proj","self_attn.q_proj,self_attn.k_proj",431.6,446.2,431.6,-14.6,0.040124936392087376,0.032720753025549006,"{""mlp.down_proj"": 701.0, ""mlp.gate_proj"": 158.0, ""mlp.up_proj"": 534.0, ""self_attn.o_proj"": 441.0, ""self_attn.v_proj"": 397.0}","{""mlp.down_proj"": 684.0, ""mlp.gate_proj"": 145.0, ""mlp.up_proj"": 519.0, ""self_attn.o_proj"": 423.0, ""self_attn.v_proj"": 387.0}","{""mlp.down_proj"": -17.0, ""mlp.gate_proj"": -13.0, ""mlp.up_proj"": -15.0, ""self_attn.o_proj"": -18.0, ""self_attn.v_proj"": -10.0}","{""mlp.down_proj"": 0.024251069900142655, ""mlp.gate_proj"": 0.08227848101265822, ""mlp.up_proj"": 0.028089887640449437, ""self_attn.o_proj"": 0.04081632653061224, ""self_attn.v_proj"": 0.02518891687657431}",0.014878009208177955,0.02524692718390942,7,equal7,True,"mlp.down_proj,mlp.gate_proj,mlp.up_proj,self_attn.k_proj,self_attn.o_proj,self_attn.q_proj,self_attn.v_proj",,333.85714285714283,345.42857142857144,333.85714285714283,-11.571428571428571,0.04069752242787299,0.03349875930521103,"{""mlp.down_proj"": 701.0, ""mlp.gate_proj"": 158.0, ""mlp.up_proj"": 534.0, ""self_attn.k_proj"": 84.0, ""self_attn.o_proj"": 441.0, ""self_attn.q_proj"": 103.0, ""self_attn.v_proj"": 397.0}","{""mlp.down_proj"": 684.0, ""mlp.gate_proj"": 145.0, ""mlp.up_proj"": 519.0, ""self_attn.k_proj"": 81.0, ""self_attn.o_proj"": 423.0, ""self_attn.q_proj"": 98.0, ""self_attn.v_proj"": 387.0}","{""mlp.down_proj"": -17.0, ""mlp.gate_proj"": -13.0, ""mlp.up_proj"": -15.0, ""self_attn.k_proj"": -3.0, ""self_attn.o_proj"": -18.0, ""self_attn.q_proj"": -5.0, ""self_attn.v_proj"": -10.0}","{""mlp.down_proj"": 0.024251069900142655, ""mlp.gate_proj"": 0.08227848101265822, ""mlp.up_proj"": 0.028089887640449437, ""self_attn.k_proj"": 0.03571428571428571, ""self_attn.o_proj"": 0.04081632653061224, ""self_attn.q_proj"": 0.04854368932038835, ""self_attn.v_proj"": 0.02518891687657431}",-0.0005725860357856105,-3.0285714285714285,97.74285714285719,False,True
llama,opd,20,E_math,E_mathHeld,0.1,14,5,equal5_non_qk,True,"mlp.down_proj,mlp.gate_proj,mlp.up_proj,self_attn.o_proj,self_attn.v_proj","self_attn.q_proj,self_attn.k_proj",271.8,283.2,271.8,-11.4,0.055168508510123414,0.040254237288135514,"{""mlp.down_proj"": 483.0, ""mlp.gate_proj"": 49.0, ""mlp.up_proj"": 325.0, ""self_attn.o_proj"": 286.0, ""self_attn.v_proj"": 273.0}","{""mlp.down_proj"": 468.0, ""mlp.gate_proj"": 43.0, ""mlp.up_proj"": 313.0, ""self_attn.o_proj"": 271.0, ""self_attn.v_proj"": 264.0}","{""mlp.down_proj"": -15.0, ""mlp.gate_proj"": -6.0, ""mlp.up_proj"": -12.0, ""self_attn.o_proj"": -15.0, ""self_attn.v_proj"": -9.0}","{""mlp.down_proj"": 0.031055900621118012, ""mlp.gate_proj"": 0.12244897959183673, ""mlp.up_proj"": 0.036923076923076927, ""self_attn.o_proj"": 0.05244755244755245, ""self_attn.v_proj"": 0.03296703296703297}",0.020189558541676395,0.03497894996844702,7,equal7,True,"mlp.down_proj,mlp.gate_proj,mlp.up_proj,self_attn.k_proj,self_attn.o_proj,self_attn.q_proj,self_attn.v_proj",,204.71428571428572,213.14285714285714,204.71428571428572,-8.428571428571429,0.04692487449971222,0.03954423592493292,"{""mlp.down_proj"": 483.0, ""mlp.gate_proj"": 49.0, ""mlp.up_proj"": 325.0, ""self_attn.k_proj"": 38.0, ""self_attn.o_proj"": 286.0, ""self_attn.q_proj"": 38.0, ""self_attn.v_proj"": 273.0}","{""mlp.down_proj"": 468.0, ""mlp.gate_proj"": 43.0, ""mlp.up_proj"": 313.0, ""self_attn.k_proj"": 37.0, ""self_attn.o_proj"": 271.0, ""self_attn.q_proj"": 37.0, ""self_attn.v_proj"": 264.0}","{""mlp.down_proj"": -15.0, ""mlp.gate_proj"": -6.0, ""mlp.up_proj"": -12.0, ""self_attn.k_proj"": -1.0, ""self_attn.o_proj"": -15.0, ""self_attn.q_proj"": -1.0, ""self_attn.v_proj"": -9.0}","{""mlp.down_proj"": 0.031055900621118012, ""mlp.gate_proj"": 0.12244897959183673, ""mlp.up_proj"": 0.036923076923076927, ""self_attn.k_proj"": 0.02631578947368421, ""self_attn.o_proj"": 0.05244755244755245, ""self_attn.q_proj"": 0.02631578947368421, ""self_attn.v_proj"": 0.03296703296703297}",0.008243634010411192,-2.9714285714285715,67.08571428571429,False,True
llama,opd,20,E_ood,E_mmluPro,0.01,14,5,equal5_non_qk,True,"mlp.down_proj,mlp.gate_proj,mlp.up_proj,self_attn.o_proj,self_attn.v_proj","self_attn.q_proj,self_attn.k_proj",1672.8,1694.2,1672.8,-21.4,0.013610311231316697,0.0126313304214379,"{""mlp.down_proj"": 2452.0, ""mlp.gate_proj"": 1352.0, ""mlp.up_proj"": 2263.0, ""self_attn.o_proj"": 1556.0, ""self_attn.v_proj"": 848.0}","{""mlp.down_proj"": 2439.0, ""mlp.gate_proj"": 1310.0, ""mlp.up_proj"": 2241.0, ""self_attn.o_proj"": 1531.0, ""self_attn.v_proj"": 843.0}","{""mlp.down_proj"": -13.0, ""mlp.gate_proj"": -42.0, ""mlp.up_proj"": -22.0, ""self_attn.o_proj"": -25.0, ""self_attn.v_proj"": -5.0}","{""mlp.down_proj"": 0.005301794453507341, ""mlp.gate_proj"": 0.03106508875739645, ""mlp.up_proj"": 0.009721608484312859, ""self_attn.o_proj"": 0.016066838046272493, ""self_attn.v_proj"": 0.00589622641509434}",0.0073355535958877,0.0062747576354289965,7,equal7,True,"mlp.down_proj,mlp.gate_proj,mlp.up_proj,self_attn.k_proj,self_attn.o_proj,self_attn.q_proj,self_attn.v_proj",,1327.142857142857,1343.5714285714287,1327.142857142857,-16.428571428571427,0.01239566392463017,0.012227538543328113,"{""mlp.down_proj"": 2452.0, ""mlp.gate_proj"": 1352.0, ""mlp.up_proj"": 2263.0, ""self_attn.k_proj"": 331.0, ""self_attn.o_proj"": 1556.0, ""self_attn.q_proj"": 603.0, ""self_attn.v_proj"": 848.0}","{""mlp.down_proj"": 2439.0, ""mlp.gate_proj"": 1310.0, ""mlp.up_proj"": 2241.0, ""self_attn.k_proj"": 327.0, ""self_attn.o_proj"": 1531.0, ""self_attn.q_proj"": 599.0, ""self_attn.v_proj"": 843.0}","{""mlp.down_proj"": -13.0, ""mlp.gate_proj"": -42.0, ""mlp.up_proj"": -22.0, ""self_attn.k_proj"": -4.0, ""self_attn.o_proj"": -25.0, ""self_attn.q_proj"": -4.0, ""self_attn.v_proj"": -5.0}","{""mlp.down_proj"": 0.005301794453507341, ""mlp.gate_proj"": 0.03106508875739645, ""mlp.up_proj"": 0.009721608484312859, ""self_attn.k_proj"": 0.012084592145015106, ""self_attn.o_proj"": 0.016066838046272493, ""self_attn.q_proj"": 0.006633499170812604, ""self_attn.v_proj"": 0.00589622641509434}",0.0012146473066865261,-4.9714285714285715,345.65714285714284,False,True
llama,opd,20,E_ood,E_mmluPro,0.025,14,5,equal5_non_qk,True,"mlp.down_proj,mlp.gate_proj,mlp.up_proj,self_attn.o_proj,self_attn.v_proj","self_attn.q_proj,self_attn.k_proj",1273.4,1296.6,1273.4,-23.2,0.02135140289392002,0.017892950794385177,"{""mlp.down_proj"": 2058.0, ""mlp.gate_proj"": 731.0, ""mlp.up_proj"": 1775.0, ""self_attn.o_proj"": 1191.0, ""self_attn.v_proj"": 728.0}","{""mlp.down_proj"": 2039.0, ""mlp.gate_proj"": 693.0, ""mlp.up_proj"": 1747.0, ""self_attn.o_proj"": 1167.0, ""self_attn.v_proj"": 721.0}","{""mlp.down_proj"": -19.0, ""mlp.gate_proj"": -38.0, ""mlp.up_proj"": -28.0, ""self_attn.o_proj"": -24.0, ""self_attn.v_proj"": -7.0}","{""mlp.down_proj"": 0.00923226433430515, ""mlp.gate_proj"": 0.05198358413132695, ""mlp.up_proj"": 0.015774647887323943, ""self_attn.o_proj"": 0.020151133501259445, ""self_attn.v_proj"": 0.009615384615384616}",0.010906261896924358,0.010445140996995662,7,equal7,True,"mlp.down_proj,mlp.gate_proj,mlp.up_proj,self_attn.k_proj,self_attn.o_proj,self_attn.q_proj,self_attn.v_proj",,975.2857142857143,992.7142857142857,975.2857142857143,-17.428571428571427,0.01914680196007663,0.01755648294718655,"{""mlp.down_proj"": 2058.0, ""mlp.gate_proj"": 731.0, ""mlp.up_proj"": 1775.0, ""self_attn.k_proj"": 178.0, ""self_attn.o_proj"": 1191.0, ""self_attn.q_proj"": 288.0, ""self_attn.v_proj"": 728.0}","{""mlp.down_proj"": 2039.0, ""mlp.gate_proj"": 693.0, ""mlp.up_proj"": 1747.0, ""self_attn.k_proj"": 175.0, ""self_attn.o_proj"": 1167.0, ""self_attn.q_proj"": 285.0, ""self_attn.v_proj"": 721.0}","{""mlp.down_proj"": -19.0, ""mlp.gate_proj"": -38.0, ""mlp.up_proj"": -28.0, ""self_attn.k_proj"": -3.0, ""self_attn.o_proj"": -24.0, ""self_attn.q_proj"": -3.0, ""self_attn.v_proj"": -7.0}","{""mlp.down_proj"": 0.00923226433430515, ""mlp.gate_proj"": 0.05198358413132695, ""mlp.up_proj"": 0.015774647887323943, ""self_attn.k_proj"": 0.016853932584269662, ""self_attn.o_proj"": 0.020151133501259445, ""self_attn.q_proj"": 0.010416666666666666, ""self_attn.v_proj"": 0.009615384615384616}",0.002204600933843389,-5.771428571428572,298.11428571428576,False,True
llama,opd,20,E_ood,E_mmluPro,0.05,14,5,equal5_non_qk,True,"mlp.down_proj,mlp.gate_proj,mlp.up_proj,self_attn.o_proj,self_attn.v_proj","self_attn.q_proj,self_attn.k_proj",940.6,961.6,940.6,-21.0,0.0298003463834696,0.021838602329450913,"{""mlp.down_proj"": 1669.0, ""mlp.gate_proj"": 327.0, ""mlp.up_proj"": 1319.0, ""self_attn.o_proj"": 891.0, ""self_attn.v_proj"": 602.0}","{""mlp.down_proj"": 1648.0, ""mlp.gate_proj"": 302.0, ""mlp.up_proj"": 1290.0, ""self_attn.o_proj"": 869.0, ""self_attn.v_proj"": 594.0}","{""mlp.down_proj"": -21.0, ""mlp.gate_proj"": -25.0, ""mlp.up_proj"": -29.0, ""self_attn.o_proj"": -22.0, ""self_attn.v_proj"": -8.0}","{""mlp.down_proj"": 0.012582384661473937, ""mlp.gate_proj"": 0.0764525993883792, ""mlp.up_proj"": 0.021986353297952996, ""self_attn.o_proj"": 0.024691358024691357, ""self_attn.v_proj"": 0.013289036544850499}",0.014878009208177955,0.014922337175291647,7,equal7,True,"mlp.down_proj,mlp.gate_proj,mlp.up_proj,self_attn.k_proj,self_attn.o_proj,self_attn.q_proj,self_attn.v_proj",,701.7142857142857,717.4285714285714,701.7142857142857,-15.714285714285714,0.027909999685401286,0.02190362405416178,"{""mlp.down_proj"": 1669.0, ""mlp.gate_proj"": 327.0, ""mlp.up_proj"": 1319.0, ""self_attn.k_proj"": 91.0, ""self_attn.o_proj"": 891.0, ""self_attn.q_proj"": 123.0, ""self_attn.v_proj"": 602.0}","{""mlp.down_proj"": 1648.0, ""mlp.gate_proj"": 302.0, ""mlp.up_proj"": 1290.0, ""self_attn.k_proj"": 89.0, ""self_attn.o_proj"": 869.0, ""self_attn.q_proj"": 120.0, ""self_attn.v_proj"": 594.0}","{""mlp.down_proj"": -21.0, ""mlp.gate_proj"": -25.0, ""mlp.up_proj"": -29.0, ""self_attn.k_proj"": -2.0, ""self_attn.o_proj"": -22.0, ""self_attn.q_proj"": -3.0, ""self_attn.v_proj"": -8.0}","{""mlp.down_proj"": 0.012582384661473937, ""mlp.gate_proj"": 0.0764525993883792, ""mlp.up_proj"": 0.021986353297952996, ""self_attn.k_proj"": 0.02197802197802198, ""self_attn.o_proj"": 0.024691358024691357, ""self_attn.q_proj"": 0.024390243902439025, ""self_attn.v_proj"": 0.013289036544850499}",0.001890346698068316,-5.2857142857142865,238.88571428571436,False,True
llama,opd,20,E_ood,E_mmluPro,0.1,14,5,equal5_non_qk,True,"mlp.down_proj,mlp.gate_proj,mlp.up_proj,self_attn.o_proj,self_attn.v_proj","self_attn.q_proj,self_attn.k_proj",613.4,630.6,613.4,-17.2,0.04248722133267582,0.027275610529654368,"{""mlp.down_proj"": 1213.0, ""mlp.gate_proj"": 83.0, ""mlp.up_proj"": 825.0, ""self_attn.o_proj"": 586.0, ""self_attn.v_proj"": 446.0}","{""mlp.down_proj"": 1191.0, ""mlp.gate_proj"": 74.0, ""mlp.up_proj"": 798.0, ""self_attn.o_proj"": 568.0, ""self_attn.v_proj"": 436.0}","{""mlp.down_proj"": -22.0, ""mlp.gate_proj"": -9.0, ""mlp.up_proj"": -27.0, ""self_attn.o_proj"": -18.0, ""self_attn.v_proj"": -10.0}","{""mlp.down_proj"": 0.018136850783182192, ""mlp.gate_proj"": 0.10843373493975904, ""mlp.up_proj"": 0.03272727272727273, ""self_attn.o_proj"": 0.030716723549488054, ""self_attn.v_proj"": 0.02242152466367713}",0.020189558541676395,0.02229766279099943,7,equal7,True,"mlp.down_proj,mlp.gate_proj,mlp.up_proj,self_attn.k_proj,self_attn.o_proj,self_attn.q_proj,self_attn.v_proj",,449.42857142857144,461.85714285714283,449.42857142857144,-12.428571428571429,0.03383233579511688,0.026909990720692768,"{""mlp.down_proj"": 1213.0, ""mlp.gate_proj"": 83.0, ""mlp.up_proj"": 825.0, ""self_attn.k_proj"": 39.0, ""self_attn.o_proj"": 586.0, ""self_attn.q_proj"": 41.0, ""self_attn.v_proj"": 446.0}","{""mlp.down_proj"": 1191.0, ""mlp.gate_proj"": 74.0, ""mlp.up_proj"": 798.0, ""self_attn.k_proj"": 39.0, ""self_attn.o_proj"": 568.0, ""self_attn.q_proj"": 40.0, ""self_attn.v_proj"": 436.0}","{""mlp.down_proj"": -22.0, ""mlp.gate_proj"": -9.0, ""mlp.up_proj"": -27.0, ""self_attn.k_proj"": 0.0, ""self_attn.o_proj"": -18.0, ""self_attn.q_proj"": -1.0, ""self_attn.v_proj"": -10.0}","{""mlp.down_proj"": 0.018136850783182192, ""mlp.gate_proj"": 0.10843373493975904, ""mlp.up_proj"": 0.03272727272727273, ""self_attn.k_proj"": 0.0, ""self_attn.o_proj"": 0.030716723549488054, ""self_attn.q_proj"": 0.024390243902439025, ""self_attn.v_proj"": 0.02242152466367713}",0.008654885537558943,-4.7714285714285705,163.97142857142853,False,True
llama,opd,40,E_general,E_general,0.01,14,5,equal5_non_qk,True,"mlp.down_proj,mlp.gate_proj,mlp.up_proj,self_attn.o_proj,self_attn.v_proj","self_attn.q_proj,self_attn.k_proj",1722.8,1737.8,1722.8,-15.0,0.009245347690405397,0.00863160317642997,"{""mlp.down_proj"": 2529.0, ""mlp.gate_proj"": 1399.0, ""mlp.up_proj"": 2314.0, ""self_attn.o_proj"": 1584.0, ""self_attn.v_proj"": 863.0}","{""mlp.down_proj"": 2521.0, ""mlp.gate_proj"": 1373.0, ""mlp.up_proj"": 2299.0, ""self_attn.o_proj"": 1561.0, ""self_attn.v_proj"": 860.0}","{""mlp.down_proj"": -8.0, ""mlp.gate_proj"": -26.0, ""mlp.up_proj"": -15.0, ""self_attn.o_proj"": -23.0, ""self_attn.v_proj"": -3.0}","{""mlp.down_proj"": 0.0031633056544088573, ""mlp.gate_proj"": 0.01858470335954253, ""mlp.up_proj"": 0.00648228176318064, ""self_attn.o_proj"": 0.01452020202020202, ""self_attn.v_proj"": 0.0034762456546929316}",0.009245347690405397,0.0,7,equal7,True,"mlp.down_proj,mlp.gate_proj,mlp.up_proj,self_attn.k_proj,self_attn.o_proj,self_attn.q_proj,self_attn.v_proj",,1381.4285714285713,1393.7142857142858,1381.4285714285713,-12.285714285714286,0.009572716007872833,0.008815088150881625,"{""mlp.down_proj"": 2529.0, ""mlp.gate_proj"": 1399.0, ""mlp.up_proj"": 2314.0, ""self_attn.k_proj"": 375.0, ""self_attn.o_proj"": 1584.0, ""self_attn.q_proj"": 692.0, ""self_attn.v_proj"": 863.0}","{""mlp.down_proj"": 2521.0, ""mlp.gate_proj"": 1373.0, ""mlp.up_proj"": 2299.0, ""self_attn.k_proj"": 371.0, ""self_attn.o_proj"": 1561.0, ""self_attn.q_proj"": 685.0, ""self_attn.v_proj"": 860.0}","{""mlp.down_proj"": -8.0, ""mlp.gate_proj"": -26.0, ""mlp.up_proj"": -15.0, ""self_attn.k_proj"": -4.0, ""self_attn.o_proj"": -23.0, ""self_attn.q_proj"": -7.0, ""self_attn.v_proj"": -3.0}","{""mlp.down_proj"": 0.0031633056544088573, ""mlp.gate_proj"": 0.01858470335954253, ""mlp.up_proj"": 0.00648228176318064, ""self_attn.k_proj"": 0.010666666666666666, ""self_attn.o_proj"": 0.01452020202020202, ""self_attn.q_proj"": 0.010115606936416185, ""self_attn.v_proj"": 0.0034762456546929316}",-0.0003273683174674358,-2.7142857142857135,341.3714285714286,False,True
llama,opd,40,E_general,E_general,0.025,14,5,equal5_non_qk,True,"mlp.down_proj,mlp.gate_proj,mlp.up_proj,self_attn.o_proj,self_attn.v_proj","self_attn.q_proj,self_attn.k_proj",1342.6,1358.4,1342.6,-15.8,0.013658537800200465,0.011631330977620863,"{""mlp.down_proj"": 2167.0, ""mlp.gate_proj"": 784.0, ""mlp.up_proj"": 1852.0, ""self_attn.o_proj"": 1238.0, ""self_attn.v_proj"": 751.0}","{""mlp.down_proj"": 2156.0, ""mlp.gate_proj"": 761.0, ""mlp.up_proj"": 1833.0, ""self_attn.o_proj"": 1217.0, ""self_attn.v_proj"": 746.0}","{""mlp.down_proj"": -11.0, ""mlp.gate_proj"": -23.0, ""mlp.up_proj"": -19.0, ""self_attn.o_proj"": -21.0, ""self_attn.v_proj"": -5.0}","{""mlp.down_proj"": 0.005076142131979695, ""mlp.gate_proj"": 0.029336734693877552, ""mlp.up_proj"": 0.010259179265658747, ""self_attn.o_proj"": 0.016962843295638127, ""self_attn.v_proj"": 0.006657789613848202}",0.013658537800200465,0.0,7,equal7,True,"mlp.down_proj,mlp.gate_proj,mlp.up_proj,self_attn.k_proj,self_attn.o_proj,self_attn.q_proj,self_attn.v_proj",,1038.2857142857142,1050.7142857142858,1038.2857142857142,-12.428571428571429,0.013812663806034714,0.01182868796736926,"{""mlp.down_proj"": 2167.0, ""mlp.gate_proj"": 784.0, ""mlp.up_proj"": 1852.0, ""self_attn.k_proj"": 212.0, ""self_attn.o_proj"": 1238.0, ""self_attn.q_proj"": 351.0, ""self_attn.v_proj"": 751.0}","{""mlp.down_proj"": 2156.0, ""mlp.gate_proj"": 761.0, ""mlp.up_proj"": 1833.0, ""self_attn.k_proj"": 209.0, ""self_attn.o_proj"": 1217.0, ""self_attn.q_proj"": 346.0, ""self_attn.v_proj"": 746.0}","{""mlp.down_proj"": -11.0, ""mlp.gate_proj"": -23.0, ""mlp.up_proj"": -19.0, ""self_attn.k_proj"": -3.0, ""self_attn.o_proj"": -21.0, ""self_attn.q_proj"": -5.0, ""self_attn.v_proj"": -5.0}","{""mlp.down_proj"": 0.005076142131979695, ""mlp.gate_proj"": 0.029336734693877552, ""mlp.up_proj"": 0.010259179265658747, ""self_attn.k_proj"": 0.014150943396226415, ""self_attn.o_proj"": 0.016962843295638127, ""self_attn.q_proj"": 0.014245014245014245, ""self_attn.v_proj"": 0.006657789613848202}",-0.00015412600583424897,-3.371428571428572,304.3142857142857,False,True
llama,opd,40,E_general,E_general,0.05,14,5,equal5_non_qk,True,"mlp.down_proj,mlp.gate_proj,mlp.up_proj,self_attn.o_proj,self_attn.v_proj","self_attn.q_proj,self_attn.k_proj",1018.2,1033.4,1018.2,-15.2,0.019176957824575767,0.014708728469131066,"{""mlp.down_proj"": 1802.0, ""mlp.gate_proj"": 368.0, ""mlp.up_proj"": 1412.0, ""self_attn.o_proj"": 954.0, ""self_attn.v_proj"": 631.0}","{""mlp.down_proj"": 1788.0, ""mlp.gate_proj"": 352.0, ""mlp.up_proj"": 1392.0, ""self_attn.o_proj"": 934.0, ""self_attn.v_proj"": 625.0}","{""mlp.down_proj"": -14.0, ""mlp.gate_proj"": -16.0, ""mlp.up_proj"": -20.0, ""self_attn.o_proj"": -20.0, ""self_attn.v_proj"": -6.0}","{""mlp.down_proj"": 0.00776914539400666, ""mlp.gate_proj"": 0.043478260869565216, ""mlp.up_proj"": 0.014164305949008499, ""self_attn.o_proj"": 0.020964360587002098, ""self_attn.v_proj"": 0.009508716323296355}",0.019176957824575767,0.0,7,equal7,True,"mlp.down_proj,mlp.gate_proj,mlp.up_proj,self_attn.k_proj,self_attn.o_proj,self_attn.q_proj,self_attn.v_proj",,764.7142857142857,776.2857142857143,764.7142857142857,-11.571428571428571,0.019019082338809442,0.014906146485093977,"{""mlp.down_proj"": 1802.0, ""mlp.gate_proj"": 368.0, ""mlp.up_proj"": 1412.0, ""self_attn.k_proj"": 111.0, ""self_attn.o_proj"": 954.0, ""self_attn.q_proj"": 156.0, ""self_attn.v_proj"": 631.0}","{""mlp.down_proj"": 1788.0, ""mlp.gate_proj"": 352.0, ""mlp.up_proj"": 1392.0, ""self_attn.k_proj"": 109.0, ""self_attn.o_proj"": 934.0, ""self_attn.q_proj"": 153.0, ""self_attn.v_proj"": 625.0}","{""mlp.down_proj"": -14.0, ""mlp.gate_proj"": -16.0, ""mlp.up_proj"": -20.0, ""self_attn.k_proj"": -2.0, ""self_attn.o_proj"": -20.0, ""self_attn.q_proj"": -3.0, ""self_attn.v_proj"": -6.0}","{""mlp.down_proj"": 0.00776914539400666, ""mlp.gate_proj"": 0.043478260869565216, ""mlp.up_proj"": 0.014164305949008499, ""self_attn.k_proj"": 0.018018018018018018, ""self_attn.o_proj"": 0.020964360587002098, ""self_attn.q_proj"": 0.019230769230769232, ""self_attn.v_proj"": 0.009508716323296355}",0.00015787548576632476,-3.628571428571428,253.48571428571438,False,True
llama,opd,40,E_general,E_general,0.1,14,5,equal5_non_qk,True,"mlp.down_proj,mlp.gate_proj,mlp.up_proj,self_attn.o_proj,self_attn.v_proj","self_attn.q_proj,self_attn.k_proj",691.6,704.6,691.6,-13.0,0.02507856310419332,0.01845018450184502,"{""mlp.down_proj"": 1362.0, ""mlp.gate_proj"": 100.0, ""mlp.up_proj"": 923.0, ""self_attn.o_proj"": 659.0, ""self_attn.v_proj"": 479.0}","{""mlp.down_proj"": 1348.0, ""mlp.gate_proj"": 95.0, ""mlp.up_proj"": 903.0, ""self_attn.o_proj"": 640.0, ""self_attn.v_proj"": 472.0}","{""mlp.down_proj"": -14.0, ""mlp.gate_proj"": -5.0, ""mlp.up_proj"": -20.0, ""self_attn.o_proj"": -19.0, ""self_attn.v_proj"": -7.0}","{""mlp.down_proj"": 0.010279001468428781, ""mlp.gate_proj"": 0.05, ""mlp.up_proj"": 0.021668472372697724, ""self_attn.o_proj"": 0.028831562974203338, ""self_attn.v_proj"": 0.014613778705636743}",0.02507856310419332,0.0,7,equal7,True,"mlp.down_proj,mlp.gate_proj,mlp.up_proj,self_attn.k_proj,self_attn.o_proj,self_attn.q_proj,self_attn.v_proj",,507.7142857142857,517.2857142857143,507.7142857142857,-9.571428571428571,0.02374659269347142,0.0185031759182547,"{""mlp.down_proj"": 1362.0, ""mlp.gate_proj"": 100.0, ""mlp.up_proj"": 923.0, ""self_attn.k_proj"": 48.0, ""self_attn.o_proj"": 659.0, ""self_attn.q_proj"": 50.0, ""self_attn.v_proj"": 479.0}","{""mlp.down_proj"": 1348.0, ""mlp.gate_proj"": 95.0, ""mlp.up_proj"": 903.0, ""self_attn.k_proj"": 47.0, ""self_attn.o_proj"": 640.0, ""self_attn.q_proj"": 49.0, ""self_attn.v_proj"": 472.0}","{""mlp.down_proj"": -14.0, ""mlp.gate_proj"": -5.0, ""mlp.up_proj"": -20.0, ""self_attn.k_proj"": -1.0, ""self_attn.o_proj"": -19.0, ""self_attn.q_proj"": -1.0, ""self_attn.v_proj"": -7.0}","{""mlp.down_proj"": 0.010279001468428781, ""mlp.gate_proj"": 0.05, ""mlp.up_proj"": 0.021668472372697724, ""self_attn.k_proj"": 0.020833333333333332, ""self_attn.o_proj"": 0.028831562974203338, ""self_attn.q_proj"": 0.02, ""self_attn.v_proj"": 0.014613778705636743}",0.0013319704107218992,-3.428571428571429,183.8857142857143,False,True
llama,opd,40,E_if,E_ifeval,0.01,14,5,equal5_non_qk,True,"mlp.down_proj,mlp.gate_proj,mlp.up_proj,self_attn.o_proj,self_attn.v_proj","self_attn.q_proj,self_attn.k_proj",1623.8,1652.8,1623.8,-29.0,0.018621510006376907,0.017545982575024203,"{""mlp.down_proj"": 2435.0, ""mlp.gate_proj"": 1309.0, ""mlp.up_proj"": 2178.0, ""self_attn.o_proj"": 1511.0, ""self_attn.v_proj"": 831.0}","{""mlp.down_proj"": 2412.0, ""mlp.gate_proj"": 1256.0, ""mlp.up_proj"": 2147.0, ""self_attn.o_proj"": 1480.0, ""self_attn.v_proj"": 824.0}","{""mlp.down_proj"": -23.0, ""mlp.gate_proj"": -53.0, ""mlp.up_proj"": -31.0, ""self_attn.o_proj"": -31.0, ""self_attn.v_proj"": -7.0}","{""mlp.down_proj"": 0.00944558521560575, ""mlp.gate_proj"": 0.04048892284186402, ""mlp.up_proj"": 0.014233241505968778, ""self_attn.o_proj"": 0.020516214427531435, ""self_attn.v_proj"": 0.00842358604091456}",0.009245347690405397,0.00937616231597151,7,equal7,True,"mlp.down_proj,mlp.gate_proj,mlp.up_proj,self_attn.k_proj,self_attn.o_proj,self_attn.q_proj,self_attn.v_proj",,1296.2857142857142,1319.857142857143,1296.2857142857142,-23.571428571428573,0.019147475105609848,0.01785907565753877,"{""mlp.down_proj"": 2435.0, ""mlp.gate_proj"": 1309.0, ""mlp.up_proj"": 2178.0, ""self_attn.k_proj"": 345.0, ""self_attn.o_proj"": 1511.0, ""self_attn.q_proj"": 630.0, ""self_attn.v_proj"": 831.0}","{""mlp.down_proj"": 2412.0, ""mlp.gate_proj"": 1256.0, ""mlp.up_proj"": 2147.0, ""self_attn.k_proj"": 338.0, ""self_attn.o_proj"": 1480.0, ""self_attn.q_proj"": 617.0, ""self_attn.v_proj"": 824.0}","{""mlp.down_proj"": -23.0, ""mlp.gate_proj"": -53.0, ""mlp.up_proj"": -31.0, ""self_attn.k_proj"": -7.0, ""self_attn.o_proj"": -31.0, ""self_attn.q_proj"": -13.0, ""self_attn.v_proj"": -7.0}","{""mlp.down_proj"": 0.00944558521560575, ""mlp.gate_proj"": 0.04048892284186402, ""mlp.up_proj"": 0.014233241505968778, ""self_attn.k_proj"": 0.020289855072463767, ""self_attn.o_proj"": 0.020516214427531435, ""self_attn.q_proj"": 0.020634920634920634, ""self_attn.v_proj"": 0.00842358604091456}",-0.0005259650992329411,-5.428571428571427,327.51428571428573,False,True
llama,opd,40,E_if,E_ifeval,0.025,14,5,equal5_non_qk,True,"mlp.down_proj,mlp.gate_proj,mlp.up_proj,self_attn.o_proj,self_attn.v_proj","self_attn.q_proj,self_attn.k_proj",1223.4,1254.0,1223.4,-30.6,0.028043797333247206,0.024401913875598015,"{""mlp.down_proj"": 2031.0, ""mlp.gate_proj"": 709.0, ""mlp.up_proj"": 1670.0, ""self_attn.o_proj"": 1157.0, ""self_attn.v_proj"": 703.0}","{""mlp.down_proj"": 2000.0, ""mlp.gate_proj"": 664.0, ""mlp.up_proj"": 1632.0, ""self_attn.o_proj"": 1127.0, ""self_attn.v_proj"": 694.0}","{""mlp.down_proj"": -31.0, ""mlp.gate_proj"": -45.0, ""mlp.up_proj"": -38.0, ""self_attn.o_proj"": -30.0, ""self_attn.v_proj"": -9.0}","{""mlp.down_proj"": 0.015263417035942885, ""mlp.gate_proj"": 0.06346967559943582, ""mlp.up_proj"": 0.022754491017964073, ""self_attn.o_proj"": 0.02592912705272256, ""self_attn.v_proj"": 0.012802275960170697}",0.013658537800200465,0.014385259533046741,7,equal7,True,"mlp.down_proj,mlp.gate_proj,mlp.up_proj,self_attn.k_proj,self_attn.o_proj,self_attn.q_proj,self_attn.v_proj",,943.0,966.7142857142857,943.0,-23.714285714285715,0.02723168514330713,0.024530811290084182,"{""mlp.down_proj"": 2031.0, ""mlp.gate_proj"": 709.0, ""mlp.up_proj"": 1670.0, ""self_attn.k_proj"": 188.0, ""self_attn.o_proj"": 1157.0, ""self_attn.q_proj"": 309.0, ""self_attn.v_proj"": 703.0}","{""mlp.down_proj"": 2000.0, ""mlp.gate_proj"": 664.0, ""mlp.up_proj"": 1632.0, ""self_attn.k_proj"": 184.0, ""self_attn.o_proj"": 1127.0, ""self_attn.q_proj"": 300.0, ""self_attn.v_proj"": 694.0}","{""mlp.down_proj"": -31.0, ""mlp.gate_proj"": -45.0, ""mlp.up_proj"": -38.0, ""self_attn.k_proj"": -4.0, ""self_attn.o_proj"": -30.0, ""self_attn.q_proj"": -9.0, ""self_attn.v_proj"": -9.0}","{""mlp.down_proj"": 0.015263417035942885, ""mlp.gate_proj"": 0.06346967559943582, ""mlp.up_proj"": 0.022754491017964073, ""self_attn.k_proj"": 0.02127659574468085, ""self_attn.o_proj"": 0.02592912705272256, ""self_attn.q_proj"": 0.02912621359223301, ""self_attn.v_proj"": 0.012802275960170697}",0.0008121121899400778,-6.885714285714286,280.4000000000001,False,True
llama,opd,40,E_if,E_ifeval,0.05,14,5,equal5_non_qk,True,"mlp.down_proj,mlp.gate_proj,mlp.up_proj,self_attn.o_proj,self_attn.v_proj","self_attn.q_proj,self_attn.k_proj",892.8,921.2,892.8,-28.4,0.03873894831717066,0.030829353017802964,"{""mlp.down_proj"": 1632.0, ""mlp.gate_proj"": 328.0, ""mlp.up_proj"": 1207.0, ""self_attn.o_proj"": 868.0, ""self_attn.v_proj"": 571.0}","{""mlp.down_proj"": 1597.0, ""mlp.gate_proj"": 299.0, ""mlp.up_proj"": 1168.0, ""self_attn.o_proj"": 840.0, ""self_attn.v_proj"": 560.0}","{""mlp.down_proj"": -35.0, ""mlp.gate_proj"": -29.0, ""mlp.up_proj"": -39.0, ""self_attn.o_proj"": -28.0, ""self_attn.v_proj"": -11.0}","{""mlp.down_proj"": 0.02144607843137255, ""mlp.gate_proj"": 0.08841463414634146, ""mlp.up_proj"": 0.03231151615575808, ""self_attn.o_proj"": 0.03225806451612903, ""self_attn.v_proj"": 0.01926444833625219}",0.019176957824575767,0.019561990492594893,7,equal7,True,"mlp.down_proj,mlp.gate_proj,mlp.up_proj,self_attn.k_proj,self_attn.o_proj,self_attn.q_proj,self_attn.v_proj",,669.8571428571429,691.2857142857143,669.8571428571429,-21.428571428571427,0.037334860502978504,0.030998140111593325,"{""mlp.down_proj"": 1632.0, ""mlp.gate_proj"": 328.0, ""mlp.up_proj"": 1207.0, ""self_attn.k_proj"": 98.0, ""self_attn.o_proj"": 868.0, ""self_attn.q_proj"": 135.0, ""self_attn.v_proj"": 571.0}","{""mlp.down_proj"": 1597.0, ""mlp.gate_proj"": 299.0, ""mlp.up_proj"": 1168.0, ""self_attn.k_proj"": 95.0, ""self_attn.o_proj"": 840.0, ""self_attn.q_proj"": 130.0, ""self_attn.v_proj"": 560.0}","{""mlp.down_proj"": -35.0, ""mlp.gate_proj"": -29.0, ""mlp.up_proj"": -39.0, ""self_attn.k_proj"": -3.0, ""self_attn.o_proj"": -28.0, ""self_attn.q_proj"": -5.0, ""self_attn.v_proj"": -11.0}","{""mlp.down_proj"": 0.02144607843137255, ""mlp.gate_proj"": 0.08841463414634146, ""mlp.up_proj"": 0.03231151615575808, ""self_attn.k_proj"": 0.030612244897959183, ""self_attn.o_proj"": 0.03225806451612903, ""self_attn.q_proj"": 0.037037037037037035, ""self_attn.v_proj"": 0.01926444833625219}",0.0014040878141921564,-6.9714285714285715,222.94285714285706,False,True
llama,opd,40,E_if,E_ifeval,0.1,14,5,equal5_non_qk,True,"mlp.down_proj,mlp.gate_proj,mlp.up_proj,self_attn.o_proj,self_attn.v_proj","self_attn.q_proj,self_attn.k_proj",569.4,592.8,569.4,-23.4,0.0526433219375003,0.03947368421052628,"{""mlp.down_proj"": 1166.0, ""mlp.gate_proj"": 96.0, ""mlp.up_proj"": 722.0, ""self_attn.o_proj"": 572.0, ""self_attn.v_proj"": 408.0}","{""mlp.down_proj"": 1130.0, ""mlp.gate_proj"": 85.0, ""mlp.up_proj"": 688.0, ""self_attn.o_proj"": 547.0, ""self_attn.v_proj"": 397.0}","{""mlp.down_proj"": -36.0, ""mlp.gate_proj"": -11.0, ""mlp.up_proj"": -34.0, ""self_attn.o_proj"": -25.0, ""self_attn.v_proj"": -11.0}","{""mlp.down_proj"": 0.030874785591766724, ""mlp.gate_proj"": 0.11458333333333333, ""mlp.up_proj"": 0.04709141274238227, ""self_attn.o_proj"": 0.043706293706293704, ""self_attn.v_proj"": 0.02696078431372549}",0.02507856310419332,0.02756475883330698,7,equal7,True,"mlp.down_proj,mlp.gate_proj,mlp.up_proj,self_attn.k_proj,self_attn.o_proj,self_attn.q_proj,self_attn.v_proj",,418.57142857142856,435.7142857142857,418.57142857142856,-17.142857142857142,0.047497239850224394,0.03934426229508202,"{""mlp.down_proj"": 1166.0, ""mlp.gate_proj"": 96.0, ""mlp.up_proj"": 722.0, ""self_attn.k_proj"": 42.0, ""self_attn.o_proj"": 572.0, ""self_attn.q_proj"": 44.0, ""self_attn.v_proj"": 408.0}","{""mlp.down_proj"": 1130.0, ""mlp.gate_proj"": 85.0, ""mlp.up_proj"": 688.0, ""self_attn.k_proj"": 41.0, ""self_attn.o_proj"": 547.0, ""self_attn.q_proj"": 42.0, ""self_attn.v_proj"": 397.0}","{""mlp.down_proj"": -36.0, ""mlp.gate_proj"": -11.0, ""mlp.up_proj"": -34.0, ""self_attn.k_proj"": -1.0, ""self_attn.o_proj"": -25.0, ""self_attn.q_proj"": -2.0, ""self_attn.v_proj"": -11.0}","{""mlp.down_proj"": 0.030874785591766724, ""mlp.gate_proj"": 0.11458333333333333, ""mlp.up_proj"": 0.04709141274238227, ""self_attn.k_proj"": 0.023809523809523808, ""self_attn.o_proj"": 0.043706293706293704, ""self_attn.q_proj"": 0.045454545454545456, ""self_attn.v_proj"": 0.02696078431372549}",0.005146082087275905,-6.257142857142856,150.82857142857142,False,True
llama,opd,40,E_math,E_mathHeld,0.01,14,5,equal5_non_qk,True,"mlp.down_proj,mlp.gate_proj,mlp.up_proj,self_attn.o_proj,self_attn.v_proj","self_attn.q_proj,self_attn.k_proj",829.4,851.6,829.4,-22.2,0.02792572800845512,0.026068576796618184,"{""mlp.down_proj"": 1162.0, ""mlp.gate_proj"": 587.0, ""mlp.up_proj"": 1022.0, ""self_attn.o_proj"": 828.0, ""self_attn.v_proj"": 659.0}","{""mlp.down_proj"": 1141.0, ""mlp.gate_proj"": 557.0, ""mlp.up_proj"": 997.0, ""self_attn.o_proj"": 805.0, ""self_attn.v_proj"": 647.0}","{""mlp.down_proj"": -21.0, ""mlp.gate_proj"": -30.0, ""mlp.up_proj"": -25.0, ""self_attn.o_proj"": -23.0, ""self_attn.v_proj"": -12.0}","{""mlp.down_proj"": 0.018072289156626505, ""mlp.gate_proj"": 0.05110732538330494, ""mlp.up_proj"": 0.02446183953033268, ""self_attn.o_proj"": 0.027777777777777776, ""self_attn.v_proj"": 0.018209408194233688}",0.009245347690405397,0.018680380318049722,7,equal7,True,"mlp.down_proj,mlp.gate_proj,mlp.up_proj,self_attn.k_proj,self_attn.o_proj,self_attn.q_proj,self_attn.v_proj",,683.5714285714286,701.7142857142857,683.5714285714286,-18.142857142857142,0.02668186274482111,0.02585504885993481,"{""mlp.down_proj"": 1162.0, ""mlp.gate_proj"": 587.0, ""mlp.up_proj"": 1022.0, ""self_attn.k_proj"": 263.0, ""self_attn.o_proj"": 828.0, ""self_attn.q_proj"": 391.0, ""self_attn.v_proj"": 659.0}","{""mlp.down_proj"": 1141.0, ""mlp.gate_proj"": 557.0, ""mlp.up_proj"": 997.0, ""self_attn.k_proj"": 258.0, ""self_attn.o_proj"": 805.0, ""self_attn.q_proj"": 380.0, ""self_attn.v_proj"": 647.0}","{""mlp.down_proj"": -21.0, ""mlp.gate_proj"": -30.0, ""mlp.up_proj"": -25.0, ""self_attn.k_proj"": -5.0, ""self_attn.o_proj"": -23.0, ""self_attn.q_proj"": -11.0, ""self_attn.v_proj"": -12.0}","{""mlp.down_proj"": 0.018072289156626505, ""mlp.gate_proj"": 0.05110732538330494, ""mlp.up_proj"": 0.02446183953033268, ""self_attn.k_proj"": 0.019011406844106463, ""self_attn.o_proj"": 0.027777777777777776, ""self_attn.q_proj"": 0.028132992327365727, ""self_attn.v_proj"": 0.018209408194233688}",0.0012438652636340072,-4.057142857142857,145.82857142857142,False,True
llama,opd,40,E_math,E_mathHeld,0.025,14,5,equal5_non_qk,True,"mlp.down_proj,mlp.gate_proj,mlp.up_proj,self_attn.o_proj,self_attn.v_proj","self_attn.q_proj,self_attn.k_proj",601.2,621.6,601.2,-20.4,0.036717385204905056,0.03281853281853278,"{""mlp.down_proj"": 912.0, ""mlp.gate_proj"": 322.0, ""mlp.up_proj"": 751.0, ""self_attn.o_proj"": 607.0, ""self_attn.v_proj"": 516.0}","{""mlp.down_proj"": 890.0, ""mlp.gate_proj"": 300.0, ""mlp.up_proj"": 726.0, ""self_attn.o_proj"": 586.0, ""self_attn.v_proj"": 504.0}","{""mlp.down_proj"": -22.0, ""mlp.gate_proj"": -22.0, ""mlp.up_proj"": -25.0, ""self_attn.o_proj"": -21.0, ""self_attn.v_proj"": -12.0}","{""mlp.down_proj"": 0.02412280701754386, ""mlp.gate_proj"": 0.06832298136645963, ""mlp.up_proj"": 0.033288948069241014, ""self_attn.o_proj"": 0.03459637561779242, ""self_attn.v_proj"": 0.023255813953488372}",0.013658537800200465,0.02305884740470459,7,equal7,True,"mlp.down_proj,mlp.gate_proj,mlp.up_proj,self_attn.k_proj,self_attn.o_proj,self_attn.q_proj,self_attn.v_proj",,479.0,495.14285714285717,479.0,-16.142857142857142,0.03457835206943768,0.03260242354298908,"{""mlp.down_proj"": 912.0, ""mlp.gate_proj"": 322.0, ""mlp.up_proj"": 751.0, ""self_attn.k_proj"": 150.0, ""self_attn.o_proj"": 607.0, ""self_attn.q_proj"": 208.0, ""self_attn.v_proj"": 516.0}","{""mlp.down_proj"": 890.0, ""mlp.gate_proj"": 300.0, ""mlp.up_proj"": 726.0, ""self_attn.k_proj"": 147.0, ""self_attn.o_proj"": 586.0, ""self_attn.q_proj"": 200.0, ""self_attn.v_proj"": 504.0}","{""mlp.down_proj"": -22.0, ""mlp.gate_proj"": -22.0, ""mlp.up_proj"": -25.0, ""self_attn.k_proj"": -3.0, ""self_attn.o_proj"": -21.0, ""self_attn.q_proj"": -8.0, ""self_attn.v_proj"": -12.0}","{""mlp.down_proj"": 0.02412280701754386, ""mlp.gate_proj"": 0.06832298136645963, ""mlp.up_proj"": 0.033288948069241014, ""self_attn.k_proj"": 0.02, ""self_attn.o_proj"": 0.03459637561779242, ""self_attn.q_proj"": 0.038461538461538464, ""self_attn.v_proj"": 0.023255813953488372}",0.002139033135467379,-4.257142857142856,122.20000000000005,False,True
llama,opd,40,E_math,E_mathHeld,0.05,14,5,equal5_non_qk,True,"mlp.down_proj,mlp.gate_proj,mlp.up_proj,self_attn.o_proj,self_attn.v_proj","self_attn.q_proj,self_attn.k_proj",429.0,446.2,429.0,-17.2,0.04600520531485059,0.0385477364410578,"{""mlp.down_proj"": 701.0, ""mlp.gate_proj"": 158.0, ""mlp.up_proj"": 534.0, ""self_attn.o_proj"": 441.0, ""self_attn.v_proj"": 397.0}","{""mlp.down_proj"": 681.0, ""mlp.gate_proj"": 144.0, ""mlp.up_proj"": 513.0, ""self_attn.o_proj"": 423.0, ""self_attn.v_proj"": 384.0}","{""mlp.down_proj"": -20.0, ""mlp.gate_proj"": -14.0, ""mlp.up_proj"": -21.0, ""self_attn.o_proj"": -18.0, ""self_attn.v_proj"": -13.0}","{""mlp.down_proj"": 0.028530670470756064, ""mlp.gate_proj"": 0.08860759493670886, ""mlp.up_proj"": 0.03932584269662921, ""self_attn.o_proj"": 0.04081632653061224, ""self_attn.v_proj"": 0.0327455919395466}",0.019176957824575767,0.026828247490274824,7,equal7,True,"mlp.down_proj,mlp.gate_proj,mlp.up_proj,self_attn.k_proj,self_attn.o_proj,self_attn.q_proj,self_attn.v_proj",,332.0,345.42857142857144,332.0,-13.428571428571429,0.04489771451556101,0.03887510339123247,"{""mlp.down_proj"": 701.0, ""mlp.gate_proj"": 158.0, ""mlp.up_proj"": 534.0, ""self_attn.k_proj"": 84.0, ""self_attn.o_proj"": 441.0, ""self_attn.q_proj"": 103.0, ""self_attn.v_proj"": 397.0}","{""mlp.down_proj"": 681.0, ""mlp.gate_proj"": 144.0, ""mlp.up_proj"": 513.0, ""self_attn.k_proj"": 81.0, ""self_attn.o_proj"": 423.0, ""self_attn.q_proj"": 98.0, ""self_attn.v_proj"": 384.0}","{""mlp.down_proj"": -20.0, ""mlp.gate_proj"": -14.0, ""mlp.up_proj"": -21.0, ""self_attn.k_proj"": -3.0, ""self_attn.o_proj"": -18.0, ""self_attn.q_proj"": -5.0, ""self_attn.v_proj"": -13.0}","{""mlp.down_proj"": 0.028530670470756064, ""mlp.gate_proj"": 0.08860759493670886, ""mlp.up_proj"": 0.03932584269662921, ""self_attn.k_proj"": 0.03571428571428571, ""self_attn.o_proj"": 0.04081632653061224, ""self_attn.q_proj"": 0.04854368932038835, ""self_attn.v_proj"": 0.0327455919395466}",0.0011074907992895816,-3.7714285714285705,97.0,False,True
llama,opd,40,E_math,E_mathHeld,0.1,14,5,equal5_non_qk,True,"mlp.down_proj,mlp.gate_proj,mlp.up_proj,self_attn.o_proj,self_attn.v_proj","self_attn.q_proj,self_attn.k_proj",270.2,283.2,270.2,-13.0,0.05992340578675983,0.04590395480225989,"{""mlp.down_proj"": 483.0, ""mlp.gate_proj"": 49.0, ""mlp.up_proj"": 325.0, ""self_attn.o_proj"": 286.0, ""self_attn.v_proj"": 273.0}","{""mlp.down_proj"": 466.0, ""mlp.gate_proj"": 43.0, ""mlp.up_proj"": 309.0, ""self_attn.o_proj"": 271.0, ""self_attn.v_proj"": 262.0}","{""mlp.down_proj"": -17.0, ""mlp.gate_proj"": -6.0, ""mlp.up_proj"": -16.0, ""self_attn.o_proj"": -15.0, ""self_attn.v_proj"": -11.0}","{""mlp.down_proj"": 0.035196687370600416, ""mlp.gate_proj"": 0.12244897959183673, ""mlp.up_proj"": 0.04923076923076923, ""self_attn.o_proj"": 0.05244755244755245, ""self_attn.v_proj"": 0.040293040293040296}",0.02507856310419332,0.03484484268256651,7,equal7,True,"mlp.down_proj,mlp.gate_proj,mlp.up_proj,self_attn.k_proj,self_attn.o_proj,self_attn.q_proj,self_attn.v_proj",,203.42857142857142,213.14285714285714,203.42857142857142,-9.714285714285714,0.054080628193550244,0.04557640750670245,"{""mlp.down_proj"": 483.0, ""mlp.gate_proj"": 49.0, ""mlp.up_proj"": 325.0, ""self_attn.k_proj"": 38.0, ""self_attn.o_proj"": 286.0, ""self_attn.q_proj"": 38.0, ""self_attn.v_proj"": 273.0}","{""mlp.down_proj"": 466.0, ""mlp.gate_proj"": 43.0, ""mlp.up_proj"": 309.0, ""self_attn.k_proj"": 37.0, ""self_attn.o_proj"": 271.0, ""self_attn.q_proj"": 36.0, ""self_attn.v_proj"": 262.0}","{""mlp.down_proj"": -17.0, ""mlp.gate_proj"": -6.0, ""mlp.up_proj"": -16.0, ""self_attn.k_proj"": -1.0, ""self_attn.o_proj"": -15.0, ""self_attn.q_proj"": -2.0, ""self_attn.v_proj"": -11.0}","{""mlp.down_proj"": 0.035196687370600416, ""mlp.gate_proj"": 0.12244897959183673, ""mlp.up_proj"": 0.04923076923076923, ""self_attn.k_proj"": 0.02631578947368421, ""self_attn.o_proj"": 0.05244755244755245, ""self_attn.q_proj"": 0.05263157894736842, ""self_attn.v_proj"": 0.040293040293040296}",0.005842777593209586,-3.2857142857142865,66.77142857142857,False,True
llama,opd,40,E_ood,E_mmluPro,0.01,14,5,equal5_non_qk,True,"mlp.down_proj,mlp.gate_proj,mlp.up_proj,self_attn.o_proj,self_attn.v_proj","self_attn.q_proj,self_attn.k_proj",1666.2,1694.2,1666.2,-28.0,0.017769428394048745,0.016526974383189705,"{""mlp.down_proj"": 2452.0, ""mlp.gate_proj"": 1352.0, ""mlp.up_proj"": 2263.0, ""self_attn.o_proj"": 1556.0, ""self_attn.v_proj"": 848.0}","{""mlp.down_proj"": 2435.0, ""mlp.gate_proj"": 1297.0, ""mlp.up_proj"": 2232.0, ""self_attn.o_proj"": 1526.0, ""self_attn.v_proj"": 841.0}","{""mlp.down_proj"": -17.0, ""mlp.gate_proj"": -55.0, ""mlp.up_proj"": -31.0, ""self_attn.o_proj"": -30.0, ""self_attn.v_proj"": -7.0}","{""mlp.down_proj"": 0.006933115823817292, ""mlp.gate_proj"": 0.040680473372781065, ""mlp.up_proj"": 0.0136986301369863, ""self_attn.o_proj"": 0.019280205655526992, ""self_attn.v_proj"": 0.008254716981132075}",0.009245347690405397,0.008524080703643348,7,equal7,True,"mlp.down_proj,mlp.gate_proj,mlp.up_proj,self_attn.k_proj,self_attn.o_proj,self_attn.q_proj,self_attn.v_proj",,1321.5714285714287,1343.5714285714287,1321.5714285714287,-22.0,0.01698260789797728,0.01637426900584795,"{""mlp.down_proj"": 2452.0, ""mlp.gate_proj"": 1352.0, ""mlp.up_proj"": 2263.0, ""self_attn.k_proj"": 331.0, ""self_attn.o_proj"": 1556.0, ""self_attn.q_proj"": 603.0, ""self_attn.v_proj"": 848.0}","{""mlp.down_proj"": 2435.0, ""mlp.gate_proj"": 1297.0, ""mlp.up_proj"": 2232.0, ""self_attn.k_proj"": 326.0, ""self_attn.o_proj"": 1526.0, ""self_attn.q_proj"": 594.0, ""self_attn.v_proj"": 841.0}","{""mlp.down_proj"": -17.0, ""mlp.gate_proj"": -55.0, ""mlp.up_proj"": -31.0, ""self_attn.k_proj"": -5.0, ""self_attn.o_proj"": -30.0, ""self_attn.q_proj"": -9.0, ""self_attn.v_proj"": -7.0}","{""mlp.down_proj"": 0.006933115823817292, ""mlp.gate_proj"": 0.040680473372781065, ""mlp.up_proj"": 0.0136986301369863, ""self_attn.k_proj"": 0.015105740181268883, ""self_attn.o_proj"": 0.019280205655526992, ""self_attn.q_proj"": 0.014925373134328358, ""self_attn.v_proj"": 0.008254716981132075}",0.0007868204960714657,-6.0,344.6285714285714,False,True
llama,opd,40,E_ood,E_mmluPro,0.025,14,5,equal5_non_qk,True,"mlp.down_proj,mlp.gate_proj,mlp.up_proj,self_attn.o_proj,self_attn.v_proj","self_attn.q_proj,self_attn.k_proj",1266.6,1296.6,1266.6,-30.0,0.027441605345684378,0.02313743637204998,"{""mlp.down_proj"": 2058.0, ""mlp.gate_proj"": 731.0, ""mlp.up_proj"": 1775.0, ""self_attn.o_proj"": 1191.0, ""self_attn.v_proj"": 728.0}","{""mlp.down_proj"": 2035.0, ""mlp.gate_proj"": 684.0, ""mlp.up_proj"": 1736.0, ""self_attn.o_proj"": 1160.0, ""self_attn.v_proj"": 718.0}","{""mlp.down_proj"": -23.0, ""mlp.gate_proj"": -47.0, ""mlp.up_proj"": -39.0, ""self_attn.o_proj"": -31.0, ""self_attn.v_proj"": -10.0}","{""mlp.down_proj"": 0.011175898931000973, ""mlp.gate_proj"": 0.06429548563611491, ""mlp.up_proj"": 0.021971830985915493, ""self_attn.o_proj"": 0.026028547439126783, ""self_attn.v_proj"": 0.013736263736263736}",0.013658537800200465,0.013783067545483913,7,equal7,True,"mlp.down_proj,mlp.gate_proj,mlp.up_proj,self_attn.k_proj,self_attn.o_proj,self_attn.q_proj,self_attn.v_proj",,969.8571428571429,992.7142857142857,969.8571428571429,-22.857142857142858,0.025787610024873536,0.02302489566844142,"{""mlp.down_proj"": 2058.0, ""mlp.gate_proj"": 731.0, ""mlp.up_proj"": 1775.0, ""self_attn.k_proj"": 178.0, ""self_attn.o_proj"": 1191.0, ""self_attn.q_proj"": 288.0, ""self_attn.v_proj"": 728.0}","{""mlp.down_proj"": 2035.0, ""mlp.gate_proj"": 684.0, ""mlp.up_proj"": 1736.0, ""self_attn.k_proj"": 174.0, ""self_attn.o_proj"": 1160.0, ""self_attn.q_proj"": 282.0, ""self_attn.v_proj"": 718.0}","{""mlp.down_proj"": -23.0, ""mlp.gate_proj"": -47.0, ""mlp.up_proj"": -39.0, ""self_attn.k_proj"": -4.0, ""self_attn.o_proj"": -31.0, ""self_attn.q_proj"": -6.0, ""self_attn.v_proj"": -10.0}","{""mlp.down_proj"": 0.011175898931000973, ""mlp.gate_proj"": 0.06429548563611491, ""mlp.up_proj"": 0.021971830985915493, ""self_attn.k_proj"": 0.02247191011235955, ""self_attn.o_proj"": 0.026028547439126783, ""self_attn.q_proj"": 0.020833333333333332, ""self_attn.v_proj"": 0.013736263736263736}",0.0016539953208108416,-7.142857142857142,296.742857142857,False,True
llama,opd,40,E_ood,E_mmluPro,0.05,14,5,equal5_non_qk,True,"mlp.down_proj,mlp.gate_proj,mlp.up_proj,self_attn.o_proj,self_attn.v_proj","self_attn.q_proj,self_attn.k_proj",934.4,961.6,934.4,-27.2,0.03762065089395984,0.02828618968386028,"{""mlp.down_proj"": 1669.0, ""mlp.gate_proj"": 327.0, ""mlp.up_proj"": 1319.0, ""self_attn.o_proj"": 891.0, ""self_attn.v_proj"": 602.0}","{""mlp.down_proj"": 1643.0, ""mlp.gate_proj"": 297.0, ""mlp.up_proj"": 1278.0, ""self_attn.o_proj"": 863.0, ""self_attn.v_proj"": 591.0}","{""mlp.down_proj"": -26.0, ""mlp.gate_proj"": -30.0, ""mlp.up_proj"": -41.0, ""self_attn.o_proj"": -28.0, ""self_attn.v_proj"": -11.0}","{""mlp.down_proj"": 0.015578190533253445, ""mlp.gate_proj"": 0.09174311926605505, ""mlp.up_proj"": 0.0310841546626232, ""self_attn.o_proj"": 0.031425364758698095, ""self_attn.v_proj"": 0.018272425249169437}",0.019176957824575767,0.018443693069384075,7,equal7,True,"mlp.down_proj,mlp.gate_proj,mlp.up_proj,self_attn.k_proj,self_attn.o_proj,self_attn.q_proj,self_attn.v_proj",,697.1428571428571,717.4285714285714,697.1428571428571,-20.285714285714285,0.03465737166443903,0.02827558741537243,"{""mlp.down_proj"": 1669.0, ""mlp.gate_proj"": 327.0, ""mlp.up_proj"": 1319.0, ""self_attn.k_proj"": 91.0, ""self_attn.o_proj"": 891.0, ""self_attn.q_proj"": 123.0, ""self_attn.v_proj"": 602.0}","{""mlp.down_proj"": 1643.0, ""mlp.gate_proj"": 297.0, ""mlp.up_proj"": 1278.0, ""self_attn.k_proj"": 89.0, ""self_attn.o_proj"": 863.0, ""self_attn.q_proj"": 119.0, ""self_attn.v_proj"": 591.0}","{""mlp.down_proj"": -26.0, ""mlp.gate_proj"": -30.0, ""mlp.up_proj"": -41.0, ""self_attn.k_proj"": -2.0, ""self_attn.o_proj"": -28.0, ""self_attn.q_proj"": -4.0, ""self_attn.v_proj"": -11.0}","{""mlp.down_proj"": 0.015578190533253445, ""mlp.gate_proj"": 0.09174311926605505, ""mlp.up_proj"": 0.0310841546626232, ""self_attn.k_proj"": 0.02197802197802198, ""self_attn.o_proj"": 0.031425364758698095, ""self_attn.q_proj"": 0.032520325203252036, ""self_attn.v_proj"": 0.018272425249169437}",0.0029632792295208113,-6.914285714285715,237.25714285714287,False,True
llama,opd,40,E_ood,E_mmluPro,0.1,14,5,equal5_non_qk,True,"mlp.down_proj,mlp.gate_proj,mlp.up_proj,self_attn.o_proj,self_attn.v_proj","self_attn.q_proj,self_attn.k_proj",608.4,630.6,608.4,-22.2,0.051616121450007026,0.03520456707897248,"{""mlp.down_proj"": 1213.0, ""mlp.gate_proj"": 83.0, ""mlp.up_proj"": 825.0, ""self_attn.o_proj"": 586.0, ""self_attn.v_proj"": 446.0}","{""mlp.down_proj"": 1187.0, ""mlp.gate_proj"": 73.0, ""mlp.up_proj"": 787.0, ""self_attn.o_proj"": 562.0, ""self_attn.v_proj"": 433.0}","{""mlp.down_proj"": -26.0, ""mlp.gate_proj"": -10.0, ""mlp.up_proj"": -38.0, ""self_attn.o_proj"": -24.0, ""self_attn.v_proj"": -13.0}","{""mlp.down_proj"": 0.021434460016488046, ""mlp.gate_proj"": 0.12048192771084337, ""mlp.up_proj"": 0.04606060606060606, ""self_attn.o_proj"": 0.040955631399317405, ""self_attn.v_proj"": 0.02914798206278027}",0.02507856310419332,0.026537558345813707,7,equal7,True,"mlp.down_proj,mlp.gate_proj,mlp.up_proj,self_attn.k_proj,self_attn.o_proj,self_attn.q_proj,self_attn.v_proj",,445.85714285714283,461.85714285714283,445.85714285714283,-16.0,0.04035297873606774,0.03464274667491494,"{""mlp.down_proj"": 1213.0, ""mlp.gate_proj"": 83.0, ""mlp.up_proj"": 825.0, ""self_attn.k_proj"": 39.0, ""self_attn.o_proj"": 586.0, ""self_attn.q_proj"": 41.0, ""self_attn.v_proj"": 446.0}","{""mlp.down_proj"": 1187.0, ""mlp.gate_proj"": 73.0, ""mlp.up_proj"": 787.0, ""self_attn.k_proj"": 39.0, ""self_attn.o_proj"": 562.0, ""self_attn.q_proj"": 40.0, ""self_attn.v_proj"": 433.0}","{""mlp.down_proj"": -26.0, ""mlp.gate_proj"": -10.0, ""mlp.up_proj"": -38.0, ""self_attn.k_proj"": 0.0, ""self_attn.o_proj"": -24.0, ""self_attn.q_proj"": -1.0, ""self_attn.v_proj"": -13.0}","{""mlp.down_proj"": 0.021434460016488046, ""mlp.gate_proj"": 0.12048192771084337, ""mlp.up_proj"": 0.04606060606060606, ""self_attn.k_proj"": 0.0, ""self_attn.o_proj"": 0.040955631399317405, ""self_attn.q_proj"": 0.024390243902439025, ""self_attn.v_proj"": 0.02914798206278027}",0.011263142713939286,-6.199999999999999,162.54285714285714,False,True
llama,opd,80,E_general,E_general,0.01,14,5,equal5_non_qk,True,"mlp.down_proj,mlp.gate_proj,mlp.up_proj,self_attn.o_proj,self_attn.v_proj","self_attn.q_proj,self_attn.k_proj",1721.0,1737.8,1721.0,-16.8,0.010274473472854078,0.00966739555760154,"{""mlp.down_proj"": 2529.0, ""mlp.gate_proj"": 1399.0, ""mlp.up_proj"": 2314.0, ""self_attn.o_proj"": 1584.0, ""self_attn.v_proj"": 863.0}","{""mlp.down_proj"": 2519.0, ""mlp.gate_proj"": 1369.0, ""mlp.up_proj"": 2297.0, ""self_attn.o_proj"": 1560.0, ""self_attn.v_proj"": 860.0}","{""mlp.down_proj"": -10.0, ""mlp.gate_proj"": -30.0, ""mlp.up_proj"": -17.0, ""self_attn.o_proj"": -24.0, ""self_attn.v_proj"": -3.0}","{""mlp.down_proj"": 0.0039541320680110716, ""mlp.gate_proj"": 0.021443888491779844, ""mlp.up_proj"": 0.007346585998271392, ""self_attn.o_proj"": 0.015151515151515152, ""self_attn.v_proj"": 0.0034762456546929316}",0.010274473472854078,0.0,7,equal7,True,"mlp.down_proj,mlp.gate_proj,mlp.up_proj,self_attn.k_proj,self_attn.o_proj,self_attn.q_proj,self_attn.v_proj",,1379.7142857142858,1393.7142857142858,1379.7142857142858,-14.0,0.011101640149203507,0.01004510045100451,"{""mlp.down_proj"": 2529.0, ""mlp.gate_proj"": 1399.0, ""mlp.up_proj"": 2314.0, ""self_attn.k_proj"": 375.0, ""self_attn.o_proj"": 1584.0, ""self_attn.q_proj"": 692.0, ""self_attn.v_proj"": 863.0}","{""mlp.down_proj"": 2519.0, ""mlp.gate_proj"": 1369.0, ""mlp.up_proj"": 2297.0, ""self_attn.k_proj"": 370.0, ""self_attn.o_proj"": 1560.0, ""self_attn.q_proj"": 683.0, ""self_attn.v_proj"": 860.0}","{""mlp.down_proj"": -10.0, ""mlp.gate_proj"": -30.0, ""mlp.up_proj"": -17.0, ""self_attn.k_proj"": -5.0, ""self_attn.o_proj"": -24.0, ""self_attn.q_proj"": -9.0, ""self_attn.v_proj"": -3.0}","{""mlp.down_proj"": 0.0039541320680110716, ""mlp.gate_proj"": 0.021443888491779844, ""mlp.up_proj"": 0.007346585998271392, ""self_attn.k_proj"": 0.013333333333333334, ""self_attn.o_proj"": 0.015151515151515152, ""self_attn.q_proj"": 0.01300578034682081, ""self_attn.v_proj"": 0.0034762456546929316}",-0.0008271666763494286,-2.8000000000000007,341.2857142857142,False,True
llama,opd,80,E_general,E_general,0.025,14,5,equal5_non_qk,True,"mlp.down_proj,mlp.gate_proj,mlp.up_proj,self_attn.o_proj,self_attn.v_proj","self_attn.q_proj,self_attn.k_proj",1340.4,1358.4,1340.4,-18.0,0.015521818352954025,0.013250883392226147,"{""mlp.down_proj"": 2167.0, ""mlp.gate_proj"": 784.0, ""mlp.up_proj"": 1852.0, ""self_attn.o_proj"": 1238.0, ""self_attn.v_proj"": 751.0}","{""mlp.down_proj"": 2154.0, ""mlp.gate_proj"": 758.0, ""mlp.up_proj"": 1830.0, ""self_attn.o_proj"": 1215.0, ""self_attn.v_proj"": 745.0}","{""mlp.down_proj"": -13.0, ""mlp.gate_proj"": -26.0, ""mlp.up_proj"": -22.0, ""self_attn.o_proj"": -23.0, ""self_attn.v_proj"": -6.0}","{""mlp.down_proj"": 0.005999077065066913, ""mlp.gate_proj"": 0.03316326530612245, ""mlp.up_proj"": 0.011879049676025918, ""self_attn.o_proj"": 0.018578352180936994, ""self_attn.v_proj"": 0.007989347536617843}",0.015521818352954025,0.0,7,equal7,True,"mlp.down_proj,mlp.gate_proj,mlp.up_proj,self_attn.k_proj,self_attn.o_proj,self_attn.q_proj,self_attn.v_proj",,1036.2857142857142,1050.7142857142858,1036.2857142857142,-14.428571428571429,0.016631433748013135,0.013732154996601074,"{""mlp.down_proj"": 2167.0, ""mlp.gate_proj"": 784.0, ""mlp.up_proj"": 1852.0, ""self_attn.k_proj"": 212.0, ""self_attn.o_proj"": 1238.0, ""self_attn.q_proj"": 351.0, ""self_attn.v_proj"": 751.0}","{""mlp.down_proj"": 2154.0, ""mlp.gate_proj"": 758.0, ""mlp.up_proj"": 1830.0, ""self_attn.k_proj"": 208.0, ""self_attn.o_proj"": 1215.0, ""self_attn.q_proj"": 344.0, ""self_attn.v_proj"": 745.0}","{""mlp.down_proj"": -13.0, ""mlp.gate_proj"": -26.0, ""mlp.up_proj"": -22.0, ""self_attn.k_proj"": -4.0, ""self_attn.o_proj"": -23.0, ""self_attn.q_proj"": -7.0, ""self_attn.v_proj"": -6.0}","{""mlp.down_proj"": 0.005999077065066913, ""mlp.gate_proj"": 0.03316326530612245, ""mlp.up_proj"": 0.011879049676025918, ""self_attn.k_proj"": 0.018867924528301886, ""self_attn.o_proj"": 0.018578352180936994, ""self_attn.q_proj"": 0.019943019943019943, ""self_attn.v_proj"": 0.007989347536617843}",-0.00110961539505911,-3.571428571428571,304.11428571428587,False,True
llama,opd,80,E_general,E_general,0.05,14,5,equal5_non_qk,True,"mlp.down_proj,mlp.gate_proj,mlp.up_proj,self_attn.o_proj,self_attn.v_proj","self_attn.q_proj,self_attn.k_proj",1016.4,1033.4,1016.4,-17.0,0.021437419924117622,0.0164505515773177,"{""mlp.down_proj"": 1802.0, ""mlp.gate_proj"": 368.0, ""mlp.up_proj"": 1412.0, ""self_attn.o_proj"": 954.0, ""self_attn.v_proj"": 631.0}","{""mlp.down_proj"": 1786.0, ""mlp.gate_proj"": 350.0, ""mlp.up_proj"": 1389.0, ""self_attn.o_proj"": 933.0, ""self_attn.v_proj"": 624.0}","{""mlp.down_proj"": -16.0, ""mlp.gate_proj"": -18.0, ""mlp.up_proj"": -23.0, ""self_attn.o_proj"": -21.0, ""self_attn.v_proj"": -7.0}","{""mlp.down_proj"": 0.008879023307436182, ""mlp.gate_proj"": 0.04891304347826087, ""mlp.up_proj"": 0.016288951841359773, ""self_attn.o_proj"": 0.0220125786163522, ""self_attn.v_proj"": 0.011093502377179081}",0.021437419924117622,0.0,7,equal7,True,"mlp.down_proj,mlp.gate_proj,mlp.up_proj,self_attn.k_proj,self_attn.o_proj,self_attn.q_proj,self_attn.v_proj",,763.2857142857143,776.2857142857143,763.2857142857143,-13.0,0.021549449039947398,0.01674641148325359,"{""mlp.down_proj"": 1802.0, ""mlp.gate_proj"": 368.0, ""mlp.up_proj"": 1412.0, ""self_attn.k_proj"": 111.0, ""self_attn.o_proj"": 954.0, ""self_attn.q_proj"": 156.0, ""self_attn.v_proj"": 631.0}","{""mlp.down_proj"": 1786.0, ""mlp.gate_proj"": 350.0, ""mlp.up_proj"": 1389.0, ""self_attn.k_proj"": 109.0, ""self_attn.o_proj"": 933.0, ""self_attn.q_proj"": 152.0, ""self_attn.v_proj"": 624.0}","{""mlp.down_proj"": -16.0, ""mlp.gate_proj"": -18.0, ""mlp.up_proj"": -23.0, ""self_attn.k_proj"": -2.0, ""self_attn.o_proj"": -21.0, ""self_attn.q_proj"": -4.0, ""self_attn.v_proj"": -7.0}","{""mlp.down_proj"": 0.008879023307436182, ""mlp.gate_proj"": 0.04891304347826087, ""mlp.up_proj"": 0.016288951841359773, ""self_attn.k_proj"": 0.018018018018018018, ""self_attn.o_proj"": 0.0220125786163522, ""self_attn.q_proj"": 0.02564102564102564, ""self_attn.v_proj"": 0.011093502377179081}",-0.00011202911582977593,-4.0,253.11428571428564,False,True
llama,opd,80,E_general,E_general,0.1,14,5,equal5_non_qk,True,"mlp.down_proj,mlp.gate_proj,mlp.up_proj,self_attn.o_proj,self_attn.v_proj","self_attn.q_proj,self_attn.k_proj",690.0,704.6,690.0,-14.6,0.028673487857025826,0.020720976440533667,"{""mlp.down_proj"": 1362.0, ""mlp.gate_proj"": 100.0, ""mlp.up_proj"": 923.0, ""self_attn.o_proj"": 659.0, ""self_attn.v_proj"": 479.0}","{""mlp.down_proj"": 1345.0, ""mlp.gate_proj"": 94.0, ""mlp.up_proj"": 901.0, ""self_attn.o_proj"": 639.0, ""self_attn.v_proj"": 471.0}","{""mlp.down_proj"": -17.0, ""mlp.gate_proj"": -6.0, ""mlp.up_proj"": -22.0, ""self_attn.o_proj"": -20.0, ""self_attn.v_proj"": -8.0}","{""mlp.down_proj"": 0.012481644640234948, ""mlp.gate_proj"": 0.06, ""mlp.up_proj"": 0.023835319609967497, ""self_attn.o_proj"": 0.030349013657056147, ""self_attn.v_proj"": 0.016701461377870562}",0.028673487857025826,0.0,7,equal7,True,"mlp.down_proj,mlp.gate_proj,mlp.up_proj,self_attn.k_proj,self_attn.o_proj,self_attn.q_proj,self_attn.v_proj",,506.42857142857144,517.2857142857143,506.42857142857144,-10.857142857142858,0.02917153894549464,0.020988677161005307,"{""mlp.down_proj"": 1362.0, ""mlp.gate_proj"": 100.0, ""mlp.up_proj"": 923.0, ""self_attn.k_proj"": 48.0, ""self_attn.o_proj"": 659.0, ""self_attn.q_proj"": 50.0, ""self_attn.v_proj"": 479.0}","{""mlp.down_proj"": 1345.0, ""mlp.gate_proj"": 94.0, ""mlp.up_proj"": 901.0, ""self_attn.k_proj"": 47.0, ""self_attn.o_proj"": 639.0, ""self_attn.q_proj"": 48.0, ""self_attn.v_proj"": 471.0}","{""mlp.down_proj"": -17.0, ""mlp.gate_proj"": -6.0, ""mlp.up_proj"": -22.0, ""self_attn.k_proj"": -1.0, ""self_attn.o_proj"": -20.0, ""self_attn.q_proj"": -2.0, ""self_attn.v_proj"": -8.0}","{""mlp.down_proj"": 0.012481644640234948, ""mlp.gate_proj"": 0.06, ""mlp.up_proj"": 0.023835319609967497, ""self_attn.k_proj"": 0.020833333333333332, ""self_attn.o_proj"": 0.030349013657056147, ""self_attn.q_proj"": 0.04, ""self_attn.v_proj"": 0.016701461377870562}",-0.000498051088468815,-3.742857142857142,183.57142857142856,False,True
llama,opd,80,E_if,E_ifeval,0.01,14,5,equal5_non_qk,True,"mlp.down_proj,mlp.gate_proj,mlp.up_proj,self_attn.o_proj,self_attn.v_proj","self_attn.q_proj,self_attn.k_proj",1620.6,1652.8,1620.6,-32.2,0.020505632115456383,0.019482090997095865,"{""mlp.down_proj"": 2435.0, ""mlp.gate_proj"": 1309.0, ""mlp.up_proj"": 2178.0, ""self_attn.o_proj"": 1511.0, ""self_attn.v_proj"": 831.0}","{""mlp.down_proj"": 2408.0, ""mlp.gate_proj"": 1251.0, ""mlp.up_proj"": 2141.0, ""self_attn.o_proj"": 1480.0, ""self_attn.v_proj"": 823.0}","{""mlp.down_proj"": -27.0, ""mlp.gate_proj"": -58.0, ""mlp.up_proj"": -37.0, ""self_attn.o_proj"": -31.0, ""self_attn.v_proj"": -8.0}","{""mlp.down_proj"": 0.01108829568788501, ""mlp.gate_proj"": 0.04430863254392666, ""mlp.up_proj"": 0.016988062442607896, ""self_attn.o_proj"": 0.020516214427531435, ""self_attn.v_proj"": 0.009626955475330927}",0.010274473472854078,0.010231158642602305,7,equal7,True,"mlp.down_proj,mlp.gate_proj,mlp.up_proj,self_attn.k_proj,self_attn.o_proj,self_attn.q_proj,self_attn.v_proj",,1293.2857142857142,1319.857142857143,1293.2857142857142,-26.571428571428573,0.021814384765501484,0.020132048923043693,"{""mlp.down_proj"": 2435.0, ""mlp.gate_proj"": 1309.0, ""mlp.up_proj"": 2178.0, ""self_attn.k_proj"": 345.0, ""self_attn.o_proj"": 1511.0, ""self_attn.q_proj"": 630.0, ""self_attn.v_proj"": 831.0}","{""mlp.down_proj"": 2408.0, ""mlp.gate_proj"": 1251.0, ""mlp.up_proj"": 2141.0, ""self_attn.k_proj"": 337.0, ""self_attn.o_proj"": 1480.0, ""self_attn.q_proj"": 613.0, ""self_attn.v_proj"": 823.0}","{""mlp.down_proj"": -27.0, ""mlp.gate_proj"": -58.0, ""mlp.up_proj"": -37.0, ""self_attn.k_proj"": -8.0, ""self_attn.o_proj"": -31.0, ""self_attn.q_proj"": -17.0, ""self_attn.v_proj"": -8.0}","{""mlp.down_proj"": 0.01108829568788501, ""mlp.gate_proj"": 0.04430863254392666, ""mlp.up_proj"": 0.016988062442607896, ""self_attn.k_proj"": 0.02318840579710145, ""self_attn.o_proj"": 0.020516214427531435, ""self_attn.q_proj"": 0.026984126984126985, ""self_attn.v_proj"": 0.009626955475330927}",-0.001308752650045101,-5.62857142857143,327.3142857142857,False,True
llama,opd,80,E_if,E_ifeval,0.025,14,5,equal5_non_qk,True,"mlp.down_proj,mlp.gate_proj,mlp.up_proj,self_attn.o_proj,self_attn.v_proj","self_attn.q_proj,self_attn.k_proj",1220.0,1254.0,1220.0,-34.0,0.030898967962113166,0.02711323763955343,"{""mlp.down_proj"": 2031.0, ""mlp.gate_proj"": 709.0, ""mlp.up_proj"": 1670.0, ""self_attn.o_proj"": 1157.0, ""self_attn.v_proj"": 703.0}","{""mlp.down_proj"": 1995.0, ""mlp.gate_proj"": 660.0, ""mlp.up_proj"": 1625.0, ""self_attn.o_proj"": 1128.0, ""self_attn.v_proj"": 692.0}","{""mlp.down_proj"": -36.0, ""mlp.gate_proj"": -49.0, ""mlp.up_proj"": -45.0, ""self_attn.o_proj"": -29.0, ""self_attn.v_proj"": -11.0}","{""mlp.down_proj"": 0.01772525849335303, ""mlp.gate_proj"": 0.0691114245416079, ""mlp.up_proj"": 0.02694610778443114, ""self_attn.o_proj"": 0.025064822817631807, ""self_attn.v_proj"": 0.015647226173541962}",0.015521818352954025,0.015377149609159141,7,equal7,True,"mlp.down_proj,mlp.gate_proj,mlp.up_proj,self_attn.k_proj,self_attn.o_proj,self_attn.q_proj,self_attn.v_proj",,940.1428571428571,966.7142857142857,940.1428571428571,-26.571428571428573,0.03095561285614786,0.027486330722624484,"{""mlp.down_proj"": 2031.0, ""mlp.gate_proj"": 709.0, ""mlp.up_proj"": 1670.0, ""self_attn.k_proj"": 188.0, ""self_attn.o_proj"": 1157.0, ""self_attn.q_proj"": 309.0, ""self_attn.v_proj"": 703.0}","{""mlp.down_proj"": 1995.0, ""mlp.gate_proj"": 660.0, ""mlp.up_proj"": 1625.0, ""self_attn.k_proj"": 183.0, ""self_attn.o_proj"": 1128.0, ""self_attn.q_proj"": 298.0, ""self_attn.v_proj"": 692.0}","{""mlp.down_proj"": -36.0, ""mlp.gate_proj"": -49.0, ""mlp.up_proj"": -45.0, ""self_attn.k_proj"": -5.0, ""self_attn.o_proj"": -29.0, ""self_attn.q_proj"": -11.0, ""self_attn.v_proj"": -11.0}","{""mlp.down_proj"": 0.01772525849335303, ""mlp.gate_proj"": 0.0691114245416079, ""mlp.up_proj"": 0.02694610778443114, ""self_attn.k_proj"": 0.026595744680851064, ""self_attn.o_proj"": 0.025064822817631807, ""self_attn.q_proj"": 0.03559870550161812, ""self_attn.v_proj"": 0.015647226173541962}",-5.6644894034695026e-05,-7.428571428571427,279.8571428571429,False,True
llama,opd,80,E_if,E_ifeval,0.05,14,5,equal5_non_qk,True,"mlp.down_proj,mlp.gate_proj,mlp.up_proj,self_attn.o_proj,self_attn.v_proj","self_attn.q_proj,self_attn.k_proj",889.6,921.2,889.6,-31.6,0.04232376585739171,0.0343030829353018,"{""mlp.down_proj"": 1632.0, ""mlp.gate_proj"": 328.0, ""mlp.up_proj"": 1207.0, ""self_attn.o_proj"": 868.0, ""self_attn.v_proj"": 571.0}","{""mlp.down_proj"": 1591.0, ""mlp.gate_proj"": 297.0, ""mlp.up_proj"": 1161.0, ""self_attn.o_proj"": 841.0, ""self_attn.v_proj"": 558.0}","{""mlp.down_proj"": -41.0, ""mlp.gate_proj"": -31.0, ""mlp.up_proj"": -46.0, ""self_attn.o_proj"": -27.0, ""self_attn.v_proj"": -13.0}","{""mlp.down_proj"": 0.025122549019607844, ""mlp.gate_proj"": 0.09451219512195122, ""mlp.up_proj"": 0.03811101905550953, ""self_attn.o_proj"": 0.03110599078341014, ""self_attn.v_proj"": 0.02276707530647986}",0.021437419924117622,0.02088634593327409,7,equal7,True,"mlp.down_proj,mlp.gate_proj,mlp.up_proj,self_attn.k_proj,self_attn.o_proj,self_attn.q_proj,self_attn.v_proj",,667.4285714285714,691.2857142857143,667.4285714285714,-23.857142857142858,0.04095364551848032,0.03451126265757393,"{""mlp.down_proj"": 1632.0, ""mlp.gate_proj"": 328.0, ""mlp.up_proj"": 1207.0, ""self_attn.k_proj"": 98.0, ""self_attn.o_proj"": 868.0, ""self_attn.q_proj"": 135.0, ""self_attn.v_proj"": 571.0}","{""mlp.down_proj"": 1591.0, ""mlp.gate_proj"": 297.0, ""mlp.up_proj"": 1161.0, ""self_attn.k_proj"": 95.0, ""self_attn.o_proj"": 841.0, ""self_attn.q_proj"": 129.0, ""self_attn.v_proj"": 558.0}","{""mlp.down_proj"": -41.0, ""mlp.gate_proj"": -31.0, ""mlp.up_proj"": -46.0, ""self_attn.k_proj"": -3.0, ""self_attn.o_proj"": -27.0, ""self_attn.q_proj"": -6.0, ""self_attn.v_proj"": -13.0}","{""mlp.down_proj"": 0.025122549019607844, ""mlp.gate_proj"": 0.09451219512195122, ""mlp.up_proj"": 0.03811101905550953, ""self_attn.k_proj"": 0.030612244897959183, ""self_attn.o_proj"": 0.03110599078341014, ""self_attn.q_proj"": 0.044444444444444446, ""self_attn.v_proj"": 0.02276707530647986}",0.0013701203389113945,-7.742857142857144,222.17142857142858,False,True
llama,opd,80,E_if,E_ifeval,0.1,14,5,equal5_non_qk,True,"mlp.down_proj,mlp.gate_proj,mlp.up_proj,self_attn.o_proj,self_attn.v_proj","self_attn.q_proj,self_attn.k_proj",566.8,592.8,566.8,-26.0,0.057698956109617096,0.04385964912280702,"{""mlp.down_proj"": 1166.0, ""mlp.gate_proj"": 96.0, ""mlp.up_proj"": 722.0, ""self_attn.o_proj"": 572.0, ""self_attn.v_proj"": 408.0}","{""mlp.down_proj"": 1124.0, ""mlp.gate_proj"": 84.0, ""mlp.up_proj"": 682.0, ""self_attn.o_proj"": 549.0, ""self_attn.v_proj"": 395.0}","{""mlp.down_proj"": -42.0, ""mlp.gate_proj"": -12.0, ""mlp.up_proj"": -40.0, ""self_attn.o_proj"": -23.0, ""self_attn.v_proj"": -13.0}","{""mlp.down_proj"": 0.036020583190394515, ""mlp.gate_proj"": 0.125, ""mlp.up_proj"": 0.055401662049861494, ""self_attn.o_proj"": 0.04020979020979021, ""self_attn.v_proj"": 0.031862745098039214}",0.028673487857025826,0.02902546825259127,7,equal7,True,"mlp.down_proj,mlp.gate_proj,mlp.up_proj,self_attn.k_proj,self_attn.o_proj,self_attn.q_proj,self_attn.v_proj",,416.7142857142857,435.7142857142857,416.7142857142857,-19.0,0.0511084071160221,0.04360655737704918,"{""mlp.down_proj"": 1166.0, ""mlp.gate_proj"": 96.0, ""mlp.up_proj"": 722.0, ""self_attn.k_proj"": 42.0, ""self_attn.o_proj"": 572.0, ""self_attn.q_proj"": 44.0, ""self_attn.v_proj"": 408.0}","{""mlp.down_proj"": 1124.0, ""mlp.gate_proj"": 84.0, ""mlp.up_proj"": 682.0, ""self_attn.k_proj"": 41.0, ""self_attn.o_proj"": 549.0, ""self_attn.q_proj"": 42.0, ""self_attn.v_proj"": 395.0}","{""mlp.down_proj"": -42.0, ""mlp.gate_proj"": -12.0, ""mlp.up_proj"": -40.0, ""self_attn.k_proj"": -1.0, ""self_attn.o_proj"": -23.0, ""self_attn.q_proj"": -2.0, ""self_attn.v_proj"": -13.0}","{""mlp.down_proj"": 0.036020583190394515, ""mlp.gate_proj"": 0.125, ""mlp.up_proj"": 0.055401662049861494, ""self_attn.k_proj"": 0.023809523809523808, ""self_attn.o_proj"": 0.04020979020979021, ""self_attn.q_proj"": 0.045454545454545456, ""self_attn.v_proj"": 0.031862745098039214}",0.006590548993594993,-7.0,150.08571428571423,False,True
llama,opd,80,E_math,E_mathHeld,0.01,14,5,equal5_non_qk,True,"mlp.down_proj,mlp.gate_proj,mlp.up_proj,self_attn.o_proj,self_attn.v_proj","self_attn.q_proj,self_attn.k_proj",828.6,851.6,828.6,-23.0,0.028854668859948675,0.027007984969469233,"{""mlp.down_proj"": 1162.0, ""mlp.gate_proj"": 587.0, ""mlp.up_proj"": 1022.0, ""self_attn.o_proj"": 828.0, ""self_attn.v_proj"": 659.0}","{""mlp.down_proj"": 1140.0, ""mlp.gate_proj"": 557.0, ""mlp.up_proj"": 995.0, ""self_attn.o_proj"": 806.0, ""self_attn.v_proj"": 645.0}","{""mlp.down_proj"": -22.0, ""mlp.gate_proj"": -30.0, ""mlp.up_proj"": -27.0, ""self_attn.o_proj"": -22.0, ""self_attn.v_proj"": -14.0}","{""mlp.down_proj"": 0.0189328743545611, ""mlp.gate_proj"": 0.05110732538330494, ""mlp.up_proj"": 0.026418786692759294, ""self_attn.o_proj"": 0.026570048309178744, ""self_attn.v_proj"": 0.021244309559939303}",0.010274473472854078,0.018580195387094597,7,equal7,True,"mlp.down_proj,mlp.gate_proj,mlp.up_proj,self_attn.k_proj,self_attn.o_proj,self_attn.q_proj,self_attn.v_proj",,682.4285714285714,701.7142857142857,682.4285714285714,-19.285714285714285,0.02898466558730523,0.027483713355048768,"{""mlp.down_proj"": 1162.0, ""mlp.gate_proj"": 587.0, ""mlp.up_proj"": 1022.0, ""self_attn.k_proj"": 263.0, ""self_attn.o_proj"": 828.0, ""self_attn.q_proj"": 391.0, ""self_attn.v_proj"": 659.0}","{""mlp.down_proj"": 1140.0, ""mlp.gate_proj"": 557.0, ""mlp.up_proj"": 995.0, ""self_attn.k_proj"": 257.0, ""self_attn.o_proj"": 806.0, ""self_attn.q_proj"": 377.0, ""self_attn.v_proj"": 645.0}","{""mlp.down_proj"": -22.0, ""mlp.gate_proj"": -30.0, ""mlp.up_proj"": -27.0, ""self_attn.k_proj"": -6.0, ""self_attn.o_proj"": -22.0, ""self_attn.q_proj"": -14.0, ""self_attn.v_proj"": -14.0}","{""mlp.down_proj"": 0.0189328743545611, ""mlp.gate_proj"": 0.05110732538330494, ""mlp.up_proj"": 0.026418786692759294, ""self_attn.k_proj"": 0.022813688212927757, ""self_attn.o_proj"": 0.026570048309178744, ""self_attn.q_proj"": 0.03580562659846547, ""self_attn.v_proj"": 0.021244309559939303}",-0.00012999672735655374,-3.7142857142857153,146.17142857142858,False,True
llama,opd,80,E_math,E_mathHeld,0.025,14,5,equal5_non_qk,True,"mlp.down_proj,mlp.gate_proj,mlp.up_proj,self_attn.o_proj,self_attn.v_proj","self_attn.q_proj,self_attn.k_proj",600.6,621.6,600.6,-21.0,0.037585521834880516,0.033783783783783786,"{""mlp.down_proj"": 912.0, ""mlp.gate_proj"": 322.0, ""mlp.up_proj"": 751.0, ""self_attn.o_proj"": 607.0, ""self_attn.v_proj"": 516.0}","{""mlp.down_proj"": 889.0, ""mlp.gate_proj"": 300.0, ""mlp.up_proj"": 724.0, ""self_attn.o_proj"": 588.0, ""self_attn.v_proj"": 502.0}","{""mlp.down_proj"": -23.0, ""mlp.gate_proj"": -22.0, ""mlp.up_proj"": -27.0, ""self_attn.o_proj"": -19.0, ""self_attn.v_proj"": -14.0}","{""mlp.down_proj"": 0.025219298245614034, ""mlp.gate_proj"": 0.06832298136645963, ""mlp.up_proj"": 0.03595206391478029, ""self_attn.o_proj"": 0.03130148270181219, ""self_attn.v_proj"": 0.027131782945736434}",0.015521818352954025,0.02206370348192649,7,equal7,True,"mlp.down_proj,mlp.gate_proj,mlp.up_proj,self_attn.k_proj,self_attn.o_proj,self_attn.q_proj,self_attn.v_proj",,478.14285714285717,495.14285714285717,478.14285714285717,-17.0,0.03752445698828461,0.034333525678015,"{""mlp.down_proj"": 912.0, ""mlp.gate_proj"": 322.0, ""mlp.up_proj"": 751.0, ""self_attn.k_proj"": 150.0, ""self_attn.o_proj"": 607.0, ""self_attn.q_proj"": 208.0, ""self_attn.v_proj"": 516.0}","{""mlp.down_proj"": 889.0, ""mlp.gate_proj"": 300.0, ""mlp.up_proj"": 724.0, ""self_attn.k_proj"": 146.0, ""self_attn.o_proj"": 588.0, ""self_attn.q_proj"": 198.0, ""self_attn.v_proj"": 502.0}","{""mlp.down_proj"": -23.0, ""mlp.gate_proj"": -22.0, ""mlp.up_proj"": -27.0, ""self_attn.k_proj"": -4.0, ""self_attn.o_proj"": -19.0, ""self_attn.q_proj"": -10.0, ""self_attn.v_proj"": -14.0}","{""mlp.down_proj"": 0.025219298245614034, ""mlp.gate_proj"": 0.06832298136645963, ""mlp.up_proj"": 0.03595206391478029, ""self_attn.k_proj"": 0.02666666666666667, ""self_attn.o_proj"": 0.03130148270181219, ""self_attn.q_proj"": 0.04807692307692308, ""self_attn.v_proj"": 0.027131782945736434}",6.106484659590405e-05,-4.0,122.45714285714286,False,True
llama,opd,80,E_math,E_mathHeld,0.05,14,5,equal5_non_qk,True,"mlp.down_proj,mlp.gate_proj,mlp.up_proj,self_attn.o_proj,self_attn.v_proj","self_attn.q_proj,self_attn.k_proj",428.4,446.2,428.4,-17.8,0.0470898392882726,0.039892424921559866,"{""mlp.down_proj"": 701.0, ""mlp.gate_proj"": 158.0, ""mlp.up_proj"": 534.0, ""self_attn.o_proj"": 441.0, ""self_attn.v_proj"": 397.0}","{""mlp.down_proj"": 680.0, ""mlp.gate_proj"": 144.0, ""mlp.up_proj"": 511.0, ""self_attn.o_proj"": 424.0, ""self_attn.v_proj"": 383.0}","{""mlp.down_proj"": -21.0, ""mlp.gate_proj"": -14.0, ""mlp.up_proj"": -23.0, ""self_attn.o_proj"": -17.0, ""self_attn.v_proj"": -14.0}","{""mlp.down_proj"": 0.029957203994293864, ""mlp.gate_proj"": 0.08860759493670886, ""mlp.up_proj"": 0.04307116104868914, ""self_attn.o_proj"": 0.03854875283446712, ""self_attn.v_proj"": 0.03526448362720403}",0.021437419924117622,0.02565241936415498,7,equal7,True,"mlp.down_proj,mlp.gate_proj,mlp.up_proj,self_attn.k_proj,self_attn.o_proj,self_attn.q_proj,self_attn.v_proj",,331.42857142857144,345.42857142857144,331.42857142857144,-14.0,0.047059415620016386,0.04052936311000827,"{""mlp.down_proj"": 701.0, ""mlp.gate_proj"": 158.0, ""mlp.up_proj"": 534.0, ""self_attn.k_proj"": 84.0, ""self_attn.o_proj"": 441.0, ""self_attn.q_proj"": 103.0, ""self_attn.v_proj"": 397.0}","{""mlp.down_proj"": 680.0, ""mlp.gate_proj"": 144.0, ""mlp.up_proj"": 511.0, ""self_attn.k_proj"": 81.0, ""self_attn.o_proj"": 424.0, ""self_attn.q_proj"": 97.0, ""self_attn.v_proj"": 383.0}","{""mlp.down_proj"": -21.0, ""mlp.gate_proj"": -14.0, ""mlp.up_proj"": -23.0, ""self_attn.k_proj"": -3.0, ""self_attn.o_proj"": -17.0, ""self_attn.q_proj"": -6.0, ""self_attn.v_proj"": -14.0}","{""mlp.down_proj"": 0.029957203994293864, ""mlp.gate_proj"": 0.08860759493670886, ""mlp.up_proj"": 0.04307116104868914, ""self_attn.k_proj"": 0.03571428571428571, ""self_attn.o_proj"": 0.03854875283446712, ""self_attn.q_proj"": 0.05825242718446602, ""self_attn.v_proj"": 0.03526448362720403}",3.0423668256215897e-05,-3.8000000000000007,96.97142857142853,False,True
llama,opd,80,E_math,E_mathHeld,0.1,14,5,equal5_non_qk,True,"mlp.down_proj,mlp.gate_proj,mlp.up_proj,self_attn.o_proj,self_attn.v_proj","self_attn.q_proj,self_attn.k_proj",269.8,283.2,269.8,-13.4,0.06098616911039271,0.047316384180790885,"{""mlp.down_proj"": 483.0, ""mlp.gate_proj"": 49.0, ""mlp.up_proj"": 325.0, ""self_attn.o_proj"": 286.0, ""self_attn.v_proj"": 273.0}","{""mlp.down_proj"": 465.0, ""mlp.gate_proj"": 43.0, ""mlp.up_proj"": 308.0, ""self_attn.o_proj"": 272.0, ""self_attn.v_proj"": 261.0}","{""mlp.down_proj"": -18.0, ""mlp.gate_proj"": -6.0, ""mlp.up_proj"": -17.0, ""self_attn.o_proj"": -14.0, ""self_attn.v_proj"": -12.0}","{""mlp.down_proj"": 0.037267080745341616, ""mlp.gate_proj"": 0.12244897959183673, ""mlp.up_proj"": 0.052307692307692305, ""self_attn.o_proj"": 0.04895104895104895, ""self_attn.v_proj"": 0.04395604395604396}",0.028673487857025826,0.03231268125336688,7,equal7,True,"mlp.down_proj,mlp.gate_proj,mlp.up_proj,self_attn.k_proj,self_attn.o_proj,self_attn.q_proj,self_attn.v_proj",,203.14285714285714,213.14285714285714,203.14285714285714,-10.0,0.054839744853288026,0.04691689008042896,"{""mlp.down_proj"": 483.0, ""mlp.gate_proj"": 49.0, ""mlp.up_proj"": 325.0, ""self_attn.k_proj"": 38.0, ""self_attn.o_proj"": 286.0, ""self_attn.q_proj"": 38.0, ""self_attn.v_proj"": 273.0}","{""mlp.down_proj"": 465.0, ""mlp.gate_proj"": 43.0, ""mlp.up_proj"": 308.0, ""self_attn.k_proj"": 37.0, ""self_attn.o_proj"": 272.0, ""self_attn.q_proj"": 36.0, ""self_attn.v_proj"": 261.0}","{""mlp.down_proj"": -18.0, ""mlp.gate_proj"": -6.0, ""mlp.up_proj"": -17.0, ""self_attn.k_proj"": -1.0, ""self_attn.o_proj"": -14.0, ""self_attn.q_proj"": -2.0, ""self_attn.v_proj"": -12.0}","{""mlp.down_proj"": 0.037267080745341616, ""mlp.gate_proj"": 0.12244897959183673, ""mlp.up_proj"": 0.052307692307692305, ""self_attn.k_proj"": 0.02631578947368421, ""self_attn.o_proj"": 0.04895104895104895, ""self_attn.q_proj"": 0.05263157894736842, ""self_attn.v_proj"": 0.04395604395604396}",0.006146424257104682,-3.4000000000000004,66.65714285714287,False,True
llama,opd,80,E_ood,E_mmluPro,0.01,14,5,equal5_non_qk,True,"mlp.down_proj,mlp.gate_proj,mlp.up_proj,self_attn.o_proj,self_attn.v_proj","self_attn.q_proj,self_attn.k_proj",1660.8,1694.2,1660.8,-33.4,0.021031996554610022,0.019714319442804915,"{""mlp.down_proj"": 2452.0, ""mlp.gate_proj"": 1352.0, ""mlp.up_proj"": 2263.0, ""self_attn.o_proj"": 1556.0, ""self_attn.v_proj"": 848.0}","{""mlp.down_proj"": 2431.0, ""mlp.gate_proj"": 1287.0, ""mlp.up_proj"": 2224.0, ""self_attn.o_proj"": 1522.0, ""self_attn.v_proj"": 840.0}","{""mlp.down_proj"": -21.0, ""mlp.gate_proj"": -65.0, ""mlp.up_proj"": -39.0, ""self_attn.o_proj"": -34.0, ""self_attn.v_proj"": -8.0}","{""mlp.down_proj"": 0.008564437194127243, ""mlp.gate_proj"": 0.04807692307692308, ""mlp.up_proj"": 0.01723376049491825, ""self_attn.o_proj"": 0.021850899742930592, ""self_attn.v_proj"": 0.009433962264150943}",0.010274473472854078,0.010757523081755944,7,equal7,True,"mlp.down_proj,mlp.gate_proj,mlp.up_proj,self_attn.k_proj,self_attn.o_proj,self_attn.q_proj,self_attn.v_proj",,1316.857142857143,1343.5714285714287,1316.857142857143,-26.714285714285715,0.0211238416188525,0.01988304093567256,"{""mlp.down_proj"": 2452.0, ""mlp.gate_proj"": 1352.0, ""mlp.up_proj"": 2263.0, ""self_attn.k_proj"": 331.0, ""self_attn.o_proj"": 1556.0, ""self_attn.q_proj"": 603.0, ""self_attn.v_proj"": 848.0}","{""mlp.down_proj"": 2431.0, ""mlp.gate_proj"": 1287.0, ""mlp.up_proj"": 2224.0, ""self_attn.k_proj"": 324.0, ""self_attn.o_proj"": 1522.0, ""self_attn.q_proj"": 590.0, ""self_attn.v_proj"": 840.0}","{""mlp.down_proj"": -21.0, ""mlp.gate_proj"": -65.0, ""mlp.up_proj"": -39.0, ""self_attn.k_proj"": -7.0, ""self_attn.o_proj"": -34.0, ""self_attn.q_proj"": -13.0, ""self_attn.v_proj"": -8.0}","{""mlp.down_proj"": 0.008564437194127243, ""mlp.gate_proj"": 0.04807692307692308, ""mlp.up_proj"": 0.01723376049491825, ""self_attn.k_proj"": 0.021148036253776436, ""self_attn.o_proj"": 0.021850899742930592, ""self_attn.q_proj"": 0.02155887230514096, ""self_attn.v_proj"": 0.009433962264150943}",-9.184506424247951e-05,-6.685714285714283,343.94285714285706,False,True
llama,opd,80,E_ood,E_mmluPro,0.025,14,5,equal5_non_qk,True,"mlp.down_proj,mlp.gate_proj,mlp.up_proj,self_attn.o_proj,self_attn.v_proj","self_attn.q_proj,self_attn.k_proj",1260.6,1296.6,1260.6,-36.0,0.03266706547601304,0.027764923646459973,"{""mlp.down_proj"": 2058.0, ""mlp.gate_proj"": 731.0, ""mlp.up_proj"": 1775.0, ""self_attn.o_proj"": 1191.0, ""self_attn.v_proj"": 728.0}","{""mlp.down_proj"": 2029.0, ""mlp.gate_proj"": 675.0, ""mlp.up_proj"": 1726.0, ""self_attn.o_proj"": 1157.0, ""self_attn.v_proj"": 716.0}","{""mlp.down_proj"": -29.0, ""mlp.gate_proj"": -56.0, ""mlp.up_proj"": -49.0, ""self_attn.o_proj"": -34.0, ""self_attn.v_proj"": -12.0}","{""mlp.down_proj"": 0.014091350826044704, ""mlp.gate_proj"": 0.07660738714090287, ""mlp.up_proj"": 0.0276056338028169, ""self_attn.o_proj"": 0.028547439126784216, ""self_attn.v_proj"": 0.016483516483516484}",0.015521818352954025,0.01714524712305901,7,equal7,True,"mlp.down_proj,mlp.gate_proj,mlp.up_proj,self_attn.k_proj,self_attn.o_proj,self_attn.q_proj,self_attn.v_proj",,965.1428571428571,992.7142857142857,965.1428571428571,-27.571428571428573,0.0310081767846321,0.027773780400057548,"{""mlp.down_proj"": 2058.0, ""mlp.gate_proj"": 731.0, ""mlp.up_proj"": 1775.0, ""self_attn.k_proj"": 178.0, ""self_attn.o_proj"": 1191.0, ""self_attn.q_proj"": 288.0, ""self_attn.v_proj"": 728.0}","{""mlp.down_proj"": 2029.0, ""mlp.gate_proj"": 675.0, ""mlp.up_proj"": 1726.0, ""self_attn.k_proj"": 174.0, ""self_attn.o_proj"": 1157.0, ""self_attn.q_proj"": 279.0, ""self_attn.v_proj"": 716.0}","{""mlp.down_proj"": -29.0, ""mlp.gate_proj"": -56.0, ""mlp.up_proj"": -49.0, ""self_attn.k_proj"": -4.0, ""self_attn.o_proj"": -34.0, ""self_attn.q_proj"": -9.0, ""self_attn.v_proj"": -12.0}","{""mlp.down_proj"": 0.014091350826044704, ""mlp.gate_proj"": 0.07660738714090287, ""mlp.up_proj"": 0.0276056338028169, ""self_attn.k_proj"": 0.02247191011235955, ""self_attn.o_proj"": 0.028547439126784216, ""self_attn.q_proj"": 0.03125, ""self_attn.v_proj"": 0.016483516483516484}",0.0016588886913809359,-8.428571428571427,295.4571428571428,False,True
llama,opd,80,E_ood,E_mmluPro,0.05,14,5,equal5_non_qk,True,"mlp.down_proj,mlp.gate_proj,mlp.up_proj,self_attn.o_proj,self_attn.v_proj","self_attn.q_proj,self_attn.k_proj",928.4,961.6,928.4,-33.2,0.04508005606918083,0.03452579034941768,"{""mlp.down_proj"": 1669.0, ""mlp.gate_proj"": 327.0, ""mlp.up_proj"": 1319.0, ""self_attn.o_proj"": 891.0, ""self_attn.v_proj"": 602.0}","{""mlp.down_proj"": 1636.0, ""mlp.gate_proj"": 292.0, ""mlp.up_proj"": 1267.0, ""self_attn.o_proj"": 859.0, ""self_attn.v_proj"": 588.0}","{""mlp.down_proj"": -33.0, ""mlp.gate_proj"": -35.0, ""mlp.up_proj"": -52.0, ""self_attn.o_proj"": -32.0, ""self_attn.v_proj"": -14.0}","{""mlp.down_proj"": 0.019772318753744758, ""mlp.gate_proj"": 0.10703363914373089, ""mlp.up_proj"": 0.039423805913570885, ""self_attn.o_proj"": 0.03591470258136925, ""self_attn.v_proj"": 0.023255813953488372}",0.021437419924117622,0.023642636145063206,7,equal7,True,"mlp.down_proj,mlp.gate_proj,mlp.up_proj,self_attn.k_proj,self_attn.o_proj,self_attn.q_proj,self_attn.v_proj",,692.7142857142857,717.4285714285714,692.7142857142857,-24.714285714285715,0.041146958403998735,0.03444842692154529,"{""mlp.down_proj"": 1669.0, ""mlp.gate_proj"": 327.0, ""mlp.up_proj"": 1319.0, ""self_attn.k_proj"": 91.0, ""self_attn.o_proj"": 891.0, ""self_attn.q_proj"": 123.0, ""self_attn.v_proj"": 602.0}","{""mlp.down_proj"": 1636.0, ""mlp.gate_proj"": 292.0, ""mlp.up_proj"": 1267.0, ""self_attn.k_proj"": 89.0, ""self_attn.o_proj"": 859.0, ""self_attn.q_proj"": 118.0, ""self_attn.v_proj"": 588.0}","{""mlp.down_proj"": -33.0, ""mlp.gate_proj"": -35.0, ""mlp.up_proj"": -52.0, ""self_attn.k_proj"": -2.0, ""self_attn.o_proj"": -32.0, ""self_attn.q_proj"": -5.0, ""self_attn.v_proj"": -14.0}","{""mlp.down_proj"": 0.019772318753744758, ""mlp.gate_proj"": 0.10703363914373089, ""mlp.up_proj"": 0.039423805913570885, ""self_attn.k_proj"": 0.02197802197802198, ""self_attn.o_proj"": 0.03591470258136925, ""self_attn.q_proj"": 0.04065040650406504, ""self_attn.v_proj"": 0.023255813953488372}",0.003933097665182093,-8.485714285714288,235.6857142857143,False,True
llama,opd,80,E_ood,E_mmluPro,0.1,14,5,equal5_non_qk,True,"mlp.down_proj,mlp.gate_proj,mlp.up_proj,self_attn.o_proj,self_attn.v_proj","self_attn.q_proj,self_attn.k_proj",603.6,630.6,603.6,-27.0,0.05989580414416797,0.04281636536631779,"{""mlp.down_proj"": 1213.0, ""mlp.gate_proj"": 83.0, ""mlp.up_proj"": 825.0, ""self_attn.o_proj"": 586.0, ""self_attn.v_proj"": 446.0}","{""mlp.down_proj"": 1179.0, ""mlp.gate_proj"": 72.0, ""mlp.up_proj"": 778.0, ""self_attn.o_proj"": 559.0, ""self_attn.v_proj"": 430.0}","{""mlp.down_proj"": -34.0, ""mlp.gate_proj"": -11.0, ""mlp.up_proj"": -47.0, ""self_attn.o_proj"": -27.0, ""self_attn.v_proj"": -16.0}","{""mlp.down_proj"": 0.028029678483099753, ""mlp.gate_proj"": 0.13253012048192772, ""mlp.up_proj"": 0.05696969696969697, ""self_attn.o_proj"": 0.04607508532423208, ""self_attn.v_proj"": 0.03587443946188341}",0.028673487857025826,0.031222316287142147,7,equal7,True,"mlp.down_proj,mlp.gate_proj,mlp.up_proj,self_attn.k_proj,self_attn.o_proj,self_attn.q_proj,self_attn.v_proj",,442.42857142857144,461.85714285714283,442.42857142857144,-19.428571428571427,0.04626703780332556,0.04206619239096806,"{""mlp.down_proj"": 1213.0, ""mlp.gate_proj"": 83.0, ""mlp.up_proj"": 825.0, ""self_attn.k_proj"": 39.0, ""self_attn.o_proj"": 586.0, ""self_attn.q_proj"": 41.0, ""self_attn.v_proj"": 446.0}","{""mlp.down_proj"": 1179.0, ""mlp.gate_proj"": 72.0, ""mlp.up_proj"": 778.0, ""self_attn.k_proj"": 39.0, ""self_attn.o_proj"": 559.0, ""self_attn.q_proj"": 40.0, ""self_attn.v_proj"": 430.0}","{""mlp.down_proj"": -34.0, ""mlp.gate_proj"": -11.0, ""mlp.up_proj"": -47.0, ""self_attn.k_proj"": 0.0, ""self_attn.o_proj"": -27.0, ""self_attn.q_proj"": -1.0, ""self_attn.v_proj"": -16.0}","{""mlp.down_proj"": 0.028029678483099753, ""mlp.gate_proj"": 0.13253012048192772, ""mlp.up_proj"": 0.05696969696969697, ""self_attn.k_proj"": 0.0, ""self_attn.o_proj"": 0.04607508532423208, ""self_attn.q_proj"": 0.024390243902439025, ""self_attn.v_proj"": 0.03587443946188341}",0.01362876634084241,-7.571428571428573,161.17142857142858,False,True
llama,opd,160,E_general,E_general,0.01,14,5,equal5_non_qk,True,"mlp.down_proj,mlp.gate_proj,mlp.up_proj,self_attn.o_proj,self_attn.v_proj","self_attn.q_proj,self_attn.k_proj",1719.0,1737.8,1719.0,-18.8,0.011646405565769671,0.010818275981125535,"{""mlp.down_proj"": 2529.0, ""mlp.gate_proj"": 1399.0, ""mlp.up_proj"": 2314.0, ""self_attn.o_proj"": 1584.0, ""self_attn.v_proj"": 863.0}","{""mlp.down_proj"": 2519.0, ""mlp.gate_proj"": 1364.0, ""mlp.up_proj"": 2295.0, ""self_attn.o_proj"": 1558.0, ""self_attn.v_proj"": 859.0}","{""mlp.down_proj"": -10.0, ""mlp.gate_proj"": -35.0, ""mlp.up_proj"": -19.0, ""self_attn.o_proj"": -26.0, ""self_attn.v_proj"": -4.0}","{""mlp.down_proj"": 0.0039541320680110716, ""mlp.gate_proj"": 0.02501786990707648, ""mlp.up_proj"": 0.008210890233362144, ""self_attn.o_proj"": 0.016414141414141416, ""self_attn.v_proj"": 0.004634994206257242}",0.011646405565769671,0.0,7,equal7,True,"mlp.down_proj,mlp.gate_proj,mlp.up_proj,self_attn.k_proj,self_attn.o_proj,self_attn.q_proj,self_attn.v_proj",,1377.5714285714287,1393.7142857142858,1377.5714285714287,-16.142857142857142,0.01346281927970611,0.011582615826158238,"{""mlp.down_proj"": 2529.0, ""mlp.gate_proj"": 1399.0, ""mlp.up_proj"": 2314.0, ""self_attn.k_proj"": 375.0, ""self_attn.o_proj"": 1584.0, ""self_attn.q_proj"": 692.0, ""self_attn.v_proj"": 863.0}","{""mlp.down_proj"": 2519.0, ""mlp.gate_proj"": 1364.0, ""mlp.up_proj"": 2295.0, ""self_attn.k_proj"": 368.0, ""self_attn.o_proj"": 1558.0, ""self_attn.q_proj"": 680.0, ""self_attn.v_proj"": 859.0}","{""mlp.down_proj"": -10.0, ""mlp.gate_proj"": -35.0, ""mlp.up_proj"": -19.0, ""self_attn.k_proj"": -7.0, ""self_attn.o_proj"": -26.0, ""self_attn.q_proj"": -12.0, ""self_attn.v_proj"": -4.0}","{""mlp.down_proj"": 0.0039541320680110716, ""mlp.gate_proj"": 0.02501786990707648, ""mlp.up_proj"": 0.008210890233362144, ""self_attn.k_proj"": 0.018666666666666668, ""self_attn.o_proj"": 0.016414141414141416, ""self_attn.q_proj"": 0.017341040462427744, ""self_attn.v_proj"": 0.004634994206257242}",-0.0018164137139364388,-2.6571428571428584,341.42857142857133,False,True
llama,opd,160,E_general,E_general,0.025,14,5,equal5_non_qk,True,"mlp.down_proj,mlp.gate_proj,mlp.up_proj,self_attn.o_proj,self_attn.v_proj","self_attn.q_proj,self_attn.k_proj",1338.4,1358.4,1338.4,-20.0,0.01742870654878644,0.014723203769140164,"{""mlp.down_proj"": 2167.0, ""mlp.gate_proj"": 784.0, ""mlp.up_proj"": 1852.0, ""self_attn.o_proj"": 1238.0, ""self_attn.v_proj"": 751.0}","{""mlp.down_proj"": 2153.0, ""mlp.gate_proj"": 753.0, ""mlp.up_proj"": 1828.0, ""self_attn.o_proj"": 1213.0, ""self_attn.v_proj"": 745.0}","{""mlp.down_proj"": -14.0, ""mlp.gate_proj"": -31.0, ""mlp.up_proj"": -24.0, ""self_attn.o_proj"": -25.0, ""self_attn.v_proj"": -6.0}","{""mlp.down_proj"": 0.006460544531610522, ""mlp.gate_proj"": 0.039540816326530615, ""mlp.up_proj"": 0.012958963282937365, ""self_attn.o_proj"": 0.020193861066235864, ""self_attn.v_proj"": 0.007989347536617843}",0.01742870654878644,0.0,7,equal7,True,"mlp.down_proj,mlp.gate_proj,mlp.up_proj,self_attn.k_proj,self_attn.o_proj,self_attn.q_proj,self_attn.v_proj",,1034.4285714285713,1050.7142857142858,1034.4285714285713,-16.285714285714285,0.01948135200647646,0.015499660095173505,"{""mlp.down_proj"": 2167.0, ""mlp.gate_proj"": 784.0, ""mlp.up_proj"": 1852.0, ""self_attn.k_proj"": 212.0, ""self_attn.o_proj"": 1238.0, ""self_attn.q_proj"": 351.0, ""self_attn.v_proj"": 751.0}","{""mlp.down_proj"": 2153.0, ""mlp.gate_proj"": 753.0, ""mlp.up_proj"": 1828.0, ""self_attn.k_proj"": 207.0, ""self_attn.o_proj"": 1213.0, ""self_attn.q_proj"": 342.0, ""self_attn.v_proj"": 745.0}","{""mlp.down_proj"": -14.0, ""mlp.gate_proj"": -31.0, ""mlp.up_proj"": -24.0, ""self_attn.k_proj"": -5.0, ""self_attn.o_proj"": -25.0, ""self_attn.q_proj"": -9.0, ""self_attn.v_proj"": -6.0}","{""mlp.down_proj"": 0.006460544531610522, ""mlp.gate_proj"": 0.039540816326530615, ""mlp.up_proj"": 0.012958963282937365, ""self_attn.k_proj"": 0.02358490566037736, ""self_attn.o_proj"": 0.020193861066235864, ""self_attn.q_proj"": 0.02564102564102564, ""self_attn.v_proj"": 0.007989347536617843}",-0.00205264545769002,-3.7142857142857153,303.97142857142876,False,True
llama,opd,160,E_general,E_general,0.05,14,5,equal5_non_qk,True,"mlp.down_proj,mlp.gate_proj,mlp.up_proj,self_attn.o_proj,self_attn.v_proj","self_attn.q_proj,self_attn.k_proj",1014.4,1033.4,1014.4,-19.0,0.02434001609905611,0.018385910586413888,"{""mlp.down_proj"": 1802.0, ""mlp.gate_proj"": 368.0, ""mlp.up_proj"": 1412.0, ""self_attn.o_proj"": 954.0, ""self_attn.v_proj"": 631.0}","{""mlp.down_proj"": 1785.0, ""mlp.gate_proj"": 347.0, ""mlp.up_proj"": 1386.0, ""self_attn.o_proj"": 931.0, ""self_attn.v_proj"": 623.0}","{""mlp.down_proj"": -17.0, ""mlp.gate_proj"": -21.0, ""mlp.up_proj"": -26.0, ""self_attn.o_proj"": -23.0, ""self_attn.v_proj"": -8.0}","{""mlp.down_proj"": 0.009433962264150943, ""mlp.gate_proj"": 0.057065217391304345, ""mlp.up_proj"": 0.018413597733711047, ""self_attn.o_proj"": 0.02410901467505241, ""self_attn.v_proj"": 0.012678288431061807}",0.02434001609905611,0.0,7,equal7,True,"mlp.down_proj,mlp.gate_proj,mlp.up_proj,self_attn.k_proj,self_attn.o_proj,self_attn.q_proj,self_attn.v_proj",,761.4285714285714,776.2857142857143,761.4285714285714,-14.857142857142858,0.026741235140549435,0.019138755980861285,"{""mlp.down_proj"": 1802.0, ""mlp.gate_proj"": 368.0, ""mlp.up_proj"": 1412.0, ""self_attn.k_proj"": 111.0, ""self_attn.o_proj"": 954.0, ""self_attn.q_proj"": 156.0, ""self_attn.v_proj"": 631.0}","{""mlp.down_proj"": 1785.0, ""mlp.gate_proj"": 347.0, ""mlp.up_proj"": 1386.0, ""self_attn.k_proj"": 108.0, ""self_attn.o_proj"": 931.0, ""self_attn.q_proj"": 150.0, ""self_attn.v_proj"": 623.0}","{""mlp.down_proj"": -17.0, ""mlp.gate_proj"": -21.0, ""mlp.up_proj"": -26.0, ""self_attn.k_proj"": -3.0, ""self_attn.o_proj"": -23.0, ""self_attn.q_proj"": -6.0, ""self_attn.v_proj"": -8.0}","{""mlp.down_proj"": 0.009433962264150943, ""mlp.gate_proj"": 0.057065217391304345, ""mlp.up_proj"": 0.018413597733711047, ""self_attn.k_proj"": 0.02702702702702703, ""self_attn.o_proj"": 0.02410901467505241, ""self_attn.q_proj"": 0.038461538461538464, ""self_attn.v_proj"": 0.012678288431061807}",-0.0024012190414933257,-4.142857142857142,252.97142857142853,False,True
llama,opd,160,E_general,E_general,0.1,14,5,equal5_non_qk,True,"mlp.down_proj,mlp.gate_proj,mlp.up_proj,self_attn.o_proj,self_attn.v_proj","self_attn.q_proj,self_attn.k_proj",688.4,704.6,688.4,-16.2,0.034278216990188085,0.022991768379222316,"{""mlp.down_proj"": 1362.0, ""mlp.gate_proj"": 100.0, ""mlp.up_proj"": 923.0, ""self_attn.o_proj"": 659.0, ""self_attn.v_proj"": 479.0}","{""mlp.down_proj"": 1344.0, ""mlp.gate_proj"": 92.0, ""mlp.up_proj"": 899.0, ""self_attn.o_proj"": 637.0, ""self_attn.v_proj"": 470.0}","{""mlp.down_proj"": -18.0, ""mlp.gate_proj"": -8.0, ""mlp.up_proj"": -24.0, ""self_attn.o_proj"": -22.0, ""self_attn.v_proj"": -9.0}","{""mlp.down_proj"": 0.013215859030837005, ""mlp.gate_proj"": 0.08, ""mlp.up_proj"": 0.02600216684723727, ""self_attn.o_proj"": 0.03338391502276176, ""self_attn.v_proj"": 0.018789144050104383}",0.034278216990188085,0.0,7,equal7,True,"mlp.down_proj,mlp.gate_proj,mlp.up_proj,self_attn.k_proj,self_attn.o_proj,self_attn.q_proj,self_attn.v_proj",,505.2857142857143,517.2857142857143,505.2857142857143,-12.0,0.03317491689775339,0.02319801159900591,"{""mlp.down_proj"": 1362.0, ""mlp.gate_proj"": 100.0, ""mlp.up_proj"": 923.0, ""self_attn.k_proj"": 48.0, ""self_attn.o_proj"": 659.0, ""self_attn.q_proj"": 50.0, ""self_attn.v_proj"": 479.0}","{""mlp.down_proj"": 1344.0, ""mlp.gate_proj"": 92.0, ""mlp.up_proj"": 899.0, ""self_attn.k_proj"": 47.0, ""self_attn.o_proj"": 637.0, ""self_attn.q_proj"": 48.0, ""self_attn.v_proj"": 470.0}","{""mlp.down_proj"": -18.0, ""mlp.gate_proj"": -8.0, ""mlp.up_proj"": -24.0, ""self_attn.k_proj"": -1.0, ""self_attn.o_proj"": -22.0, ""self_attn.q_proj"": -2.0, ""self_attn.v_proj"": -9.0}","{""mlp.down_proj"": 0.013215859030837005, ""mlp.gate_proj"": 0.08, ""mlp.up_proj"": 0.02600216684723727, ""self_attn.k_proj"": 0.020833333333333332, ""self_attn.o_proj"": 0.03338391502276176, ""self_attn.q_proj"": 0.04, ""self_attn.v_proj"": 0.018789144050104383}",0.0011033000924346933,-4.199999999999999,183.1142857142857,False,True
llama,opd,160,E_if,E_ifeval,0.01,14,5,equal5_non_qk,True,"mlp.down_proj,mlp.gate_proj,mlp.up_proj,self_attn.o_proj,self_attn.v_proj","self_attn.q_proj,self_attn.k_proj",1617.0,1652.8,1617.0,-35.8,0.022938133062337204,0.021660212971926402,"{""mlp.down_proj"": 2435.0, ""mlp.gate_proj"": 1309.0, ""mlp.up_proj"": 2178.0, ""self_attn.o_proj"": 1511.0, ""self_attn.v_proj"": 831.0}","{""mlp.down_proj"": 2406.0, ""mlp.gate_proj"": 1241.0, ""mlp.up_proj"": 2137.0, ""self_attn.o_proj"": 1479.0, ""self_attn.v_proj"": 822.0}","{""mlp.down_proj"": -29.0, ""mlp.gate_proj"": -68.0, ""mlp.up_proj"": -41.0, ""self_attn.o_proj"": -32.0, ""self_attn.v_proj"": -9.0}","{""mlp.down_proj"": 0.01190965092402464, ""mlp.gate_proj"": 0.05194805194805195, ""mlp.up_proj"": 0.018824609733700644, ""self_attn.o_proj"": 0.021178027796161483, ""self_attn.v_proj"": 0.010830324909747292}",0.011646405565769671,0.011291727496567533,7,equal7,True,"mlp.down_proj,mlp.gate_proj,mlp.up_proj,self_attn.k_proj,self_attn.o_proj,self_attn.q_proj,self_attn.v_proj",,1290.0,1319.857142857143,1290.0,-29.857142857142858,0.025060314900584937,0.02262149583288237,"{""mlp.down_proj"": 2435.0, ""mlp.gate_proj"": 1309.0, ""mlp.up_proj"": 2178.0, ""self_attn.k_proj"": 345.0, ""self_attn.o_proj"": 1511.0, ""self_attn.q_proj"": 630.0, ""self_attn.v_proj"": 831.0}","{""mlp.down_proj"": 2406.0, ""mlp.gate_proj"": 1241.0, ""mlp.up_proj"": 2137.0, ""self_attn.k_proj"": 335.0, ""self_attn.o_proj"": 1479.0, ""self_attn.q_proj"": 610.0, ""self_attn.v_proj"": 822.0}","{""mlp.down_proj"": -29.0, ""mlp.gate_proj"": -68.0, ""mlp.up_proj"": -41.0, ""self_attn.k_proj"": -10.0, ""self_attn.o_proj"": -32.0, ""self_attn.q_proj"": -20.0, ""self_attn.v_proj"": -9.0}","{""mlp.down_proj"": 0.01190965092402464, ""mlp.gate_proj"": 0.05194805194805195, ""mlp.up_proj"": 0.018824609733700644, ""self_attn.k_proj"": 0.028985507246376812, ""self_attn.o_proj"": 0.021178027796161483, ""self_attn.q_proj"": 0.031746031746031744, ""self_attn.v_proj"": 0.010830324909747292}",-0.0021221818382477324,-5.9428571428571395,327.0,False,True
llama,opd,160,E_if,E_ifeval,0.025,14,5,equal5_non_qk,True,"mlp.down_proj,mlp.gate_proj,mlp.up_proj,self_attn.o_proj,self_attn.v_proj","self_attn.q_proj,self_attn.k_proj",1216.4,1254.0,1216.4,-37.6,0.034485959956690564,0.029984051036682544,"{""mlp.down_proj"": 2031.0, ""mlp.gate_proj"": 709.0, ""mlp.up_proj"": 1670.0, ""self_attn.o_proj"": 1157.0, ""self_attn.v_proj"": 703.0}","{""mlp.down_proj"": 1991.0, ""mlp.gate_proj"": 652.0, ""mlp.up_proj"": 1621.0, ""self_attn.o_proj"": 1127.0, ""self_attn.v_proj"": 691.0}","{""mlp.down_proj"": -40.0, ""mlp.gate_proj"": -57.0, ""mlp.up_proj"": -49.0, ""self_attn.o_proj"": -30.0, ""self_attn.v_proj"": -12.0}","{""mlp.down_proj"": 0.019694731659281144, ""mlp.gate_proj"": 0.08039492242595205, ""mlp.up_proj"": 0.029341317365269463, ""self_attn.o_proj"": 0.02592912705272256, ""self_attn.v_proj"": 0.017069701280227598}",0.01742870654878644,0.017057253407904125,7,equal7,True,"mlp.down_proj,mlp.gate_proj,mlp.up_proj,self_attn.k_proj,self_attn.o_proj,self_attn.q_proj,self_attn.v_proj",,937.1428571428571,966.7142857142857,937.1428571428571,-29.571428571428573,0.035202270115925326,0.03058962612679177,"{""mlp.down_proj"": 2031.0, ""mlp.gate_proj"": 709.0, ""mlp.up_proj"": 1670.0, ""self_attn.k_proj"": 188.0, ""self_attn.o_proj"": 1157.0, ""self_attn.q_proj"": 309.0, ""self_attn.v_proj"": 703.0}","{""mlp.down_proj"": 1991.0, ""mlp.gate_proj"": 652.0, ""mlp.up_proj"": 1621.0, ""self_attn.k_proj"": 182.0, ""self_attn.o_proj"": 1127.0, ""self_attn.q_proj"": 296.0, ""self_attn.v_proj"": 691.0}","{""mlp.down_proj"": -40.0, ""mlp.gate_proj"": -57.0, ""mlp.up_proj"": -49.0, ""self_attn.k_proj"": -6.0, ""self_attn.o_proj"": -30.0, ""self_attn.q_proj"": -13.0, ""self_attn.v_proj"": -12.0}","{""mlp.down_proj"": 0.019694731659281144, ""mlp.gate_proj"": 0.08039492242595205, ""mlp.up_proj"": 0.029341317365269463, ""self_attn.k_proj"": 0.031914893617021274, ""self_attn.o_proj"": 0.02592912705272256, ""self_attn.q_proj"": 0.042071197411003236, ""self_attn.v_proj"": 0.017069701280227598}",-0.000716310159234762,-8.028571428571428,279.257142857143,False,True
llama,opd,160,E_if,E_ifeval,0.05,14,5,equal5_non_qk,True,"mlp.down_proj,mlp.gate_proj,mlp.up_proj,self_attn.o_proj,self_attn.v_proj","self_attn.q_proj,self_attn.k_proj",886.0,921.2,886.0,-35.2,0.04823193907602846,0.03821102909248811,"{""mlp.down_proj"": 1632.0, ""mlp.gate_proj"": 328.0, ""mlp.up_proj"": 1207.0, ""self_attn.o_proj"": 868.0, ""self_attn.v_proj"": 571.0}","{""mlp.down_proj"": 1587.0, ""mlp.gate_proj"": 291.0, ""mlp.up_proj"": 1156.0, ""self_attn.o_proj"": 840.0, ""self_attn.v_proj"": 556.0}","{""mlp.down_proj"": -45.0, ""mlp.gate_proj"": -37.0, ""mlp.up_proj"": -51.0, ""self_attn.o_proj"": -28.0, ""self_attn.v_proj"": -15.0}","{""mlp.down_proj"": 0.027573529411764705, ""mlp.gate_proj"": 0.11280487804878049, ""mlp.up_proj"": 0.04225352112676056, ""self_attn.o_proj"": 0.03225806451612903, ""self_attn.v_proj"": 0.02626970227670753}",0.02434001609905611,0.023891922976972353,7,equal7,True,"mlp.down_proj,mlp.gate_proj,mlp.up_proj,self_attn.k_proj,self_attn.o_proj,self_attn.q_proj,self_attn.v_proj",,664.7142857142857,691.2857142857143,664.7142857142857,-26.571428571428573,0.04663149519359986,0.038437693738375835,"{""mlp.down_proj"": 1632.0, ""mlp.gate_proj"": 328.0, ""mlp.up_proj"": 1207.0, ""self_attn.k_proj"": 98.0, ""self_attn.o_proj"": 868.0, ""self_attn.q_proj"": 135.0, ""self_attn.v_proj"": 571.0}","{""mlp.down_proj"": 1587.0, ""mlp.gate_proj"": 291.0, ""mlp.up_proj"": 1156.0, ""self_attn.k_proj"": 94.0, ""self_attn.o_proj"": 840.0, ""self_attn.q_proj"": 129.0, ""self_attn.v_proj"": 556.0}","{""mlp.down_proj"": -45.0, ""mlp.gate_proj"": -37.0, ""mlp.up_proj"": -51.0, ""self_attn.k_proj"": -4.0, ""self_attn.o_proj"": -28.0, ""self_attn.q_proj"": -6.0, ""self_attn.v_proj"": -15.0}","{""mlp.down_proj"": 0.027573529411764705, ""mlp.gate_proj"": 0.11280487804878049, ""mlp.up_proj"": 0.04225352112676056, ""self_attn.k_proj"": 0.04081632653061224, ""self_attn.o_proj"": 0.03225806451612903, ""self_attn.q_proj"": 0.044444444444444446, ""self_attn.v_proj"": 0.02626970227670753}",0.0016004438824286024,-8.62857142857143,221.28571428571433,False,True
llama,opd,160,E_if,E_ifeval,0.1,14,5,equal5_non_qk,True,"mlp.down_proj,mlp.gate_proj,mlp.up_proj,self_attn.o_proj,self_attn.v_proj","self_attn.q_proj,self_attn.k_proj",564.0,592.8,564.0,-28.8,0.06533945521992815,0.04858299595141693,"{""mlp.down_proj"": 1166.0, ""mlp.gate_proj"": 96.0, ""mlp.up_proj"": 722.0, ""self_attn.o_proj"": 572.0, ""self_attn.v_proj"": 408.0}","{""mlp.down_proj"": 1120.0, ""mlp.gate_proj"": 82.0, ""mlp.up_proj"": 678.0, ""self_attn.o_proj"": 547.0, ""self_attn.v_proj"": 393.0}","{""mlp.down_proj"": -46.0, ""mlp.gate_proj"": -14.0, ""mlp.up_proj"": -44.0, ""self_attn.o_proj"": -25.0, ""self_attn.v_proj"": -15.0}","{""mlp.down_proj"": 0.03945111492281304, ""mlp.gate_proj"": 0.14583333333333334, ""mlp.up_proj"": 0.060941828254847646, ""self_attn.o_proj"": 0.043706293706293704, ""self_attn.v_proj"": 0.03676470588235294}",0.034278216990188085,0.031061238229740065,7,equal7,True,"mlp.down_proj,mlp.gate_proj,mlp.up_proj,self_attn.k_proj,self_attn.o_proj,self_attn.q_proj,self_attn.v_proj",,414.7142857142857,435.7142857142857,414.7142857142857,-21.0,0.05656590648053,0.048196721311475406,"{""mlp.down_proj"": 1166.0, ""mlp.gate_proj"": 96.0, ""mlp.up_proj"": 722.0, ""self_attn.k_proj"": 42.0, ""self_attn.o_proj"": 572.0, ""self_attn.q_proj"": 44.0, ""self_attn.v_proj"": 408.0}","{""mlp.down_proj"": 1120.0, ""mlp.gate_proj"": 82.0, ""mlp.up_proj"": 678.0, ""self_attn.k_proj"": 41.0, ""self_attn.o_proj"": 547.0, ""self_attn.q_proj"": 42.0, ""self_attn.v_proj"": 393.0}","{""mlp.down_proj"": -46.0, ""mlp.gate_proj"": -14.0, ""mlp.up_proj"": -44.0, ""self_attn.k_proj"": -1.0, ""self_attn.o_proj"": -25.0, ""self_attn.q_proj"": -2.0, ""self_attn.v_proj"": -15.0}","{""mlp.down_proj"": 0.03945111492281304, ""mlp.gate_proj"": 0.14583333333333334, ""mlp.up_proj"": 0.060941828254847646, ""self_attn.k_proj"": 0.023809523809523808, ""self_attn.o_proj"": 0.043706293706293704, ""self_attn.q_proj"": 0.045454545454545456, ""self_attn.v_proj"": 0.03676470588235294}",0.008773548739398153,-7.800000000000001,149.28571428571428,False,True
llama,opd,160,E_math,E_mathHeld,0.01,14,5,equal5_non_qk,True,"mlp.down_proj,mlp.gate_proj,mlp.up_proj,self_attn.o_proj,self_attn.v_proj","self_attn.q_proj,self_attn.k_proj",828.0,851.6,828.0,-23.6,0.029777645758779215,0.027712541099107587,"{""mlp.down_proj"": 1162.0, ""mlp.gate_proj"": 587.0, ""mlp.up_proj"": 1022.0, ""self_attn.o_proj"": 828.0, ""self_attn.v_proj"": 659.0}","{""mlp.down_proj"": 1140.0, ""mlp.gate_proj"": 555.0, ""mlp.up_proj"": 995.0, ""self_attn.o_proj"": 805.0, ""self_attn.v_proj"": 645.0}","{""mlp.down_proj"": -22.0, ""mlp.gate_proj"": -32.0, ""mlp.up_proj"": -27.0, ""self_attn.o_proj"": -23.0, ""self_attn.v_proj"": -14.0}","{""mlp.down_proj"": 0.0189328743545611, ""mlp.gate_proj"": 0.054514480408858604, ""mlp.up_proj"": 0.026418786692759294, ""self_attn.o_proj"": 0.027777777777777776, ""self_attn.v_proj"": 0.021244309559939303}",0.011646405565769671,0.018131240193009546,7,equal7,True,"mlp.down_proj,mlp.gate_proj,mlp.up_proj,self_attn.k_proj,self_attn.o_proj,self_attn.q_proj,self_attn.v_proj",,681.7142857142857,701.7142857142857,681.7142857142857,-20.0,0.030552481390163404,0.028501628664495116,"{""mlp.down_proj"": 1162.0, ""mlp.gate_proj"": 587.0, ""mlp.up_proj"": 1022.0, ""self_attn.k_proj"": 263.0, ""self_attn.o_proj"": 828.0, ""self_attn.q_proj"": 391.0, ""self_attn.v_proj"": 659.0}","{""mlp.down_proj"": 1140.0, ""mlp.gate_proj"": 555.0, ""mlp.up_proj"": 995.0, ""self_attn.k_proj"": 256.0, ""self_attn.o_proj"": 805.0, ""self_attn.q_proj"": 376.0, ""self_attn.v_proj"": 645.0}","{""mlp.down_proj"": -22.0, ""mlp.gate_proj"": -32.0, ""mlp.up_proj"": -27.0, ""self_attn.k_proj"": -7.0, ""self_attn.o_proj"": -23.0, ""self_attn.q_proj"": -15.0, ""self_attn.v_proj"": -14.0}","{""mlp.down_proj"": 0.0189328743545611, ""mlp.gate_proj"": 0.054514480408858604, ""mlp.up_proj"": 0.026418786692759294, ""self_attn.k_proj"": 0.026615969581749048, ""self_attn.o_proj"": 0.027777777777777776, ""self_attn.q_proj"": 0.03836317135549872, ""self_attn.v_proj"": 0.021244309559939303}",-0.0007748356313841895,-3.6000000000000014,146.28571428571433,False,True
llama,opd,160,E_math,E_mathHeld,0.025,14,5,equal5_non_qk,True,"mlp.down_proj,mlp.gate_proj,mlp.up_proj,self_attn.o_proj,self_attn.v_proj","self_attn.q_proj,self_attn.k_proj",600.2,621.6,600.2,-21.4,0.038890935566769334,0.03442728442728439,"{""mlp.down_proj"": 912.0, ""mlp.gate_proj"": 322.0, ""mlp.up_proj"": 751.0, ""self_attn.o_proj"": 607.0, ""self_attn.v_proj"": 516.0}","{""mlp.down_proj"": 889.0, ""mlp.gate_proj"": 298.0, ""mlp.up_proj"": 725.0, ""self_attn.o_proj"": 587.0, ""self_attn.v_proj"": 502.0}","{""mlp.down_proj"": -23.0, ""mlp.gate_proj"": -24.0, ""mlp.up_proj"": -26.0, ""self_attn.o_proj"": -20.0, ""self_attn.v_proj"": -14.0}","{""mlp.down_proj"": 0.025219298245614034, ""mlp.gate_proj"": 0.07453416149068323, ""mlp.up_proj"": 0.03462050599201065, ""self_attn.o_proj"": 0.032948929159802305, ""self_attn.v_proj"": 0.027131782945736434}",0.01742870654878644,0.021462229017982896,7,equal7,True,"mlp.down_proj,mlp.gate_proj,mlp.up_proj,self_attn.k_proj,self_attn.o_proj,self_attn.q_proj,self_attn.v_proj",,477.7142857142857,495.14285714285717,477.7142857142857,-17.428571428571427,0.039143708555018385,0.03519907674552802,"{""mlp.down_proj"": 912.0, ""mlp.gate_proj"": 322.0, ""mlp.up_proj"": 751.0, ""self_attn.k_proj"": 150.0, ""self_attn.o_proj"": 607.0, ""self_attn.q_proj"": 208.0, ""self_attn.v_proj"": 516.0}","{""mlp.down_proj"": 889.0, ""mlp.gate_proj"": 298.0, ""mlp.up_proj"": 725.0, ""self_attn.k_proj"": 146.0, ""self_attn.o_proj"": 587.0, ""self_attn.q_proj"": 197.0, ""self_attn.v_proj"": 502.0}","{""mlp.down_proj"": -23.0, ""mlp.gate_proj"": -24.0, ""mlp.up_proj"": -26.0, ""self_attn.k_proj"": -4.0, ""self_attn.o_proj"": -20.0, ""self_attn.q_proj"": -11.0, ""self_attn.v_proj"": -14.0}","{""mlp.down_proj"": 0.025219298245614034, ""mlp.gate_proj"": 0.07453416149068323, ""mlp.up_proj"": 0.03462050599201065, ""self_attn.k_proj"": 0.02666666666666667, ""self_attn.o_proj"": 0.032948929159802305, ""self_attn.q_proj"": 0.052884615384615384, ""self_attn.v_proj"": 0.027131782945736434}",-0.00025277298824905037,-3.9714285714285715,122.48571428571432,False,True
llama,opd,160,E_math,E_mathHeld,0.05,14,5,equal5_non_qk,True,"mlp.down_proj,mlp.gate_proj,mlp.up_proj,self_attn.o_proj,self_attn.v_proj","self_attn.q_proj,self_attn.k_proj",428.2,446.2,428.2,-18.0,0.04848490857540822,0.04034065441506051,"{""mlp.down_proj"": 701.0, ""mlp.gate_proj"": 158.0, ""mlp.up_proj"": 534.0, ""self_attn.o_proj"": 441.0, ""self_attn.v_proj"": 397.0}","{""mlp.down_proj"": 680.0, ""mlp.gate_proj"": 143.0, ""mlp.up_proj"": 512.0, ""self_attn.o_proj"": 424.0, ""self_attn.v_proj"": 382.0}","{""mlp.down_proj"": -21.0, ""mlp.gate_proj"": -15.0, ""mlp.up_proj"": -22.0, ""self_attn.o_proj"": -17.0, ""self_attn.v_proj"": -15.0}","{""mlp.down_proj"": 0.029957203994293864, ""mlp.gate_proj"": 0.0949367088607595, ""mlp.up_proj"": 0.04119850187265917, ""self_attn.o_proj"": 0.03854875283446712, ""self_attn.v_proj"": 0.037783375314861464}",0.02434001609905611,0.02414489247635211,7,equal7,True,"mlp.down_proj,mlp.gate_proj,mlp.up_proj,self_attn.k_proj,self_attn.o_proj,self_attn.q_proj,self_attn.v_proj",,331.14285714285717,345.42857142857144,331.14285714285717,-14.285714285714286,0.04944285623426721,0.04135649296939617,"{""mlp.down_proj"": 701.0, ""mlp.gate_proj"": 158.0, ""mlp.up_proj"": 534.0, ""self_attn.k_proj"": 84.0, ""self_attn.o_proj"": 441.0, ""self_attn.q_proj"": 103.0, ""self_attn.v_proj"": 397.0}","{""mlp.down_proj"": 680.0, ""mlp.gate_proj"": 143.0, ""mlp.up_proj"": 512.0, ""self_attn.k_proj"": 81.0, ""self_attn.o_proj"": 424.0, ""self_attn.q_proj"": 96.0, ""self_attn.v_proj"": 382.0}","{""mlp.down_proj"": -21.0, ""mlp.gate_proj"": -15.0, ""mlp.up_proj"": -22.0, ""self_attn.k_proj"": -3.0, ""self_attn.o_proj"": -17.0, ""self_attn.q_proj"": -7.0, ""self_attn.v_proj"": -15.0}","{""mlp.down_proj"": 0.029957203994293864, ""mlp.gate_proj"": 0.0949367088607595, ""mlp.up_proj"": 0.04119850187265917, ""self_attn.k_proj"": 0.03571428571428571, ""self_attn.o_proj"": 0.03854875283446712, ""self_attn.q_proj"": 0.06796116504854369, ""self_attn.v_proj"": 0.037783375314861464}",-0.0009579476588589889,-3.7142857142857135,97.05714285714282,False,True
llama,opd,160,E_math,E_mathHeld,0.1,14,5,equal5_non_qk,True,"mlp.down_proj,mlp.gate_proj,mlp.up_proj,self_attn.o_proj,self_attn.v_proj","self_attn.q_proj,self_attn.k_proj",269.6,283.2,269.6,-13.6,0.06506780176345393,0.04802259887005638,"{""mlp.down_proj"": 483.0, ""mlp.gate_proj"": 49.0, ""mlp.up_proj"": 325.0, ""self_attn.o_proj"": 286.0, ""self_attn.v_proj"": 273.0}","{""mlp.down_proj"": 465.0, ""mlp.gate_proj"": 42.0, ""mlp.up_proj"": 308.0, ""self_attn.o_proj"": 272.0, ""self_attn.v_proj"": 261.0}","{""mlp.down_proj"": -18.0, ""mlp.gate_proj"": -7.0, ""mlp.up_proj"": -17.0, ""self_attn.o_proj"": -14.0, ""self_attn.v_proj"": -12.0}","{""mlp.down_proj"": 0.037267080745341616, ""mlp.gate_proj"": 0.14285714285714285, ""mlp.up_proj"": 0.052307692307692305, ""self_attn.o_proj"": 0.04895104895104895, ""self_attn.v_proj"": 0.04395604395604396}",0.034278216990188085,0.03078958477326585,7,equal7,True,"mlp.down_proj,mlp.gate_proj,mlp.up_proj,self_attn.k_proj,self_attn.o_proj,self_attn.q_proj,self_attn.v_proj",,203.0,213.14285714285714,203.0,-10.142857142857142,0.05775519674833176,0.04758713136729221,"{""mlp.down_proj"": 483.0, ""mlp.gate_proj"": 49.0, ""mlp.up_proj"": 325.0, ""self_attn.k_proj"": 38.0, ""self_attn.o_proj"": 286.0, ""self_attn.q_proj"": 38.0, ""self_attn.v_proj"": 273.0}","{""mlp.down_proj"": 465.0, ""mlp.gate_proj"": 42.0, ""mlp.up_proj"": 308.0, ""self_attn.k_proj"": 37.0, ""self_attn.o_proj"": 272.0, ""self_attn.q_proj"": 36.0, ""self_attn.v_proj"": 261.0}","{""mlp.down_proj"": -18.0, ""mlp.gate_proj"": -7.0, ""mlp.up_proj"": -17.0, ""self_attn.k_proj"": -1.0, ""self_attn.o_proj"": -14.0, ""self_attn.q_proj"": -2.0, ""self_attn.v_proj"": -12.0}","{""mlp.down_proj"": 0.037267080745341616, ""mlp.gate_proj"": 0.14285714285714285, ""mlp.up_proj"": 0.052307692307692305, ""self_attn.k_proj"": 0.02631578947368421, ""self_attn.o_proj"": 0.04895104895104895, ""self_attn.q_proj"": 0.05263157894736842, ""self_attn.v_proj"": 0.04395604395604396}",0.007312605015122174,-3.4571428571428573,66.60000000000002,False,True
llama,opd,160,E_ood,E_mmluPro,0.01,14,5,equal5_non_qk,True,"mlp.down_proj,mlp.gate_proj,mlp.up_proj,self_attn.o_proj,self_attn.v_proj","self_attn.q_proj,self_attn.k_proj",1660.0,1694.2,1660.0,-34.2,0.0215655296618034,0.020186518710896023,"{""mlp.down_proj"": 2452.0, ""mlp.gate_proj"": 1352.0, ""mlp.up_proj"": 2263.0, ""self_attn.o_proj"": 1556.0, ""self_attn.v_proj"": 848.0}","{""mlp.down_proj"": 2431.0, ""mlp.gate_proj"": 1286.0, ""mlp.up_proj"": 2224.0, ""self_attn.o_proj"": 1519.0, ""self_attn.v_proj"": 840.0}","{""mlp.down_proj"": -21.0, ""mlp.gate_proj"": -66.0, ""mlp.up_proj"": -39.0, ""self_attn.o_proj"": -37.0, ""self_attn.v_proj"": -8.0}","{""mlp.down_proj"": 0.008564437194127243, ""mlp.gate_proj"": 0.04881656804733728, ""mlp.up_proj"": 0.01723376049491825, ""self_attn.o_proj"": 0.02377892030848329, ""self_attn.v_proj"": 0.009433962264150943}",0.011646405565769671,0.00991912409603373,7,equal7,True,"mlp.down_proj,mlp.gate_proj,mlp.up_proj,self_attn.k_proj,self_attn.o_proj,self_attn.q_proj,self_attn.v_proj",,1316.2857142857142,1343.5714285714287,1316.2857142857142,-27.285714285714285,0.0215049366954192,0.020308346624136216,"{""mlp.down_proj"": 2452.0, ""mlp.gate_proj"": 1352.0, ""mlp.up_proj"": 2263.0, ""self_attn.k_proj"": 331.0, ""self_attn.o_proj"": 1556.0, ""self_attn.q_proj"": 603.0, ""self_attn.v_proj"": 848.0}","{""mlp.down_proj"": 2431.0, ""mlp.gate_proj"": 1286.0, ""mlp.up_proj"": 2224.0, ""self_attn.k_proj"": 324.0, ""self_attn.o_proj"": 1519.0, ""self_attn.q_proj"": 590.0, ""self_attn.v_proj"": 840.0}","{""mlp.down_proj"": -21.0, ""mlp.gate_proj"": -66.0, ""mlp.up_proj"": -39.0, ""self_attn.k_proj"": -7.0, ""self_attn.o_proj"": -37.0, ""self_attn.q_proj"": -13.0, ""self_attn.v_proj"": -8.0}","{""mlp.down_proj"": 0.008564437194127243, ""mlp.gate_proj"": 0.04881656804733728, ""mlp.up_proj"": 0.01723376049491825, ""self_attn.k_proj"": 0.021148036253776436, ""self_attn.o_proj"": 0.02377892030848329, ""self_attn.q_proj"": 0.02155887230514096, ""self_attn.v_proj"": 0.009433962264150943}",6.059296638420003e-05,-6.914285714285718,343.7142857142858,False,True
llama,opd,160,E_ood,E_mmluPro,0.025,14,5,equal5_non_qk,True,"mlp.down_proj,mlp.gate_proj,mlp.up_proj,self_attn.o_proj,self_attn.v_proj","self_attn.q_proj,self_attn.k_proj",1260.0,1296.6,1260.0,-36.6,0.033331765568424,0.028227672373900902,"{""mlp.down_proj"": 2058.0, ""mlp.gate_proj"": 731.0, ""mlp.up_proj"": 1775.0, ""self_attn.o_proj"": 1191.0, ""self_attn.v_proj"": 728.0}","{""mlp.down_proj"": 2029.0, ""mlp.gate_proj"": 674.0, ""mlp.up_proj"": 1727.0, ""self_attn.o_proj"": 1154.0, ""self_attn.v_proj"": 716.0}","{""mlp.down_proj"": -29.0, ""mlp.gate_proj"": -57.0, ""mlp.up_proj"": -48.0, ""self_attn.o_proj"": -37.0, ""self_attn.v_proj"": -12.0}","{""mlp.down_proj"": 0.014091350826044704, ""mlp.gate_proj"": 0.07797537619699042, ""mlp.up_proj"": 0.027042253521126762, ""self_attn.o_proj"": 0.031066330814441646, ""self_attn.v_proj"": 0.016483516483516484}",0.01742870654878644,0.015903059019637563,7,equal7,True,"mlp.down_proj,mlp.gate_proj,mlp.up_proj,self_attn.k_proj,self_attn.o_proj,self_attn.q_proj,self_attn.v_proj",,964.7142857142857,992.7142857142857,964.7142857142857,-28.0,0.03148296256492565,0.028205497193840842,"{""mlp.down_proj"": 2058.0, ""mlp.gate_proj"": 731.0, ""mlp.up_proj"": 1775.0, ""self_attn.k_proj"": 178.0, ""self_attn.o_proj"": 1191.0, ""self_attn.q_proj"": 288.0, ""self_attn.v_proj"": 728.0}","{""mlp.down_proj"": 2029.0, ""mlp.gate_proj"": 674.0, ""mlp.up_proj"": 1727.0, ""self_attn.k_proj"": 174.0, ""self_attn.o_proj"": 1154.0, ""self_attn.q_proj"": 279.0, ""self_attn.v_proj"": 716.0}","{""mlp.down_proj"": -29.0, ""mlp.gate_proj"": -57.0, ""mlp.up_proj"": -48.0, ""self_attn.k_proj"": -4.0, ""self_attn.o_proj"": -37.0, ""self_attn.q_proj"": -9.0, ""self_attn.v_proj"": -12.0}","{""mlp.down_proj"": 0.014091350826044704, ""mlp.gate_proj"": 0.07797537619699042, ""mlp.up_proj"": 0.027042253521126762, ""self_attn.k_proj"": 0.02247191011235955, ""self_attn.o_proj"": 0.031066330814441646, ""self_attn.q_proj"": 0.03125, ""self_attn.v_proj"": 0.016483516483516484}",0.0018488030034983505,-8.600000000000001,295.28571428571433,False,True
llama,opd,160,E_ood,E_mmluPro,0.05,14,5,equal5_non_qk,True,"mlp.down_proj,mlp.gate_proj,mlp.up_proj,self_attn.o_proj,self_attn.v_proj","self_attn.q_proj,self_attn.k_proj",928.2,961.6,928.2,-33.4,0.04545019669709251,0.03473377703826953,"{""mlp.down_proj"": 1669.0, ""mlp.gate_proj"": 327.0, ""mlp.up_proj"": 1319.0, ""self_attn.o_proj"": 891.0, ""self_attn.v_proj"": 602.0}","{""mlp.down_proj"": 1636.0, ""mlp.gate_proj"": 292.0, ""mlp.up_proj"": 1269.0, ""self_attn.o_proj"": 856.0, ""self_attn.v_proj"": 588.0}","{""mlp.down_proj"": -33.0, ""mlp.gate_proj"": -35.0, ""mlp.up_proj"": -50.0, ""self_attn.o_proj"": -35.0, ""self_attn.v_proj"": -14.0}","{""mlp.down_proj"": 0.019772318753744758, ""mlp.gate_proj"": 0.10703363914373089, ""mlp.up_proj"": 0.03790750568612585, ""self_attn.o_proj"": 0.03928170594837262, ""self_attn.v_proj"": 0.023255813953488372}",0.02434001609905611,0.021110180598036397,7,equal7,True,"mlp.down_proj,mlp.gate_proj,mlp.up_proj,self_attn.k_proj,self_attn.o_proj,self_attn.q_proj,self_attn.v_proj",,692.4285714285714,717.4285714285714,692.4285714285714,-25.0,0.04257278475262321,0.03484667463162087,"{""mlp.down_proj"": 1669.0, ""mlp.gate_proj"": 327.0, ""mlp.up_proj"": 1319.0, ""self_attn.k_proj"": 91.0, ""self_attn.o_proj"": 891.0, ""self_attn.q_proj"": 123.0, ""self_attn.v_proj"": 602.0}","{""mlp.down_proj"": 1636.0, ""mlp.gate_proj"": 292.0, ""mlp.up_proj"": 1269.0, ""self_attn.k_proj"": 89.0, ""self_attn.o_proj"": 856.0, ""self_attn.q_proj"": 117.0, ""self_attn.v_proj"": 588.0}","{""mlp.down_proj"": -33.0, ""mlp.gate_proj"": -35.0, ""mlp.up_proj"": -50.0, ""self_attn.k_proj"": -2.0, ""self_attn.o_proj"": -35.0, ""self_attn.q_proj"": -6.0, ""self_attn.v_proj"": -14.0}","{""mlp.down_proj"": 0.019772318753744758, ""mlp.gate_proj"": 0.10703363914373089, ""mlp.up_proj"": 0.03790750568612585, ""self_attn.k_proj"": 0.02197802197802198, ""self_attn.o_proj"": 0.03928170594837262, ""self_attn.q_proj"": 0.04878048780487805, ""self_attn.v_proj"": 0.023255813953488372}",0.0028774119444692978,-8.399999999999999,235.7714285714286,False,True
llama,opd,160,E_ood,E_mmluPro,0.1,14,5,equal5_non_qk,True,"mlp.down_proj,mlp.gate_proj,mlp.up_proj,self_attn.o_proj,self_attn.v_proj","self_attn.q_proj,self_attn.k_proj",603.6,630.6,603.6,-27.0,0.062338307608526364,0.04281636536631779,"{""mlp.down_proj"": 1213.0, ""mlp.gate_proj"": 83.0, ""mlp.up_proj"": 825.0, ""self_attn.o_proj"": 586.0, ""self_attn.v_proj"": 446.0}","{""mlp.down_proj"": 1180.0, ""mlp.gate_proj"": 71.0, ""mlp.up_proj"": 780.0, ""self_attn.o_proj"": 557.0, ""self_attn.v_proj"": 430.0}","{""mlp.down_proj"": -33.0, ""mlp.gate_proj"": -12.0, ""mlp.up_proj"": -45.0, ""self_attn.o_proj"": -29.0, ""self_attn.v_proj"": -16.0}","{""mlp.down_proj"": 0.02720527617477329, ""mlp.gate_proj"": 0.14457831325301204, ""mlp.up_proj"": 0.05454545454545454, ""self_attn.o_proj"": 0.04948805460750853, ""self_attn.v_proj"": 0.03587443946188341}",0.034278216990188085,0.02806009061833828,7,equal7,True,"mlp.down_proj,mlp.gate_proj,mlp.up_proj,self_attn.k_proj,self_attn.o_proj,self_attn.q_proj,self_attn.v_proj",,442.42857142857144,461.85714285714283,442.42857142857144,-19.428571428571427,0.04801168313501013,0.04206619239096806,"{""mlp.down_proj"": 1213.0, ""mlp.gate_proj"": 83.0, ""mlp.up_proj"": 825.0, ""self_attn.k_proj"": 39.0, ""self_attn.o_proj"": 586.0, ""self_attn.q_proj"": 41.0, ""self_attn.v_proj"": 446.0}","{""mlp.down_proj"": 1180.0, ""mlp.gate_proj"": 71.0, ""mlp.up_proj"": 780.0, ""self_attn.k_proj"": 39.0, ""self_attn.o_proj"": 557.0, ""self_attn.q_proj"": 40.0, ""self_attn.v_proj"": 430.0}","{""mlp.down_proj"": -33.0, ""mlp.gate_proj"": -12.0, ""mlp.up_proj"": -45.0, ""self_attn.k_proj"": 0.0, ""self_attn.o_proj"": -29.0, ""self_attn.q_proj"": -1.0, ""self_attn.v_proj"": -16.0}","{""mlp.down_proj"": 0.02720527617477329, ""mlp.gate_proj"": 0.14457831325301204, ""mlp.up_proj"": 0.05454545454545454, ""self_attn.k_proj"": 0.0, ""self_attn.o_proj"": 0.04948805460750853, ""self_attn.q_proj"": 0.024390243902439025, ""self_attn.v_proj"": 0.03587443946188341}",0.014326624473516236,-7.571428571428573,161.17142857142858,False,True
llama,opd,320,E_general,E_general,0.01,14,5,equal5_non_qk,True,"mlp.down_proj,mlp.gate_proj,mlp.up_proj,self_attn.o_proj,self_attn.v_proj","self_attn.q_proj,self_attn.k_proj",1715.2,1737.8,1715.2,-22.6,0.014064160071483183,0.013004948785821101,"{""mlp.down_proj"": 2529.0, ""mlp.gate_proj"": 1399.0, ""mlp.up_proj"": 2314.0, ""self_attn.o_proj"": 1584.0, ""self_attn.v_proj"": 863.0}","{""mlp.down_proj"": 2517.0, ""mlp.gate_proj"": 1354.0, ""mlp.up_proj"": 2291.0, ""self_attn.o_proj"": 1556.0, ""self_attn.v_proj"": 858.0}","{""mlp.down_proj"": -12.0, ""mlp.gate_proj"": -45.0, ""mlp.up_proj"": -23.0, ""self_attn.o_proj"": -28.0, ""self_attn.v_proj"": -5.0}","{""mlp.down_proj"": 0.004744958481613286, ""mlp.gate_proj"": 0.032165832737669764, ""mlp.up_proj"": 0.009939498703543647, ""self_attn.o_proj"": 0.017676767676767676, ""self_attn.v_proj"": 0.005793742757821553}",0.014064160071483183,0.0,7,equal7,True,"mlp.down_proj,mlp.gate_proj,mlp.up_proj,self_attn.k_proj,self_attn.o_proj,self_attn.q_proj,self_attn.v_proj",,1373.857142857143,1393.7142857142858,1373.857142857143,-19.857142857142858,0.016983896335122175,0.014247642476424786,"{""mlp.down_proj"": 2529.0, ""mlp.gate_proj"": 1399.0, ""mlp.up_proj"": 2314.0, ""self_attn.k_proj"": 375.0, ""self_attn.o_proj"": 1584.0, ""self_attn.q_proj"": 692.0, ""self_attn.v_proj"": 863.0}","{""mlp.down_proj"": 2517.0, ""mlp.gate_proj"": 1354.0, ""mlp.up_proj"": 2291.0, ""self_attn.k_proj"": 366.0, ""self_attn.o_proj"": 1556.0, ""self_attn.q_proj"": 675.0, ""self_attn.v_proj"": 858.0}","{""mlp.down_proj"": -12.0, ""mlp.gate_proj"": -45.0, ""mlp.up_proj"": -23.0, ""self_attn.k_proj"": -9.0, ""self_attn.o_proj"": -28.0, ""self_attn.q_proj"": -17.0, ""self_attn.v_proj"": -5.0}","{""mlp.down_proj"": 0.004744958481613286, ""mlp.gate_proj"": 0.032165832737669764, ""mlp.up_proj"": 0.009939498703543647, ""self_attn.k_proj"": 0.024, ""self_attn.o_proj"": 0.017676767676767676, ""self_attn.q_proj"": 0.024566473988439308, ""self_attn.v_proj"": 0.005793742757821553}",-0.0029197362636389917,-2.7428571428571438,341.34285714285716,False,True
llama,opd,320,E_general,E_general,0.025,14,5,equal5_non_qk,True,"mlp.down_proj,mlp.gate_proj,mlp.up_proj,self_attn.o_proj,self_attn.v_proj","self_attn.q_proj,self_attn.k_proj",1334.4,1358.4,1334.4,-24.0,0.021293684108636572,0.017667844522968195,"{""mlp.down_proj"": 2167.0, ""mlp.gate_proj"": 784.0, ""mlp.up_proj"": 1852.0, ""self_attn.o_proj"": 1238.0, ""self_attn.v_proj"": 751.0}","{""mlp.down_proj"": 2151.0, ""mlp.gate_proj"": 743.0, ""mlp.up_proj"": 1823.0, ""self_attn.o_proj"": 1211.0, ""self_attn.v_proj"": 744.0}","{""mlp.down_proj"": -16.0, ""mlp.gate_proj"": -41.0, ""mlp.up_proj"": -29.0, ""self_attn.o_proj"": -27.0, ""self_attn.v_proj"": -7.0}","{""mlp.down_proj"": 0.007383479464697739, ""mlp.gate_proj"": 0.05229591836734694, ""mlp.up_proj"": 0.01565874730021598, ""self_attn.o_proj"": 0.021809369951534735, ""self_attn.v_proj"": 0.009320905459387484}",0.021293684108636572,0.0,7,equal7,True,"mlp.down_proj,mlp.gate_proj,mlp.up_proj,self_attn.k_proj,self_attn.o_proj,self_attn.q_proj,self_attn.v_proj",,1030.7142857142858,1050.7142857142858,1030.7142857142858,-20.0,0.025217760786392603,0.01903467029231815,"{""mlp.down_proj"": 2167.0, ""mlp.gate_proj"": 784.0, ""mlp.up_proj"": 1852.0, ""self_attn.k_proj"": 212.0, ""self_attn.o_proj"": 1238.0, ""self_attn.q_proj"": 351.0, ""self_attn.v_proj"": 751.0}","{""mlp.down_proj"": 2151.0, ""mlp.gate_proj"": 743.0, ""mlp.up_proj"": 1823.0, ""self_attn.k_proj"": 205.0, ""self_attn.o_proj"": 1211.0, ""self_attn.q_proj"": 338.0, ""self_attn.v_proj"": 744.0}","{""mlp.down_proj"": -16.0, ""mlp.gate_proj"": -41.0, ""mlp.up_proj"": -29.0, ""self_attn.k_proj"": -7.0, ""self_attn.o_proj"": -27.0, ""self_attn.q_proj"": -13.0, ""self_attn.v_proj"": -7.0}","{""mlp.down_proj"": 0.007383479464697739, ""mlp.gate_proj"": 0.05229591836734694, ""mlp.up_proj"": 0.01565874730021598, ""self_attn.k_proj"": 0.0330188679245283, ""self_attn.o_proj"": 0.021809369951534735, ""self_attn.q_proj"": 0.037037037037037035, ""self_attn.v_proj"": 0.009320905459387484}",-0.00392407667775603,-4.0,303.6857142857143,False,True
llama,opd,320,E_general,E_general,0.05,14,5,equal5_non_qk,True,"mlp.down_proj,mlp.gate_proj,mlp.up_proj,self_attn.o_proj,self_attn.v_proj","self_attn.q_proj,self_attn.k_proj",1010.8,1033.4,1010.8,-22.6,0.030020442833666006,0.021869556802787047,"{""mlp.down_proj"": 1802.0, ""mlp.gate_proj"": 368.0, ""mlp.up_proj"": 1412.0, ""self_attn.o_proj"": 954.0, ""self_attn.v_proj"": 631.0}","{""mlp.down_proj"": 1783.0, ""mlp.gate_proj"": 340.0, ""mlp.up_proj"": 1381.0, ""self_attn.o_proj"": 928.0, ""self_attn.v_proj"": 622.0}","{""mlp.down_proj"": -19.0, ""mlp.gate_proj"": -28.0, ""mlp.up_proj"": -31.0, ""self_attn.o_proj"": -26.0, ""self_attn.v_proj"": -9.0}","{""mlp.down_proj"": 0.010543840177580466, ""mlp.gate_proj"": 0.07608695652173914, ""mlp.up_proj"": 0.021954674220963172, ""self_attn.o_proj"": 0.027253668763102725, ""self_attn.v_proj"": 0.014263074484944533}",0.030020442833666006,0.0,7,equal7,True,"mlp.down_proj,mlp.gate_proj,mlp.up_proj,self_attn.k_proj,self_attn.o_proj,self_attn.q_proj,self_attn.v_proj",,758.4285714285714,776.2857142857143,758.4285714285714,-17.857142857142858,0.03391718592663105,0.02300331247699673,"{""mlp.down_proj"": 1802.0, ""mlp.gate_proj"": 368.0, ""mlp.up_proj"": 1412.0, ""self_attn.k_proj"": 111.0, ""self_attn.o_proj"": 954.0, ""self_attn.q_proj"": 156.0, ""self_attn.v_proj"": 631.0}","{""mlp.down_proj"": 1783.0, ""mlp.gate_proj"": 340.0, ""mlp.up_proj"": 1381.0, ""self_attn.k_proj"": 107.0, ""self_attn.o_proj"": 928.0, ""self_attn.q_proj"": 148.0, ""self_attn.v_proj"": 622.0}","{""mlp.down_proj"": -19.0, ""mlp.gate_proj"": -28.0, ""mlp.up_proj"": -31.0, ""self_attn.k_proj"": -4.0, ""self_attn.o_proj"": -26.0, ""self_attn.q_proj"": -8.0, ""self_attn.v_proj"": -9.0}","{""mlp.down_proj"": 0.010543840177580466, ""mlp.gate_proj"": 0.07608695652173914, ""mlp.up_proj"": 0.021954674220963172, ""self_attn.k_proj"": 0.036036036036036036, ""self_attn.o_proj"": 0.027253668763102725, ""self_attn.q_proj"": 0.05128205128205128, ""self_attn.v_proj"": 0.014263074484944533}",-0.0038967430929650465,-4.742857142857144,252.3714285714285,False,True
llama,opd,320,E_general,E_general,0.1,14,5,equal5_non_qk,True,"mlp.down_proj,mlp.gate_proj,mlp.up_proj,self_attn.o_proj,self_attn.v_proj","self_attn.q_proj,self_attn.k_proj",685.8,704.6,685.8,-18.8,0.040896527896378654,0.026681805279591353,"{""mlp.down_proj"": 1362.0, ""mlp.gate_proj"": 100.0, ""mlp.up_proj"": 923.0, ""self_attn.o_proj"": 659.0, ""self_attn.v_proj"": 479.0}","{""mlp.down_proj"": 1342.0, ""mlp.gate_proj"": 90.0, ""mlp.up_proj"": 893.0, ""self_attn.o_proj"": 635.0, ""self_attn.v_proj"": 469.0}","{""mlp.down_proj"": -20.0, ""mlp.gate_proj"": -10.0, ""mlp.up_proj"": -30.0, ""self_attn.o_proj"": -24.0, ""self_attn.v_proj"": -10.0}","{""mlp.down_proj"": 0.014684287812041116, ""mlp.gate_proj"": 0.1, ""mlp.up_proj"": 0.032502708559046585, ""self_attn.o_proj"": 0.036418816388467376, ""self_attn.v_proj"": 0.020876826722338204}",0.040896527896378654,0.0,7,equal7,True,"mlp.down_proj,mlp.gate_proj,mlp.up_proj,self_attn.k_proj,self_attn.o_proj,self_attn.q_proj,self_attn.v_proj",,503.14285714285717,517.2857142857143,503.14285714285717,-14.142857142857142,0.04373561516407999,0.027340513670256878,"{""mlp.down_proj"": 1362.0, ""mlp.gate_proj"": 100.0, ""mlp.up_proj"": 923.0, ""self_attn.k_proj"": 48.0, ""self_attn.o_proj"": 659.0, ""self_attn.q_proj"": 50.0, ""self_attn.v_proj"": 479.0}","{""mlp.down_proj"": 1342.0, ""mlp.gate_proj"": 90.0, ""mlp.up_proj"": 893.0, ""self_attn.k_proj"": 46.0, ""self_attn.o_proj"": 635.0, ""self_attn.q_proj"": 47.0, ""self_attn.v_proj"": 469.0}","{""mlp.down_proj"": -20.0, ""mlp.gate_proj"": -10.0, ""mlp.up_proj"": -30.0, ""self_attn.k_proj"": -2.0, ""self_attn.o_proj"": -24.0, ""self_attn.q_proj"": -3.0, ""self_attn.v_proj"": -10.0}","{""mlp.down_proj"": 0.014684287812041116, ""mlp.gate_proj"": 0.1, ""mlp.up_proj"": 0.032502708559046585, ""self_attn.k_proj"": 0.041666666666666664, ""self_attn.o_proj"": 0.036418816388467376, ""self_attn.q_proj"": 0.06, ""self_attn.v_proj"": 0.020876826722338204}",-0.0028390872677013373,-4.657142857142858,182.6571428571428,False,True
llama,opd,320,E_if,E_ifeval,0.01,14,5,equal5_non_qk,True,"mlp.down_proj,mlp.gate_proj,mlp.up_proj,self_attn.o_proj,self_attn.v_proj","self_attn.q_proj,self_attn.k_proj",1608.8,1652.8,1608.8,-44.0,0.028215647502176144,0.026621490803484995,"{""mlp.down_proj"": 2435.0, ""mlp.gate_proj"": 1309.0, ""mlp.up_proj"": 2178.0, ""self_attn.o_proj"": 1511.0, ""self_attn.v_proj"": 831.0}","{""mlp.down_proj"": 2400.0, ""mlp.gate_proj"": 1221.0, ""mlp.up_proj"": 2128.0, ""self_attn.o_proj"": 1474.0, ""self_attn.v_proj"": 821.0}","{""mlp.down_proj"": -35.0, ""mlp.gate_proj"": -88.0, ""mlp.up_proj"": -50.0, ""self_attn.o_proj"": -37.0, ""self_attn.v_proj"": -10.0}","{""mlp.down_proj"": 0.014373716632443531, ""mlp.gate_proj"": 0.06722689075630252, ""mlp.up_proj"": 0.02295684113865932, ""self_attn.o_proj"": 0.024487094639311716, ""self_attn.v_proj"": 0.012033694344163659}",0.014064160071483183,0.014151487430692961,7,equal7,True,"mlp.down_proj,mlp.gate_proj,mlp.up_proj,self_attn.k_proj,self_attn.o_proj,self_attn.q_proj,self_attn.v_proj",,1282.4285714285713,1319.857142857143,1282.4285714285713,-37.42857142857143,0.03230034172860753,0.028358047407728206,"{""mlp.down_proj"": 2435.0, ""mlp.gate_proj"": 1309.0, ""mlp.up_proj"": 2178.0, ""self_attn.k_proj"": 345.0, ""self_attn.o_proj"": 1511.0, ""self_attn.q_proj"": 630.0, ""self_attn.v_proj"": 831.0}","{""mlp.down_proj"": 2400.0, ""mlp.gate_proj"": 1221.0, ""mlp.up_proj"": 2128.0, ""self_attn.k_proj"": 331.0, ""self_attn.o_proj"": 1474.0, ""self_attn.q_proj"": 602.0, ""self_attn.v_proj"": 821.0}","{""mlp.down_proj"": -35.0, ""mlp.gate_proj"": -88.0, ""mlp.up_proj"": -50.0, ""self_attn.k_proj"": -14.0, ""self_attn.o_proj"": -37.0, ""self_attn.q_proj"": -28.0, ""self_attn.v_proj"": -10.0}","{""mlp.down_proj"": 0.014373716632443531, ""mlp.gate_proj"": 0.06722689075630252, ""mlp.up_proj"": 0.02295684113865932, ""self_attn.k_proj"": 0.04057971014492753, ""self_attn.o_proj"": 0.024487094639311716, ""self_attn.q_proj"": 0.044444444444444446, ""self_attn.v_proj"": 0.012033694344163659}",-0.004084694226431387,-6.571428571428569,326.3714285714286,False,True
llama,opd,320,E_if,E_ifeval,0.025,14,5,equal5_non_qk,True,"mlp.down_proj,mlp.gate_proj,mlp.up_proj,self_attn.o_proj,self_attn.v_proj","self_attn.q_proj,self_attn.k_proj",1207.6,1254.0,1207.6,-46.4,0.043123269638988264,0.03700159489633181,"{""mlp.down_proj"": 2031.0, ""mlp.gate_proj"": 709.0, ""mlp.up_proj"": 1670.0, ""self_attn.o_proj"": 1157.0, ""self_attn.v_proj"": 703.0}","{""mlp.down_proj"": 1984.0, ""mlp.gate_proj"": 634.0, ""mlp.up_proj"": 1609.0, ""self_attn.o_proj"": 1122.0, ""self_attn.v_proj"": 689.0}","{""mlp.down_proj"": -47.0, ""mlp.gate_proj"": -75.0, ""mlp.up_proj"": -61.0, ""self_attn.o_proj"": -35.0, ""self_attn.v_proj"": -14.0}","{""mlp.down_proj"": 0.023141309699655343, ""mlp.gate_proj"": 0.10578279266572638, ""mlp.up_proj"": 0.03652694610778443, ""self_attn.o_proj"": 0.03025064822817632, ""self_attn.v_proj"": 0.01991465149359886}",0.021293684108636572,0.02182958553035169,7,equal7,True,"mlp.down_proj,mlp.gate_proj,mlp.up_proj,self_attn.k_proj,self_attn.o_proj,self_attn.q_proj,self_attn.v_proj",,929.5714285714286,966.7142857142857,929.5714285714286,-37.142857142857146,0.046425337394233115,0.03842175262302346,"{""mlp.down_proj"": 2031.0, ""mlp.gate_proj"": 709.0, ""mlp.up_proj"": 1670.0, ""self_attn.k_proj"": 188.0, ""self_attn.o_proj"": 1157.0, ""self_attn.q_proj"": 309.0, ""self_attn.v_proj"": 703.0}","{""mlp.down_proj"": 1984.0, ""mlp.gate_proj"": 634.0, ""mlp.up_proj"": 1609.0, ""self_attn.k_proj"": 179.0, ""self_attn.o_proj"": 1122.0, ""self_attn.q_proj"": 290.0, ""self_attn.v_proj"": 689.0}","{""mlp.down_proj"": -47.0, ""mlp.gate_proj"": -75.0, ""mlp.up_proj"": -61.0, ""self_attn.k_proj"": -9.0, ""self_attn.o_proj"": -35.0, ""self_attn.q_proj"": -19.0, ""self_attn.v_proj"": -14.0}","{""mlp.down_proj"": 0.023141309699655343, ""mlp.gate_proj"": 0.10578279266572638, ""mlp.up_proj"": 0.03652694610778443, ""self_attn.k_proj"": 0.047872340425531915, ""self_attn.o_proj"": 0.03025064822817632, ""self_attn.q_proj"": 0.061488673139158574, ""self_attn.v_proj"": 0.01991465149359886}",-0.0033020677552448516,-9.257142857142853,278.02857142857135,False,True
llama,opd,320,E_if,E_ifeval,0.05,14,5,equal5_non_qk,True,"mlp.down_proj,mlp.gate_proj,mlp.up_proj,self_attn.o_proj,self_attn.v_proj","self_attn.q_proj,self_attn.k_proj",878.4,921.2,878.4,-42.8,0.059760648427026865,0.04646113764654805,"{""mlp.down_proj"": 1632.0, ""mlp.gate_proj"": 328.0, ""mlp.up_proj"": 1207.0, ""self_attn.o_proj"": 868.0, ""self_attn.v_proj"": 571.0}","{""mlp.down_proj"": 1579.0, ""mlp.gate_proj"": 280.0, ""mlp.up_proj"": 1144.0, ""self_attn.o_proj"": 835.0, ""self_attn.v_proj"": 554.0}","{""mlp.down_proj"": -53.0, ""mlp.gate_proj"": -48.0, ""mlp.up_proj"": -63.0, ""self_attn.o_proj"": -33.0, ""self_attn.v_proj"": -17.0}","{""mlp.down_proj"": 0.032475490196078434, ""mlp.gate_proj"": 0.14634146341463414, ""mlp.up_proj"": 0.05219552609776305, ""self_attn.o_proj"": 0.038018433179723504, ""self_attn.v_proj"": 0.0297723292469352}",0.030020442833666006,0.02974020559336086,7,equal7,True,"mlp.down_proj,mlp.gate_proj,mlp.up_proj,self_attn.k_proj,self_attn.o_proj,self_attn.q_proj,self_attn.v_proj",,658.4285714285714,691.2857142857143,658.4285714285714,-32.857142857142854,0.06201454371501811,0.04753048150444311,"{""mlp.down_proj"": 1632.0, ""mlp.gate_proj"": 328.0, ""mlp.up_proj"": 1207.0, ""self_attn.k_proj"": 98.0, ""self_attn.o_proj"": 868.0, ""self_attn.q_proj"": 135.0, ""self_attn.v_proj"": 571.0}","{""mlp.down_proj"": 1579.0, ""mlp.gate_proj"": 280.0, ""mlp.up_proj"": 1144.0, ""self_attn.k_proj"": 92.0, ""self_attn.o_proj"": 835.0, ""self_attn.q_proj"": 125.0, ""self_attn.v_proj"": 554.0}","{""mlp.down_proj"": -53.0, ""mlp.gate_proj"": -48.0, ""mlp.up_proj"": -63.0, ""self_attn.k_proj"": -6.0, ""self_attn.o_proj"": -33.0, ""self_attn.q_proj"": -10.0, ""self_attn.v_proj"": -17.0}","{""mlp.down_proj"": 0.032475490196078434, ""mlp.gate_proj"": 0.14634146341463414, ""mlp.up_proj"": 0.05219552609776305, ""self_attn.k_proj"": 0.061224489795918366, ""self_attn.o_proj"": 0.038018433179723504, ""self_attn.q_proj"": 0.07407407407407407, ""self_attn.v_proj"": 0.0297723292469352}",-0.0022538952879912477,-9.942857142857143,219.97142857142853,False,True
llama,opd,320,E_if,E_ifeval,0.1,14,5,equal5_non_qk,True,"mlp.down_proj,mlp.gate_proj,mlp.up_proj,self_attn.o_proj,self_attn.v_proj","self_attn.q_proj,self_attn.k_proj",558.0,592.8,558.0,-34.8,0.08085580056923838,0.058704453441295476,"{""mlp.down_proj"": 1166.0, ""mlp.gate_proj"": 96.0, ""mlp.up_proj"": 722.0, ""self_attn.o_proj"": 572.0, ""self_attn.v_proj"": 408.0}","{""mlp.down_proj"": 1111.0, ""mlp.gate_proj"": 78.0, ""mlp.up_proj"": 668.0, ""self_attn.o_proj"": 543.0, ""self_attn.v_proj"": 390.0}","{""mlp.down_proj"": -55.0, ""mlp.gate_proj"": -18.0, ""mlp.up_proj"": -54.0, ""self_attn.o_proj"": -29.0, ""self_attn.v_proj"": -18.0}","{""mlp.down_proj"": 0.04716981132075472, ""mlp.gate_proj"": 0.1875, ""mlp.up_proj"": 0.07479224376731301, ""self_attn.o_proj"": 0.050699300699300696, ""self_attn.v_proj"": 0.04411764705882353}",0.040896527896378654,0.03995927267285973,7,equal7,True,"mlp.down_proj,mlp.gate_proj,mlp.up_proj,self_attn.k_proj,self_attn.o_proj,self_attn.q_proj,self_attn.v_proj",,410.14285714285717,435.7142857142857,410.14285714285717,-25.571428571428573,0.07429712409243683,0.058688524590163896,"{""mlp.down_proj"": 1166.0, ""mlp.gate_proj"": 96.0, ""mlp.up_proj"": 722.0, ""self_attn.k_proj"": 42.0, ""self_attn.o_proj"": 572.0, ""self_attn.q_proj"": 44.0, ""self_attn.v_proj"": 408.0}","{""mlp.down_proj"": 1111.0, ""mlp.gate_proj"": 78.0, ""mlp.up_proj"": 668.0, ""self_attn.k_proj"": 40.0, ""self_attn.o_proj"": 543.0, ""self_attn.q_proj"": 41.0, ""self_attn.v_proj"": 390.0}","{""mlp.down_proj"": -55.0, ""mlp.gate_proj"": -18.0, ""mlp.up_proj"": -54.0, ""self_attn.k_proj"": -2.0, ""self_attn.o_proj"": -29.0, ""self_attn.q_proj"": -3.0, ""self_attn.v_proj"": -18.0}","{""mlp.down_proj"": 0.04716981132075472, ""mlp.gate_proj"": 0.1875, ""mlp.up_proj"": 0.07479224376731301, ""self_attn.k_proj"": 0.047619047619047616, ""self_attn.o_proj"": 0.050699300699300696, ""self_attn.q_proj"": 0.06818181818181818, ""self_attn.v_proj"": 0.04411764705882353}",0.006558676476801556,-9.228571428571424,147.85714285714283,False,True
llama,opd,320,E_math,E_mathHeld,0.01,14,5,equal5_non_qk,True,"mlp.down_proj,mlp.gate_proj,mlp.up_proj,self_attn.o_proj,self_attn.v_proj","self_attn.q_proj,self_attn.k_proj",824.0,851.6,824.0,-27.6,0.03525686500274539,0.032409581963363104,"{""mlp.down_proj"": 1162.0, ""mlp.gate_proj"": 587.0, ""mlp.up_proj"": 1022.0, ""self_attn.o_proj"": 828.0, ""self_attn.v_proj"": 659.0}","{""mlp.down_proj"": 1138.0, ""mlp.gate_proj"": 546.0, ""mlp.up_proj"": 990.0, ""self_attn.o_proj"": 803.0, ""self_attn.v_proj"": 643.0}","{""mlp.down_proj"": -24.0, ""mlp.gate_proj"": -41.0, ""mlp.up_proj"": -32.0, ""self_attn.o_proj"": -25.0, ""self_attn.v_proj"": -16.0}","{""mlp.down_proj"": 0.020654044750430294, ""mlp.gate_proj"": 0.06984667802385008, ""mlp.up_proj"": 0.03131115459882583, ""self_attn.o_proj"": 0.030193236714975844, ""self_attn.v_proj"": 0.024279210925644917}",0.014064160071483183,0.02119270493126221,7,equal7,True,"mlp.down_proj,mlp.gate_proj,mlp.up_proj,self_attn.k_proj,self_attn.o_proj,self_attn.q_proj,self_attn.v_proj",,677.7142857142857,701.7142857142857,677.7142857142857,-24.0,0.037922576263229264,0.03420195439739414,"{""mlp.down_proj"": 1162.0, ""mlp.gate_proj"": 587.0, ""mlp.up_proj"": 1022.0, ""self_attn.k_proj"": 263.0, ""self_attn.o_proj"": 828.0, ""self_attn.q_proj"": 391.0, ""self_attn.v_proj"": 659.0}","{""mlp.down_proj"": 1138.0, ""mlp.gate_proj"": 546.0, ""mlp.up_proj"": 990.0, ""self_attn.k_proj"": 253.0, ""self_attn.o_proj"": 803.0, ""self_attn.q_proj"": 371.0, ""self_attn.v_proj"": 643.0}","{""mlp.down_proj"": -24.0, ""mlp.gate_proj"": -41.0, ""mlp.up_proj"": -32.0, ""self_attn.k_proj"": -10.0, ""self_attn.o_proj"": -25.0, ""self_attn.q_proj"": -20.0, ""self_attn.v_proj"": -16.0}","{""mlp.down_proj"": 0.020654044750430294, ""mlp.gate_proj"": 0.06984667802385008, ""mlp.up_proj"": 0.03131115459882583, ""self_attn.k_proj"": 0.03802281368821293, ""self_attn.o_proj"": 0.030193236714975844, ""self_attn.q_proj"": 0.05115089514066496, ""self_attn.v_proj"": 0.024279210925644917}",-0.0026657112604838717,-3.6000000000000014,146.28571428571433,False,True
llama,opd,320,E_math,E_mathHeld,0.025,14,5,equal5_non_qk,True,"mlp.down_proj,mlp.gate_proj,mlp.up_proj,self_attn.o_proj,self_attn.v_proj","self_attn.q_proj,self_attn.k_proj",596.2,621.6,596.2,-25.4,0.047451803361016384,0.040862290862290825,"{""mlp.down_proj"": 912.0, ""mlp.gate_proj"": 322.0, ""mlp.up_proj"": 751.0, ""self_attn.o_proj"": 607.0, ""self_attn.v_proj"": 516.0}","{""mlp.down_proj"": 887.0, ""mlp.gate_proj"": 290.0, ""mlp.up_proj"": 720.0, ""self_attn.o_proj"": 585.0, ""self_attn.v_proj"": 499.0}","{""mlp.down_proj"": -25.0, ""mlp.gate_proj"": -32.0, ""mlp.up_proj"": -31.0, ""self_attn.o_proj"": -22.0, ""self_attn.v_proj"": -17.0}","{""mlp.down_proj"": 0.027412280701754384, ""mlp.gate_proj"": 0.09937888198757763, ""mlp.up_proj"": 0.041278295605858856, ""self_attn.o_proj"": 0.036243822075782535, ""self_attn.v_proj"": 0.03294573643410853}",0.021293684108636572,0.026158119252379812,7,equal7,True,"mlp.down_proj,mlp.gate_proj,mlp.up_proj,self_attn.k_proj,self_attn.o_proj,self_attn.q_proj,self_attn.v_proj",,474.0,495.14285714285717,474.0,-21.142857142857142,0.05017619653992013,0.042700519330640556,"{""mlp.down_proj"": 912.0, ""mlp.gate_proj"": 322.0, ""mlp.up_proj"": 751.0, ""self_attn.k_proj"": 150.0, ""self_attn.o_proj"": 607.0, ""self_attn.q_proj"": 208.0, ""self_attn.v_proj"": 516.0}","{""mlp.down_proj"": 887.0, ""mlp.gate_proj"": 290.0, ""mlp.up_proj"": 720.0, ""self_attn.k_proj"": 143.0, ""self_attn.o_proj"": 585.0, ""self_attn.q_proj"": 194.0, ""self_attn.v_proj"": 499.0}","{""mlp.down_proj"": -25.0, ""mlp.gate_proj"": -32.0, ""mlp.up_proj"": -31.0, ""self_attn.k_proj"": -7.0, ""self_attn.o_proj"": -22.0, ""self_attn.q_proj"": -14.0, ""self_attn.v_proj"": -17.0}","{""mlp.down_proj"": 0.027412280701754384, ""mlp.gate_proj"": 0.09937888198757763, ""mlp.up_proj"": 0.041278295605858856, ""self_attn.k_proj"": 0.04666666666666667, ""self_attn.o_proj"": 0.036243822075782535, ""self_attn.q_proj"": 0.0673076923076923, ""self_attn.v_proj"": 0.03294573643410853}",-0.0027243931789037446,-4.257142857142856,122.20000000000005,False,True
llama,opd,320,E_math,E_mathHeld,0.05,14,5,equal5_non_qk,True,"mlp.down_proj,mlp.gate_proj,mlp.up_proj,self_attn.o_proj,self_attn.v_proj","self_attn.q_proj,self_attn.k_proj",424.8,446.2,424.8,-21.4,0.06043770402323508,0.04796055580457189,"{""mlp.down_proj"": 701.0, ""mlp.gate_proj"": 158.0, ""mlp.up_proj"": 534.0, ""self_attn.o_proj"": 441.0, ""self_attn.v_proj"": 397.0}","{""mlp.down_proj"": 678.0, ""mlp.gate_proj"": 137.0, ""mlp.up_proj"": 507.0, ""self_attn.o_proj"": 422.0, ""self_attn.v_proj"": 380.0}","{""mlp.down_proj"": -23.0, ""mlp.gate_proj"": -21.0, ""mlp.up_proj"": -27.0, ""self_attn.o_proj"": -19.0, ""self_attn.v_proj"": -17.0}","{""mlp.down_proj"": 0.03281027104136947, ""mlp.gate_proj"": 0.13291139240506328, ""mlp.up_proj"": 0.05056179775280899, ""self_attn.o_proj"": 0.04308390022675737, ""self_attn.v_proj"": 0.042821158690176324}",0.030020442833666006,0.030417261189569077,7,equal7,True,"mlp.down_proj,mlp.gate_proj,mlp.up_proj,self_attn.k_proj,self_attn.o_proj,self_attn.q_proj,self_attn.v_proj",,328.2857142857143,345.42857142857144,328.2857142857143,-17.142857142857142,0.062455172644560304,0.0496277915632755,"{""mlp.down_proj"": 701.0, ""mlp.gate_proj"": 158.0, ""mlp.up_proj"": 534.0, ""self_attn.k_proj"": 84.0, ""self_attn.o_proj"": 441.0, ""self_attn.q_proj"": 103.0, ""self_attn.v_proj"": 397.0}","{""mlp.down_proj"": 678.0, ""mlp.gate_proj"": 137.0, ""mlp.up_proj"": 507.0, ""self_attn.k_proj"": 80.0, ""self_attn.o_proj"": 422.0, ""self_attn.q_proj"": 94.0, ""self_attn.v_proj"": 380.0}","{""mlp.down_proj"": -23.0, ""mlp.gate_proj"": -21.0, ""mlp.up_proj"": -27.0, ""self_attn.k_proj"": -4.0, ""self_attn.o_proj"": -19.0, ""self_attn.q_proj"": -9.0, ""self_attn.v_proj"": -17.0}","{""mlp.down_proj"": 0.03281027104136947, ""mlp.gate_proj"": 0.13291139240506328, ""mlp.up_proj"": 0.05056179775280899, ""self_attn.k_proj"": 0.047619047619047616, ""self_attn.o_proj"": 0.04308390022675737, ""self_attn.q_proj"": 0.08737864077669903, ""self_attn.v_proj"": 0.042821158690176324}",-0.002017468621325222,-4.257142857142856,96.51428571428573,False,True
llama,opd,320,E_math,E_mathHeld,0.1,14,5,equal5_non_qk,True,"mlp.down_proj,mlp.gate_proj,mlp.up_proj,self_attn.o_proj,self_attn.v_proj","self_attn.q_proj,self_attn.k_proj",267.4,283.2,267.4,-15.8,0.07876918112942957,0.05579096045197744,"{""mlp.down_proj"": 483.0, ""mlp.gate_proj"": 49.0, ""mlp.up_proj"": 325.0, ""self_attn.o_proj"": 286.0, ""self_attn.v_proj"": 273.0}","{""mlp.down_proj"": 463.0, ""mlp.gate_proj"": 40.0, ""mlp.up_proj"": 305.0, ""self_attn.o_proj"": 270.0, ""self_attn.v_proj"": 259.0}","{""mlp.down_proj"": -20.0, ""mlp.gate_proj"": -9.0, ""mlp.up_proj"": -20.0, ""self_attn.o_proj"": -16.0, ""self_attn.v_proj"": -14.0}","{""mlp.down_proj"": 0.041407867494824016, ""mlp.gate_proj"": 0.1836734693877551, ""mlp.up_proj"": 0.06153846153846154, ""self_attn.o_proj"": 0.055944055944055944, ""self_attn.v_proj"": 0.05128205128205128}",0.040896527896378654,0.03787265323305092,7,equal7,True,"mlp.down_proj,mlp.gate_proj,mlp.up_proj,self_attn.k_proj,self_attn.o_proj,self_attn.q_proj,self_attn.v_proj",,201.14285714285714,213.14285714285714,201.14285714285714,-12.0,0.07506069328793842,0.05630026809651475,"{""mlp.down_proj"": 483.0, ""mlp.gate_proj"": 49.0, ""mlp.up_proj"": 325.0, ""self_attn.k_proj"": 38.0, ""self_attn.o_proj"": 286.0, ""self_attn.q_proj"": 38.0, ""self_attn.v_proj"": 273.0}","{""mlp.down_proj"": 463.0, ""mlp.gate_proj"": 40.0, ""mlp.up_proj"": 305.0, ""self_attn.k_proj"": 36.0, ""self_attn.o_proj"": 270.0, ""self_attn.q_proj"": 35.0, ""self_attn.v_proj"": 259.0}","{""mlp.down_proj"": -20.0, ""mlp.gate_proj"": -9.0, ""mlp.up_proj"": -20.0, ""self_attn.k_proj"": -2.0, ""self_attn.o_proj"": -16.0, ""self_attn.q_proj"": -3.0, ""self_attn.v_proj"": -14.0}","{""mlp.down_proj"": 0.041407867494824016, ""mlp.gate_proj"": 0.1836734693877551, ""mlp.up_proj"": 0.06153846153846154, ""self_attn.k_proj"": 0.05263157894736842, ""self_attn.o_proj"": 0.055944055944055944, ""self_attn.q_proj"": 0.07894736842105263, ""self_attn.v_proj"": 0.05128205128205128}",0.003708487841491151,-3.8000000000000007,66.25714285714284,False,True
llama,opd,320,E_ood,E_mmluPro,0.01,14,5,equal5_non_qk,True,"mlp.down_proj,mlp.gate_proj,mlp.up_proj,self_attn.o_proj,self_attn.v_proj","self_attn.q_proj,self_attn.k_proj",1655.6,1694.2,1655.6,-38.6,0.02447877593333599,0.022783614685397316,"{""mlp.down_proj"": 2452.0, ""mlp.gate_proj"": 1352.0, ""mlp.up_proj"": 2263.0, ""self_attn.o_proj"": 1556.0, ""self_attn.v_proj"": 848.0}","{""mlp.down_proj"": 2429.0, ""mlp.gate_proj"": 1274.0, ""mlp.up_proj"": 2220.0, ""self_attn.o_proj"": 1516.0, ""self_attn.v_proj"": 839.0}","{""mlp.down_proj"": -23.0, ""mlp.gate_proj"": -78.0, ""mlp.up_proj"": -43.0, ""self_attn.o_proj"": -40.0, ""self_attn.v_proj"": -9.0}","{""mlp.down_proj"": 0.009380097879282219, ""mlp.gate_proj"": 0.057692307692307696, ""mlp.up_proj"": 0.019001325673884226, ""self_attn.o_proj"": 0.02570694087403599, ""self_attn.v_proj"": 0.01061320754716981}",0.014064160071483183,0.010414615861852806,7,equal7,True,"mlp.down_proj,mlp.gate_proj,mlp.up_proj,self_attn.k_proj,self_attn.o_proj,self_attn.q_proj,self_attn.v_proj",,1312.7142857142858,1343.5714285714287,1312.7142857142858,-30.857142857142858,0.024491240835322493,0.022966507177033517,"{""mlp.down_proj"": 2452.0, ""mlp.gate_proj"": 1352.0, ""mlp.up_proj"": 2263.0, ""self_attn.k_proj"": 331.0, ""self_attn.o_proj"": 1556.0, ""self_attn.q_proj"": 603.0, ""self_attn.v_proj"": 848.0}","{""mlp.down_proj"": 2429.0, ""mlp.gate_proj"": 1274.0, ""mlp.up_proj"": 2220.0, ""self_attn.k_proj"": 323.0, ""self_attn.o_proj"": 1516.0, ""self_attn.q_proj"": 588.0, ""self_attn.v_proj"": 839.0}","{""mlp.down_proj"": -23.0, ""mlp.gate_proj"": -78.0, ""mlp.up_proj"": -43.0, ""self_attn.k_proj"": -8.0, ""self_attn.o_proj"": -40.0, ""self_attn.q_proj"": -15.0, ""self_attn.v_proj"": -9.0}","{""mlp.down_proj"": 0.009380097879282219, ""mlp.gate_proj"": 0.057692307692307696, ""mlp.up_proj"": 0.019001325673884226, ""self_attn.k_proj"": 0.02416918429003021, ""self_attn.o_proj"": 0.02570694087403599, ""self_attn.q_proj"": 0.024875621890547265, ""self_attn.v_proj"": 0.01061320754716981}",-1.2464901986503074e-05,-7.742857142857144,342.88571428571413,False,True
llama,opd,320,E_ood,E_mmluPro,0.025,14,5,equal5_non_qk,True,"mlp.down_proj,mlp.gate_proj,mlp.up_proj,self_attn.o_proj,self_attn.v_proj","self_attn.q_proj,self_attn.k_proj",1255.4,1296.6,1255.4,-41.2,0.037869098876560876,0.03177541261761516,"{""mlp.down_proj"": 2058.0, ""mlp.gate_proj"": 731.0, ""mlp.up_proj"": 1775.0, ""self_attn.o_proj"": 1191.0, ""self_attn.v_proj"": 728.0}","{""mlp.down_proj"": 2026.0, ""mlp.gate_proj"": 664.0, ""mlp.up_proj"": 1722.0, ""self_attn.o_proj"": 1150.0, ""self_attn.v_proj"": 715.0}","{""mlp.down_proj"": -32.0, ""mlp.gate_proj"": -67.0, ""mlp.up_proj"": -53.0, ""self_attn.o_proj"": -41.0, ""self_attn.v_proj"": -13.0}","{""mlp.down_proj"": 0.015549076773566569, ""mlp.gate_proj"": 0.09165526675786594, ""mlp.up_proj"": 0.029859154929577466, ""self_attn.o_proj"": 0.03442485306465155, ""self_attn.v_proj"": 0.017857142857142856}",0.021293684108636572,0.016575414767924304,7,equal7,True,"mlp.down_proj,mlp.gate_proj,mlp.up_proj,self_attn.k_proj,self_attn.o_proj,self_attn.q_proj,self_attn.v_proj",,961.1428571428571,992.7142857142857,961.1428571428571,-31.571428571428573,0.036022514892210866,0.03180313714203481,"{""mlp.down_proj"": 2058.0, ""mlp.gate_proj"": 731.0, ""mlp.up_proj"": 1775.0, ""self_attn.k_proj"": 178.0, ""self_attn.o_proj"": 1191.0, ""self_attn.q_proj"": 288.0, ""self_attn.v_proj"": 728.0}","{""mlp.down_proj"": 2026.0, ""mlp.gate_proj"": 664.0, ""mlp.up_proj"": 1722.0, ""self_attn.k_proj"": 173.0, ""self_attn.o_proj"": 1150.0, ""self_attn.q_proj"": 278.0, ""self_attn.v_proj"": 715.0}","{""mlp.down_proj"": -32.0, ""mlp.gate_proj"": -67.0, ""mlp.up_proj"": -53.0, ""self_attn.k_proj"": -5.0, ""self_attn.o_proj"": -41.0, ""self_attn.q_proj"": -10.0, ""self_attn.v_proj"": -13.0}","{""mlp.down_proj"": 0.015549076773566569, ""mlp.gate_proj"": 0.09165526675786594, ""mlp.up_proj"": 0.029859154929577466, ""self_attn.k_proj"": 0.028089887640449437, ""self_attn.o_proj"": 0.03442485306465155, ""self_attn.q_proj"": 0.034722222222222224, ""self_attn.v_proj"": 0.017857142857142856}",0.00184658398435001,-9.62857142857143,294.257142857143,False,True
llama,opd,320,E_ood,E_mmluPro,0.05,14,5,equal5_non_qk,True,"mlp.down_proj,mlp.gate_proj,mlp.up_proj,self_attn.o_proj,self_attn.v_proj","self_attn.q_proj,self_attn.k_proj",924.2,961.6,924.2,-37.4,0.05200644569094424,0.03889351081530779,"{""mlp.down_proj"": 1669.0, ""mlp.gate_proj"": 327.0, ""mlp.up_proj"": 1319.0, ""self_attn.o_proj"": 891.0, ""self_attn.v_proj"": 602.0}","{""mlp.down_proj"": 1633.0, ""mlp.gate_proj"": 285.0, ""mlp.up_proj"": 1263.0, ""self_attn.o_proj"": 853.0, ""self_attn.v_proj"": 587.0}","{""mlp.down_proj"": -36.0, ""mlp.gate_proj"": -42.0, ""mlp.up_proj"": -56.0, ""self_attn.o_proj"": -38.0, ""self_attn.v_proj"": -15.0}","{""mlp.down_proj"": 0.02156980227681246, ""mlp.gate_proj"": 0.12844036697247707, ""mlp.up_proj"": 0.04245640636846096, ""self_attn.o_proj"": 0.04264870931537598, ""self_attn.v_proj"": 0.024916943521594685}",0.030020442833666006,0.021986002857278232,7,equal7,True,"mlp.down_proj,mlp.gate_proj,mlp.up_proj,self_attn.k_proj,self_attn.o_proj,self_attn.q_proj,self_attn.v_proj",,689.5714285714286,717.4285714285714,689.5714285714286,-27.857142857142858,0.0472558197482316,0.03882915173237758,"{""mlp.down_proj"": 1669.0, ""mlp.gate_proj"": 327.0, ""mlp.up_proj"": 1319.0, ""self_attn.k_proj"": 91.0, ""self_attn.o_proj"": 891.0, ""self_attn.q_proj"": 123.0, ""self_attn.v_proj"": 602.0}","{""mlp.down_proj"": 1633.0, ""mlp.gate_proj"": 285.0, ""mlp.up_proj"": 1263.0, ""self_attn.k_proj"": 89.0, ""self_attn.o_proj"": 853.0, ""self_attn.q_proj"": 117.0, ""self_attn.v_proj"": 587.0}","{""mlp.down_proj"": -36.0, ""mlp.gate_proj"": -42.0, ""mlp.up_proj"": -56.0, ""self_attn.k_proj"": -2.0, ""self_attn.o_proj"": -38.0, ""self_attn.q_proj"": -6.0, ""self_attn.v_proj"": -15.0}","{""mlp.down_proj"": 0.02156980227681246, ""mlp.gate_proj"": 0.12844036697247707, ""mlp.up_proj"": 0.04245640636846096, ""self_attn.k_proj"": 0.02197802197802198, ""self_attn.o_proj"": 0.04264870931537598, ""self_attn.q_proj"": 0.04878048780487805, ""self_attn.v_proj"": 0.024916943521594685}",0.0047506259427126385,-9.542857142857141,234.6285714285715,False,True
llama,opd,320,E_ood,E_mmluPro,0.1,14,5,equal5_non_qk,True,"mlp.down_proj,mlp.gate_proj,mlp.up_proj,self_attn.o_proj,self_attn.v_proj","self_attn.q_proj,self_attn.k_proj",600.2,630.6,600.2,-30.4,0.07108527022475085,0.048208055819854066,"{""mlp.down_proj"": 1213.0, ""mlp.gate_proj"": 83.0, ""mlp.up_proj"": 825.0, ""self_attn.o_proj"": 586.0, ""self_attn.v_proj"": 446.0}","{""mlp.down_proj"": 1176.0, ""mlp.gate_proj"": 69.0, ""mlp.up_proj"": 774.0, ""self_attn.o_proj"": 553.0, ""self_attn.v_proj"": 429.0}","{""mlp.down_proj"": -37.0, ""mlp.gate_proj"": -14.0, ""mlp.up_proj"": -51.0, ""self_attn.o_proj"": -33.0, ""self_attn.v_proj"": -17.0}","{""mlp.down_proj"": 0.030502885408079144, ""mlp.gate_proj"": 0.1686746987951807, ""mlp.up_proj"": 0.06181818181818182, ""self_attn.o_proj"": 0.05631399317406143, ""self_attn.v_proj"": 0.03811659192825112}",0.040896527896378654,0.030188742328372195,7,equal7,True,"mlp.down_proj,mlp.gate_proj,mlp.up_proj,self_attn.k_proj,self_attn.o_proj,self_attn.q_proj,self_attn.v_proj",,440.0,461.85714285714283,440.0,-21.857142857142858,0.05425951357517046,0.047324466439839105,"{""mlp.down_proj"": 1213.0, ""mlp.gate_proj"": 83.0, ""mlp.up_proj"": 825.0, ""self_attn.k_proj"": 39.0, ""self_attn.o_proj"": 586.0, ""self_attn.q_proj"": 41.0, ""self_attn.v_proj"": 446.0}","{""mlp.down_proj"": 1176.0, ""mlp.gate_proj"": 69.0, ""mlp.up_proj"": 774.0, ""self_attn.k_proj"": 39.0, ""self_attn.o_proj"": 553.0, ""self_attn.q_proj"": 40.0, ""self_attn.v_proj"": 429.0}","{""mlp.down_proj"": -37.0, ""mlp.gate_proj"": -14.0, ""mlp.up_proj"": -51.0, ""self_attn.k_proj"": 0.0, ""self_attn.o_proj"": -33.0, ""self_attn.q_proj"": -1.0, ""self_attn.v_proj"": -17.0}","{""mlp.down_proj"": 0.030502885408079144, ""mlp.gate_proj"": 0.1686746987951807, ""mlp.up_proj"": 0.06181818181818182, ""self_attn.k_proj"": 0.0, ""self_attn.o_proj"": 0.05631399317406143, ""self_attn.q_proj"": 0.024390243902439025, ""self_attn.v_proj"": 0.03811659192825112}",0.016825756649580387,-8.542857142857141,160.20000000000005,False,True
llama,seqkd,5,E_general,E_general,0.01,14,5,equal5_non_qk,True,"mlp.down_proj,mlp.gate_proj,mlp.up_proj,self_attn.o_proj,self_attn.v_proj","self_attn.q_proj,self_attn.k_proj",1738.4,1737.8,1738.4,0.6,-0.0003556523063835671,-0.00034526412705727726,"{""mlp.down_proj"": 2529.0, ""mlp.gate_proj"": 1399.0, ""mlp.up_proj"": 2314.0, ""self_attn.o_proj"": 1584.0, ""self_attn.v_proj"": 863.0}","{""mlp.down_proj"": 2529.0, ""mlp.gate_proj"": 1400.0, ""mlp.up_proj"": 2315.0, ""self_attn.o_proj"": 1585.0, ""self_attn.v_proj"": 863.0}","{""mlp.down_proj"": 0.0, ""mlp.gate_proj"": 1.0, ""mlp.up_proj"": 1.0, ""self_attn.o_proj"": 1.0, ""self_attn.v_proj"": 0.0}","{""mlp.down_proj"": 0.0, ""mlp.gate_proj"": -0.0007147962830593281, ""mlp.up_proj"": -0.000432152117545376, ""self_attn.o_proj"": -0.0006313131313131314, ""self_attn.v_proj"": 0.0}",-0.0003556523063835671,0.0,7,equal7,True,"mlp.down_proj,mlp.gate_proj,mlp.up_proj,self_attn.k_proj,self_attn.o_proj,self_attn.q_proj,self_attn.v_proj",,1393.857142857143,1393.7142857142858,1393.857142857143,0.14285714285714285,0.0003333559771358775,-0.00010250102501022679,"{""mlp.down_proj"": 2529.0, ""mlp.gate_proj"": 1399.0, ""mlp.up_proj"": 2314.0, ""self_attn.k_proj"": 375.0, ""self_attn.o_proj"": 1584.0, ""self_attn.q_proj"": 692.0, ""self_attn.v_proj"": 863.0}","{""mlp.down_proj"": 2529.0, ""mlp.gate_proj"": 1400.0, ""mlp.up_proj"": 2315.0, ""self_attn.k_proj"": 374.0, ""self_attn.o_proj"": 1585.0, ""self_attn.q_proj"": 691.0, ""self_attn.v_proj"": 863.0}","{""mlp.down_proj"": 0.0, ""mlp.gate_proj"": 1.0, ""mlp.up_proj"": 1.0, ""self_attn.k_proj"": -1.0, ""self_attn.o_proj"": 1.0, ""self_attn.q_proj"": -1.0, ""self_attn.v_proj"": 0.0}","{""mlp.down_proj"": 0.0, ""mlp.gate_proj"": -0.0007147962830593281, ""mlp.up_proj"": -0.000432152117545376, ""self_attn.k_proj"": 0.0026666666666666666, ""self_attn.o_proj"": -0.0006313131313131314, ""self_attn.q_proj"": 0.001445086705202312, ""self_attn.v_proj"": 0.0}",-0.0006890082835194445,0.45714285714285713,344.5428571428572,True,True
llama,seqkd,5,E_general,E_general,0.025,14,5,equal5_non_qk,True,"mlp.down_proj,mlp.gate_proj,mlp.up_proj,self_attn.o_proj,self_attn.v_proj","self_attn.q_proj,self_attn.k_proj",1359.2,1358.4,1359.2,0.8,-0.0006861951785672451,-0.000588928150765573,"{""mlp.down_proj"": 2167.0, ""mlp.gate_proj"": 784.0, ""mlp.up_proj"": 1852.0, ""self_attn.o_proj"": 1238.0, ""self_attn.v_proj"": 751.0}","{""mlp.down_proj"": 2167.0, ""mlp.gate_proj"": 785.0, ""mlp.up_proj"": 1853.0, ""self_attn.o_proj"": 1240.0, ""self_attn.v_proj"": 751.0}","{""mlp.down_proj"": 0.0, ""mlp.gate_proj"": 1.0, ""mlp.up_proj"": 1.0, ""self_attn.o_proj"": 2.0, ""self_attn.v_proj"": 0.0}","{""mlp.down_proj"": 0.0, ""mlp.gate_proj"": -0.0012755102040816326, ""mlp.up_proj"": -0.0005399568034557236, ""self_attn.o_proj"": -0.0016155088852988692, ""self_attn.v_proj"": 0.0}",-0.0006861951785672451,0.0,7,equal7,True,"mlp.down_proj,mlp.gate_proj,mlp.up_proj,self_attn.k_proj,self_attn.o_proj,self_attn.q_proj,self_attn.v_proj",,1051.0,1050.7142857142858,1051.0,0.2857142857142857,0.0005907154411774424,-0.0002719238613187689,"{""mlp.down_proj"": 2167.0, ""mlp.gate_proj"": 784.0, ""mlp.up_proj"": 1852.0, ""self_attn.k_proj"": 212.0, ""self_attn.o_proj"": 1238.0, ""self_attn.q_proj"": 351.0, ""self_attn.v_proj"": 751.0}","{""mlp.down_proj"": 2167.0, ""mlp.gate_proj"": 785.0, ""mlp.up_proj"": 1853.0, ""self_attn.k_proj"": 211.0, ""self_attn.o_proj"": 1240.0, ""self_attn.q_proj"": 350.0, ""self_attn.v_proj"": 751.0}","{""mlp.down_proj"": 0.0, ""mlp.gate_proj"": 1.0, ""mlp.up_proj"": 1.0, ""self_attn.k_proj"": -1.0, ""self_attn.o_proj"": 2.0, ""self_attn.q_proj"": -1.0, ""self_attn.v_proj"": 0.0}","{""mlp.down_proj"": 0.0, ""mlp.gate_proj"": -0.0012755102040816326, ""mlp.up_proj"": -0.0005399568034557236, ""self_attn.k_proj"": 0.0047169811320754715, ""self_attn.o_proj"": -0.0016155088852988692, ""self_attn.q_proj"": 0.002849002849002849, ""self_attn.v_proj"": 0.0}",-0.0012769106197446875,0.5142857142857143,308.20000000000005,True,True
llama,seqkd,5,E_general,E_general,0.05,14,5,equal5_non_qk,True,"mlp.down_proj,mlp.gate_proj,mlp.up_proj,self_attn.o_proj,self_attn.v_proj","self_attn.q_proj,self_attn.k_proj",1034.2,1033.4,1034.2,0.8,-0.0011044085320996923,-0.0007741436036384308,"{""mlp.down_proj"": 1802.0, ""mlp.gate_proj"": 368.0, ""mlp.up_proj"": 1412.0, ""self_attn.o_proj"": 954.0, ""self_attn.v_proj"": 631.0}","{""mlp.down_proj"": 1802.0, ""mlp.gate_proj"": 369.0, ""mlp.up_proj"": 1413.0, ""self_attn.o_proj"": 956.0, ""self_attn.v_proj"": 631.0}","{""mlp.down_proj"": 0.0, ""mlp.gate_proj"": 1.0, ""mlp.up_proj"": 1.0, ""self_attn.o_proj"": 2.0, ""self_attn.v_proj"": 0.0}","{""mlp.down_proj"": 0.0, ""mlp.gate_proj"": -0.002717391304347826, ""mlp.up_proj"": -0.000708215297450425, ""self_attn.o_proj"": -0.0020964360587002098, ""self_attn.v_proj"": 0.0}",-0.0011044085320996923,0.0,7,equal7,True,"mlp.down_proj,mlp.gate_proj,mlp.up_proj,self_attn.k_proj,self_attn.o_proj,self_attn.q_proj,self_attn.v_proj",,776.8571428571429,776.2857142857143,776.8571428571429,0.5714285714285714,-0.0007888632372140659,-0.0007361059992638731,"{""mlp.down_proj"": 1802.0, ""mlp.gate_proj"": 368.0, ""mlp.up_proj"": 1412.0, ""self_attn.k_proj"": 111.0, ""self_attn.o_proj"": 954.0, ""self_attn.q_proj"": 156.0, ""self_attn.v_proj"": 631.0}","{""mlp.down_proj"": 1802.0, ""mlp.gate_proj"": 369.0, ""mlp.up_proj"": 1413.0, ""self_attn.k_proj"": 111.0, ""self_attn.o_proj"": 956.0, ""self_attn.q_proj"": 156.0, ""self_attn.v_proj"": 631.0}","{""mlp.down_proj"": 0.0, ""mlp.gate_proj"": 1.0, ""mlp.up_proj"": 1.0, ""self_attn.k_proj"": 0.0, ""self_attn.o_proj"": 2.0, ""self_attn.q_proj"": 0.0, ""self_attn.v_proj"": 0.0}","{""mlp.down_proj"": 0.0, ""mlp.gate_proj"": -0.002717391304347826, ""mlp.up_proj"": -0.000708215297450425, ""self_attn.k_proj"": 0.0, ""self_attn.o_proj"": -0.0020964360587002098, ""self_attn.q_proj"": 0.0, ""self_attn.v_proj"": 0.0}",-0.0003155452948856264,0.22857142857142865,257.34285714285716,False,True
llama,seqkd,5,E_general,E_general,0.1,14,5,equal5_non_qk,True,"mlp.down_proj,mlp.gate_proj,mlp.up_proj,self_attn.o_proj,self_attn.v_proj","self_attn.q_proj,self_attn.k_proj",705.0,704.6,705.0,0.4,-0.0005201748602975387,-0.0005676979846721221,"{""mlp.down_proj"": 1362.0, ""mlp.gate_proj"": 100.0, ""mlp.up_proj"": 923.0, ""self_attn.o_proj"": 659.0, ""self_attn.v_proj"": 479.0}","{""mlp.down_proj"": 1362.0, ""mlp.gate_proj"": 100.0, ""mlp.up_proj"": 924.0, ""self_attn.o_proj"": 660.0, ""self_attn.v_proj"": 479.0}","{""mlp.down_proj"": 0.0, ""mlp.gate_proj"": 0.0, ""mlp.up_proj"": 1.0, ""self_attn.o_proj"": 1.0, ""self_attn.v_proj"": 0.0}","{""mlp.down_proj"": 0.0, ""mlp.gate_proj"": 0.0, ""mlp.up_proj"": -0.0010834236186348862, ""self_attn.o_proj"": -0.0015174506828528073, ""self_attn.v_proj"": 0.0}",-0.0005201748602975387,0.0,7,equal7,True,"mlp.down_proj,mlp.gate_proj,mlp.up_proj,self_attn.k_proj,self_attn.o_proj,self_attn.q_proj,self_attn.v_proj",,517.4285714285714,517.2857142857143,517.4285714285714,0.14285714285714285,0.002485589385501758,-0.0002761668047500062,"{""mlp.down_proj"": 1362.0, ""mlp.gate_proj"": 100.0, ""mlp.up_proj"": 923.0, ""self_attn.k_proj"": 48.0, ""self_attn.o_proj"": 659.0, ""self_attn.q_proj"": 50.0, ""self_attn.v_proj"": 479.0}","{""mlp.down_proj"": 1362.0, ""mlp.gate_proj"": 100.0, ""mlp.up_proj"": 924.0, ""self_attn.k_proj"": 48.0, ""self_attn.o_proj"": 660.0, ""self_attn.q_proj"": 49.0, ""self_attn.v_proj"": 479.0}","{""mlp.down_proj"": 0.0, ""mlp.gate_proj"": 0.0, ""mlp.up_proj"": 1.0, ""self_attn.k_proj"": 0.0, ""self_attn.o_proj"": 1.0, ""self_attn.q_proj"": -1.0, ""self_attn.v_proj"": 0.0}","{""mlp.down_proj"": 0.0, ""mlp.gate_proj"": 0.0, ""mlp.up_proj"": -0.0010834236186348862, ""self_attn.k_proj"": 0.0, ""self_attn.o_proj"": -0.0015174506828528073, ""self_attn.q_proj"": 0.02, ""self_attn.v_proj"": 0.0}",-0.003005764245799297,0.2571428571428572,187.57142857142856,True,True
llama,seqkd,5,E_if,E_ifeval,0.01,14,5,equal5_non_qk,True,"mlp.down_proj,mlp.gate_proj,mlp.up_proj,self_attn.o_proj,self_attn.v_proj","self_attn.q_proj,self_attn.k_proj",1649.2,1652.8,1649.2,-3.6,0.002159581329947319,0.0021781219748305356,"{""mlp.down_proj"": 2435.0, ""mlp.gate_proj"": 1309.0, ""mlp.up_proj"": 2178.0, ""self_attn.o_proj"": 1511.0, ""self_attn.v_proj"": 831.0}","{""mlp.down_proj"": 2430.0, ""mlp.gate_proj"": 1303.0, ""mlp.up_proj"": 2173.0, ""self_attn.o_proj"": 1510.0, ""self_attn.v_proj"": 830.0}","{""mlp.down_proj"": -5.0, ""mlp.gate_proj"": -6.0, ""mlp.up_proj"": -5.0, ""self_attn.o_proj"": -1.0, ""self_attn.v_proj"": -1.0}","{""mlp.down_proj"": 0.002053388090349076, ""mlp.gate_proj"": 0.004583651642475172, ""mlp.up_proj"": 0.002295684113865932, ""self_attn.o_proj"": 0.0006618133686300463, ""self_attn.v_proj"": 0.0012033694344163659}",-0.0003556523063835671,0.002515233636330886,7,equal7,True,"mlp.down_proj,mlp.gate_proj,mlp.up_proj,self_attn.k_proj,self_attn.o_proj,self_attn.q_proj,self_attn.v_proj",,1316.142857142857,1319.857142857143,1316.142857142857,-3.7142857142857144,0.003918580965736796,0.00281415737633948,"{""mlp.down_proj"": 2435.0, ""mlp.gate_proj"": 1309.0, ""mlp.up_proj"": 2178.0, ""self_attn.k_proj"": 345.0, ""self_attn.o_proj"": 1511.0, ""self_attn.q_proj"": 630.0, ""self_attn.v_proj"": 831.0}","{""mlp.down_proj"": 2430.0, ""mlp.gate_proj"": 1303.0, ""mlp.up_proj"": 2173.0, ""self_attn.k_proj"": 342.0, ""self_attn.o_proj"": 1510.0, ""self_attn.q_proj"": 625.0, ""self_attn.v_proj"": 830.0}","{""mlp.down_proj"": -5.0, ""mlp.gate_proj"": -6.0, ""mlp.up_proj"": -5.0, ""self_attn.k_proj"": -3.0, ""self_attn.o_proj"": -1.0, ""self_attn.q_proj"": -5.0, ""self_attn.v_proj"": -1.0}","{""mlp.down_proj"": 0.002053388090349076, ""mlp.gate_proj"": 0.004583651642475172, ""mlp.up_proj"": 0.002295684113865932, ""self_attn.k_proj"": 0.008695652173913044, ""self_attn.o_proj"": 0.0006618133686300463, ""self_attn.q_proj"": 0.007936507936507936, ""self_attn.v_proj"": 0.0012033694344163659}",-0.0017589996357894769,0.11428571428571432,333.05714285714294,False,True
llama,seqkd,5,E_if,E_ifeval,0.025,14,5,equal5_non_qk,True,"mlp.down_proj,mlp.gate_proj,mlp.up_proj,self_attn.o_proj,self_attn.v_proj","self_attn.q_proj,self_attn.k_proj",1250.0,1254.0,1250.0,-4.0,0.003275671586224632,0.003189792663476874,"{""mlp.down_proj"": 2031.0, ""mlp.gate_proj"": 709.0, ""mlp.up_proj"": 1670.0, ""self_attn.o_proj"": 1157.0, ""self_attn.v_proj"": 703.0}","{""mlp.down_proj"": 2024.0, ""mlp.gate_proj"": 704.0, ""mlp.up_proj"": 1664.0, ""self_attn.o_proj"": 1156.0, ""self_attn.v_proj"": 702.0}","{""mlp.down_proj"": -7.0, ""mlp.gate_proj"": -5.0, ""mlp.up_proj"": -6.0, ""self_attn.o_proj"": -1.0, ""self_attn.v_proj"": -1.0}","{""mlp.down_proj"": 0.0034465780403741997, ""mlp.gate_proj"": 0.007052186177715092, ""mlp.up_proj"": 0.003592814371257485, ""self_attn.o_proj"": 0.000864304235090752, ""self_attn.v_proj"": 0.001422475106685633}",-0.0006861951785672451,0.003961866764791877,7,equal7,True,"mlp.down_proj,mlp.gate_proj,mlp.up_proj,self_attn.k_proj,self_attn.o_proj,self_attn.q_proj,self_attn.v_proj",,963.1428571428571,966.7142857142857,963.1428571428571,-3.5714285714285716,0.0049489272408662285,0.0036943992906753194,"{""mlp.down_proj"": 2031.0, ""mlp.gate_proj"": 709.0, ""mlp.up_proj"": 1670.0, ""self_attn.k_proj"": 188.0, ""self_attn.o_proj"": 1157.0, ""self_attn.q_proj"": 309.0, ""self_attn.v_proj"": 703.0}","{""mlp.down_proj"": 2024.0, ""mlp.gate_proj"": 704.0, ""mlp.up_proj"": 1664.0, ""self_attn.k_proj"": 187.0, ""self_attn.o_proj"": 1156.0, ""self_attn.q_proj"": 305.0, ""self_attn.v_proj"": 702.0}","{""mlp.down_proj"": -7.0, ""mlp.gate_proj"": -5.0, ""mlp.up_proj"": -6.0, ""self_attn.k_proj"": -1.0, ""self_attn.o_proj"": -1.0, ""self_attn.q_proj"": -4.0, ""self_attn.v_proj"": -1.0}","{""mlp.down_proj"": 0.0034465780403741997, ""mlp.gate_proj"": 0.007052186177715092, ""mlp.up_proj"": 0.003592814371257485, ""self_attn.k_proj"": 0.005319148936170213, ""self_attn.o_proj"": 0.000864304235090752, ""self_attn.q_proj"": 0.012944983818770227, ""self_attn.v_proj"": 0.001422475106685633}",-0.0016732556546415964,-0.4285714285714284,286.8571428571429,False,True
llama,seqkd,5,E_if,E_ifeval,0.05,14,5,equal5_non_qk,True,"mlp.down_proj,mlp.gate_proj,mlp.up_proj,self_attn.o_proj,self_attn.v_proj","self_attn.q_proj,self_attn.k_proj",916.8,921.2,916.8,-4.4,0.005130915916629054,0.004776378636561106,"{""mlp.down_proj"": 1632.0, ""mlp.gate_proj"": 328.0, ""mlp.up_proj"": 1207.0, ""self_attn.o_proj"": 868.0, ""self_attn.v_proj"": 571.0}","{""mlp.down_proj"": 1624.0, ""mlp.gate_proj"": 325.0, ""mlp.up_proj"": 1200.0, ""self_attn.o_proj"": 866.0, ""self_attn.v_proj"": 569.0}","{""mlp.down_proj"": -8.0, ""mlp.gate_proj"": -3.0, ""mlp.up_proj"": -7.0, ""self_attn.o_proj"": -2.0, ""self_attn.v_proj"": -2.0}","{""mlp.down_proj"": 0.004901960784313725, ""mlp.gate_proj"": 0.009146341463414634, ""mlp.up_proj"": 0.00579950289975145, ""self_attn.o_proj"": 0.002304147465437788, ""self_attn.v_proj"": 0.0035026269702276708}",-0.0011044085320996923,0.0062353244487287456,7,equal7,True,"mlp.down_proj,mlp.gate_proj,mlp.up_proj,self_attn.k_proj,self_attn.o_proj,self_attn.q_proj,self_attn.v_proj",,687.8571428571429,691.2857142857143,687.8571428571429,-3.4285714285714284,0.006180866946172249,0.004959702417854952,"{""mlp.down_proj"": 1632.0, ""mlp.gate_proj"": 328.0, ""mlp.up_proj"": 1207.0, ""self_attn.k_proj"": 98.0, ""self_attn.o_proj"": 868.0, ""self_attn.q_proj"": 135.0, ""self_attn.v_proj"": 571.0}","{""mlp.down_proj"": 1624.0, ""mlp.gate_proj"": 325.0, ""mlp.up_proj"": 1200.0, ""self_attn.k_proj"": 97.0, ""self_attn.o_proj"": 866.0, ""self_attn.q_proj"": 134.0, ""self_attn.v_proj"": 569.0}","{""mlp.down_proj"": -8.0, ""mlp.gate_proj"": -3.0, ""mlp.up_proj"": -7.0, ""self_attn.k_proj"": -1.0, ""self_attn.o_proj"": -2.0, ""self_attn.q_proj"": -1.0, ""self_attn.v_proj"": -2.0}","{""mlp.down_proj"": 0.004901960784313725, ""mlp.gate_proj"": 0.009146341463414634, ""mlp.up_proj"": 0.00579950289975145, ""self_attn.k_proj"": 0.01020408163265306, ""self_attn.o_proj"": 0.002304147465437788, ""self_attn.q_proj"": 0.007407407407407408, ""self_attn.v_proj"": 0.0035026269702276708}",-0.0010499510295431955,-0.971428571428572,228.94285714285706,False,True
llama,seqkd,5,E_if,E_ifeval,0.1,14,5,equal5_non_qk,True,"mlp.down_proj,mlp.gate_proj,mlp.up_proj,self_attn.o_proj,self_attn.v_proj","self_attn.q_proj,self_attn.k_proj",588.8,592.8,588.8,-4.0,0.006755627562398894,0.006747638326585695,"{""mlp.down_proj"": 1166.0, ""mlp.gate_proj"": 96.0, ""mlp.up_proj"": 722.0, ""self_attn.o_proj"": 572.0, ""self_attn.v_proj"": 408.0}","{""mlp.down_proj"": 1157.0, ""mlp.gate_proj"": 95.0, ""mlp.up_proj"": 715.0, ""self_attn.o_proj"": 570.0, ""self_attn.v_proj"": 407.0}","{""mlp.down_proj"": -9.0, ""mlp.gate_proj"": -1.0, ""mlp.up_proj"": -7.0, ""self_attn.o_proj"": -2.0, ""self_attn.v_proj"": -1.0}","{""mlp.down_proj"": 0.007718696397941681, ""mlp.gate_proj"": 0.010416666666666666, ""mlp.up_proj"": 0.009695290858725761, ""self_attn.o_proj"": 0.0034965034965034965, ""self_attn.v_proj"": 0.0024509803921568627}",-0.0005201748602975387,0.007275802422696433,7,equal7,True,"mlp.down_proj,mlp.gate_proj,mlp.up_proj,self_attn.k_proj,self_attn.o_proj,self_attn.q_proj,self_attn.v_proj",,432.7142857142857,435.7142857142857,432.7142857142857,-3.0,0.008072201505609599,0.006885245901639344,"{""mlp.down_proj"": 1166.0, ""mlp.gate_proj"": 96.0, ""mlp.up_proj"": 722.0, ""self_attn.k_proj"": 42.0, ""self_attn.o_proj"": 572.0, ""self_attn.q_proj"": 44.0, ""self_attn.v_proj"": 408.0}","{""mlp.down_proj"": 1157.0, ""mlp.gate_proj"": 95.0, ""mlp.up_proj"": 715.0, ""self_attn.k_proj"": 42.0, ""self_attn.o_proj"": 570.0, ""self_attn.q_proj"": 43.0, ""self_attn.v_proj"": 407.0}","{""mlp.down_proj"": -9.0, ""mlp.gate_proj"": -1.0, ""mlp.up_proj"": -7.0, ""self_attn.k_proj"": 0.0, ""self_attn.o_proj"": -2.0, ""self_attn.q_proj"": -1.0, ""self_attn.v_proj"": -1.0}","{""mlp.down_proj"": 0.007718696397941681, ""mlp.gate_proj"": 0.010416666666666666, ""mlp.up_proj"": 0.009695290858725761, ""self_attn.k_proj"": 0.0, ""self_attn.o_proj"": 0.0034965034965034965, ""self_attn.q_proj"": 0.022727272727272728, ""self_attn.v_proj"": 0.0024509803921568627}",-0.0013165739432107046,-1.0,156.08571428571423,False,True
llama,seqkd,5,E_math,E_mathHeld,0.01,14,5,equal5_non_qk,True,"mlp.down_proj,mlp.gate_proj,mlp.up_proj,self_attn.o_proj,self_attn.v_proj","self_attn.q_proj,self_attn.k_proj",852.2,851.6,852.2,0.6,-0.0008238072899949798,-0.0007045561296383546,"{""mlp.down_proj"": 1162.0, ""mlp.gate_proj"": 587.0, ""mlp.up_proj"": 1022.0, ""self_attn.o_proj"": 828.0, ""self_attn.v_proj"": 659.0}","{""mlp.down_proj"": 1162.0, ""mlp.gate_proj"": 588.0, ""mlp.up_proj"": 1022.0, ""self_attn.o_proj"": 830.0, ""self_attn.v_proj"": 659.0}","{""mlp.down_proj"": 0.0, ""mlp.gate_proj"": 1.0, ""mlp.up_proj"": 0.0, ""self_attn.o_proj"": 2.0, ""self_attn.v_proj"": 0.0}","{""mlp.down_proj"": 0.0, ""mlp.gate_proj"": -0.0017035775127768314, ""mlp.up_proj"": 0.0, ""self_attn.o_proj"": -0.0024154589371980675, ""self_attn.v_proj"": 0.0}",-0.0003556523063835671,-0.00046815498361141273,7,equal7,True,"mlp.down_proj,mlp.gate_proj,mlp.up_proj,self_attn.k_proj,self_attn.o_proj,self_attn.q_proj,self_attn.v_proj",,702.0,701.7142857142857,702.0,0.2857142857142857,-0.00022307024184880722,-0.0004071661237785711,"{""mlp.down_proj"": 1162.0, ""mlp.gate_proj"": 587.0, ""mlp.up_proj"": 1022.0, ""self_attn.k_proj"": 263.0, ""self_attn.o_proj"": 828.0, ""self_attn.q_proj"": 391.0, ""self_attn.v_proj"": 659.0}","{""mlp.down_proj"": 1162.0, ""mlp.gate_proj"": 588.0, ""mlp.up_proj"": 1022.0, ""self_attn.k_proj"": 263.0, ""self_attn.o_proj"": 830.0, ""self_attn.q_proj"": 390.0, ""self_attn.v_proj"": 659.0}","{""mlp.down_proj"": 0.0, ""mlp.gate_proj"": 1.0, ""mlp.up_proj"": 0.0, ""self_attn.k_proj"": 0.0, ""self_attn.o_proj"": 2.0, ""self_attn.q_proj"": -1.0, ""self_attn.v_proj"": 0.0}","{""mlp.down_proj"": 0.0, ""mlp.gate_proj"": -0.0017035775127768314, ""mlp.up_proj"": 0.0, ""self_attn.k_proj"": 0.0, ""self_attn.o_proj"": -0.0024154589371980675, ""self_attn.q_proj"": 0.0025575447570332483, ""self_attn.v_proj"": 0.0}",-0.0006007370481461727,0.3142857142857143,150.20000000000005,False,True
llama,seqkd,5,E_math,E_mathHeld,0.025,14,5,equal5_non_qk,True,"mlp.down_proj,mlp.gate_proj,mlp.up_proj,self_attn.o_proj,self_attn.v_proj","self_attn.q_proj,self_attn.k_proj",622.4,621.6,622.4,0.8,-0.0016676934948432125,-0.0012870012870012139,"{""mlp.down_proj"": 912.0, ""mlp.gate_proj"": 322.0, ""mlp.up_proj"": 751.0, ""self_attn.o_proj"": 607.0, ""self_attn.v_proj"": 516.0}","{""mlp.down_proj"": 912.0, ""mlp.gate_proj"": 323.0, ""mlp.up_proj"": 751.0, ""self_attn.o_proj"": 609.0, ""self_attn.v_proj"": 517.0}","{""mlp.down_proj"": 0.0, ""mlp.gate_proj"": 1.0, ""mlp.up_proj"": 0.0, ""self_attn.o_proj"": 2.0, ""self_attn.v_proj"": 1.0}","{""mlp.down_proj"": 0.0, ""mlp.gate_proj"": -0.003105590062111801, ""mlp.up_proj"": 0.0, ""self_attn.o_proj"": -0.0032948929159802307, ""self_attn.v_proj"": -0.001937984496124031}",-0.0006861951785672451,-0.0009814983162759674,7,equal7,True,"mlp.down_proj,mlp.gate_proj,mlp.up_proj,self_attn.k_proj,self_attn.o_proj,self_attn.q_proj,self_attn.v_proj",,495.57142857142856,495.14285714285717,495.57142857142856,0.42857142857142855,-0.0005043964523605363,-0.0008655510675129012,"{""mlp.down_proj"": 912.0, ""mlp.gate_proj"": 322.0, ""mlp.up_proj"": 751.0, ""self_attn.k_proj"": 150.0, ""self_attn.o_proj"": 607.0, ""self_attn.q_proj"": 208.0, ""self_attn.v_proj"": 516.0}","{""mlp.down_proj"": 912.0, ""mlp.gate_proj"": 323.0, ""mlp.up_proj"": 751.0, ""self_attn.k_proj"": 150.0, ""self_attn.o_proj"": 609.0, ""self_attn.q_proj"": 207.0, ""self_attn.v_proj"": 517.0}","{""mlp.down_proj"": 0.0, ""mlp.gate_proj"": 1.0, ""mlp.up_proj"": 0.0, ""self_attn.k_proj"": 0.0, ""self_attn.o_proj"": 2.0, ""self_attn.q_proj"": -1.0, ""self_attn.v_proj"": 1.0}","{""mlp.down_proj"": 0.0, ""mlp.gate_proj"": -0.003105590062111801, ""mlp.up_proj"": 0.0, ""self_attn.k_proj"": 0.0, ""self_attn.o_proj"": -0.0032948929159802307, ""self_attn.q_proj"": 0.004807692307692308, ""self_attn.v_proj"": -0.001937984496124031}",-0.001163297042482676,0.3714285714285715,126.82857142857142,False,True
llama,seqkd,5,E_math,E_mathHeld,0.05,14,5,equal5_non_qk,True,"mlp.down_proj,mlp.gate_proj,mlp.up_proj,self_attn.o_proj,self_attn.v_proj","self_attn.q_proj,self_attn.k_proj",447.0,446.2,447.0,0.8,-0.0015668680183716032,-0.0017929179740027148,"{""mlp.down_proj"": 701.0, ""mlp.gate_proj"": 158.0, ""mlp.up_proj"": 534.0, ""self_attn.o_proj"": 441.0, ""self_attn.v_proj"": 397.0}","{""mlp.down_proj"": 702.0, ""mlp.gate_proj"": 158.0, ""mlp.up_proj"": 535.0, ""self_attn.o_proj"": 443.0, ""self_attn.v_proj"": 397.0}","{""mlp.down_proj"": 1.0, ""mlp.gate_proj"": 0.0, ""mlp.up_proj"": 1.0, ""self_attn.o_proj"": 2.0, ""self_attn.v_proj"": 0.0}","{""mlp.down_proj"": -0.0014265335235378032, ""mlp.gate_proj"": 0.0, ""mlp.up_proj"": -0.0018726591760299626, ""self_attn.o_proj"": -0.0045351473922902496, ""self_attn.v_proj"": 0.0}",-0.0011044085320996923,-0.0004624594862719109,7,equal7,True,"mlp.down_proj,mlp.gate_proj,mlp.up_proj,self_attn.k_proj,self_attn.o_proj,self_attn.q_proj,self_attn.v_proj",,345.7142857142857,345.42857142857144,345.7142857142857,0.2857142857142857,0.0019684513824259372,-0.0008271298593879004,"{""mlp.down_proj"": 701.0, ""mlp.gate_proj"": 158.0, ""mlp.up_proj"": 534.0, ""self_attn.k_proj"": 84.0, ""self_attn.o_proj"": 441.0, ""self_attn.q_proj"": 103.0, ""self_attn.v_proj"": 397.0}","{""mlp.down_proj"": 702.0, ""mlp.gate_proj"": 158.0, ""mlp.up_proj"": 535.0, ""self_attn.k_proj"": 83.0, ""self_attn.o_proj"": 443.0, ""self_attn.q_proj"": 102.0, ""self_attn.v_proj"": 397.0}","{""mlp.down_proj"": 1.0, ""mlp.gate_proj"": 0.0, ""mlp.up_proj"": 1.0, ""self_attn.k_proj"": -1.0, ""self_attn.o_proj"": 2.0, ""self_attn.q_proj"": -1.0, ""self_attn.v_proj"": 0.0}","{""mlp.down_proj"": -0.0014265335235378032, ""mlp.gate_proj"": 0.0, ""mlp.up_proj"": -0.0018726591760299626, ""self_attn.k_proj"": 0.011904761904761904, ""self_attn.o_proj"": -0.0045351473922902496, ""self_attn.q_proj"": 0.009708737864077669, ""self_attn.v_proj"": 0.0}",-0.0035353194007975404,0.5142857142857143,101.28571428571428,True,True
llama,seqkd,5,E_math,E_mathHeld,0.1,14,5,equal5_non_qk,True,"mlp.down_proj,mlp.gate_proj,mlp.up_proj,self_attn.o_proj,self_attn.v_proj","self_attn.q_proj,self_attn.k_proj",283.8,283.2,283.8,0.6,-0.0017287639896335547,-0.0021186440677966904,"{""mlp.down_proj"": 483.0, ""mlp.gate_proj"": 49.0, ""mlp.up_proj"": 325.0, ""self_attn.o_proj"": 286.0, ""self_attn.v_proj"": 273.0}","{""mlp.down_proj"": 484.0, ""mlp.gate_proj"": 49.0, ""mlp.up_proj"": 326.0, ""self_attn.o_proj"": 287.0, ""self_attn.v_proj"": 273.0}","{""mlp.down_proj"": 1.0, ""mlp.gate_proj"": 0.0, ""mlp.up_proj"": 1.0, ""self_attn.o_proj"": 1.0, ""self_attn.v_proj"": 0.0}","{""mlp.down_proj"": -0.002070393374741201, ""mlp.gate_proj"": 0.0, ""mlp.up_proj"": -0.003076923076923077, ""self_attn.o_proj"": -0.0034965034965034965, ""self_attn.v_proj"": 0.0}",-0.0005201748602975387,-0.001208589129336016,7,equal7,True,"mlp.down_proj,mlp.gate_proj,mlp.up_proj,self_attn.k_proj,self_attn.o_proj,self_attn.q_proj,self_attn.v_proj",,213.57142857142858,213.14285714285714,213.57142857142858,0.42857142857142855,-0.0012348314211668248,-0.0020107238605898887,"{""mlp.down_proj"": 483.0, ""mlp.gate_proj"": 49.0, ""mlp.up_proj"": 325.0, ""self_attn.k_proj"": 38.0, ""self_attn.o_proj"": 286.0, ""self_attn.q_proj"": 38.0, ""self_attn.v_proj"": 273.0}","{""mlp.down_proj"": 484.0, ""mlp.gate_proj"": 49.0, ""mlp.up_proj"": 326.0, ""self_attn.k_proj"": 38.0, ""self_attn.o_proj"": 287.0, ""self_attn.q_proj"": 38.0, ""self_attn.v_proj"": 273.0}","{""mlp.down_proj"": 1.0, ""mlp.gate_proj"": 0.0, ""mlp.up_proj"": 1.0, ""self_attn.k_proj"": 0.0, ""self_attn.o_proj"": 1.0, ""self_attn.q_proj"": 0.0, ""self_attn.v_proj"": 0.0}","{""mlp.down_proj"": -0.002070393374741201, ""mlp.gate_proj"": 0.0, ""mlp.up_proj"": -0.003076923076923077, ""self_attn.k_proj"": 0.0, ""self_attn.o_proj"": -0.0034965034965034965, ""self_attn.q_proj"": 0.0, ""self_attn.v_proj"": 0.0}",-0.00049393256846673,0.17142857142857143,70.22857142857143,False,True
llama,seqkd,5,E_ood,E_mmluPro,0.01,14,5,equal5_non_qk,True,"mlp.down_proj,mlp.gate_proj,mlp.up_proj,self_attn.o_proj,self_attn.v_proj","self_attn.q_proj,self_attn.k_proj",1694.8,1694.2,1694.8,0.6,-0.00044378698224852074,-0.00035414945106829713,"{""mlp.down_proj"": 2452.0, ""mlp.gate_proj"": 1352.0, ""mlp.up_proj"": 2263.0, ""self_attn.o_proj"": 1556.0, ""self_attn.v_proj"": 848.0}","{""mlp.down_proj"": 2452.0, ""mlp.gate_proj"": 1355.0, ""mlp.up_proj"": 2263.0, ""self_attn.o_proj"": 1556.0, ""self_attn.v_proj"": 848.0}","{""mlp.down_proj"": 0.0, ""mlp.gate_proj"": 3.0, ""mlp.up_proj"": 0.0, ""self_attn.o_proj"": 0.0, ""self_attn.v_proj"": 0.0}","{""mlp.down_proj"": 0.0, ""mlp.gate_proj"": -0.0022189349112426036, ""mlp.up_proj"": 0.0, ""self_attn.o_proj"": 0.0, ""self_attn.v_proj"": 0.0}",-0.0003556523063835671,-8.813467586495365e-05,7,equal7,True,"mlp.down_proj,mlp.gate_proj,mlp.up_proj,self_attn.k_proj,self_attn.o_proj,self_attn.q_proj,self_attn.v_proj",,1343.4285714285713,1343.5714285714287,1343.4285714285713,-0.14285714285714285,0.001020015820953036,0.00010632642211604085,"{""mlp.down_proj"": 2452.0, ""mlp.gate_proj"": 1352.0, ""mlp.up_proj"": 2263.0, ""self_attn.k_proj"": 331.0, ""self_attn.o_proj"": 1556.0, ""self_attn.q_proj"": 603.0, ""self_attn.v_proj"": 848.0}","{""mlp.down_proj"": 2452.0, ""mlp.gate_proj"": 1355.0, ""mlp.up_proj"": 2263.0, ""self_attn.k_proj"": 329.0, ""self_attn.o_proj"": 1556.0, ""self_attn.q_proj"": 601.0, ""self_attn.v_proj"": 848.0}","{""mlp.down_proj"": 0.0, ""mlp.gate_proj"": 3.0, ""mlp.up_proj"": 0.0, ""self_attn.k_proj"": -2.0, ""self_attn.o_proj"": 0.0, ""self_attn.q_proj"": -2.0, ""self_attn.v_proj"": 0.0}","{""mlp.down_proj"": 0.0, ""mlp.gate_proj"": -0.0022189349112426036, ""mlp.up_proj"": 0.0, ""self_attn.k_proj"": 0.006042296072507553, ""self_attn.o_proj"": 0.0, ""self_attn.q_proj"": 0.003316749585406302, ""self_attn.v_proj"": 0.0}",-0.0014638028032015566,0.7428571428571429,351.3714285714286,True,True
llama,seqkd,5,E_ood,E_mmluPro,0.025,14,5,equal5_non_qk,True,"mlp.down_proj,mlp.gate_proj,mlp.up_proj,self_attn.o_proj,self_attn.v_proj","self_attn.q_proj,self_attn.k_proj",1296.6,1296.6,1296.6,0.0,-0.0002820877800897341,0.0,"{""mlp.down_proj"": 2058.0, ""mlp.gate_proj"": 731.0, ""mlp.up_proj"": 1775.0, ""self_attn.o_proj"": 1191.0, ""self_attn.v_proj"": 728.0}","{""mlp.down_proj"": 2057.0, ""mlp.gate_proj"": 733.0, ""mlp.up_proj"": 1775.0, ""self_attn.o_proj"": 1190.0, ""self_attn.v_proj"": 728.0}","{""mlp.down_proj"": -1.0, ""mlp.gate_proj"": 2.0, ""mlp.up_proj"": 0.0, ""self_attn.o_proj"": -1.0, ""self_attn.v_proj"": 0.0}","{""mlp.down_proj"": 0.00048590864917395527, ""mlp.gate_proj"": -0.0027359781121751026, ""mlp.up_proj"": 0.0, ""self_attn.o_proj"": 0.0008396305625524769, ""self_attn.v_proj"": 0.0}",-0.0006861951785672451,0.000404107398477511,7,equal7,True,"mlp.down_proj,mlp.gate_proj,mlp.up_proj,self_attn.k_proj,self_attn.o_proj,self_attn.q_proj,self_attn.v_proj",,992.4285714285714,992.7142857142857,992.4285714285714,-0.2857142857142857,0.0010971086928376341,0.00028781119585545334,"{""mlp.down_proj"": 2058.0, ""mlp.gate_proj"": 731.0, ""mlp.up_proj"": 1775.0, ""self_attn.k_proj"": 178.0, ""self_attn.o_proj"": 1191.0, ""self_attn.q_proj"": 288.0, ""self_attn.v_proj"": 728.0}","{""mlp.down_proj"": 2057.0, ""mlp.gate_proj"": 733.0, ""mlp.up_proj"": 1775.0, ""self_attn.k_proj"": 177.0, ""self_attn.o_proj"": 1190.0, ""self_attn.q_proj"": 287.0, ""self_attn.v_proj"": 728.0}","{""mlp.down_proj"": -1.0, ""mlp.gate_proj"": 2.0, ""mlp.up_proj"": 0.0, ""self_attn.k_proj"": -1.0, ""self_attn.o_proj"": -1.0, ""self_attn.q_proj"": -1.0, ""self_attn.v_proj"": 0.0}","{""mlp.down_proj"": 0.00048590864917395527, ""mlp.gate_proj"": -0.0027359781121751026, ""mlp.up_proj"": 0.0, ""self_attn.k_proj"": 0.0056179775280898875, ""self_attn.o_proj"": 0.0008396305625524769, ""self_attn.q_proj"": 0.003472222222222222, ""self_attn.v_proj"": 0.0}",-0.0013791964729273683,0.2857142857142857,304.17142857142846,True,True
llama,seqkd,5,E_ood,E_mmluPro,0.05,14,5,equal5_non_qk,True,"mlp.down_proj,mlp.gate_proj,mlp.up_proj,self_attn.o_proj,self_attn.v_proj","self_attn.q_proj,self_attn.k_proj",961.6,961.6,961.6,0.0,-0.0004189516918467989,0.0,"{""mlp.down_proj"": 1669.0, ""mlp.gate_proj"": 327.0, ""mlp.up_proj"": 1319.0, ""self_attn.o_proj"": 891.0, ""self_attn.v_proj"": 602.0}","{""mlp.down_proj"": 1668.0, ""mlp.gate_proj"": 328.0, ""mlp.up_proj"": 1320.0, ""self_attn.o_proj"": 890.0, ""self_attn.v_proj"": 602.0}","{""mlp.down_proj"": -1.0, ""mlp.gate_proj"": 1.0, ""mlp.up_proj"": 1.0, ""self_attn.o_proj"": -1.0, ""self_attn.v_proj"": 0.0}","{""mlp.down_proj"": 0.0005991611743559018, ""mlp.gate_proj"": -0.0030581039755351682, ""mlp.up_proj"": -0.000758150113722517, ""self_attn.o_proj"": 0.001122334455667789, ""self_attn.v_proj"": 0.0}",-0.0011044085320996923,0.0006854568402528934,7,equal7,True,"mlp.down_proj,mlp.gate_proj,mlp.up_proj,self_attn.k_proj,self_attn.o_proj,self_attn.q_proj,self_attn.v_proj",,717.1428571428571,717.4285714285714,717.1428571428571,-0.2857142857142857,0.002432047690084286,0.000398247710075735,"{""mlp.down_proj"": 1669.0, ""mlp.gate_proj"": 327.0, ""mlp.up_proj"": 1319.0, ""self_attn.k_proj"": 91.0, ""self_attn.o_proj"": 891.0, ""self_attn.q_proj"": 123.0, ""self_attn.v_proj"": 602.0}","{""mlp.down_proj"": 1668.0, ""mlp.gate_proj"": 328.0, ""mlp.up_proj"": 1320.0, ""self_attn.k_proj"": 90.0, ""self_attn.o_proj"": 890.0, ""self_attn.q_proj"": 122.0, ""self_attn.v_proj"": 602.0}","{""mlp.down_proj"": -1.0, ""mlp.gate_proj"": 1.0, ""mlp.up_proj"": 1.0, ""self_attn.k_proj"": -1.0, ""self_attn.o_proj"": -1.0, ""self_attn.q_proj"": -1.0, ""self_attn.v_proj"": 0.0}","{""mlp.down_proj"": 0.0005991611743559018, ""mlp.gate_proj"": -0.0030581039755351682, ""mlp.up_proj"": -0.000758150113722517, ""self_attn.k_proj"": 0.01098901098901099, ""self_attn.o_proj"": 0.001122334455667789, ""self_attn.q_proj"": 0.008130081300813009, ""self_attn.v_proj"": 0.0}",-0.0028509993819310847,0.2857142857142857,244.4571428571429,True,True
llama,seqkd,5,E_ood,E_mmluPro,0.1,14,5,equal5_non_qk,True,"mlp.down_proj,mlp.gate_proj,mlp.up_proj,self_attn.o_proj,self_attn.v_proj","self_attn.q_proj,self_attn.k_proj",630.2,630.6,630.2,-0.4,0.0007121836408422379,0.0006343165239454127,"{""mlp.down_proj"": 1213.0, ""mlp.gate_proj"": 83.0, ""mlp.up_proj"": 825.0, ""self_attn.o_proj"": 586.0, ""self_attn.v_proj"": 446.0}","{""mlp.down_proj"": 1212.0, ""mlp.gate_proj"": 83.0, ""mlp.up_proj"": 826.0, ""self_attn.o_proj"": 585.0, ""self_attn.v_proj"": 445.0}","{""mlp.down_proj"": -1.0, ""mlp.gate_proj"": 0.0, ""mlp.up_proj"": 1.0, ""self_attn.o_proj"": -1.0, ""self_attn.v_proj"": -1.0}","{""mlp.down_proj"": 0.0008244023083264633, ""mlp.gate_proj"": 0.0, ""mlp.up_proj"": -0.0012121212121212121, ""self_attn.o_proj"": 0.0017064846416382253, ""self_attn.v_proj"": 0.002242152466367713}",-0.0005201748602975387,0.0012323585011397766,7,equal7,True,"mlp.down_proj,mlp.gate_proj,mlp.up_proj,self_attn.k_proj,self_attn.o_proj,self_attn.q_proj,self_attn.v_proj",,461.57142857142856,461.85714285714283,461.57142857142856,-0.2857142857142857,0.0005087026006015985,0.0006186204763377493,"{""mlp.down_proj"": 1213.0, ""mlp.gate_proj"": 83.0, ""mlp.up_proj"": 825.0, ""self_attn.k_proj"": 39.0, ""self_attn.o_proj"": 586.0, ""self_attn.q_proj"": 41.0, ""self_attn.v_proj"": 446.0}","{""mlp.down_proj"": 1212.0, ""mlp.gate_proj"": 83.0, ""mlp.up_proj"": 826.0, ""self_attn.k_proj"": 39.0, ""self_attn.o_proj"": 585.0, ""self_attn.q_proj"": 41.0, ""self_attn.v_proj"": 445.0}","{""mlp.down_proj"": -1.0, ""mlp.gate_proj"": 0.0, ""mlp.up_proj"": 1.0, ""self_attn.k_proj"": 0.0, ""self_attn.o_proj"": -1.0, ""self_attn.q_proj"": 0.0, ""self_attn.v_proj"": -1.0}","{""mlp.down_proj"": 0.0008244023083264633, ""mlp.gate_proj"": 0.0, ""mlp.up_proj"": -0.0012121212121212121, ""self_attn.k_proj"": 0.0, ""self_attn.o_proj"": 0.0017064846416382253, ""self_attn.q_proj"": 0.0, ""self_attn.v_proj"": 0.002242152466367713}",0.00020348104024063942,-0.11428571428571432,168.6285714285715,False,True
llama,seqkd,20,E_general,E_general,0.01,14,5,equal5_non_qk,True,"mlp.down_proj,mlp.gate_proj,mlp.up_proj,self_attn.o_proj,self_attn.v_proj","self_attn.q_proj,self_attn.k_proj",1739.0,1737.8,1739.0,1.2,-0.0008399272692216818,-0.0006905282541144237,"{""mlp.down_proj"": 2529.0, ""mlp.gate_proj"": 1399.0, ""mlp.up_proj"": 2314.0, ""self_attn.o_proj"": 1584.0, ""self_attn.v_proj"": 863.0}","{""mlp.down_proj"": 2529.0, ""mlp.gate_proj"": 1400.0, ""mlp.up_proj"": 2315.0, ""self_attn.o_proj"": 1587.0, ""self_attn.v_proj"": 864.0}","{""mlp.down_proj"": 0.0, ""mlp.gate_proj"": 1.0, ""mlp.up_proj"": 1.0, ""self_attn.o_proj"": 3.0, ""self_attn.v_proj"": 1.0}","{""mlp.down_proj"": 0.0, ""mlp.gate_proj"": -0.0007147962830593281, ""mlp.up_proj"": -0.000432152117545376, ""self_attn.o_proj"": -0.001893939393939394, ""self_attn.v_proj"": -0.0011587485515643105}",-0.0008399272692216818,0.0,7,equal7,True,"mlp.down_proj,mlp.gate_proj,mlp.up_proj,self_attn.k_proj,self_attn.o_proj,self_attn.q_proj,self_attn.v_proj",,1394.0,1393.7142857142858,1394.0,0.2857142857142857,0.0005748386282327925,-0.00020500205002045357,"{""mlp.down_proj"": 2529.0, ""mlp.gate_proj"": 1399.0, ""mlp.up_proj"": 2314.0, ""self_attn.k_proj"": 375.0, ""self_attn.o_proj"": 1584.0, ""self_attn.q_proj"": 692.0, ""self_attn.v_proj"": 863.0}","{""mlp.down_proj"": 2529.0, ""mlp.gate_proj"": 1400.0, ""mlp.up_proj"": 2315.0, ""self_attn.k_proj"": 373.0, ""self_attn.o_proj"": 1587.0, ""self_attn.q_proj"": 690.0, ""self_attn.v_proj"": 864.0}","{""mlp.down_proj"": 0.0, ""mlp.gate_proj"": 1.0, ""mlp.up_proj"": 1.0, ""self_attn.k_proj"": -2.0, ""self_attn.o_proj"": 3.0, ""self_attn.q_proj"": -2.0, ""self_attn.v_proj"": 1.0}","{""mlp.down_proj"": 0.0, ""mlp.gate_proj"": -0.0007147962830593281, ""mlp.up_proj"": -0.000432152117545376, ""self_attn.k_proj"": 0.005333333333333333, ""self_attn.o_proj"": -0.001893939393939394, ""self_attn.q_proj"": 0.002890173410404624, ""self_attn.v_proj"": -0.0011587485515643105}",-0.0014147658974544744,0.9142857142857143,345.0,True,True
llama,seqkd,20,E_general,E_general,0.025,14,5,equal5_non_qk,True,"mlp.down_proj,mlp.gate_proj,mlp.up_proj,self_attn.o_proj,self_attn.v_proj","self_attn.q_proj,self_attn.k_proj",1359.2,1358.4,1359.2,0.8,-0.0005926440262808055,-0.000588928150765573,"{""mlp.down_proj"": 2167.0, ""mlp.gate_proj"": 784.0, ""mlp.up_proj"": 1852.0, ""self_attn.o_proj"": 1238.0, ""self_attn.v_proj"": 751.0}","{""mlp.down_proj"": 2167.0, ""mlp.gate_proj"": 784.0, ""mlp.up_proj"": 1853.0, ""self_attn.o_proj"": 1241.0, ""self_attn.v_proj"": 751.0}","{""mlp.down_proj"": 0.0, ""mlp.gate_proj"": 0.0, ""mlp.up_proj"": 1.0, ""self_attn.o_proj"": 3.0, ""self_attn.v_proj"": 0.0}","{""mlp.down_proj"": 0.0, ""mlp.gate_proj"": 0.0, ""mlp.up_proj"": -0.0005399568034557236, ""self_attn.o_proj"": -0.0024232633279483036, ""self_attn.v_proj"": 0.0}",-0.0005926440262808055,0.0,7,equal7,True,"mlp.down_proj,mlp.gate_proj,mlp.up_proj,self_attn.k_proj,self_attn.o_proj,self_attn.q_proj,self_attn.v_proj",,1050.7142857142858,1050.7142857142858,1050.7142857142858,0.0,0.0017383925472503736,0.0,"{""mlp.down_proj"": 2167.0, ""mlp.gate_proj"": 784.0, ""mlp.up_proj"": 1852.0, ""self_attn.k_proj"": 212.0, ""self_attn.o_proj"": 1238.0, ""self_attn.q_proj"": 351.0, ""self_attn.v_proj"": 751.0}","{""mlp.down_proj"": 2167.0, ""mlp.gate_proj"": 784.0, ""mlp.up_proj"": 1853.0, ""self_attn.k_proj"": 210.0, ""self_attn.o_proj"": 1241.0, ""self_attn.q_proj"": 349.0, ""self_attn.v_proj"": 751.0}","{""mlp.down_proj"": 0.0, ""mlp.gate_proj"": 0.0, ""mlp.up_proj"": 1.0, ""self_attn.k_proj"": -2.0, ""self_attn.o_proj"": 3.0, ""self_attn.q_proj"": -2.0, ""self_attn.v_proj"": 0.0}","{""mlp.down_proj"": 0.0, ""mlp.gate_proj"": 0.0, ""mlp.up_proj"": -0.0005399568034557236, ""self_attn.k_proj"": 0.009433962264150943, ""self_attn.o_proj"": -0.0024232633279483036, ""self_attn.q_proj"": 0.005698005698005698, ""self_attn.v_proj"": 0.0}",-0.002331036573531179,0.8,308.48571428571427,True,True
llama,seqkd,20,E_general,E_general,0.05,14,5,equal5_non_qk,True,"mlp.down_proj,mlp.gate_proj,mlp.up_proj,self_attn.o_proj,self_attn.v_proj","self_attn.q_proj,self_attn.k_proj",1034.4,1033.4,1034.4,1.0,-0.0009122169365902329,-0.0009676795045480936,"{""mlp.down_proj"": 1802.0, ""mlp.gate_proj"": 368.0, ""mlp.up_proj"": 1412.0, ""self_attn.o_proj"": 954.0, ""self_attn.v_proj"": 631.0}","{""mlp.down_proj"": 1802.0, ""mlp.gate_proj"": 368.0, ""mlp.up_proj"": 1414.0, ""self_attn.o_proj"": 957.0, ""self_attn.v_proj"": 631.0}","{""mlp.down_proj"": 0.0, ""mlp.gate_proj"": 0.0, ""mlp.up_proj"": 2.0, ""self_attn.o_proj"": 3.0, ""self_attn.v_proj"": 0.0}","{""mlp.down_proj"": 0.0, ""mlp.gate_proj"": 0.0, ""mlp.up_proj"": -0.00141643059490085, ""self_attn.o_proj"": -0.0031446540880503146, ""self_attn.v_proj"": 0.0}",-0.0009122169365902329,0.0,7,equal7,True,"mlp.down_proj,mlp.gate_proj,mlp.up_proj,self_attn.k_proj,self_attn.o_proj,self_attn.q_proj,self_attn.v_proj",,776.8571428571429,776.2857142857143,776.8571428571429,0.5714285714285714,0.00026416738961503505,-0.0007361059992638731,"{""mlp.down_proj"": 1802.0, ""mlp.gate_proj"": 368.0, ""mlp.up_proj"": 1412.0, ""self_attn.k_proj"": 111.0, ""self_attn.o_proj"": 954.0, ""self_attn.q_proj"": 156.0, ""self_attn.v_proj"": 631.0}","{""mlp.down_proj"": 1802.0, ""mlp.gate_proj"": 368.0, ""mlp.up_proj"": 1414.0, ""self_attn.k_proj"": 111.0, ""self_attn.o_proj"": 957.0, ""self_attn.q_proj"": 155.0, ""self_attn.v_proj"": 631.0}","{""mlp.down_proj"": 0.0, ""mlp.gate_proj"": 0.0, ""mlp.up_proj"": 2.0, ""self_attn.k_proj"": 0.0, ""self_attn.o_proj"": 3.0, ""self_attn.q_proj"": -1.0, ""self_attn.v_proj"": 0.0}","{""mlp.down_proj"": 0.0, ""mlp.gate_proj"": 0.0, ""mlp.up_proj"": -0.00141643059490085, ""self_attn.k_proj"": 0.0, ""self_attn.o_proj"": -0.0031446540880503146, ""self_attn.q_proj"": 0.00641025641025641, ""self_attn.v_proj"": 0.0}",-0.001176384326205268,0.4285714285714286,257.5428571428572,True,True
llama,seqkd,20,E_general,E_general,0.1,14,5,equal5_non_qk,True,"mlp.down_proj,mlp.gate_proj,mlp.up_proj,self_attn.o_proj,self_attn.v_proj","self_attn.q_proj,self_attn.k_proj",705.2,704.6,705.2,0.6,-0.0008236649968681002,-0.0008515469770082639,"{""mlp.down_proj"": 1362.0, ""mlp.gate_proj"": 100.0, ""mlp.up_proj"": 923.0, ""self_attn.o_proj"": 659.0, ""self_attn.v_proj"": 479.0}","{""mlp.down_proj"": 1362.0, ""mlp.gate_proj"": 100.0, ""mlp.up_proj"": 924.0, ""self_attn.o_proj"": 661.0, ""self_attn.v_proj"": 479.0}","{""mlp.down_proj"": 0.0, ""mlp.gate_proj"": 0.0, ""mlp.up_proj"": 1.0, ""self_attn.o_proj"": 2.0, ""self_attn.v_proj"": 0.0}","{""mlp.down_proj"": 0.0, ""mlp.gate_proj"": 0.0, ""mlp.up_proj"": -0.0010834236186348862, ""self_attn.o_proj"": -0.0030349013657056147, ""self_attn.v_proj"": 0.0}",-0.0008236649968681002,0.0,7,equal7,True,"mlp.down_proj,mlp.gate_proj,mlp.up_proj,self_attn.k_proj,self_attn.o_proj,self_attn.q_proj,self_attn.v_proj",,517.5714285714286,517.2857142857143,517.5714285714286,0.2857142857142857,0.0022688107165227856,-0.0005523336095000124,"{""mlp.down_proj"": 1362.0, ""mlp.gate_proj"": 100.0, ""mlp.up_proj"": 923.0, ""self_attn.k_proj"": 48.0, ""self_attn.o_proj"": 659.0, ""self_attn.q_proj"": 50.0, ""self_attn.v_proj"": 479.0}","{""mlp.down_proj"": 1362.0, ""mlp.gate_proj"": 100.0, ""mlp.up_proj"": 924.0, ""self_attn.k_proj"": 48.0, ""self_attn.o_proj"": 661.0, ""self_attn.q_proj"": 49.0, ""self_attn.v_proj"": 479.0}","{""mlp.down_proj"": 0.0, ""mlp.gate_proj"": 0.0, ""mlp.up_proj"": 1.0, ""self_attn.k_proj"": 0.0, ""self_attn.o_proj"": 2.0, ""self_attn.q_proj"": -1.0, ""self_attn.v_proj"": 0.0}","{""mlp.down_proj"": 0.0, ""mlp.gate_proj"": 0.0, ""mlp.up_proj"": -0.0010834236186348862, ""self_attn.k_proj"": 0.0, ""self_attn.o_proj"": -0.0030349013657056147, ""self_attn.q_proj"": 0.02, ""self_attn.v_proj"": 0.0}",-0.0030924757133908858,0.3142857142857143,187.6285714285715,True,True
llama,seqkd,20,E_if,E_ifeval,0.01,14,5,equal5_non_qk,True,"mlp.down_proj,mlp.gate_proj,mlp.up_proj,self_attn.o_proj,self_attn.v_proj","self_attn.q_proj,self_attn.k_proj",1645.4,1652.8,1645.4,-7.4,0.004442149612221592,0.004477250726040576,"{""mlp.down_proj"": 2435.0, ""mlp.gate_proj"": 1309.0, ""mlp.up_proj"": 2178.0, ""self_attn.o_proj"": 1511.0, ""self_attn.v_proj"": 831.0}","{""mlp.down_proj"": 2424.0, ""mlp.gate_proj"": 1295.0, ""mlp.up_proj"": 2168.0, ""self_attn.o_proj"": 1511.0, ""self_attn.v_proj"": 829.0}","{""mlp.down_proj"": -11.0, ""mlp.gate_proj"": -14.0, ""mlp.up_proj"": -10.0, ""self_attn.o_proj"": 0.0, ""self_attn.v_proj"": -2.0}","{""mlp.down_proj"": 0.004517453798767967, ""mlp.gate_proj"": 0.0106951871657754, ""mlp.up_proj"": 0.004591368227731864, ""self_attn.o_proj"": 0.0, ""self_attn.v_proj"": 0.0024067388688327317}",-0.0008399272692216818,0.005282076881443274,7,equal7,True,"mlp.down_proj,mlp.gate_proj,mlp.up_proj,self_attn.k_proj,self_attn.o_proj,self_attn.q_proj,self_attn.v_proj",,1312.5714285714287,1319.857142857143,1312.5714285714287,-7.285714285714286,0.007096852404667795,0.0055200779305119105,"{""mlp.down_proj"": 2435.0, ""mlp.gate_proj"": 1309.0, ""mlp.up_proj"": 2178.0, ""self_attn.k_proj"": 345.0, ""self_attn.o_proj"": 1511.0, ""self_attn.q_proj"": 630.0, ""self_attn.v_proj"": 831.0}","{""mlp.down_proj"": 2424.0, ""mlp.gate_proj"": 1295.0, ""mlp.up_proj"": 2168.0, ""self_attn.k_proj"": 341.0, ""self_attn.o_proj"": 1511.0, ""self_attn.q_proj"": 620.0, ""self_attn.v_proj"": 829.0}","{""mlp.down_proj"": -11.0, ""mlp.gate_proj"": -14.0, ""mlp.up_proj"": -10.0, ""self_attn.k_proj"": -4.0, ""self_attn.o_proj"": 0.0, ""self_attn.q_proj"": -10.0, ""self_attn.v_proj"": -2.0}","{""mlp.down_proj"": 0.004517453798767967, ""mlp.gate_proj"": 0.0106951871657754, ""mlp.up_proj"": 0.004591368227731864, ""self_attn.k_proj"": 0.011594202898550725, ""self_attn.o_proj"": 0.0, ""self_attn.q_proj"": 0.015873015873015872, ""self_attn.v_proj"": 0.0024067388688327317}",-0.0026547027924462025,-0.11428571428571477,332.8285714285714,False,True
llama,seqkd,20,E_if,E_ifeval,0.025,14,5,equal5_non_qk,True,"mlp.down_proj,mlp.gate_proj,mlp.up_proj,self_attn.o_proj,self_attn.v_proj","self_attn.q_proj,self_attn.k_proj",1245.4,1254.0,1245.4,-8.6,0.007323218325053331,0.006858054226475206,"{""mlp.down_proj"": 2031.0, ""mlp.gate_proj"": 709.0, ""mlp.up_proj"": 1670.0, ""self_attn.o_proj"": 1157.0, ""self_attn.v_proj"": 703.0}","{""mlp.down_proj"": 2016.0, ""mlp.gate_proj"": 696.0, ""mlp.up_proj"": 1658.0, ""self_attn.o_proj"": 1156.0, ""self_attn.v_proj"": 701.0}","{""mlp.down_proj"": -15.0, ""mlp.gate_proj"": -13.0, ""mlp.up_proj"": -12.0, ""self_attn.o_proj"": -1.0, ""self_attn.v_proj"": -2.0}","{""mlp.down_proj"": 0.007385524372230428, ""mlp.gate_proj"": 0.018335684062059238, ""mlp.up_proj"": 0.00718562874251497, ""self_attn.o_proj"": 0.000864304235090752, ""self_attn.v_proj"": 0.002844950213371266}",-0.0005926440262808055,0.007915862351334136,7,equal7,True,"mlp.down_proj,mlp.gate_proj,mlp.up_proj,self_attn.k_proj,self_attn.o_proj,self_attn.q_proj,self_attn.v_proj",,959.2857142857143,966.7142857142857,959.2857142857143,-7.428571428571429,0.009986873025779283,0.007684350524604599,"{""mlp.down_proj"": 2031.0, ""mlp.gate_proj"": 709.0, ""mlp.up_proj"": 1670.0, ""self_attn.k_proj"": 188.0, ""self_attn.o_proj"": 1157.0, ""self_attn.q_proj"": 309.0, ""self_attn.v_proj"": 703.0}","{""mlp.down_proj"": 2016.0, ""mlp.gate_proj"": 696.0, ""mlp.up_proj"": 1658.0, ""self_attn.k_proj"": 186.0, ""self_attn.o_proj"": 1156.0, ""self_attn.q_proj"": 302.0, ""self_attn.v_proj"": 701.0}","{""mlp.down_proj"": -15.0, ""mlp.gate_proj"": -13.0, ""mlp.up_proj"": -12.0, ""self_attn.k_proj"": -2.0, ""self_attn.o_proj"": -1.0, ""self_attn.q_proj"": -7.0, ""self_attn.v_proj"": -2.0}","{""mlp.down_proj"": 0.007385524372230428, ""mlp.gate_proj"": 0.018335684062059238, ""mlp.up_proj"": 0.00718562874251497, ""self_attn.k_proj"": 0.010638297872340425, ""self_attn.o_proj"": 0.000864304235090752, ""self_attn.q_proj"": 0.022653721682847898, ""self_attn.v_proj"": 0.002844950213371266}",-0.0026636547007259526,-1.1714285714285708,286.11428571428576,False,True
llama,seqkd,20,E_if,E_ifeval,0.05,14,5,equal5_non_qk,True,"mlp.down_proj,mlp.gate_proj,mlp.up_proj,self_attn.o_proj,self_attn.v_proj","self_attn.q_proj,self_attn.k_proj",912.4,921.2,912.4,-8.8,0.01123685687258851,0.009552757273122088,"{""mlp.down_proj"": 1632.0, ""mlp.gate_proj"": 328.0, ""mlp.up_proj"": 1207.0, ""self_attn.o_proj"": 868.0, ""self_attn.v_proj"": 571.0}","{""mlp.down_proj"": 1615.0, ""mlp.gate_proj"": 319.0, ""mlp.up_proj"": 1194.0, ""self_attn.o_proj"": 866.0, ""self_attn.v_proj"": 568.0}","{""mlp.down_proj"": -17.0, ""mlp.gate_proj"": -9.0, ""mlp.up_proj"": -13.0, ""self_attn.o_proj"": -2.0, ""self_attn.v_proj"": -3.0}","{""mlp.down_proj"": 0.010416666666666666, ""mlp.gate_proj"": 0.027439024390243903, ""mlp.up_proj"": 0.010770505385252692, ""self_attn.o_proj"": 0.002304147465437788, ""self_attn.v_proj"": 0.005253940455341506}",-0.0009122169365902329,0.012149073809178743,7,equal7,True,"mlp.down_proj,mlp.gate_proj,mlp.up_proj,self_attn.k_proj,self_attn.o_proj,self_attn.q_proj,self_attn.v_proj",,684.2857142857143,691.2857142857143,684.2857142857143,-7.0,0.014116381407210127,0.010126059103120479,"{""mlp.down_proj"": 1632.0, ""mlp.gate_proj"": 328.0, ""mlp.up_proj"": 1207.0, ""self_attn.k_proj"": 98.0, ""self_attn.o_proj"": 868.0, ""self_attn.q_proj"": 135.0, ""self_attn.v_proj"": 571.0}","{""mlp.down_proj"": 1615.0, ""mlp.gate_proj"": 319.0, ""mlp.up_proj"": 1194.0, ""self_attn.k_proj"": 96.0, ""self_attn.o_proj"": 866.0, ""self_attn.q_proj"": 132.0, ""self_attn.v_proj"": 568.0}","{""mlp.down_proj"": -17.0, ""mlp.gate_proj"": -9.0, ""mlp.up_proj"": -13.0, ""self_attn.k_proj"": -2.0, ""self_attn.o_proj"": -2.0, ""self_attn.q_proj"": -3.0, ""self_attn.v_proj"": -3.0}","{""mlp.down_proj"": 0.010416666666666666, ""mlp.gate_proj"": 0.027439024390243903, ""mlp.up_proj"": 0.010770505385252692, ""self_attn.k_proj"": 0.02040816326530612, ""self_attn.o_proj"": 0.002304147465437788, ""self_attn.q_proj"": 0.022222222222222223, ""self_attn.v_proj"": 0.005253940455341506}",-0.0028795245346216174,-1.8000000000000007,228.11428571428564,False,True
llama,seqkd,20,E_if,E_ifeval,0.1,14,5,equal5_non_qk,True,"mlp.down_proj,mlp.gate_proj,mlp.up_proj,self_attn.o_proj,self_attn.v_proj","self_attn.q_proj,self_attn.k_proj",585.2,592.8,585.2,-7.6,0.01642460447166514,0.012820512820512667,"{""mlp.down_proj"": 1166.0, ""mlp.gate_proj"": 96.0, ""mlp.up_proj"": 722.0, ""self_attn.o_proj"": 572.0, ""self_attn.v_proj"": 408.0}","{""mlp.down_proj"": 1148.0, ""mlp.gate_proj"": 92.0, ""mlp.up_proj"": 710.0, ""self_attn.o_proj"": 570.0, ""self_attn.v_proj"": 406.0}","{""mlp.down_proj"": -18.0, ""mlp.gate_proj"": -4.0, ""mlp.up_proj"": -12.0, ""self_attn.o_proj"": -2.0, ""self_attn.v_proj"": -2.0}","{""mlp.down_proj"": 0.015437392795883362, ""mlp.gate_proj"": 0.041666666666666664, ""mlp.up_proj"": 0.01662049861495845, ""self_attn.o_proj"": 0.0034965034965034965, ""self_attn.v_proj"": 0.004901960784313725}",-0.0008236649968681002,0.01724826946853324,7,equal7,True,"mlp.down_proj,mlp.gate_proj,mlp.up_proj,self_attn.k_proj,self_attn.o_proj,self_attn.q_proj,self_attn.v_proj",,430.14285714285717,435.7142857142857,430.14285714285717,-5.571428571428571,0.01497861358365692,0.012786885245901602,"{""mlp.down_proj"": 1166.0, ""mlp.gate_proj"": 96.0, ""mlp.up_proj"": 722.0, ""self_attn.k_proj"": 42.0, ""self_attn.o_proj"": 572.0, ""self_attn.q_proj"": 44.0, ""self_attn.v_proj"": 408.0}","{""mlp.down_proj"": 1148.0, ""mlp.gate_proj"": 92.0, ""mlp.up_proj"": 710.0, ""self_attn.k_proj"": 42.0, ""self_attn.o_proj"": 570.0, ""self_attn.q_proj"": 43.0, ""self_attn.v_proj"": 406.0}","{""mlp.down_proj"": -18.0, ""mlp.gate_proj"": -4.0, ""mlp.up_proj"": -12.0, ""self_attn.k_proj"": 0.0, ""self_attn.o_proj"": -2.0, ""self_attn.q_proj"": -1.0, ""self_attn.v_proj"": -2.0}","{""mlp.down_proj"": 0.015437392795883362, ""mlp.gate_proj"": 0.041666666666666664, ""mlp.up_proj"": 0.01662049861495845, ""self_attn.k_proj"": 0.0, ""self_attn.o_proj"": 0.0034965034965034965, ""self_attn.q_proj"": 0.022727272727272728, ""self_attn.v_proj"": 0.004901960784313725}",0.0014459908880082202,-2.0285714285714285,155.05714285714288,False,True
llama,seqkd,20,E_math,E_mathHeld,0.01,14,5,equal5_non_qk,True,"mlp.down_proj,mlp.gate_proj,mlp.up_proj,self_attn.o_proj,self_attn.v_proj","self_attn.q_proj,self_attn.k_proj",851.2,851.6,851.2,-0.4,0.0004136455759058619,0.0004697040864255252,"{""mlp.down_proj"": 1162.0, ""mlp.gate_proj"": 587.0, ""mlp.up_proj"": 1022.0, ""self_attn.o_proj"": 828.0, ""self_attn.v_proj"": 659.0}","{""mlp.down_proj"": 1160.0, ""mlp.gate_proj"": 586.0, ""mlp.up_proj"": 1020.0, ""self_attn.o_proj"": 832.0, ""self_attn.v_proj"": 658.0}","{""mlp.down_proj"": -2.0, ""mlp.gate_proj"": -1.0, ""mlp.up_proj"": -2.0, ""self_attn.o_proj"": 4.0, ""self_attn.v_proj"": -1.0}","{""mlp.down_proj"": 0.0017211703958691911, ""mlp.gate_proj"": 0.0017035775127768314, ""mlp.up_proj"": 0.0019569471624266144, ""self_attn.o_proj"": -0.004830917874396135, ""self_attn.v_proj"": 0.0015174506828528073}",-0.0008399272692216818,0.0012535728451275436,7,equal7,True,"mlp.down_proj,mlp.gate_proj,mlp.up_proj,self_attn.k_proj,self_attn.o_proj,self_attn.q_proj,self_attn.v_proj",,700.8571428571429,701.7142857142857,700.8571428571429,-0.8571428571428571,0.0019347347884929064,0.0012214983713353892,"{""mlp.down_proj"": 1162.0, ""mlp.gate_proj"": 587.0, ""mlp.up_proj"": 1022.0, ""self_attn.k_proj"": 263.0, ""self_attn.o_proj"": 828.0, ""self_attn.q_proj"": 391.0, ""self_attn.v_proj"": 659.0}","{""mlp.down_proj"": 1160.0, ""mlp.gate_proj"": 586.0, ""mlp.up_proj"": 1020.0, ""self_attn.k_proj"": 262.0, ""self_attn.o_proj"": 832.0, ""self_attn.q_proj"": 388.0, ""self_attn.v_proj"": 658.0}","{""mlp.down_proj"": -2.0, ""mlp.gate_proj"": -1.0, ""mlp.up_proj"": -2.0, ""self_attn.k_proj"": -1.0, ""self_attn.o_proj"": 4.0, ""self_attn.q_proj"": -3.0, ""self_attn.v_proj"": -1.0}","{""mlp.down_proj"": 0.0017211703958691911, ""mlp.gate_proj"": 0.0017035775127768314, ""mlp.up_proj"": 0.0019569471624266144, ""self_attn.k_proj"": 0.0038022813688212928, ""self_attn.o_proj"": -0.004830917874396135, ""self_attn.q_proj"": 0.0076726342710997444, ""self_attn.v_proj"": 0.0015174506828528073}",-0.0015210892125870445,0.4571428571428571,150.34285714285716,False,True
llama,seqkd,20,E_math,E_mathHeld,0.025,14,5,equal5_non_qk,True,"mlp.down_proj,mlp.gate_proj,mlp.up_proj,self_attn.o_proj,self_attn.v_proj","self_attn.q_proj,self_attn.k_proj",621.6,621.6,621.6,0.0,8.06892181226624e-06,0.0,"{""mlp.down_proj"": 912.0, ""mlp.gate_proj"": 322.0, ""mlp.up_proj"": 751.0, ""self_attn.o_proj"": 607.0, ""self_attn.v_proj"": 516.0}","{""mlp.down_proj"": 910.0, ""mlp.gate_proj"": 321.0, ""mlp.up_proj"": 750.0, ""self_attn.o_proj"": 611.0, ""self_attn.v_proj"": 516.0}","{""mlp.down_proj"": -2.0, ""mlp.gate_proj"": -1.0, ""mlp.up_proj"": -1.0, ""self_attn.o_proj"": 4.0, ""self_attn.v_proj"": 0.0}","{""mlp.down_proj"": 0.0021929824561403508, ""mlp.gate_proj"": 0.003105590062111801, ""mlp.up_proj"": 0.0013315579227696406, ""self_attn.o_proj"": -0.006589785831960461, ""self_attn.v_proj"": 0.0}",-0.0005926440262808055,0.0006007129480930717,7,equal7,True,"mlp.down_proj,mlp.gate_proj,mlp.up_proj,self_attn.k_proj,self_attn.o_proj,self_attn.q_proj,self_attn.v_proj",,494.85714285714283,495.14285714285717,494.85714285714283,-0.2857142857142857,0.0013793898892065638,0.0005770340450087539,"{""mlp.down_proj"": 912.0, ""mlp.gate_proj"": 322.0, ""mlp.up_proj"": 751.0, ""self_attn.k_proj"": 150.0, ""self_attn.o_proj"": 607.0, ""self_attn.q_proj"": 208.0, ""self_attn.v_proj"": 516.0}","{""mlp.down_proj"": 910.0, ""mlp.gate_proj"": 321.0, ""mlp.up_proj"": 750.0, ""self_attn.k_proj"": 150.0, ""self_attn.o_proj"": 611.0, ""self_attn.q_proj"": 206.0, ""self_attn.v_proj"": 516.0}","{""mlp.down_proj"": -2.0, ""mlp.gate_proj"": -1.0, ""mlp.up_proj"": -1.0, ""self_attn.k_proj"": 0.0, ""self_attn.o_proj"": 4.0, ""self_attn.q_proj"": -2.0, ""self_attn.v_proj"": 0.0}","{""mlp.down_proj"": 0.0021929824561403508, ""mlp.gate_proj"": 0.003105590062111801, ""mlp.up_proj"": 0.0013315579227696406, ""self_attn.k_proj"": 0.0, ""self_attn.o_proj"": -0.006589785831960461, ""self_attn.q_proj"": 0.009615384615384616, ""self_attn.v_proj"": 0.0}",-0.0013713209673942976,0.2857142857142857,126.74285714285719,False,True
llama,seqkd,20,E_math,E_mathHeld,0.05,14,5,equal5_non_qk,True,"mlp.down_proj,mlp.gate_proj,mlp.up_proj,self_attn.o_proj,self_attn.v_proj","self_attn.q_proj,self_attn.k_proj",446.4,446.2,446.4,0.2,2.2377237309148013e-05,-0.0004482294935006469,"{""mlp.down_proj"": 701.0, ""mlp.gate_proj"": 158.0, ""mlp.up_proj"": 534.0, ""self_attn.o_proj"": 441.0, ""self_attn.v_proj"": 397.0}","{""mlp.down_proj"": 699.0, ""mlp.gate_proj"": 157.0, ""mlp.up_proj"": 534.0, ""self_attn.o_proj"": 445.0, ""self_attn.v_proj"": 397.0}","{""mlp.down_proj"": -2.0, ""mlp.gate_proj"": -1.0, ""mlp.up_proj"": 0.0, ""self_attn.o_proj"": 4.0, ""self_attn.v_proj"": 0.0}","{""mlp.down_proj"": 0.0028530670470756064, ""mlp.gate_proj"": 0.006329113924050633, ""mlp.up_proj"": 0.0, ""self_attn.o_proj"": -0.009070294784580499, ""self_attn.v_proj"": 0.0}",-0.0009122169365902329,0.0009345941738993809,7,equal7,True,"mlp.down_proj,mlp.gate_proj,mlp.up_proj,self_attn.k_proj,self_attn.o_proj,self_attn.q_proj,self_attn.v_proj",,345.14285714285717,345.42857142857144,345.14285714285717,-0.2857142857142857,0.00449058911706614,0.0008271298593879004,"{""mlp.down_proj"": 701.0, ""mlp.gate_proj"": 158.0, ""mlp.up_proj"": 534.0, ""self_attn.k_proj"": 84.0, ""self_attn.o_proj"": 441.0, ""self_attn.q_proj"": 103.0, ""self_attn.v_proj"": 397.0}","{""mlp.down_proj"": 699.0, ""mlp.gate_proj"": 157.0, ""mlp.up_proj"": 534.0, ""self_attn.k_proj"": 83.0, ""self_attn.o_proj"": 445.0, ""self_attn.q_proj"": 101.0, ""self_attn.v_proj"": 397.0}","{""mlp.down_proj"": -2.0, ""mlp.gate_proj"": -1.0, ""mlp.up_proj"": 0.0, ""self_attn.k_proj"": -1.0, ""self_attn.o_proj"": 4.0, ""self_attn.q_proj"": -2.0, ""self_attn.v_proj"": 0.0}","{""mlp.down_proj"": 0.0028530670470756064, ""mlp.gate_proj"": 0.006329113924050633, ""mlp.up_proj"": 0.0, ""self_attn.k_proj"": 0.011904761904761904, ""self_attn.o_proj"": -0.009070294784580499, ""self_attn.q_proj"": 0.019417475728155338, ""self_attn.v_proj"": 0.0}",-0.004468211879756993,0.4857142857142857,101.25714285714281,False,True
llama,seqkd,20,E_math,E_mathHeld,0.1,14,5,equal5_non_qk,True,"mlp.down_proj,mlp.gate_proj,mlp.up_proj,self_attn.o_proj,self_attn.v_proj","self_attn.q_proj,self_attn.k_proj",283.4,283.2,283.4,0.2,0.0023978092301073666,-0.0007062146892654966,"{""mlp.down_proj"": 483.0, ""mlp.gate_proj"": 49.0, ""mlp.up_proj"": 325.0, ""self_attn.o_proj"": 286.0, ""self_attn.v_proj"": 273.0}","{""mlp.down_proj"": 482.0, ""mlp.gate_proj"": 48.0, ""mlp.up_proj"": 325.0, ""self_attn.o_proj"": 289.0, ""self_attn.v_proj"": 273.0}","{""mlp.down_proj"": -1.0, ""mlp.gate_proj"": -1.0, ""mlp.up_proj"": 0.0, ""self_attn.o_proj"": 3.0, ""self_attn.v_proj"": 0.0}","{""mlp.down_proj"": 0.002070393374741201, ""mlp.gate_proj"": 0.02040816326530612, ""mlp.up_proj"": 0.0, ""self_attn.o_proj"": -0.01048951048951049, ""self_attn.v_proj"": 0.0}",-0.0008236649968681002,0.003221474226975467,7,equal7,True,"mlp.down_proj,mlp.gate_proj,mlp.up_proj,self_attn.k_proj,self_attn.o_proj,self_attn.q_proj,self_attn.v_proj",,213.28571428571428,213.14285714285714,213.28571428571428,0.14285714285714285,0.001712720878648119,-0.0006702412868632517,"{""mlp.down_proj"": 483.0, ""mlp.gate_proj"": 49.0, ""mlp.up_proj"": 325.0, ""self_attn.k_proj"": 38.0, ""self_attn.o_proj"": 286.0, ""self_attn.q_proj"": 38.0, ""self_attn.v_proj"": 273.0}","{""mlp.down_proj"": 482.0, ""mlp.gate_proj"": 48.0, ""mlp.up_proj"": 325.0, ""self_attn.k_proj"": 38.0, ""self_attn.o_proj"": 289.0, ""self_attn.q_proj"": 38.0, ""self_attn.v_proj"": 273.0}","{""mlp.down_proj"": -1.0, ""mlp.gate_proj"": -1.0, ""mlp.up_proj"": 0.0, ""self_attn.k_proj"": 0.0, ""self_attn.o_proj"": 3.0, ""self_attn.q_proj"": 0.0, ""self_attn.v_proj"": 0.0}","{""mlp.down_proj"": 0.002070393374741201, ""mlp.gate_proj"": 0.02040816326530612, ""mlp.up_proj"": 0.0, ""self_attn.k_proj"": 0.0, ""self_attn.o_proj"": -0.01048951048951049, ""self_attn.q_proj"": 0.0, ""self_attn.v_proj"": 0.0}",0.0006850883514592477,0.05714285714285716,70.1142857142857,False,True
llama,seqkd,20,E_ood,E_mmluPro,0.01,14,5,equal5_non_qk,True,"mlp.down_proj,mlp.gate_proj,mlp.up_proj,self_attn.o_proj,self_attn.v_proj","self_attn.q_proj,self_attn.k_proj",1693.4,1694.2,1693.4,-0.8,0.00035928294464025284,0.0004721992680911076,"{""mlp.down_proj"": 2452.0, ""mlp.gate_proj"": 1352.0, ""mlp.up_proj"": 2263.0, ""self_attn.o_proj"": 1556.0, ""self_attn.v_proj"": 848.0}","{""mlp.down_proj"": 2450.0, ""mlp.gate_proj"": 1351.0, ""mlp.up_proj"": 2261.0, ""self_attn.o_proj"": 1557.0, ""self_attn.v_proj"": 848.0}","{""mlp.down_proj"": -2.0, ""mlp.gate_proj"": -1.0, ""mlp.up_proj"": -2.0, ""self_attn.o_proj"": 1.0, ""self_attn.v_proj"": 0.0}","{""mlp.down_proj"": 0.0008156606851549756, ""mlp.gate_proj"": 0.0007396449704142012, ""mlp.up_proj"": 0.0008837825894829872, ""self_attn.o_proj"": -0.0006426735218508997, ""self_attn.v_proj"": 0.0}",-0.0008399272692216818,0.0011992102138619347,7,equal7,True,"mlp.down_proj,mlp.gate_proj,mlp.up_proj,self_attn.k_proj,self_attn.o_proj,self_attn.q_proj,self_attn.v_proj",,1341.857142857143,1343.5714285714287,1341.857142857143,-1.7142857142857142,0.002735961827925479,0.001275917065390798,"{""mlp.down_proj"": 2452.0, ""mlp.gate_proj"": 1352.0, ""mlp.up_proj"": 2263.0, ""self_attn.k_proj"": 331.0, ""self_attn.o_proj"": 1556.0, ""self_attn.q_proj"": 603.0, ""self_attn.v_proj"": 848.0}","{""mlp.down_proj"": 2450.0, ""mlp.gate_proj"": 1351.0, ""mlp.up_proj"": 2261.0, ""self_attn.k_proj"": 328.0, ""self_attn.o_proj"": 1557.0, ""self_attn.q_proj"": 598.0, ""self_attn.v_proj"": 848.0}","{""mlp.down_proj"": -2.0, ""mlp.gate_proj"": -1.0, ""mlp.up_proj"": -2.0, ""self_attn.k_proj"": -3.0, ""self_attn.o_proj"": 1.0, ""self_attn.q_proj"": -5.0, ""self_attn.v_proj"": 0.0}","{""mlp.down_proj"": 0.0008156606851549756, ""mlp.gate_proj"": 0.0007396449704142012, ""mlp.up_proj"": 0.0008837825894829872, ""self_attn.k_proj"": 0.00906344410876133, ""self_attn.o_proj"": -0.0006426735218508997, ""self_attn.q_proj"": 0.008291873963515755, ""self_attn.v_proj"": 0.0}",-0.002376678883285226,0.9142857142857141,351.5428571428572,False,True
llama,seqkd,20,E_ood,E_mmluPro,0.025,14,5,equal5_non_qk,True,"mlp.down_proj,mlp.gate_proj,mlp.up_proj,self_attn.o_proj,self_attn.v_proj","self_attn.q_proj,self_attn.k_proj",1295.2,1296.6,1295.2,-1.4,0.0010652203881232145,0.0010797470306955605,"{""mlp.down_proj"": 2058.0, ""mlp.gate_proj"": 731.0, ""mlp.up_proj"": 1775.0, ""self_attn.o_proj"": 1191.0, ""self_attn.v_proj"": 728.0}","{""mlp.down_proj"": 2055.0, ""mlp.gate_proj"": 730.0, ""mlp.up_proj"": 1773.0, ""self_attn.o_proj"": 1191.0, ""self_attn.v_proj"": 727.0}","{""mlp.down_proj"": -3.0, ""mlp.gate_proj"": -1.0, ""mlp.up_proj"": -2.0, ""self_attn.o_proj"": 0.0, ""self_attn.v_proj"": -1.0}","{""mlp.down_proj"": 0.0014577259475218659, ""mlp.gate_proj"": 0.0013679890560875513, ""mlp.up_proj"": 0.0011267605633802818, ""self_attn.o_proj"": 0.0, ""self_attn.v_proj"": 0.0013736263736263737}",-0.0005926440262808055,0.00165786441440402,7,equal7,True,"mlp.down_proj,mlp.gate_proj,mlp.up_proj,self_attn.k_proj,self_attn.o_proj,self_attn.q_proj,self_attn.v_proj",,991.0,992.7142857142857,991.0,-1.7142857142857142,0.0038541033804946443,0.0017268671751330636,"{""mlp.down_proj"": 2058.0, ""mlp.gate_proj"": 731.0, ""mlp.up_proj"": 1775.0, ""self_attn.k_proj"": 178.0, ""self_attn.o_proj"": 1191.0, ""self_attn.q_proj"": 288.0, ""self_attn.v_proj"": 728.0}","{""mlp.down_proj"": 2055.0, ""mlp.gate_proj"": 730.0, ""mlp.up_proj"": 1773.0, ""self_attn.k_proj"": 176.0, ""self_attn.o_proj"": 1191.0, ""self_attn.q_proj"": 285.0, ""self_attn.v_proj"": 727.0}","{""mlp.down_proj"": -3.0, ""mlp.gate_proj"": -1.0, ""mlp.up_proj"": -2.0, ""self_attn.k_proj"": -2.0, ""self_attn.o_proj"": 0.0, ""self_attn.q_proj"": -3.0, ""self_attn.v_proj"": -1.0}","{""mlp.down_proj"": 0.0014577259475218659, ""mlp.gate_proj"": 0.0013679890560875513, ""mlp.up_proj"": 0.0011267605633802818, ""self_attn.k_proj"": 0.011235955056179775, ""self_attn.o_proj"": 0.0, ""self_attn.q_proj"": 0.010416666666666666, ""self_attn.v_proj"": 0.0013736263736263737}",-0.0027888829923714297,0.3142857142857143,304.20000000000005,False,True
llama,seqkd,20,E_ood,E_mmluPro,0.05,14,5,equal5_non_qk,True,"mlp.down_proj,mlp.gate_proj,mlp.up_proj,self_attn.o_proj,self_attn.v_proj","self_attn.q_proj,self_attn.k_proj",960.2,961.6,960.2,-1.4,0.001394209780080762,0.0014559068219633707,"{""mlp.down_proj"": 1669.0, ""mlp.gate_proj"": 327.0, ""mlp.up_proj"": 1319.0, ""self_attn.o_proj"": 891.0, ""self_attn.v_proj"": 602.0}","{""mlp.down_proj"": 1665.0, ""mlp.gate_proj"": 326.0, ""mlp.up_proj"": 1317.0, ""self_attn.o_proj"": 891.0, ""self_attn.v_proj"": 602.0}","{""mlp.down_proj"": -4.0, ""mlp.gate_proj"": -1.0, ""mlp.up_proj"": -2.0, ""self_attn.o_proj"": 0.0, ""self_attn.v_proj"": 0.0}","{""mlp.down_proj"": 0.002396644697423607, ""mlp.gate_proj"": 0.0030581039755351682, ""mlp.up_proj"": 0.001516300227445034, ""self_attn.o_proj"": 0.0, ""self_attn.v_proj"": 0.0}",-0.0009122169365902329,0.0023064267166709946,7,equal7,True,"mlp.down_proj,mlp.gate_proj,mlp.up_proj,self_attn.k_proj,self_attn.o_proj,self_attn.q_proj,self_attn.v_proj",,716.0,717.4285714285714,716.0,-1.4285714285714286,0.004888603213005832,0.001991238550378358,"{""mlp.down_proj"": 1669.0, ""mlp.gate_proj"": 327.0, ""mlp.up_proj"": 1319.0, ""self_attn.k_proj"": 91.0, ""self_attn.o_proj"": 891.0, ""self_attn.q_proj"": 123.0, ""self_attn.v_proj"": 602.0}","{""mlp.down_proj"": 1665.0, ""mlp.gate_proj"": 326.0, ""mlp.up_proj"": 1317.0, ""self_attn.k_proj"": 90.0, ""self_attn.o_proj"": 891.0, ""self_attn.q_proj"": 121.0, ""self_attn.v_proj"": 602.0}","{""mlp.down_proj"": -4.0, ""mlp.gate_proj"": -1.0, ""mlp.up_proj"": -2.0, ""self_attn.k_proj"": -1.0, ""self_attn.o_proj"": 0.0, ""self_attn.q_proj"": -2.0, ""self_attn.v_proj"": 0.0}","{""mlp.down_proj"": 0.002396644697423607, ""mlp.gate_proj"": 0.0030581039755351682, ""mlp.up_proj"": 0.001516300227445034, ""self_attn.k_proj"": 0.01098901098901099, ""self_attn.o_proj"": 0.0, ""self_attn.q_proj"": 0.016260162601626018, ""self_attn.v_proj"": 0.0}",-0.00349439343292507,0.028571428571428692,244.20000000000005,False,True
llama,seqkd,20,E_ood,E_mmluPro,0.1,14,5,equal5_non_qk,True,"mlp.down_proj,mlp.gate_proj,mlp.up_proj,self_attn.o_proj,self_attn.v_proj","self_attn.q_proj,self_attn.k_proj",629.2,630.6,629.2,-1.4,0.0037600151365758234,0.0022201078338090346,"{""mlp.down_proj"": 1213.0, ""mlp.gate_proj"": 83.0, ""mlp.up_proj"": 825.0, ""self_attn.o_proj"": 586.0, ""self_attn.v_proj"": 446.0}","{""mlp.down_proj"": 1209.0, ""mlp.gate_proj"": 82.0, ""mlp.up_proj"": 824.0, ""self_attn.o_proj"": 586.0, ""self_attn.v_proj"": 445.0}","{""mlp.down_proj"": -4.0, ""mlp.gate_proj"": -1.0, ""mlp.up_proj"": -1.0, ""self_attn.o_proj"": 0.0, ""self_attn.v_proj"": -1.0}","{""mlp.down_proj"": 0.0032976092333058533, ""mlp.gate_proj"": 0.012048192771084338, ""mlp.up_proj"": 0.0012121212121212121, ""self_attn.o_proj"": 0.0, ""self_attn.v_proj"": 0.002242152466367713}",-0.0008236649968681002,0.004583680133443924,7,equal7,True,"mlp.down_proj,mlp.gate_proj,mlp.up_proj,self_attn.k_proj,self_attn.o_proj,self_attn.q_proj,self_attn.v_proj",,460.7142857142857,461.85714285714283,460.7142857142857,-1.1428571428571428,0.006170045655045448,0.002474481905350997,"{""mlp.down_proj"": 1213.0, ""mlp.gate_proj"": 83.0, ""mlp.up_proj"": 825.0, ""self_attn.k_proj"": 39.0, ""self_attn.o_proj"": 586.0, ""self_attn.q_proj"": 41.0, ""self_attn.v_proj"": 446.0}","{""mlp.down_proj"": 1209.0, ""mlp.gate_proj"": 82.0, ""mlp.up_proj"": 824.0, ""self_attn.k_proj"": 39.0, ""self_attn.o_proj"": 586.0, ""self_attn.q_proj"": 40.0, ""self_attn.v_proj"": 445.0}","{""mlp.down_proj"": -4.0, ""mlp.gate_proj"": -1.0, ""mlp.up_proj"": -1.0, ""self_attn.k_proj"": 0.0, ""self_attn.o_proj"": 0.0, ""self_attn.q_proj"": -1.0, ""self_attn.v_proj"": -1.0}","{""mlp.down_proj"": 0.0032976092333058533, ""mlp.gate_proj"": 0.012048192771084338, ""mlp.up_proj"": 0.0012121212121212121, ""self_attn.k_proj"": 0.0, ""self_attn.o_proj"": 0.0, ""self_attn.q_proj"": 0.024390243902439025, ""self_attn.v_proj"": 0.002242152466367713}",-0.002410030518469625,-0.2571428571428571,168.48571428571432,False,True
llama,seqkd,40,E_general,E_general,0.01,14,5,equal5_non_qk,True,"mlp.down_proj,mlp.gate_proj,mlp.up_proj,self_attn.o_proj,self_attn.v_proj","self_attn.q_proj,self_attn.k_proj",1739.0,1737.8,1739.0,1.2,-0.000806534008523203,-0.0006905282541144237,"{""mlp.down_proj"": 2529.0, ""mlp.gate_proj"": 1399.0, ""mlp.up_proj"": 2314.0, ""self_attn.o_proj"": 1584.0, ""self_attn.v_proj"": 863.0}","{""mlp.down_proj"": 2529.0, ""mlp.gate_proj"": 1398.0, ""mlp.up_proj"": 2315.0, ""self_attn.o_proj"": 1589.0, ""self_attn.v_proj"": 864.0}","{""mlp.down_proj"": 0.0, ""mlp.gate_proj"": -1.0, ""mlp.up_proj"": 1.0, ""self_attn.o_proj"": 5.0, ""self_attn.v_proj"": 1.0}","{""mlp.down_proj"": 0.0, ""mlp.gate_proj"": 0.0007147962830593281, ""mlp.up_proj"": -0.000432152117545376, ""self_attn.o_proj"": -0.0031565656565656565, ""self_attn.v_proj"": -0.0011587485515643105}",-0.000806534008523203,0.0,7,equal7,True,"mlp.down_proj,mlp.gate_proj,mlp.up_proj,self_attn.k_proj,self_attn.o_proj,self_attn.q_proj,self_attn.v_proj",,1393.5714285714287,1393.7142857142858,1393.5714285714287,-0.14285714285714285,0.0013925252540276049,0.00010250102501022679,"{""mlp.down_proj"": 2529.0, ""mlp.gate_proj"": 1399.0, ""mlp.up_proj"": 2314.0, ""self_attn.k_proj"": 375.0, ""self_attn.o_proj"": 1584.0, ""self_attn.q_proj"": 692.0, ""self_attn.v_proj"": 863.0}","{""mlp.down_proj"": 2529.0, ""mlp.gate_proj"": 1398.0, ""mlp.up_proj"": 2315.0, ""self_attn.k_proj"": 372.0, ""self_attn.o_proj"": 1589.0, ""self_attn.q_proj"": 688.0, ""self_attn.v_proj"": 864.0}","{""mlp.down_proj"": 0.0, ""mlp.gate_proj"": -1.0, ""mlp.up_proj"": 1.0, ""self_attn.k_proj"": -3.0, ""self_attn.o_proj"": 5.0, ""self_attn.q_proj"": -4.0, ""self_attn.v_proj"": 1.0}","{""mlp.down_proj"": 0.0, ""mlp.gate_proj"": 0.0007147962830593281, ""mlp.up_proj"": -0.000432152117545376, ""self_attn.k_proj"": 0.008, ""self_attn.o_proj"": -0.0031565656565656565, ""self_attn.q_proj"": 0.005780346820809248, ""self_attn.v_proj"": -0.0011587485515643105}",-0.002199059262550808,1.3428571428571427,345.42857142857133,True,True
llama,seqkd,40,E_general,E_general,0.025,14,5,equal5_non_qk,True,"mlp.down_proj,mlp.gate_proj,mlp.up_proj,self_attn.o_proj,self_attn.v_proj","self_attn.q_proj,self_attn.k_proj",1359.8,1358.4,1359.8,1.4,-0.0009301860117452845,-0.001030624263839711,"{""mlp.down_proj"": 2167.0, ""mlp.gate_proj"": 784.0, ""mlp.up_proj"": 1852.0, ""self_attn.o_proj"": 1238.0, ""self_attn.v_proj"": 751.0}","{""mlp.down_proj"": 2167.0, ""mlp.gate_proj"": 783.0, ""mlp.up_proj"": 1854.0, ""self_attn.o_proj"": 1244.0, ""self_attn.v_proj"": 751.0}","{""mlp.down_proj"": 0.0, ""mlp.gate_proj"": -1.0, ""mlp.up_proj"": 2.0, ""self_attn.o_proj"": 6.0, ""self_attn.v_proj"": 0.0}","{""mlp.down_proj"": 0.0, ""mlp.gate_proj"": 0.0012755102040816326, ""mlp.up_proj"": -0.0010799136069114472, ""self_attn.o_proj"": -0.004846526655896607, ""self_attn.v_proj"": 0.0}",-0.0009301860117452845,0.0,7,equal7,True,"mlp.down_proj,mlp.gate_proj,mlp.up_proj,self_attn.k_proj,self_attn.o_proj,self_attn.q_proj,self_attn.v_proj",,1051.0,1050.7142857142858,1051.0,0.2857142857142857,0.0019042915360618672,-0.0002719238613187689,"{""mlp.down_proj"": 2167.0, ""mlp.gate_proj"": 784.0, ""mlp.up_proj"": 1852.0, ""self_attn.k_proj"": 212.0, ""self_attn.o_proj"": 1238.0, ""self_attn.q_proj"": 351.0, ""self_attn.v_proj"": 751.0}","{""mlp.down_proj"": 2167.0, ""mlp.gate_proj"": 783.0, ""mlp.up_proj"": 1854.0, ""self_attn.k_proj"": 210.0, ""self_attn.o_proj"": 1244.0, ""self_attn.q_proj"": 348.0, ""self_attn.v_proj"": 751.0}","{""mlp.down_proj"": 0.0, ""mlp.gate_proj"": -1.0, ""mlp.up_proj"": 2.0, ""self_attn.k_proj"": -2.0, ""self_attn.o_proj"": 6.0, ""self_attn.q_proj"": -3.0, ""self_attn.v_proj"": 0.0}","{""mlp.down_proj"": 0.0, ""mlp.gate_proj"": 0.0012755102040816326, ""mlp.up_proj"": -0.0010799136069114472, ""self_attn.k_proj"": 0.009433962264150943, ""self_attn.o_proj"": -0.004846526655896607, ""self_attn.q_proj"": 0.008547008547008548, ""self_attn.v_proj"": 0.0}",-0.002834477547807152,1.1142857142857143,308.79999999999995,True,True
llama,seqkd,40,E_general,E_general,0.05,14,5,equal5_non_qk,True,"mlp.down_proj,mlp.gate_proj,mlp.up_proj,self_attn.o_proj,self_attn.v_proj","self_attn.q_proj,self_attn.k_proj",1034.6,1033.4,1034.6,1.2,-0.0006601606518947584,-0.0011612154054575362,"{""mlp.down_proj"": 1802.0, ""mlp.gate_proj"": 368.0, ""mlp.up_proj"": 1412.0, ""self_attn.o_proj"": 954.0, ""self_attn.v_proj"": 631.0}","{""mlp.down_proj"": 1801.0, ""mlp.gate_proj"": 366.0, ""mlp.up_proj"": 1414.0, ""self_attn.o_proj"": 960.0, ""self_attn.v_proj"": 632.0}","{""mlp.down_proj"": -1.0, ""mlp.gate_proj"": -2.0, ""mlp.up_proj"": 2.0, ""self_attn.o_proj"": 6.0, ""self_attn.v_proj"": 1.0}","{""mlp.down_proj"": 0.0005549389567147614, ""mlp.gate_proj"": 0.005434782608695652, ""mlp.up_proj"": -0.00141643059490085, ""self_attn.o_proj"": -0.006289308176100629, ""self_attn.v_proj"": -0.001584786053882726}",-0.0006601606518947584,0.0,7,equal7,True,"mlp.down_proj,mlp.gate_proj,mlp.up_proj,self_attn.k_proj,self_attn.o_proj,self_attn.q_proj,self_attn.v_proj",,776.7142857142857,776.2857142857143,776.7142857142857,0.42857142857142855,0.0026469597957211486,-0.0005520794994477949,"{""mlp.down_proj"": 1802.0, ""mlp.gate_proj"": 368.0, ""mlp.up_proj"": 1412.0, ""self_attn.k_proj"": 111.0, ""self_attn.o_proj"": 954.0, ""self_attn.q_proj"": 156.0, ""self_attn.v_proj"": 631.0}","{""mlp.down_proj"": 1801.0, ""mlp.gate_proj"": 366.0, ""mlp.up_proj"": 1414.0, ""self_attn.k_proj"": 110.0, ""self_attn.o_proj"": 960.0, ""self_attn.q_proj"": 154.0, ""self_attn.v_proj"": 632.0}","{""mlp.down_proj"": -1.0, ""mlp.gate_proj"": -2.0, ""mlp.up_proj"": 2.0, ""self_attn.k_proj"": -1.0, ""self_attn.o_proj"": 6.0, ""self_attn.q_proj"": -2.0, ""self_attn.v_proj"": 1.0}","{""mlp.down_proj"": 0.0005549389567147614, ""mlp.gate_proj"": 0.005434782608695652, ""mlp.up_proj"": -0.00141643059490085, ""self_attn.k_proj"": 0.009009009009009009, ""self_attn.o_proj"": -0.006289308176100629, ""self_attn.q_proj"": 0.01282051282051282, ""self_attn.v_proj"": -0.001584786053882726}",-0.003307120447615907,0.7714285714285714,257.88571428571424,True,True
llama,seqkd,40,E_general,E_general,0.1,14,5,equal5_non_qk,True,"mlp.down_proj,mlp.gate_proj,mlp.up_proj,self_attn.o_proj,self_attn.v_proj","self_attn.q_proj,self_attn.k_proj",705.8,704.6,705.8,1.2,-6.486652818296453e-05,-0.0017030939540163665,"{""mlp.down_proj"": 1362.0, ""mlp.gate_proj"": 100.0, ""mlp.up_proj"": 923.0, ""self_attn.o_proj"": 659.0, ""self_attn.v_proj"": 479.0}","{""mlp.down_proj"": 1362.0, ""mlp.gate_proj"": 99.0, ""mlp.up_proj"": 925.0, ""self_attn.o_proj"": 663.0, ""self_attn.v_proj"": 480.0}","{""mlp.down_proj"": 0.0, ""mlp.gate_proj"": -1.0, ""mlp.up_proj"": 2.0, ""self_attn.o_proj"": 4.0, ""self_attn.v_proj"": 1.0}","{""mlp.down_proj"": 0.0, ""mlp.gate_proj"": 0.01, ""mlp.up_proj"": -0.0021668472372697724, ""self_attn.o_proj"": -0.006069802731411229, ""self_attn.v_proj"": -0.0020876826722338203}",-6.486652818296453e-05,0.0,7,equal7,True,"mlp.down_proj,mlp.gate_proj,mlp.up_proj,self_attn.k_proj,self_attn.o_proj,self_attn.q_proj,self_attn.v_proj",,518.0,517.2857142857143,518.0,0.7142857142857143,0.0028108096227264542,-0.001380834023750251,"{""mlp.down_proj"": 1362.0, ""mlp.gate_proj"": 100.0, ""mlp.up_proj"": 923.0, ""self_attn.k_proj"": 48.0, ""self_attn.o_proj"": 659.0, ""self_attn.q_proj"": 50.0, ""self_attn.v_proj"": 479.0}","{""mlp.down_proj"": 1362.0, ""mlp.gate_proj"": 99.0, ""mlp.up_proj"": 925.0, ""self_attn.k_proj"": 48.0, ""self_attn.o_proj"": 663.0, ""self_attn.q_proj"": 49.0, ""self_attn.v_proj"": 480.0}","{""mlp.down_proj"": 0.0, ""mlp.gate_proj"": -1.0, ""mlp.up_proj"": 2.0, ""self_attn.k_proj"": 0.0, ""self_attn.o_proj"": 4.0, ""self_attn.q_proj"": -1.0, ""self_attn.v_proj"": 1.0}","{""mlp.down_proj"": 0.0, ""mlp.gate_proj"": 0.01, ""mlp.up_proj"": -0.0021668472372697724, ""self_attn.k_proj"": 0.0, ""self_attn.o_proj"": -0.006069802731411229, ""self_attn.q_proj"": 0.02, ""self_attn.v_proj"": -0.0020876826722338203}",-0.002875676150909419,0.48571428571428565,187.79999999999995,True,True
llama,seqkd,40,E_if,E_ifeval,0.01,14,5,equal5_non_qk,True,"mlp.down_proj,mlp.gate_proj,mlp.up_proj,self_attn.o_proj,self_attn.v_proj","self_attn.q_proj,self_attn.k_proj",1646.2,1652.8,1646.2,-6.6,0.00386534872768816,0.003993223620522695,"{""mlp.down_proj"": 2435.0, ""mlp.gate_proj"": 1309.0, ""mlp.up_proj"": 2178.0, ""self_attn.o_proj"": 1511.0, ""self_attn.v_proj"": 831.0}","{""mlp.down_proj"": 2424.0, ""mlp.gate_proj"": 1294.0, ""mlp.up_proj"": 2169.0, ""self_attn.o_proj"": 1514.0, ""self_attn.v_proj"": 830.0}","{""mlp.down_proj"": -11.0, ""mlp.gate_proj"": -15.0, ""mlp.up_proj"": -9.0, ""self_attn.o_proj"": 3.0, ""self_attn.v_proj"": -1.0}","{""mlp.down_proj"": 0.004517453798767967, ""mlp.gate_proj"": 0.01145912910618793, ""mlp.up_proj"": 0.004132231404958678, ""self_attn.o_proj"": -0.001985440105890139, ""self_attn.v_proj"": 0.0012033694344163659}",-0.000806534008523203,0.004671882736211363,7,equal7,True,"mlp.down_proj,mlp.gate_proj,mlp.up_proj,self_attn.k_proj,self_attn.o_proj,self_attn.q_proj,self_attn.v_proj",,1313.0,1319.857142857143,1313.0,-6.857142857142857,0.00709893044780644,0.005195367464011281,"{""mlp.down_proj"": 2435.0, ""mlp.gate_proj"": 1309.0, ""mlp.up_proj"": 2178.0, ""self_attn.k_proj"": 345.0, ""self_attn.o_proj"": 1511.0, ""self_attn.q_proj"": 630.0, ""self_attn.v_proj"": 831.0}","{""mlp.down_proj"": 2424.0, ""mlp.gate_proj"": 1294.0, ""mlp.up_proj"": 2169.0, ""self_attn.k_proj"": 340.0, ""self_attn.o_proj"": 1514.0, ""self_attn.q_proj"": 620.0, ""self_attn.v_proj"": 830.0}","{""mlp.down_proj"": -11.0, ""mlp.gate_proj"": -15.0, ""mlp.up_proj"": -9.0, ""self_attn.k_proj"": -5.0, ""self_attn.o_proj"": 3.0, ""self_attn.q_proj"": -10.0, ""self_attn.v_proj"": -1.0}","{""mlp.down_proj"": 0.004517453798767967, ""mlp.gate_proj"": 0.01145912910618793, ""mlp.up_proj"": 0.004132231404958678, ""self_attn.k_proj"": 0.014492753623188406, ""self_attn.o_proj"": -0.001985440105890139, ""self_attn.q_proj"": 0.015873015873015872, ""self_attn.v_proj"": 0.0012033694344163659}",-0.0032335817201182802,0.2571428571428571,333.20000000000005,False,True
llama,seqkd,40,E_if,E_ifeval,0.025,14,5,equal5_non_qk,True,"mlp.down_proj,mlp.gate_proj,mlp.up_proj,self_attn.o_proj,self_attn.v_proj","self_attn.q_proj,self_attn.k_proj",1246.0,1254.0,1246.0,-8.0,0.006913862384089334,0.006379585326953748,"{""mlp.down_proj"": 2031.0, ""mlp.gate_proj"": 709.0, ""mlp.up_proj"": 1670.0, ""self_attn.o_proj"": 1157.0, ""self_attn.v_proj"": 703.0}","{""mlp.down_proj"": 2016.0, ""mlp.gate_proj"": 695.0, ""mlp.up_proj"": 1658.0, ""self_attn.o_proj"": 1160.0, ""self_attn.v_proj"": 701.0}","{""mlp.down_proj"": -15.0, ""mlp.gate_proj"": -14.0, ""mlp.up_proj"": -12.0, ""self_attn.o_proj"": 3.0, ""self_attn.v_proj"": -2.0}","{""mlp.down_proj"": 0.007385524372230428, ""mlp.gate_proj"": 0.019746121297602257, ""mlp.up_proj"": 0.00718562874251497, ""self_attn.o_proj"": -0.0025929127052722557, ""self_attn.v_proj"": 0.002844950213371266}",-0.0009301860117452845,0.007844048395834618,7,equal7,True,"mlp.down_proj,mlp.gate_proj,mlp.up_proj,self_attn.k_proj,self_attn.o_proj,self_attn.q_proj,self_attn.v_proj",,959.7142857142857,966.7142857142857,959.7142857142857,-7.0,0.009694475925090712,0.007241022609723659,"{""mlp.down_proj"": 2031.0, ""mlp.gate_proj"": 709.0, ""mlp.up_proj"": 1670.0, ""self_attn.k_proj"": 188.0, ""self_attn.o_proj"": 1157.0, ""self_attn.q_proj"": 309.0, ""self_attn.v_proj"": 703.0}","{""mlp.down_proj"": 2016.0, ""mlp.gate_proj"": 695.0, ""mlp.up_proj"": 1658.0, ""self_attn.k_proj"": 186.0, ""self_attn.o_proj"": 1160.0, ""self_attn.q_proj"": 302.0, ""self_attn.v_proj"": 701.0}","{""mlp.down_proj"": -15.0, ""mlp.gate_proj"": -14.0, ""mlp.up_proj"": -12.0, ""self_attn.k_proj"": -2.0, ""self_attn.o_proj"": 3.0, ""self_attn.q_proj"": -7.0, ""self_attn.v_proj"": -2.0}","{""mlp.down_proj"": 0.007385524372230428, ""mlp.gate_proj"": 0.019746121297602257, ""mlp.up_proj"": 0.00718562874251497, ""self_attn.k_proj"": 0.010638297872340425, ""self_attn.o_proj"": -0.0025929127052722557, ""self_attn.q_proj"": 0.022653721682847898, ""self_attn.v_proj"": 0.002844950213371266}",-0.0027806135410013777,-1.0,286.28571428571433,False,True
llama,seqkd,40,E_if,E_ifeval,0.05,14,5,equal5_non_qk,True,"mlp.down_proj,mlp.gate_proj,mlp.up_proj,self_attn.o_proj,self_attn.v_proj","self_attn.q_proj,self_attn.k_proj",913.2,921.2,913.2,-8.0,0.010574691286951604,0.008684324793747285,"{""mlp.down_proj"": 1632.0, ""mlp.gate_proj"": 328.0, ""mlp.up_proj"": 1207.0, ""self_attn.o_proj"": 868.0, ""self_attn.v_proj"": 571.0}","{""mlp.down_proj"": 1615.0, ""mlp.gate_proj"": 318.0, ""mlp.up_proj"": 1194.0, ""self_attn.o_proj"": 870.0, ""self_attn.v_proj"": 569.0}","{""mlp.down_proj"": -17.0, ""mlp.gate_proj"": -10.0, ""mlp.up_proj"": -13.0, ""self_attn.o_proj"": 2.0, ""self_attn.v_proj"": -2.0}","{""mlp.down_proj"": 0.010416666666666666, ""mlp.gate_proj"": 0.03048780487804878, ""mlp.up_proj"": 0.010770505385252692, ""self_attn.o_proj"": -0.002304147465437788, ""self_attn.v_proj"": 0.0035026269702276708}",-0.0006601606518947584,0.011234851938846362,7,equal7,True,"mlp.down_proj,mlp.gate_proj,mlp.up_proj,self_attn.k_proj,self_attn.o_proj,self_attn.q_proj,self_attn.v_proj",,684.8571428571429,691.2857142857143,684.8571428571429,-6.428571428571429,0.013643405988898053,0.009299442033478014,"{""mlp.down_proj"": 1632.0, ""mlp.gate_proj"": 328.0, ""mlp.up_proj"": 1207.0, ""self_attn.k_proj"": 98.0, ""self_attn.o_proj"": 868.0, ""self_attn.q_proj"": 135.0, ""self_attn.v_proj"": 571.0}","{""mlp.down_proj"": 1615.0, ""mlp.gate_proj"": 318.0, ""mlp.up_proj"": 1194.0, ""self_attn.k_proj"": 96.0, ""self_attn.o_proj"": 870.0, ""self_attn.q_proj"": 132.0, ""self_attn.v_proj"": 569.0}","{""mlp.down_proj"": -17.0, ""mlp.gate_proj"": -10.0, ""mlp.up_proj"": -13.0, ""self_attn.k_proj"": -2.0, ""self_attn.o_proj"": 2.0, ""self_attn.q_proj"": -3.0, ""self_attn.v_proj"": -2.0}","{""mlp.down_proj"": 0.010416666666666666, ""mlp.gate_proj"": 0.03048780487804878, ""mlp.up_proj"": 0.010770505385252692, ""self_attn.k_proj"": 0.02040816326530612, ""self_attn.o_proj"": -0.002304147465437788, ""self_attn.q_proj"": 0.022222222222222223, ""self_attn.v_proj"": 0.0035026269702276708}",-0.003068714701946449,-1.5714285714285712,228.34285714285716,False,True
llama,seqkd,40,E_if,E_ifeval,0.1,14,5,equal5_non_qk,True,"mlp.down_proj,mlp.gate_proj,mlp.up_proj,self_attn.o_proj,self_attn.v_proj","self_attn.q_proj,self_attn.k_proj",585.6,592.8,585.6,-7.2,0.015725303772364443,0.012145748987854137,"{""mlp.down_proj"": 1166.0, ""mlp.gate_proj"": 96.0, ""mlp.up_proj"": 722.0, ""self_attn.o_proj"": 572.0, ""self_attn.v_proj"": 408.0}","{""mlp.down_proj"": 1148.0, ""mlp.gate_proj"": 92.0, ""mlp.up_proj"": 710.0, ""self_attn.o_proj"": 572.0, ""self_attn.v_proj"": 406.0}","{""mlp.down_proj"": -18.0, ""mlp.gate_proj"": -4.0, ""mlp.up_proj"": -12.0, ""self_attn.o_proj"": 0.0, ""self_attn.v_proj"": -2.0}","{""mlp.down_proj"": 0.015437392795883362, ""mlp.gate_proj"": 0.041666666666666664, ""mlp.up_proj"": 0.01662049861495845, ""self_attn.o_proj"": 0.0, ""self_attn.v_proj"": 0.004901960784313725}",-6.486652818296453e-05,0.015790170300547406,7,equal7,True,"mlp.down_proj,mlp.gate_proj,mlp.up_proj,self_attn.k_proj,self_attn.o_proj,self_attn.q_proj,self_attn.v_proj",,430.42857142857144,435.7142857142857,430.42857142857144,-5.285714285714286,0.014479113084156418,0.012131147540983588,"{""mlp.down_proj"": 1166.0, ""mlp.gate_proj"": 96.0, ""mlp.up_proj"": 722.0, ""self_attn.k_proj"": 42.0, ""self_attn.o_proj"": 572.0, ""self_attn.q_proj"": 44.0, ""self_attn.v_proj"": 408.0}","{""mlp.down_proj"": 1148.0, ""mlp.gate_proj"": 92.0, ""mlp.up_proj"": 710.0, ""self_attn.k_proj"": 42.0, ""self_attn.o_proj"": 572.0, ""self_attn.q_proj"": 43.0, ""self_attn.v_proj"": 406.0}","{""mlp.down_proj"": -18.0, ""mlp.gate_proj"": -4.0, ""mlp.up_proj"": -12.0, ""self_attn.k_proj"": 0.0, ""self_attn.o_proj"": 0.0, ""self_attn.q_proj"": -1.0, ""self_attn.v_proj"": -2.0}","{""mlp.down_proj"": 0.015437392795883362, ""mlp.gate_proj"": 0.041666666666666664, ""mlp.up_proj"": 0.01662049861495845, ""self_attn.k_proj"": 0.0, ""self_attn.o_proj"": 0.0, ""self_attn.q_proj"": 0.022727272727272728, ""self_attn.v_proj"": 0.004901960784313725}",0.0012461906882080247,-1.9142857142857146,155.17142857142858,False,True
llama,seqkd,40,E_math,E_mathHeld,0.01,14,5,equal5_non_qk,True,"mlp.down_proj,mlp.gate_proj,mlp.up_proj,self_attn.o_proj,self_attn.v_proj","self_attn.q_proj,self_attn.k_proj",851.8,851.6,851.8,0.2,-0.0002118224964179989,-0.00023485204321269584,"{""mlp.down_proj"": 1162.0, ""mlp.gate_proj"": 587.0, ""mlp.up_proj"": 1022.0, ""self_attn.o_proj"": 828.0, ""self_attn.v_proj"": 659.0}","{""mlp.down_proj"": 1160.0, ""mlp.gate_proj"": 585.0, ""mlp.up_proj"": 1020.0, ""self_attn.o_proj"": 836.0, ""self_attn.v_proj"": 658.0}","{""mlp.down_proj"": -2.0, ""mlp.gate_proj"": -2.0, ""mlp.up_proj"": -2.0, ""self_attn.o_proj"": 8.0, ""self_attn.v_proj"": -1.0}","{""mlp.down_proj"": 0.0017211703958691911, ""mlp.gate_proj"": 0.0034071550255536627, ""mlp.up_proj"": 0.0019569471624266144, ""self_attn.o_proj"": -0.00966183574879227, ""self_attn.v_proj"": 0.0015174506828528073}",-0.000806534008523203,0.0005947115121052041,7,equal7,True,"mlp.down_proj,mlp.gate_proj,mlp.up_proj,self_attn.k_proj,self_attn.o_proj,self_attn.q_proj,self_attn.v_proj",,701.1428571428571,701.7142857142857,701.1428571428571,-0.5714285714285714,0.0018533354164091843,0.0008143322475569802,"{""mlp.down_proj"": 1162.0, ""mlp.gate_proj"": 587.0, ""mlp.up_proj"": 1022.0, ""self_attn.k_proj"": 263.0, ""self_attn.o_proj"": 828.0, ""self_attn.q_proj"": 391.0, ""self_attn.v_proj"": 659.0}","{""mlp.down_proj"": 1160.0, ""mlp.gate_proj"": 585.0, ""mlp.up_proj"": 1020.0, ""self_attn.k_proj"": 262.0, ""self_attn.o_proj"": 836.0, ""self_attn.q_proj"": 387.0, ""self_attn.v_proj"": 658.0}","{""mlp.down_proj"": -2.0, ""mlp.gate_proj"": -2.0, ""mlp.up_proj"": -2.0, ""self_attn.k_proj"": -1.0, ""self_attn.o_proj"": 8.0, ""self_attn.q_proj"": -4.0, ""self_attn.v_proj"": -1.0}","{""mlp.down_proj"": 0.0017211703958691911, ""mlp.gate_proj"": 0.0034071550255536627, ""mlp.up_proj"": 0.0019569471624266144, ""self_attn.k_proj"": 0.0038022813688212928, ""self_attn.o_proj"": -0.00966183574879227, ""self_attn.q_proj"": 0.010230179028132993, ""self_attn.v_proj"": 0.0015174506828528073}",-0.0020651579128271834,0.7714285714285714,150.65714285714284,True,True
llama,seqkd,40,E_math,E_mathHeld,0.025,14,5,equal5_non_qk,True,"mlp.down_proj,mlp.gate_proj,mlp.up_proj,self_attn.o_proj,self_attn.v_proj","self_attn.q_proj,self_attn.k_proj",621.8,621.6,621.8,0.2,-0.00020316040198950258,-0.000321750321750212,"{""mlp.down_proj"": 912.0, ""mlp.gate_proj"": 322.0, ""mlp.up_proj"": 751.0, ""self_attn.o_proj"": 607.0, ""self_attn.v_proj"": 516.0}","{""mlp.down_proj"": 909.0, ""mlp.gate_proj"": 320.0, ""mlp.up_proj"": 749.0, ""self_attn.o_proj"": 615.0, ""self_attn.v_proj"": 516.0}","{""mlp.down_proj"": -3.0, ""mlp.gate_proj"": -2.0, ""mlp.up_proj"": -2.0, ""self_attn.o_proj"": 8.0, ""self_attn.v_proj"": 0.0}","{""mlp.down_proj"": 0.003289473684210526, ""mlp.gate_proj"": 0.006211180124223602, ""mlp.up_proj"": 0.002663115845539281, ""self_attn.o_proj"": -0.013179571663920923, ""self_attn.v_proj"": 0.0}",-0.0009301860117452845,0.000727025609755782,7,equal7,True,"mlp.down_proj,mlp.gate_proj,mlp.up_proj,self_attn.k_proj,self_attn.o_proj,self_attn.q_proj,self_attn.v_proj",,494.7142857142857,495.14285714285717,494.7142857142857,-0.42857142857142855,0.002867705939970868,0.000865551067513016,"{""mlp.down_proj"": 912.0, ""mlp.gate_proj"": 322.0, ""mlp.up_proj"": 751.0, ""self_attn.k_proj"": 150.0, ""self_attn.o_proj"": 607.0, ""self_attn.q_proj"": 208.0, ""self_attn.v_proj"": 516.0}","{""mlp.down_proj"": 909.0, ""mlp.gate_proj"": 320.0, ""mlp.up_proj"": 749.0, ""self_attn.k_proj"": 149.0, ""self_attn.o_proj"": 615.0, ""self_attn.q_proj"": 205.0, ""self_attn.v_proj"": 516.0}","{""mlp.down_proj"": -3.0, ""mlp.gate_proj"": -2.0, ""mlp.up_proj"": -2.0, ""self_attn.k_proj"": -1.0, ""self_attn.o_proj"": 8.0, ""self_attn.q_proj"": -3.0, ""self_attn.v_proj"": 0.0}","{""mlp.down_proj"": 0.003289473684210526, ""mlp.gate_proj"": 0.006211180124223602, ""mlp.up_proj"": 0.002663115845539281, ""self_attn.k_proj"": 0.006666666666666667, ""self_attn.o_proj"": -0.013179571663920923, ""self_attn.q_proj"": 0.014423076923076924, ""self_attn.v_proj"": 0.0}",-0.0030708663419603704,0.6285714285714286,127.08571428571423,True,True
llama,seqkd,40,E_math,E_mathHeld,0.05,14,5,equal5_non_qk,True,"mlp.down_proj,mlp.gate_proj,mlp.up_proj,self_attn.o_proj,self_attn.v_proj","self_attn.q_proj,self_attn.k_proj",446.6,446.2,446.6,0.4,0.00035245123794065323,-0.0008964589870014212,"{""mlp.down_proj"": 701.0, ""mlp.gate_proj"": 158.0, ""mlp.up_proj"": 534.0, ""self_attn.o_proj"": 441.0, ""self_attn.v_proj"": 397.0}","{""mlp.down_proj"": 699.0, ""mlp.gate_proj"": 156.0, ""mlp.up_proj"": 533.0, ""self_attn.o_proj"": 449.0, ""self_attn.v_proj"": 396.0}","{""mlp.down_proj"": -2.0, ""mlp.gate_proj"": -2.0, ""mlp.up_proj"": -1.0, ""self_attn.o_proj"": 8.0, ""self_attn.v_proj"": -1.0}","{""mlp.down_proj"": 0.0028530670470756064, ""mlp.gate_proj"": 0.012658227848101266, ""mlp.up_proj"": 0.0018726591760299626, ""self_attn.o_proj"": -0.018140589569160998, ""self_attn.v_proj"": 0.0025188916876574307}",-0.0006601606518947584,0.0010126118898354116,7,equal7,True,"mlp.down_proj,mlp.gate_proj,mlp.up_proj,self_attn.k_proj,self_attn.o_proj,self_attn.q_proj,self_attn.v_proj",,345.2857142857143,345.42857142857144,345.2857142857143,-0.14285714285714285,0.004726356260374359,0.0004135649296940325,"{""mlp.down_proj"": 701.0, ""mlp.gate_proj"": 158.0, ""mlp.up_proj"": 534.0, ""self_attn.k_proj"": 84.0, ""self_attn.o_proj"": 441.0, ""self_attn.q_proj"": 103.0, ""self_attn.v_proj"": 397.0}","{""mlp.down_proj"": 699.0, ""mlp.gate_proj"": 156.0, ""mlp.up_proj"": 533.0, ""self_attn.k_proj"": 83.0, ""self_attn.o_proj"": 449.0, ""self_attn.q_proj"": 101.0, ""self_attn.v_proj"": 396.0}","{""mlp.down_proj"": -2.0, ""mlp.gate_proj"": -2.0, ""mlp.up_proj"": -1.0, ""self_attn.k_proj"": -1.0, ""self_attn.o_proj"": 8.0, ""self_attn.q_proj"": -2.0, ""self_attn.v_proj"": -1.0}","{""mlp.down_proj"": 0.0028530670470756064, ""mlp.gate_proj"": 0.012658227848101266, ""mlp.up_proj"": 0.0018726591760299626, ""self_attn.k_proj"": 0.011904761904761904, ""self_attn.o_proj"": -0.018140589569160998, ""self_attn.q_proj"": 0.019417475728155338, ""self_attn.v_proj"": 0.0025188916876574307}",-0.004373905022433706,0.5428571428571429,101.31428571428575,False,True
llama,seqkd,40,E_math,E_mathHeld,0.1,14,5,equal5_non_qk,True,"mlp.down_proj,mlp.gate_proj,mlp.up_proj,self_attn.o_proj,self_attn.v_proj","self_attn.q_proj,self_attn.k_proj",283.8,283.2,283.8,0.6,0.0007139858071535086,-0.0021186440677966904,"{""mlp.down_proj"": 483.0, ""mlp.gate_proj"": 49.0, ""mlp.up_proj"": 325.0, ""self_attn.o_proj"": 286.0, ""self_attn.v_proj"": 273.0}","{""mlp.down_proj"": 481.0, ""mlp.gate_proj"": 48.0, ""mlp.up_proj"": 325.0, ""self_attn.o_proj"": 292.0, ""self_attn.v_proj"": 273.0}","{""mlp.down_proj"": -2.0, ""mlp.gate_proj"": -1.0, ""mlp.up_proj"": 0.0, ""self_attn.o_proj"": 6.0, ""self_attn.v_proj"": 0.0}","{""mlp.down_proj"": 0.004140786749482402, ""mlp.gate_proj"": 0.02040816326530612, ""mlp.up_proj"": 0.0, ""self_attn.o_proj"": -0.02097902097902098, ""self_attn.v_proj"": 0.0}",-6.486652818296453e-05,0.0007788523353364731,7,equal7,True,"mlp.down_proj,mlp.gate_proj,mlp.up_proj,self_attn.k_proj,self_attn.o_proj,self_attn.q_proj,self_attn.v_proj",,213.57142857142858,213.14285714285714,213.57142857142858,0.42857142857142855,0.0005099898622525061,-0.0020107238605898887,"{""mlp.down_proj"": 483.0, ""mlp.gate_proj"": 49.0, ""mlp.up_proj"": 325.0, ""self_attn.k_proj"": 38.0, ""self_attn.o_proj"": 286.0, ""self_attn.q_proj"": 38.0, ""self_attn.v_proj"": 273.0}","{""mlp.down_proj"": 481.0, ""mlp.gate_proj"": 48.0, ""mlp.up_proj"": 325.0, ""self_attn.k_proj"": 38.0, ""self_attn.o_proj"": 292.0, ""self_attn.q_proj"": 38.0, ""self_attn.v_proj"": 273.0}","{""mlp.down_proj"": -2.0, ""mlp.gate_proj"": -1.0, ""mlp.up_proj"": 0.0, ""self_attn.k_proj"": 0.0, ""self_attn.o_proj"": 6.0, ""self_attn.q_proj"": 0.0, ""self_attn.v_proj"": 0.0}","{""mlp.down_proj"": 0.004140786749482402, ""mlp.gate_proj"": 0.02040816326530612, ""mlp.up_proj"": 0.0, ""self_attn.k_proj"": 0.0, ""self_attn.o_proj"": -0.02097902097902098, ""self_attn.q_proj"": 0.0, ""self_attn.v_proj"": 0.0}",0.0002039959449010025,0.17142857142857143,70.22857142857143,False,True
llama,seqkd,40,E_ood,E_mmluPro,0.01,14,5,equal5_non_qk,True,"mlp.down_proj,mlp.gate_proj,mlp.up_proj,self_attn.o_proj,self_attn.v_proj","self_attn.q_proj,self_attn.k_proj",1691.4,1694.2,1691.4,-2.8,0.0016746656265858202,0.0016526974383189437,"{""mlp.down_proj"": 2452.0, ""mlp.gate_proj"": 1352.0, ""mlp.up_proj"": 2263.0, ""self_attn.o_proj"": 1556.0, ""self_attn.v_proj"": 848.0}","{""mlp.down_proj"": 2448.0, ""mlp.gate_proj"": 1346.0, ""mlp.up_proj"": 2259.0, ""self_attn.o_proj"": 1557.0, ""self_attn.v_proj"": 847.0}","{""mlp.down_proj"": -4.0, ""mlp.gate_proj"": -6.0, ""mlp.up_proj"": -4.0, ""self_attn.o_proj"": 1.0, ""self_attn.v_proj"": -1.0}","{""mlp.down_proj"": 0.0016313213703099511, ""mlp.gate_proj"": 0.004437869822485207, ""mlp.up_proj"": 0.0017675651789659744, ""self_attn.o_proj"": -0.0006426735218508997, ""self_attn.v_proj"": 0.0011792452830188679}",-0.000806534008523203,0.0024811996351090234,7,equal7,True,"mlp.down_proj,mlp.gate_proj,mlp.up_proj,self_attn.k_proj,self_attn.o_proj,self_attn.q_proj,self_attn.v_proj",,1340.0,1343.5714285714287,1340.0,-3.5714285714285716,0.004580934832409467,0.0026581605528974675,"{""mlp.down_proj"": 2452.0, ""mlp.gate_proj"": 1352.0, ""mlp.up_proj"": 2263.0, ""self_attn.k_proj"": 331.0, ""self_attn.o_proj"": 1556.0, ""self_attn.q_proj"": 603.0, ""self_attn.v_proj"": 848.0}","{""mlp.down_proj"": 2448.0, ""mlp.gate_proj"": 1346.0, ""mlp.up_proj"": 2259.0, ""self_attn.k_proj"": 327.0, ""self_attn.o_proj"": 1557.0, ""self_attn.q_proj"": 596.0, ""self_attn.v_proj"": 847.0}","{""mlp.down_proj"": -4.0, ""mlp.gate_proj"": -6.0, ""mlp.up_proj"": -4.0, ""self_attn.k_proj"": -4.0, ""self_attn.o_proj"": 1.0, ""self_attn.q_proj"": -7.0, ""self_attn.v_proj"": -1.0}","{""mlp.down_proj"": 0.0016313213703099511, ""mlp.gate_proj"": 0.004437869822485207, ""mlp.up_proj"": 0.0017675651789659744, ""self_attn.k_proj"": 0.012084592145015106, ""self_attn.o_proj"": -0.0006426735218508997, ""self_attn.q_proj"": 0.011608623548922056, ""self_attn.v_proj"": 0.0011792452830188679}",-0.0029062692058236467,0.7714285714285718,351.4000000000001,False,True
llama,seqkd,40,E_ood,E_mmluPro,0.025,14,5,equal5_non_qk,True,"mlp.down_proj,mlp.gate_proj,mlp.up_proj,self_attn.o_proj,self_attn.v_proj","self_attn.q_proj,self_attn.k_proj",1293.2,1296.6,1293.2,-3.4,0.002789184991511713,0.0026222427888322256,"{""mlp.down_proj"": 2058.0, ""mlp.gate_proj"": 731.0, ""mlp.up_proj"": 1775.0, ""self_attn.o_proj"": 1191.0, ""self_attn.v_proj"": 728.0}","{""mlp.down_proj"": 2052.0, ""mlp.gate_proj"": 726.0, ""mlp.up_proj"": 1770.0, ""self_attn.o_proj"": 1191.0, ""self_attn.v_proj"": 727.0}","{""mlp.down_proj"": -6.0, ""mlp.gate_proj"": -5.0, ""mlp.up_proj"": -5.0, ""self_attn.o_proj"": 0.0, ""self_attn.v_proj"": -1.0}","{""mlp.down_proj"": 0.0029154518950437317, ""mlp.gate_proj"": 0.006839945280437756, ""mlp.up_proj"": 0.0028169014084507044, ""self_attn.o_proj"": 0.0, ""self_attn.v_proj"": 0.0013736263736263737}",-0.0009301860117452845,0.0037193710032569975,7,equal7,True,"mlp.down_proj,mlp.gate_proj,mlp.up_proj,self_attn.k_proj,self_attn.o_proj,self_attn.q_proj,self_attn.v_proj",,989.1428571428571,992.7142857142857,989.1428571428571,-3.5714285714285716,0.006880138378991335,0.0035976399481939684,"{""mlp.down_proj"": 2058.0, ""mlp.gate_proj"": 731.0, ""mlp.up_proj"": 1775.0, ""self_attn.k_proj"": 178.0, ""self_attn.o_proj"": 1191.0, ""self_attn.q_proj"": 288.0, ""self_attn.v_proj"": 728.0}","{""mlp.down_proj"": 2052.0, ""mlp.gate_proj"": 726.0, ""mlp.up_proj"": 1770.0, ""self_attn.k_proj"": 175.0, ""self_attn.o_proj"": 1191.0, ""self_attn.q_proj"": 283.0, ""self_attn.v_proj"": 727.0}","{""mlp.down_proj"": -6.0, ""mlp.gate_proj"": -5.0, ""mlp.up_proj"": -5.0, ""self_attn.k_proj"": -3.0, ""self_attn.o_proj"": 0.0, ""self_attn.q_proj"": -5.0, ""self_attn.v_proj"": -1.0}","{""mlp.down_proj"": 0.0029154518950437317, ""mlp.gate_proj"": 0.006839945280437756, ""mlp.up_proj"": 0.0028169014084507044, ""self_attn.k_proj"": 0.016853932584269662, ""self_attn.o_proj"": 0.0, ""self_attn.q_proj"": 0.017361111111111112, ""self_attn.v_proj"": 0.0013736263736263737}",-0.004090953387479622,0.1714285714285717,304.05714285714294,False,True
llama,seqkd,40,E_ood,E_mmluPro,0.05,14,5,equal5_non_qk,True,"mlp.down_proj,mlp.gate_proj,mlp.up_proj,self_attn.o_proj,self_attn.v_proj","self_attn.q_proj,self_attn.k_proj",958.4,961.6,958.4,-3.2,0.004255852616998996,0.003327787021630663,"{""mlp.down_proj"": 1669.0, ""mlp.gate_proj"": 327.0, ""mlp.up_proj"": 1319.0, ""self_attn.o_proj"": 891.0, ""self_attn.v_proj"": 602.0}","{""mlp.down_proj"": 1663.0, ""mlp.gate_proj"": 323.0, ""mlp.up_proj"": 1314.0, ""self_attn.o_proj"": 891.0, ""self_attn.v_proj"": 601.0}","{""mlp.down_proj"": -6.0, ""mlp.gate_proj"": -4.0, ""mlp.up_proj"": -5.0, ""self_attn.o_proj"": 0.0, ""self_attn.v_proj"": -1.0}","{""mlp.down_proj"": 0.0035949670461354103, ""mlp.gate_proj"": 0.012232415902140673, ""mlp.up_proj"": 0.0037907505686125853, ""self_attn.o_proj"": 0.0, ""self_attn.v_proj"": 0.0016611295681063123}",-0.0006601606518947584,0.004916013268893755,7,equal7,True,"mlp.down_proj,mlp.gate_proj,mlp.up_proj,self_attn.k_proj,self_attn.o_proj,self_attn.q_proj,self_attn.v_proj",,714.5714285714286,717.4285714285714,714.5714285714286,-2.857142857142857,0.008094073996634999,0.003982477100756716,"{""mlp.down_proj"": 1669.0, ""mlp.gate_proj"": 327.0, ""mlp.up_proj"": 1319.0, ""self_attn.k_proj"": 91.0, ""self_attn.o_proj"": 891.0, ""self_attn.q_proj"": 123.0, ""self_attn.v_proj"": 602.0}","{""mlp.down_proj"": 1663.0, ""mlp.gate_proj"": 323.0, ""mlp.up_proj"": 1314.0, ""self_attn.k_proj"": 90.0, ""self_attn.o_proj"": 891.0, ""self_attn.q_proj"": 120.0, ""self_attn.v_proj"": 601.0}","{""mlp.down_proj"": -6.0, ""mlp.gate_proj"": -4.0, ""mlp.up_proj"": -5.0, ""self_attn.k_proj"": -1.0, ""self_attn.o_proj"": 0.0, ""self_attn.q_proj"": -3.0, ""self_attn.v_proj"": -1.0}","{""mlp.down_proj"": 0.0035949670461354103, ""mlp.gate_proj"": 0.012232415902140673, ""mlp.up_proj"": 0.0037907505686125853, ""self_attn.k_proj"": 0.01098901098901099, ""self_attn.o_proj"": 0.0, ""self_attn.q_proj"": 0.024390243902439025, ""self_attn.v_proj"": 0.0016611295681063123}",-0.0038382213796360025,-0.34285714285714297,243.82857142857142,False,True
llama,seqkd,40,E_ood,E_mmluPro,0.1,14,5,equal5_non_qk,True,"mlp.down_proj,mlp.gate_proj,mlp.up_proj,self_attn.o_proj,self_attn.v_proj","self_attn.q_proj,self_attn.k_proj",627.8,630.6,627.8,-2.8,0.007675117834669546,0.00444021566761825,"{""mlp.down_proj"": 1213.0, ""mlp.gate_proj"": 83.0, ""mlp.up_proj"": 825.0, ""self_attn.o_proj"": 586.0, ""self_attn.v_proj"": 446.0}","{""mlp.down_proj"": 1207.0, ""mlp.gate_proj"": 81.0, ""mlp.up_proj"": 821.0, ""self_attn.o_proj"": 586.0, ""self_attn.v_proj"": 444.0}","{""mlp.down_proj"": -6.0, ""mlp.gate_proj"": -2.0, ""mlp.up_proj"": -4.0, ""self_attn.o_proj"": 0.0, ""self_attn.v_proj"": -2.0}","{""mlp.down_proj"": 0.00494641384995878, ""mlp.gate_proj"": 0.024096385542168676, ""mlp.up_proj"": 0.0048484848484848485, ""self_attn.o_proj"": 0.0, ""self_attn.v_proj"": 0.004484304932735426}",-6.486652818296453e-05,0.00773998436285251,7,equal7,True,"mlp.down_proj,mlp.gate_proj,mlp.up_proj,self_attn.k_proj,self_attn.o_proj,self_attn.q_proj,self_attn.v_proj",,459.7142857142857,461.85714285714283,459.7142857142857,-2.142857142857143,0.008966547582255251,0.004639653572533181,"{""mlp.down_proj"": 1213.0, ""mlp.gate_proj"": 83.0, ""mlp.up_proj"": 825.0, ""self_attn.k_proj"": 39.0, ""self_attn.o_proj"": 586.0, ""self_attn.q_proj"": 41.0, ""self_attn.v_proj"": 446.0}","{""mlp.down_proj"": 1207.0, ""mlp.gate_proj"": 81.0, ""mlp.up_proj"": 821.0, ""self_attn.k_proj"": 39.0, ""self_attn.o_proj"": 586.0, ""self_attn.q_proj"": 40.0, ""self_attn.v_proj"": 444.0}","{""mlp.down_proj"": -6.0, ""mlp.gate_proj"": -2.0, ""mlp.up_proj"": -4.0, ""self_attn.k_proj"": 0.0, ""self_attn.o_proj"": 0.0, ""self_attn.q_proj"": -1.0, ""self_attn.v_proj"": -2.0}","{""mlp.down_proj"": 0.00494641384995878, ""mlp.gate_proj"": 0.024096385542168676, ""mlp.up_proj"": 0.0048484848484848485, ""self_attn.k_proj"": 0.0, ""self_attn.o_proj"": 0.0, ""self_attn.q_proj"": 0.024390243902439025, ""self_attn.v_proj"": 0.004484304932735426}",-0.0012914297475857053,-0.657142857142857,168.08571428571423,False,True
llama,seqkd,80,E_general,E_general,0.01,14,5,equal5_non_qk,True,"mlp.down_proj,mlp.gate_proj,mlp.up_proj,self_attn.o_proj,self_attn.v_proj","self_attn.q_proj,self_attn.k_proj",1739.6,1737.8,1739.6,1.8,-0.0011926696694599356,-0.0010357923811715702,"{""mlp.down_proj"": 2529.0, ""mlp.gate_proj"": 1399.0, ""mlp.up_proj"": 2314.0, ""self_attn.o_proj"": 1584.0, ""self_attn.v_proj"": 863.0}","{""mlp.down_proj"": 2528.0, ""mlp.gate_proj"": 1398.0, ""mlp.up_proj"": 2316.0, ""self_attn.o_proj"": 1592.0, ""self_attn.v_proj"": 864.0}","{""mlp.down_proj"": -1.0, ""mlp.gate_proj"": -1.0, ""mlp.up_proj"": 2.0, ""self_attn.o_proj"": 8.0, ""self_attn.v_proj"": 1.0}","{""mlp.down_proj"": 0.00039541320680110717, ""mlp.gate_proj"": 0.0007147962830593281, ""mlp.up_proj"": -0.000864304235090752, ""self_attn.o_proj"": -0.005050505050505051, ""self_attn.v_proj"": -0.0011587485515643105}",-0.0011926696694599356,0.0,7,equal7,True,"mlp.down_proj,mlp.gate_proj,mlp.up_proj,self_attn.k_proj,self_attn.o_proj,self_attn.q_proj,self_attn.v_proj",,1393.7142857142858,1393.7142857142858,1393.7142857142858,0.0,0.00170410740648265,0.0,"{""mlp.down_proj"": 2529.0, ""mlp.gate_proj"": 1399.0, ""mlp.up_proj"": 2314.0, ""self_attn.k_proj"": 375.0, ""self_attn.o_proj"": 1584.0, ""self_attn.q_proj"": 692.0, ""self_attn.v_proj"": 863.0}","{""mlp.down_proj"": 2528.0, ""mlp.gate_proj"": 1398.0, ""mlp.up_proj"": 2316.0, ""self_attn.k_proj"": 371.0, ""self_attn.o_proj"": 1592.0, ""self_attn.q_proj"": 687.0, ""self_attn.v_proj"": 864.0}","{""mlp.down_proj"": -1.0, ""mlp.gate_proj"": -1.0, ""mlp.up_proj"": 2.0, ""self_attn.k_proj"": -4.0, ""self_attn.o_proj"": 8.0, ""self_attn.q_proj"": -5.0, ""self_attn.v_proj"": 1.0}","{""mlp.down_proj"": 0.00039541320680110717, ""mlp.gate_proj"": 0.0007147962830593281, ""mlp.up_proj"": -0.000864304235090752, ""self_attn.k_proj"": 0.010666666666666666, ""self_attn.o_proj"": -0.005050505050505051, ""self_attn.q_proj"": 0.0072254335260115606, ""self_attn.v_proj"": -0.0011587485515643105}",-0.0028967770759425852,1.8,345.88571428571413,True,True
llama,seqkd,80,E_general,E_general,0.025,14,5,equal5_non_qk,True,"mlp.down_proj,mlp.gate_proj,mlp.up_proj,self_attn.o_proj,self_attn.v_proj","self_attn.q_proj,self_attn.k_proj",1360.4,1358.4,1360.4,2.0,-0.0014417460884549697,-0.0014723203769140163,"{""mlp.down_proj"": 2167.0, ""mlp.gate_proj"": 784.0, ""mlp.up_proj"": 1852.0, ""self_attn.o_proj"": 1238.0, ""self_attn.v_proj"": 751.0}","{""mlp.down_proj"": 2166.0, ""mlp.gate_proj"": 782.0, ""mlp.up_proj"": 1855.0, ""self_attn.o_proj"": 1247.0, ""self_attn.v_proj"": 752.0}","{""mlp.down_proj"": -1.0, ""mlp.gate_proj"": -2.0, ""mlp.up_proj"": 3.0, ""self_attn.o_proj"": 9.0, ""self_attn.v_proj"": 1.0}","{""mlp.down_proj"": 0.00046146746654360867, ""mlp.gate_proj"": 0.002551020408163265, ""mlp.up_proj"": -0.0016198704103671706, ""self_attn.o_proj"": -0.007269789983844911, ""self_attn.v_proj"": -0.0013315579227696406}",-0.0014417460884549697,0.0,7,equal7,True,"mlp.down_proj,mlp.gate_proj,mlp.up_proj,self_attn.k_proj,self_attn.o_proj,self_attn.q_proj,self_attn.v_proj",,1051.0,1050.7142857142858,1051.0,0.2857142857142857,0.0032936007831483485,-0.0002719238613187689,"{""mlp.down_proj"": 2167.0, ""mlp.gate_proj"": 784.0, ""mlp.up_proj"": 1852.0, ""self_attn.k_proj"": 212.0, ""self_attn.o_proj"": 1238.0, ""self_attn.q_proj"": 351.0, ""self_attn.v_proj"": 751.0}","{""mlp.down_proj"": 2166.0, ""mlp.gate_proj"": 782.0, ""mlp.up_proj"": 1855.0, ""self_attn.k_proj"": 208.0, ""self_attn.o_proj"": 1247.0, ""self_attn.q_proj"": 347.0, ""self_attn.v_proj"": 752.0}","{""mlp.down_proj"": -1.0, ""mlp.gate_proj"": -2.0, ""mlp.up_proj"": 3.0, ""self_attn.k_proj"": -4.0, ""self_attn.o_proj"": 9.0, ""self_attn.q_proj"": -4.0, ""self_attn.v_proj"": 1.0}","{""mlp.down_proj"": 0.00046146746654360867, ""mlp.gate_proj"": 0.002551020408163265, ""mlp.up_proj"": -0.0016198704103671706, ""self_attn.k_proj"": 0.018867924528301886, ""self_attn.o_proj"": -0.007269789983844911, ""self_attn.q_proj"": 0.011396011396011397, ""self_attn.v_proj"": -0.0013315579227696406}",-0.004735346871603319,1.7142857142857144,309.4000000000001,True,True
llama,seqkd,80,E_general,E_general,0.05,14,5,equal5_non_qk,True,"mlp.down_proj,mlp.gate_proj,mlp.up_proj,self_attn.o_proj,self_attn.v_proj","self_attn.q_proj,self_attn.k_proj",1035.0,1033.4,1035.0,1.6,-0.0011101031317819331,-0.0015482872072768617,"{""mlp.down_proj"": 1802.0, ""mlp.gate_proj"": 368.0, ""mlp.up_proj"": 1412.0, ""self_attn.o_proj"": 954.0, ""self_attn.v_proj"": 631.0}","{""mlp.down_proj"": 1800.0, ""mlp.gate_proj"": 366.0, ""mlp.up_proj"": 1415.0, ""self_attn.o_proj"": 962.0, ""self_attn.v_proj"": 632.0}","{""mlp.down_proj"": -2.0, ""mlp.gate_proj"": -2.0, ""mlp.up_proj"": 3.0, ""self_attn.o_proj"": 8.0, ""self_attn.v_proj"": 1.0}","{""mlp.down_proj"": 0.0011098779134295228, ""mlp.gate_proj"": 0.005434782608695652, ""mlp.up_proj"": -0.002124645892351275, ""self_attn.o_proj"": -0.008385744234800839, ""self_attn.v_proj"": -0.001584786053882726}",-0.0011101031317819331,0.0,7,equal7,True,"mlp.down_proj,mlp.gate_proj,mlp.up_proj,self_attn.k_proj,self_attn.o_proj,self_attn.q_proj,self_attn.v_proj",,776.7142857142857,776.2857142857143,776.7142857142857,0.42857142857142855,0.0045283245128396555,-0.0005520794994477949,"{""mlp.down_proj"": 1802.0, ""mlp.gate_proj"": 368.0, ""mlp.up_proj"": 1412.0, ""self_attn.k_proj"": 111.0, ""self_attn.o_proj"": 954.0, ""self_attn.q_proj"": 156.0, ""self_attn.v_proj"": 631.0}","{""mlp.down_proj"": 1800.0, ""mlp.gate_proj"": 366.0, ""mlp.up_proj"": 1415.0, ""self_attn.k_proj"": 109.0, ""self_attn.o_proj"": 962.0, ""self_attn.q_proj"": 153.0, ""self_attn.v_proj"": 632.0}","{""mlp.down_proj"": -2.0, ""mlp.gate_proj"": -2.0, ""mlp.up_proj"": 3.0, ""self_attn.k_proj"": -2.0, ""self_attn.o_proj"": 8.0, ""self_attn.q_proj"": -3.0, ""self_attn.v_proj"": 1.0}","{""mlp.down_proj"": 0.0011098779134295228, ""mlp.gate_proj"": 0.005434782608695652, ""mlp.up_proj"": -0.002124645892351275, ""self_attn.k_proj"": 0.018018018018018018, ""self_attn.o_proj"": -0.008385744234800839, ""self_attn.q_proj"": 0.019230769230769232, ""self_attn.v_proj"": -0.001584786053882726}",-0.005638427644621588,1.1714285714285715,258.28571428571433,True,True
llama,seqkd,80,E_general,E_general,0.1,14,5,equal5_non_qk,True,"mlp.down_proj,mlp.gate_proj,mlp.up_proj,self_attn.o_proj,self_attn.v_proj","self_attn.q_proj,self_attn.k_proj",706.4,704.6,706.4,1.8,-0.0010451787835012148,-0.00255464093102463,"{""mlp.down_proj"": 1362.0, ""mlp.gate_proj"": 100.0, ""mlp.up_proj"": 923.0, ""self_attn.o_proj"": 659.0, ""self_attn.v_proj"": 479.0}","{""mlp.down_proj"": 1361.0, ""mlp.gate_proj"": 99.0, ""mlp.up_proj"": 926.0, ""self_attn.o_proj"": 666.0, ""self_attn.v_proj"": 480.0}","{""mlp.down_proj"": -1.0, ""mlp.gate_proj"": -1.0, ""mlp.up_proj"": 3.0, ""self_attn.o_proj"": 7.0, ""self_attn.v_proj"": 1.0}","{""mlp.down_proj"": 0.0007342143906020558, ""mlp.gate_proj"": 0.01, ""mlp.up_proj"": -0.0032502708559046588, ""self_attn.o_proj"": -0.010622154779969651, ""self_attn.v_proj"": -0.0020876826722338203}",-0.0010451787835012148,0.0,7,equal7,True,"mlp.down_proj,mlp.gate_proj,mlp.up_proj,self_attn.k_proj,self_attn.o_proj,self_attn.q_proj,self_attn.v_proj",,518.4285714285714,517.2857142857143,518.4285714285714,1.1428571428571428,0.002110586583213418,-0.0022093344380004895,"{""mlp.down_proj"": 1362.0, ""mlp.gate_proj"": 100.0, ""mlp.up_proj"": 923.0, ""self_attn.k_proj"": 48.0, ""self_attn.o_proj"": 659.0, ""self_attn.q_proj"": 50.0, ""self_attn.v_proj"": 479.0}","{""mlp.down_proj"": 1361.0, ""mlp.gate_proj"": 99.0, ""mlp.up_proj"": 926.0, ""self_attn.k_proj"": 48.0, ""self_attn.o_proj"": 666.0, ""self_attn.q_proj"": 49.0, ""self_attn.v_proj"": 480.0}","{""mlp.down_proj"": -1.0, ""mlp.gate_proj"": -1.0, ""mlp.up_proj"": 3.0, ""self_attn.k_proj"": 0.0, ""self_attn.o_proj"": 7.0, ""self_attn.q_proj"": -1.0, ""self_attn.v_proj"": 1.0}","{""mlp.down_proj"": 0.0007342143906020558, ""mlp.gate_proj"": 0.01, ""mlp.up_proj"": -0.0032502708559046588, ""self_attn.k_proj"": 0.0, ""self_attn.o_proj"": -0.010622154779969651, ""self_attn.q_proj"": 0.02, ""self_attn.v_proj"": -0.0020876826722338203}",-0.0031557653667146327,0.6571428571428573,187.97142857142853,True,True
llama,seqkd,80,E_if,E_ifeval,0.01,14,5,equal5_non_qk,True,"mlp.down_proj,mlp.gate_proj,mlp.up_proj,self_attn.o_proj,self_attn.v_proj","self_attn.q_proj,self_attn.k_proj",1646.8,1652.8,1646.8,-6.0,0.0034585688655694585,0.0036302032913843175,"{""mlp.down_proj"": 2435.0, ""mlp.gate_proj"": 1309.0, ""mlp.up_proj"": 2178.0, ""self_attn.o_proj"": 1511.0, ""self_attn.v_proj"": 831.0}","{""mlp.down_proj"": 2423.0, ""mlp.gate_proj"": 1294.0, ""mlp.up_proj"": 2170.0, ""self_attn.o_proj"": 1517.0, ""self_attn.v_proj"": 830.0}","{""mlp.down_proj"": -12.0, ""mlp.gate_proj"": -15.0, ""mlp.up_proj"": -8.0, ""self_attn.o_proj"": 6.0, ""self_attn.v_proj"": -1.0}","{""mlp.down_proj"": 0.004928131416837783, ""mlp.gate_proj"": 0.01145912910618793, ""mlp.up_proj"": 0.0036730945821854912, ""self_attn.o_proj"": -0.003970880211780278, ""self_attn.v_proj"": 0.0012033694344163659}",-0.0011926696694599356,0.004651238535029394,7,equal7,True,"mlp.down_proj,mlp.gate_proj,mlp.up_proj,self_attn.k_proj,self_attn.o_proj,self_attn.q_proj,self_attn.v_proj",,1313.2857142857142,1319.857142857143,1313.2857142857142,-6.571428571428571,0.007222452078384178,0.004978893819677528,"{""mlp.down_proj"": 2435.0, ""mlp.gate_proj"": 1309.0, ""mlp.up_proj"": 2178.0, ""self_attn.k_proj"": 345.0, ""self_attn.o_proj"": 1511.0, ""self_attn.q_proj"": 630.0, ""self_attn.v_proj"": 831.0}","{""mlp.down_proj"": 2423.0, ""mlp.gate_proj"": 1294.0, ""mlp.up_proj"": 2170.0, ""self_attn.k_proj"": 339.0, ""self_attn.o_proj"": 1517.0, ""self_attn.q_proj"": 620.0, ""self_attn.v_proj"": 830.0}","{""mlp.down_proj"": -12.0, ""mlp.gate_proj"": -15.0, ""mlp.up_proj"": -8.0, ""self_attn.k_proj"": -6.0, ""self_attn.o_proj"": 6.0, ""self_attn.q_proj"": -10.0, ""self_attn.v_proj"": -1.0}","{""mlp.down_proj"": 0.004928131416837783, ""mlp.gate_proj"": 0.01145912910618793, ""mlp.up_proj"": 0.0036730945821854912, ""self_attn.k_proj"": 0.017391304347826087, ""self_attn.o_proj"": -0.003970880211780278, ""self_attn.q_proj"": 0.015873015873015872, ""self_attn.v_proj"": 0.0012033694344163659}",-0.00376388321281472,0.5714285714285712,333.51428571428573,False,True
llama,seqkd,80,E_if,E_ifeval,0.025,14,5,equal5_non_qk,True,"mlp.down_proj,mlp.gate_proj,mlp.up_proj,self_attn.o_proj,self_attn.v_proj","self_attn.q_proj,self_attn.k_proj",1246.6,1254.0,1246.6,-7.4,0.006350298627315338,0.00590111642743229,"{""mlp.down_proj"": 2031.0, ""mlp.gate_proj"": 709.0, ""mlp.up_proj"": 1670.0, ""self_attn.o_proj"": 1157.0, ""self_attn.v_proj"": 703.0}","{""mlp.down_proj"": 2014.0, ""mlp.gate_proj"": 694.0, ""mlp.up_proj"": 1660.0, ""self_attn.o_proj"": 1163.0, ""self_attn.v_proj"": 702.0}","{""mlp.down_proj"": -17.0, ""mlp.gate_proj"": -15.0, ""mlp.up_proj"": -10.0, ""self_attn.o_proj"": 6.0, ""self_attn.v_proj"": -1.0}","{""mlp.down_proj"": 0.008370260955194485, ""mlp.gate_proj"": 0.021156558533145273, ""mlp.up_proj"": 0.005988023952095809, ""self_attn.o_proj"": -0.005185825410544511, ""self_attn.v_proj"": 0.001422475106685633}",-0.0014417460884549697,0.007792044715770307,7,equal7,True,"mlp.down_proj,mlp.gate_proj,mlp.up_proj,self_attn.k_proj,self_attn.o_proj,self_attn.q_proj,self_attn.v_proj",,960.0,966.7142857142857,960.0,-6.714285714285714,0.010051808803990746,0.006945470666469582,"{""mlp.down_proj"": 2031.0, ""mlp.gate_proj"": 709.0, ""mlp.up_proj"": 1670.0, ""self_attn.k_proj"": 188.0, ""self_attn.o_proj"": 1157.0, ""self_attn.q_proj"": 309.0, ""self_attn.v_proj"": 703.0}","{""mlp.down_proj"": 2014.0, ""mlp.gate_proj"": 694.0, ""mlp.up_proj"": 1660.0, ""self_attn.k_proj"": 185.0, ""self_attn.o_proj"": 1163.0, ""self_attn.q_proj"": 302.0, ""self_attn.v_proj"": 702.0}","{""mlp.down_proj"": -17.0, ""mlp.gate_proj"": -15.0, ""mlp.up_proj"": -10.0, ""self_attn.k_proj"": -3.0, ""self_attn.o_proj"": 6.0, ""self_attn.q_proj"": -7.0, ""self_attn.v_proj"": -1.0}","{""mlp.down_proj"": 0.008370260955194485, ""mlp.gate_proj"": 0.021156558533145273, ""mlp.up_proj"": 0.005988023952095809, ""self_attn.k_proj"": 0.015957446808510637, ""self_attn.o_proj"": -0.005185825410544511, ""self_attn.q_proj"": 0.022653721682847898, ""self_attn.v_proj"": 0.001422475106685633}",-0.0037015101766754085,-0.6857142857142859,286.5999999999999,False,True
llama,seqkd,80,E_if,E_ifeval,0.05,14,5,equal5_non_qk,True,"mlp.down_proj,mlp.gate_proj,mlp.up_proj,self_attn.o_proj,self_attn.v_proj","self_attn.q_proj,self_attn.k_proj",914.0,921.2,914.0,-7.2,0.009446882223813105,0.007815892314372606,"{""mlp.down_proj"": 1632.0, ""mlp.gate_proj"": 328.0, ""mlp.up_proj"": 1207.0, ""self_attn.o_proj"": 868.0, ""self_attn.v_proj"": 571.0}","{""mlp.down_proj"": 1613.0, ""mlp.gate_proj"": 318.0, ""mlp.up_proj"": 1196.0, ""self_attn.o_proj"": 873.0, ""self_attn.v_proj"": 570.0}","{""mlp.down_proj"": -19.0, ""mlp.gate_proj"": -10.0, ""mlp.up_proj"": -11.0, ""self_attn.o_proj"": 5.0, ""self_attn.v_proj"": -1.0}","{""mlp.down_proj"": 0.011642156862745098, ""mlp.gate_proj"": 0.03048780487804878, ""mlp.up_proj"": 0.009113504556752278, ""self_attn.o_proj"": -0.00576036866359447, ""self_attn.v_proj"": 0.0017513134851138354}",-0.0011101031317819331,0.01055698535559504,7,equal7,True,"mlp.down_proj,mlp.gate_proj,mlp.up_proj,self_attn.k_proj,self_attn.o_proj,self_attn.q_proj,self_attn.v_proj",,685.4285714285714,691.2857142857143,685.4285714285714,-5.857142857142857,0.012837828086656266,0.00847282496383555,"{""mlp.down_proj"": 1632.0, ""mlp.gate_proj"": 328.0, ""mlp.up_proj"": 1207.0, ""self_attn.k_proj"": 98.0, ""self_attn.o_proj"": 868.0, ""self_attn.q_proj"": 135.0, ""self_attn.v_proj"": 571.0}","{""mlp.down_proj"": 1613.0, ""mlp.gate_proj"": 318.0, ""mlp.up_proj"": 1196.0, ""self_attn.k_proj"": 96.0, ""self_attn.o_proj"": 873.0, ""self_attn.q_proj"": 132.0, ""self_attn.v_proj"": 570.0}","{""mlp.down_proj"": -19.0, ""mlp.gate_proj"": -10.0, ""mlp.up_proj"": -11.0, ""self_attn.k_proj"": -2.0, ""self_attn.o_proj"": 5.0, ""self_attn.q_proj"": -3.0, ""self_attn.v_proj"": -1.0}","{""mlp.down_proj"": 0.011642156862745098, ""mlp.gate_proj"": 0.03048780487804878, ""mlp.up_proj"": 0.009113504556752278, ""self_attn.k_proj"": 0.02040816326530612, ""self_attn.o_proj"": -0.00576036866359447, ""self_attn.q_proj"": 0.022222222222222223, ""self_attn.v_proj"": 0.0017513134851138354}",-0.003390945862843161,-1.3428571428571434,228.57142857142856,False,True
llama,seqkd,80,E_if,E_ifeval,0.1,14,5,equal5_non_qk,True,"mlp.down_proj,mlp.gate_proj,mlp.up_proj,self_attn.o_proj,self_attn.v_proj","self_attn.q_proj,self_attn.k_proj",586.4,592.8,586.4,-6.4,0.013975193197725255,0.010796221322537075,"{""mlp.down_proj"": 1166.0, ""mlp.gate_proj"": 96.0, ""mlp.up_proj"": 722.0, ""self_attn.o_proj"": 572.0, ""self_attn.v_proj"": 408.0}","{""mlp.down_proj"": 1146.0, ""mlp.gate_proj"": 92.0, ""mlp.up_proj"": 712.0, ""self_attn.o_proj"": 575.0, ""self_attn.v_proj"": 407.0}","{""mlp.down_proj"": -20.0, ""mlp.gate_proj"": -4.0, ""mlp.up_proj"": -10.0, ""self_attn.o_proj"": 3.0, ""self_attn.v_proj"": -1.0}","{""mlp.down_proj"": 0.017152658662092625, ""mlp.gate_proj"": 0.041666666666666664, ""mlp.up_proj"": 0.013850415512465374, ""self_attn.o_proj"": -0.005244755244755245, ""self_attn.v_proj"": 0.0024509803921568627}",-0.0010451787835012148,0.01502037198122647,7,equal7,True,"mlp.down_proj,mlp.gate_proj,mlp.up_proj,self_attn.k_proj,self_attn.o_proj,self_attn.q_proj,self_attn.v_proj",,431.0,435.7142857142857,431.0,-4.714285714285714,0.013229034102271288,0.010819672131147559,"{""mlp.down_proj"": 1166.0, ""mlp.gate_proj"": 96.0, ""mlp.up_proj"": 722.0, ""self_attn.k_proj"": 42.0, ""self_attn.o_proj"": 572.0, ""self_attn.q_proj"": 44.0, ""self_attn.v_proj"": 408.0}","{""mlp.down_proj"": 1146.0, ""mlp.gate_proj"": 92.0, ""mlp.up_proj"": 712.0, ""self_attn.k_proj"": 42.0, ""self_attn.o_proj"": 575.0, ""self_attn.q_proj"": 43.0, ""self_attn.v_proj"": 407.0}","{""mlp.down_proj"": -20.0, ""mlp.gate_proj"": -4.0, ""mlp.up_proj"": -10.0, ""self_attn.k_proj"": 0.0, ""self_attn.o_proj"": 3.0, ""self_attn.q_proj"": -1.0, ""self_attn.v_proj"": -1.0}","{""mlp.down_proj"": 0.017152658662092625, ""mlp.gate_proj"": 0.041666666666666664, ""mlp.up_proj"": 0.013850415512465374, ""self_attn.k_proj"": 0.0, ""self_attn.o_proj"": -0.005244755244755245, ""self_attn.q_proj"": 0.022727272727272728, ""self_attn.v_proj"": 0.0024509803921568627}",0.0007461590954539674,-1.685714285714286,155.39999999999998,False,True
llama,seqkd,80,E_math,E_mathHeld,0.01,14,5,equal5_non_qk,True,"mlp.down_proj,mlp.gate_proj,mlp.up_proj,self_attn.o_proj,self_attn.v_proj","self_attn.q_proj,self_attn.k_proj",850.4,851.6,850.4,-1.2,0.0015756882776099324,0.0014091122592767092,"{""mlp.down_proj"": 1162.0, ""mlp.gate_proj"": 587.0, ""mlp.up_proj"": 1022.0, ""self_attn.o_proj"": 828.0, ""self_attn.v_proj"": 659.0}","{""mlp.down_proj"": 1157.0, ""mlp.gate_proj"": 581.0, ""mlp.up_proj"": 1018.0, ""self_attn.o_proj"": 838.0, ""self_attn.v_proj"": 658.0}","{""mlp.down_proj"": -5.0, ""mlp.gate_proj"": -6.0, ""mlp.up_proj"": -4.0, ""self_attn.o_proj"": 10.0, ""self_attn.v_proj"": -1.0}","{""mlp.down_proj"": 0.004302925989672977, ""mlp.gate_proj"": 0.010221465076660987, ""mlp.up_proj"": 0.003913894324853229, ""self_attn.o_proj"": -0.012077294685990338, ""self_attn.v_proj"": 0.0015174506828528073}",-0.0011926696694599356,0.0027683579470698678,7,equal7,True,"mlp.down_proj,mlp.gate_proj,mlp.up_proj,self_attn.k_proj,self_attn.o_proj,self_attn.q_proj,self_attn.v_proj",,699.7142857142857,701.7142857142857,699.7142857142857,-2.0,0.004581858468525683,0.002850162866449512,"{""mlp.down_proj"": 1162.0, ""mlp.gate_proj"": 587.0, ""mlp.up_proj"": 1022.0, ""self_attn.k_proj"": 263.0, ""self_attn.o_proj"": 828.0, ""self_attn.q_proj"": 391.0, ""self_attn.v_proj"": 659.0}","{""mlp.down_proj"": 1157.0, ""mlp.gate_proj"": 581.0, ""mlp.up_proj"": 1018.0, ""self_attn.k_proj"": 260.0, ""self_attn.o_proj"": 838.0, ""self_attn.q_proj"": 386.0, ""self_attn.v_proj"": 658.0}","{""mlp.down_proj"": -5.0, ""mlp.gate_proj"": -6.0, ""mlp.up_proj"": -4.0, ""self_attn.k_proj"": -3.0, ""self_attn.o_proj"": 10.0, ""self_attn.q_proj"": -5.0, ""self_attn.v_proj"": -1.0}","{""mlp.down_proj"": 0.004302925989672977, ""mlp.gate_proj"": 0.010221465076660987, ""mlp.up_proj"": 0.003913894324853229, ""self_attn.k_proj"": 0.011406844106463879, ""self_attn.o_proj"": -0.012077294685990338, ""self_attn.q_proj"": 0.01278772378516624, ""self_attn.v_proj"": 0.0015174506828528073}",-0.0030061701909157505,0.8,150.6857142857143,False,True
llama,seqkd,80,E_math,E_mathHeld,0.025,14,5,equal5_non_qk,True,"mlp.down_proj,mlp.gate_proj,mlp.up_proj,self_attn.o_proj,self_attn.v_proj","self_attn.q_proj,self_attn.k_proj",620.2,621.6,620.2,-1.4,0.00320044786967866,0.002252252252252216,"{""mlp.down_proj"": 912.0, ""mlp.gate_proj"": 322.0, ""mlp.up_proj"": 751.0, ""self_attn.o_proj"": 607.0, ""self_attn.v_proj"": 516.0}","{""mlp.down_proj"": 906.0, ""mlp.gate_proj"": 316.0, ""mlp.up_proj"": 747.0, ""self_attn.o_proj"": 617.0, ""self_attn.v_proj"": 515.0}","{""mlp.down_proj"": -6.0, ""mlp.gate_proj"": -6.0, ""mlp.up_proj"": -4.0, ""self_attn.o_proj"": 10.0, ""self_attn.v_proj"": -1.0}","{""mlp.down_proj"": 0.006578947368421052, ""mlp.gate_proj"": 0.018633540372670808, ""mlp.up_proj"": 0.005326231691078562, ""self_attn.o_proj"": -0.016474464579901153, ""self_attn.v_proj"": 0.001937984496124031}",-0.0014417460884549697,0.00464219395813363,7,equal7,True,"mlp.down_proj,mlp.gate_proj,mlp.up_proj,self_attn.k_proj,self_attn.o_proj,self_attn.q_proj,self_attn.v_proj",,493.2857142857143,495.14285714285717,493.2857142857143,-1.8571428571428572,0.006938048844642267,0.003750721292556326,"{""mlp.down_proj"": 912.0, ""mlp.gate_proj"": 322.0, ""mlp.up_proj"": 751.0, ""self_attn.k_proj"": 150.0, ""self_attn.o_proj"": 607.0, ""self_attn.q_proj"": 208.0, ""self_attn.v_proj"": 516.0}","{""mlp.down_proj"": 906.0, ""mlp.gate_proj"": 316.0, ""mlp.up_proj"": 747.0, ""self_attn.k_proj"": 148.0, ""self_attn.o_proj"": 617.0, ""self_attn.q_proj"": 204.0, ""self_attn.v_proj"": 515.0}","{""mlp.down_proj"": -6.0, ""mlp.gate_proj"": -6.0, ""mlp.up_proj"": -4.0, ""self_attn.k_proj"": -2.0, ""self_attn.o_proj"": 10.0, ""self_attn.q_proj"": -4.0, ""self_attn.v_proj"": -1.0}","{""mlp.down_proj"": 0.006578947368421052, ""mlp.gate_proj"": 0.018633540372670808, ""mlp.up_proj"": 0.005326231691078562, ""self_attn.k_proj"": 0.013333333333333334, ""self_attn.o_proj"": -0.016474464579901153, ""self_attn.q_proj"": 0.019230769230769232, ""self_attn.v_proj"": 0.001937984496124031}",-0.003737600974963607,0.4571428571428573,126.91428571428577,False,True
llama,seqkd,80,E_math,E_mathHeld,0.05,14,5,equal5_non_qk,True,"mlp.down_proj,mlp.gate_proj,mlp.up_proj,self_attn.o_proj,self_attn.v_proj","self_attn.q_proj,self_attn.k_proj",445.4,446.2,445.4,-0.8,0.004035565852866549,0.0017929179740027148,"{""mlp.down_proj"": 701.0, ""mlp.gate_proj"": 158.0, ""mlp.up_proj"": 534.0, ""self_attn.o_proj"": 441.0, ""self_attn.v_proj"": 397.0}","{""mlp.down_proj"": 696.0, ""mlp.gate_proj"": 154.0, ""mlp.up_proj"": 531.0, ""self_attn.o_proj"": 450.0, ""self_attn.v_proj"": 396.0}","{""mlp.down_proj"": -5.0, ""mlp.gate_proj"": -4.0, ""mlp.up_proj"": -3.0, ""self_attn.o_proj"": 9.0, ""self_attn.v_proj"": -1.0}","{""mlp.down_proj"": 0.007132667617689016, ""mlp.gate_proj"": 0.02531645569620253, ""mlp.up_proj"": 0.0056179775280898875, ""self_attn.o_proj"": -0.02040816326530612, ""self_attn.v_proj"": 0.0025188916876574307}",-0.0011101031317819331,0.005145668984648482,7,equal7,True,"mlp.down_proj,mlp.gate_proj,mlp.up_proj,self_attn.k_proj,self_attn.o_proj,self_attn.q_proj,self_attn.v_proj",,344.42857142857144,345.42857142857144,344.42857142857144,-1.0,0.007357152413892855,0.0028949545078577337,"{""mlp.down_proj"": 701.0, ""mlp.gate_proj"": 158.0, ""mlp.up_proj"": 534.0, ""self_attn.k_proj"": 84.0, ""self_attn.o_proj"": 441.0, ""self_attn.q_proj"": 103.0, ""self_attn.v_proj"": 397.0}","{""mlp.down_proj"": 696.0, ""mlp.gate_proj"": 154.0, ""mlp.up_proj"": 531.0, ""self_attn.k_proj"": 83.0, ""self_attn.o_proj"": 450.0, ""self_attn.q_proj"": 101.0, ""self_attn.v_proj"": 396.0}","{""mlp.down_proj"": -5.0, ""mlp.gate_proj"": -4.0, ""mlp.up_proj"": -3.0, ""self_attn.k_proj"": -1.0, ""self_attn.o_proj"": 9.0, ""self_attn.q_proj"": -2.0, ""self_attn.v_proj"": -1.0}","{""mlp.down_proj"": 0.007132667617689016, ""mlp.gate_proj"": 0.02531645569620253, ""mlp.up_proj"": 0.0056179775280898875, ""self_attn.k_proj"": 0.011904761904761904, ""self_attn.o_proj"": -0.02040816326530612, ""self_attn.q_proj"": 0.019417475728155338, ""self_attn.v_proj"": 0.0025188916876574307}",-0.0033215865610263066,0.19999999999999996,100.97142857142853,False,True
llama,seqkd,80,E_math,E_mathHeld,0.1,14,5,equal5_non_qk,True,"mlp.down_proj,mlp.gate_proj,mlp.up_proj,self_attn.o_proj,self_attn.v_proj","self_attn.q_proj,self_attn.k_proj",282.6,283.2,282.6,-0.6,0.01065095566958921,0.00211864406779649,"{""mlp.down_proj"": 483.0, ""mlp.gate_proj"": 49.0, ""mlp.up_proj"": 325.0, ""self_attn.o_proj"": 286.0, ""self_attn.v_proj"": 273.0}","{""mlp.down_proj"": 478.0, ""mlp.gate_proj"": 46.0, ""mlp.up_proj"": 323.0, ""self_attn.o_proj"": 293.0, ""self_attn.v_proj"": 273.0}","{""mlp.down_proj"": -5.0, ""mlp.gate_proj"": -3.0, ""mlp.up_proj"": -2.0, ""self_attn.o_proj"": 7.0, ""self_attn.v_proj"": 0.0}","{""mlp.down_proj"": 0.010351966873706004, ""mlp.gate_proj"": 0.061224489795918366, ""mlp.up_proj"": 0.006153846153846154, ""self_attn.o_proj"": -0.024475524475524476, ""self_attn.v_proj"": 0.0}",-0.0010451787835012148,0.011696134453090425,7,equal7,True,"mlp.down_proj,mlp.gate_proj,mlp.up_proj,self_attn.k_proj,self_attn.o_proj,self_attn.q_proj,self_attn.v_proj",,212.71428571428572,213.14285714285714,212.71428571428572,-0.42857142857142855,0.007607825478278007,0.002010723860589755,"{""mlp.down_proj"": 483.0, ""mlp.gate_proj"": 49.0, ""mlp.up_proj"": 325.0, ""self_attn.k_proj"": 38.0, ""self_attn.o_proj"": 286.0, ""self_attn.q_proj"": 38.0, ""self_attn.v_proj"": 273.0}","{""mlp.down_proj"": 478.0, ""mlp.gate_proj"": 46.0, ""mlp.up_proj"": 323.0, ""self_attn.k_proj"": 38.0, ""self_attn.o_proj"": 293.0, ""self_attn.q_proj"": 38.0, ""self_attn.v_proj"": 273.0}","{""mlp.down_proj"": -5.0, ""mlp.gate_proj"": -3.0, ""mlp.up_proj"": -2.0, ""self_attn.k_proj"": 0.0, ""self_attn.o_proj"": 7.0, ""self_attn.q_proj"": 0.0, ""self_attn.v_proj"": 0.0}","{""mlp.down_proj"": 0.010351966873706004, ""mlp.gate_proj"": 0.061224489795918366, ""mlp.up_proj"": 0.006153846153846154, ""self_attn.k_proj"": 0.0, ""self_attn.o_proj"": -0.024475524475524476, ""self_attn.q_proj"": 0.0, ""self_attn.v_proj"": 0.0}",0.0030431301913112037,-0.17142857142857143,69.8857142857143,False,True
llama,seqkd,80,E_ood,E_mmluPro,0.01,14,5,equal5_non_qk,True,"mlp.down_proj,mlp.gate_proj,mlp.up_proj,self_attn.o_proj,self_attn.v_proj","self_attn.q_proj,self_attn.k_proj",1690.2,1694.2,1690.2,-4.0,0.0023298065593917536,0.002360996340455672,"{""mlp.down_proj"": 2452.0, ""mlp.gate_proj"": 1352.0, ""mlp.up_proj"": 2263.0, ""self_attn.o_proj"": 1556.0, ""self_attn.v_proj"": 848.0}","{""mlp.down_proj"": 2446.0, ""mlp.gate_proj"": 1343.0, ""mlp.up_proj"": 2257.0, ""self_attn.o_proj"": 1558.0, ""self_attn.v_proj"": 847.0}","{""mlp.down_proj"": -6.0, ""mlp.gate_proj"": -9.0, ""mlp.up_proj"": -6.0, ""self_attn.o_proj"": 2.0, ""self_attn.v_proj"": -1.0}","{""mlp.down_proj"": 0.0024469820554649264, ""mlp.gate_proj"": 0.006656804733727811, ""mlp.up_proj"": 0.0026513477684489617, ""self_attn.o_proj"": -0.0012853470437017994, ""self_attn.v_proj"": 0.0011792452830188679}",-0.0011926696694599356,0.0035224762288516894,7,equal7,True,"mlp.down_proj,mlp.gate_proj,mlp.up_proj,self_attn.k_proj,self_attn.o_proj,self_attn.q_proj,self_attn.v_proj",,1338.7142857142858,1343.5714285714287,1338.7142857142858,-4.857142857142857,0.006148988479443805,0.0036150983519404813,"{""mlp.down_proj"": 2452.0, ""mlp.gate_proj"": 1352.0, ""mlp.up_proj"": 2263.0, ""self_attn.k_proj"": 331.0, ""self_attn.o_proj"": 1556.0, ""self_attn.q_proj"": 603.0, ""self_attn.v_proj"": 848.0}","{""mlp.down_proj"": 2446.0, ""mlp.gate_proj"": 1343.0, ""mlp.up_proj"": 2257.0, ""self_attn.k_proj"": 325.0, ""self_attn.o_proj"": 1558.0, ""self_attn.q_proj"": 595.0, ""self_attn.v_proj"": 847.0}","{""mlp.down_proj"": -6.0, ""mlp.gate_proj"": -9.0, ""mlp.up_proj"": -6.0, ""self_attn.k_proj"": -6.0, ""self_attn.o_proj"": 2.0, ""self_attn.q_proj"": -8.0, ""self_attn.v_proj"": -1.0}","{""mlp.down_proj"": 0.0024469820554649264, ""mlp.gate_proj"": 0.006656804733727811, ""mlp.up_proj"": 0.0026513477684489617, ""self_attn.k_proj"": 0.01812688821752266, ""self_attn.o_proj"": -0.0012853470437017994, ""self_attn.q_proj"": 0.013266998341625208, ""self_attn.v_proj"": 0.0011792452830188679}",-0.0038191819200520515,0.8571428571428568,351.48571428571427,False,True
llama,seqkd,80,E_ood,E_mmluPro,0.025,14,5,equal5_non_qk,True,"mlp.down_proj,mlp.gate_proj,mlp.up_proj,self_attn.o_proj,self_attn.v_proj","self_attn.q_proj,self_attn.k_proj",1291.4,1296.6,1291.4,-5.2,0.004345223482389716,0.00401048897115519,"{""mlp.down_proj"": 2058.0, ""mlp.gate_proj"": 731.0, ""mlp.up_proj"": 1775.0, ""self_attn.o_proj"": 1191.0, ""self_attn.v_proj"": 728.0}","{""mlp.down_proj"": 2049.0, ""mlp.gate_proj"": 722.0, ""mlp.up_proj"": 1767.0, ""self_attn.o_proj"": 1192.0, ""self_attn.v_proj"": 727.0}","{""mlp.down_proj"": -9.0, ""mlp.gate_proj"": -9.0, ""mlp.up_proj"": -8.0, ""self_attn.o_proj"": 1.0, ""self_attn.v_proj"": -1.0}","{""mlp.down_proj"": 0.004373177842565598, ""mlp.gate_proj"": 0.012311901504787962, ""mlp.up_proj"": 0.004507042253521127, ""self_attn.o_proj"": -0.0008396305625524769, ""self_attn.v_proj"": 0.0013736263736263737}",-0.0014417460884549697,0.005786969570844686,7,equal7,True,"mlp.down_proj,mlp.gate_proj,mlp.up_proj,self_attn.k_proj,self_attn.o_proj,self_attn.q_proj,self_attn.v_proj",,987.4285714285714,992.7142857142857,987.4285714285714,-5.285714285714286,0.01009276262653305,0.005324507123327033,"{""mlp.down_proj"": 2058.0, ""mlp.gate_proj"": 731.0, ""mlp.up_proj"": 1775.0, ""self_attn.k_proj"": 178.0, ""self_attn.o_proj"": 1191.0, ""self_attn.q_proj"": 288.0, ""self_attn.v_proj"": 728.0}","{""mlp.down_proj"": 2049.0, ""mlp.gate_proj"": 722.0, ""mlp.up_proj"": 1767.0, ""self_attn.k_proj"": 173.0, ""self_attn.o_proj"": 1192.0, ""self_attn.q_proj"": 282.0, ""self_attn.v_proj"": 727.0}","{""mlp.down_proj"": -9.0, ""mlp.gate_proj"": -9.0, ""mlp.up_proj"": -8.0, ""self_attn.k_proj"": -5.0, ""self_attn.o_proj"": 1.0, ""self_attn.q_proj"": -6.0, ""self_attn.v_proj"": -1.0}","{""mlp.down_proj"": 0.004373177842565598, ""mlp.gate_proj"": 0.012311901504787962, ""mlp.up_proj"": 0.004507042253521127, ""self_attn.k_proj"": 0.028089887640449437, ""self_attn.o_proj"": -0.0008396305625524769, ""self_attn.q_proj"": 0.020833333333333332, ""self_attn.v_proj"": 0.0013736263736263737}",-0.005747539144143333,0.08571428571428541,303.97142857142865,False,True
llama,seqkd,80,E_ood,E_mmluPro,0.05,14,5,equal5_non_qk,True,"mlp.down_proj,mlp.gate_proj,mlp.up_proj,self_attn.o_proj,self_attn.v_proj","self_attn.q_proj,self_attn.k_proj",956.6,961.6,956.6,-5.0,0.006800467118904771,0.005199667221297837,"{""mlp.down_proj"": 1669.0, ""mlp.gate_proj"": 327.0, ""mlp.up_proj"": 1319.0, ""self_attn.o_proj"": 891.0, ""self_attn.v_proj"": 602.0}","{""mlp.down_proj"": 1659.0, ""mlp.gate_proj"": 320.0, ""mlp.up_proj"": 1311.0, ""self_attn.o_proj"": 892.0, ""self_attn.v_proj"": 601.0}","{""mlp.down_proj"": -10.0, ""mlp.gate_proj"": -7.0, ""mlp.up_proj"": -8.0, ""self_attn.o_proj"": 1.0, ""self_attn.v_proj"": -1.0}","{""mlp.down_proj"": 0.005991611743559017, ""mlp.gate_proj"": 0.021406727828746176, ""mlp.up_proj"": 0.006065200909780136, ""self_attn.o_proj"": -0.001122334455667789, ""self_attn.v_proj"": 0.0016611295681063123}",-0.0011101031317819331,0.007910570250686704,7,equal7,True,"mlp.down_proj,mlp.gate_proj,mlp.up_proj,self_attn.k_proj,self_attn.o_proj,self_attn.q_proj,self_attn.v_proj",,713.0,717.4285714285714,713.0,-4.428571428571429,0.012642954682256836,0.006172839506172862,"{""mlp.down_proj"": 1669.0, ""mlp.gate_proj"": 327.0, ""mlp.up_proj"": 1319.0, ""self_attn.k_proj"": 91.0, ""self_attn.o_proj"": 891.0, ""self_attn.q_proj"": 123.0, ""self_attn.v_proj"": 602.0}","{""mlp.down_proj"": 1659.0, ""mlp.gate_proj"": 320.0, ""mlp.up_proj"": 1311.0, ""self_attn.k_proj"": 89.0, ""self_attn.o_proj"": 892.0, ""self_attn.q_proj"": 119.0, ""self_attn.v_proj"": 601.0}","{""mlp.down_proj"": -10.0, ""mlp.gate_proj"": -7.0, ""mlp.up_proj"": -8.0, ""self_attn.k_proj"": -2.0, ""self_attn.o_proj"": 1.0, ""self_attn.q_proj"": -4.0, ""self_attn.v_proj"": -1.0}","{""mlp.down_proj"": 0.005991611743559017, ""mlp.gate_proj"": 0.021406727828746176, ""mlp.up_proj"": 0.006065200909780136, ""self_attn.k_proj"": 0.02197802197802198, ""self_attn.o_proj"": -0.001122334455667789, ""self_attn.q_proj"": 0.032520325203252036, ""self_attn.v_proj"": 0.0016611295681063123}",-0.005842487563352065,-0.5714285714285712,243.60000000000002,False,True
llama,seqkd,80,E_ood,E_mmluPro,0.1,14,5,equal5_non_qk,True,"mlp.down_proj,mlp.gate_proj,mlp.up_proj,self_attn.o_proj,self_attn.v_proj","self_attn.q_proj,self_attn.k_proj",626.0,630.6,626.0,-4.6,0.011636431424485604,0.007294640025372697,"{""mlp.down_proj"": 1213.0, ""mlp.gate_proj"": 83.0, ""mlp.up_proj"": 825.0, ""self_attn.o_proj"": 586.0, ""self_attn.v_proj"": 446.0}","{""mlp.down_proj"": 1202.0, ""mlp.gate_proj"": 80.0, ""mlp.up_proj"": 818.0, ""self_attn.o_proj"": 586.0, ""self_attn.v_proj"": 444.0}","{""mlp.down_proj"": -11.0, ""mlp.gate_proj"": -3.0, ""mlp.up_proj"": -7.0, ""self_attn.o_proj"": 0.0, ""self_attn.v_proj"": -2.0}","{""mlp.down_proj"": 0.009068425391591096, ""mlp.gate_proj"": 0.03614457831325301, ""mlp.up_proj"": 0.008484848484848486, ""self_attn.o_proj"": 0.0, ""self_attn.v_proj"": 0.004484304932735426}",-0.0010451787835012148,0.012681610207986818,7,equal7,True,"mlp.down_proj,mlp.gate_proj,mlp.up_proj,self_attn.k_proj,self_attn.o_proj,self_attn.q_proj,self_attn.v_proj",,458.42857142857144,461.85714285714283,458.42857142857144,-3.4285714285714284,0.01179605728926672,0.007423445716053114,"{""mlp.down_proj"": 1213.0, ""mlp.gate_proj"": 83.0, ""mlp.up_proj"": 825.0, ""self_attn.k_proj"": 39.0, ""self_attn.o_proj"": 586.0, ""self_attn.q_proj"": 41.0, ""self_attn.v_proj"": 446.0}","{""mlp.down_proj"": 1202.0, ""mlp.gate_proj"": 80.0, ""mlp.up_proj"": 818.0, ""self_attn.k_proj"": 39.0, ""self_attn.o_proj"": 586.0, ""self_attn.q_proj"": 40.0, ""self_attn.v_proj"": 444.0}","{""mlp.down_proj"": -11.0, ""mlp.gate_proj"": -3.0, ""mlp.up_proj"": -7.0, ""self_attn.k_proj"": 0.0, ""self_attn.o_proj"": 0.0, ""self_attn.q_proj"": -1.0, ""self_attn.v_proj"": -2.0}","{""mlp.down_proj"": 0.009068425391591096, ""mlp.gate_proj"": 0.03614457831325301, ""mlp.up_proj"": 0.008484848484848486, ""self_attn.k_proj"": 0.0, ""self_attn.o_proj"": 0.0, ""self_attn.q_proj"": 0.024390243902439025, ""self_attn.v_proj"": 0.004484304932735426}",-0.00015962586478111655,-1.1714285714285713,167.57142857142856,False,True
llama,seqkd,160,E_general,E_general,0.01,14,5,equal5_non_qk,True,"mlp.down_proj,mlp.gate_proj,mlp.up_proj,self_attn.o_proj,self_attn.v_proj","self_attn.q_proj,self_attn.k_proj",1739.2,1737.8,1739.2,1.4,-0.0009234477865854437,-0.0008056162964668494,"{""mlp.down_proj"": 2529.0, ""mlp.gate_proj"": 1399.0, ""mlp.up_proj"": 2314.0, ""self_attn.o_proj"": 1584.0, ""self_attn.v_proj"": 863.0}","{""mlp.down_proj"": 2528.0, ""mlp.gate_proj"": 1397.0, ""mlp.up_proj"": 2316.0, ""self_attn.o_proj"": 1591.0, ""self_attn.v_proj"": 864.0}","{""mlp.down_proj"": -1.0, ""mlp.gate_proj"": -2.0, ""mlp.up_proj"": 2.0, ""self_attn.o_proj"": 7.0, ""self_attn.v_proj"": 1.0}","{""mlp.down_proj"": 0.00039541320680110717, ""mlp.gate_proj"": 0.0014295925661186562, ""mlp.up_proj"": -0.000864304235090752, ""self_attn.o_proj"": -0.004419191919191919, ""self_attn.v_proj"": -0.0011587485515643105}",-0.0009234477865854437,0.0,7,equal7,True,"mlp.down_proj,mlp.gate_proj,mlp.up_proj,self_attn.k_proj,self_attn.o_proj,self_attn.q_proj,self_attn.v_proj",,1392.7142857142858,1393.7142857142858,1392.7142857142858,-1.0,0.0032776363869558975,0.0007175071750717506,"{""mlp.down_proj"": 2529.0, ""mlp.gate_proj"": 1399.0, ""mlp.up_proj"": 2314.0, ""self_attn.k_proj"": 375.0, ""self_attn.o_proj"": 1584.0, ""self_attn.q_proj"": 692.0, ""self_attn.v_proj"": 863.0}","{""mlp.down_proj"": 2528.0, ""mlp.gate_proj"": 1397.0, ""mlp.up_proj"": 2316.0, ""self_attn.k_proj"": 369.0, ""self_attn.o_proj"": 1591.0, ""self_attn.q_proj"": 684.0, ""self_attn.v_proj"": 864.0}","{""mlp.down_proj"": -1.0, ""mlp.gate_proj"": -2.0, ""mlp.up_proj"": 2.0, ""self_attn.k_proj"": -6.0, ""self_attn.o_proj"": 7.0, ""self_attn.q_proj"": -8.0, ""self_attn.v_proj"": 1.0}","{""mlp.down_proj"": 0.00039541320680110717, ""mlp.gate_proj"": 0.0014295925661186562, ""mlp.up_proj"": -0.000864304235090752, ""self_attn.k_proj"": 0.016, ""self_attn.o_proj"": -0.004419191919191919, ""self_attn.q_proj"": 0.011560693641618497, ""self_attn.v_proj"": -0.0011587485515643105}",-0.004201084173541341,2.4,346.48571428571427,True,True
llama,seqkd,160,E_general,E_general,0.025,14,5,equal5_non_qk,True,"mlp.down_proj,mlp.gate_proj,mlp.up_proj,self_attn.o_proj,self_attn.v_proj","self_attn.q_proj,self_attn.k_proj",1359.6,1358.4,1359.6,1.2,-0.00082480830510889,-0.0008833922261482759,"{""mlp.down_proj"": 2167.0, ""mlp.gate_proj"": 784.0, ""mlp.up_proj"": 1852.0, ""self_attn.o_proj"": 1238.0, ""self_attn.v_proj"": 751.0}","{""mlp.down_proj"": 2165.0, ""mlp.gate_proj"": 781.0, ""mlp.up_proj"": 1854.0, ""self_attn.o_proj"": 1246.0, ""self_attn.v_proj"": 752.0}","{""mlp.down_proj"": -2.0, ""mlp.gate_proj"": -3.0, ""mlp.up_proj"": 2.0, ""self_attn.o_proj"": 8.0, ""self_attn.v_proj"": 1.0}","{""mlp.down_proj"": 0.0009229349330872173, ""mlp.gate_proj"": 0.003826530612244898, ""mlp.up_proj"": -0.0010799136069114472, ""self_attn.o_proj"": -0.006462035541195477, ""self_attn.v_proj"": -0.0013315579227696406}",-0.00082480830510889,0.0,7,equal7,True,"mlp.down_proj,mlp.gate_proj,mlp.up_proj,self_attn.k_proj,self_attn.o_proj,self_attn.q_proj,self_attn.v_proj",,1049.857142857143,1050.7142857142858,1049.857142857143,-0.8571428571428571,0.005629126296836122,0.0008157715839565231,"{""mlp.down_proj"": 2167.0, ""mlp.gate_proj"": 784.0, ""mlp.up_proj"": 1852.0, ""self_attn.k_proj"": 212.0, ""self_attn.o_proj"": 1238.0, ""self_attn.q_proj"": 351.0, ""self_attn.v_proj"": 751.0}","{""mlp.down_proj"": 2165.0, ""mlp.gate_proj"": 781.0, ""mlp.up_proj"": 1854.0, ""self_attn.k_proj"": 207.0, ""self_attn.o_proj"": 1246.0, ""self_attn.q_proj"": 344.0, ""self_attn.v_proj"": 752.0}","{""mlp.down_proj"": -2.0, ""mlp.gate_proj"": -3.0, ""mlp.up_proj"": 2.0, ""self_attn.k_proj"": -5.0, ""self_attn.o_proj"": 8.0, ""self_attn.q_proj"": -7.0, ""self_attn.v_proj"": 1.0}","{""mlp.down_proj"": 0.0009229349330872173, ""mlp.gate_proj"": 0.003826530612244898, ""mlp.up_proj"": -0.0010799136069114472, ""self_attn.k_proj"": 0.02358490566037736, ""self_attn.o_proj"": -0.006462035541195477, ""self_attn.q_proj"": 0.019943019943019943, ""self_attn.v_proj"": -0.0013315579227696406}",-0.006453934601945012,2.057142857142857,309.742857142857,True,True
llama,seqkd,160,E_general,E_general,0.05,14,5,equal5_non_qk,True,"mlp.down_proj,mlp.gate_proj,mlp.up_proj,self_attn.o_proj,self_attn.v_proj","self_attn.q_proj,self_attn.k_proj",1034.4,1033.4,1034.4,1.0,0.0001184964494472824,-0.0009676795045480936,"{""mlp.down_proj"": 1802.0, ""mlp.gate_proj"": 368.0, ""mlp.up_proj"": 1412.0, ""self_attn.o_proj"": 954.0, ""self_attn.v_proj"": 631.0}","{""mlp.down_proj"": 1800.0, ""mlp.gate_proj"": 364.0, ""mlp.up_proj"": 1414.0, ""self_attn.o_proj"": 962.0, ""self_attn.v_proj"": 632.0}","{""mlp.down_proj"": -2.0, ""mlp.gate_proj"": -4.0, ""mlp.up_proj"": 2.0, ""self_attn.o_proj"": 8.0, ""self_attn.v_proj"": 1.0}","{""mlp.down_proj"": 0.0011098779134295228, ""mlp.gate_proj"": 0.010869565217391304, ""mlp.up_proj"": -0.00141643059490085, ""self_attn.o_proj"": -0.008385744234800839, ""self_attn.v_proj"": -0.001584786053882726}",0.0001184964494472824,0.0,7,equal7,True,"mlp.down_proj,mlp.gate_proj,mlp.up_proj,self_attn.k_proj,self_attn.o_proj,self_attn.q_proj,self_attn.v_proj",,776.0,776.2857142857143,776.0,-0.2857142857142857,0.007608647845041297,0.0003680529996320097,"{""mlp.down_proj"": 1802.0, ""mlp.gate_proj"": 368.0, ""mlp.up_proj"": 1412.0, ""self_attn.k_proj"": 111.0, ""self_attn.o_proj"": 954.0, ""self_attn.q_proj"": 156.0, ""self_attn.v_proj"": 631.0}","{""mlp.down_proj"": 1800.0, ""mlp.gate_proj"": 364.0, ""mlp.up_proj"": 1414.0, ""self_attn.k_proj"": 108.0, ""self_attn.o_proj"": 962.0, ""self_attn.q_proj"": 152.0, ""self_attn.v_proj"": 632.0}","{""mlp.down_proj"": -2.0, ""mlp.gate_proj"": -4.0, ""mlp.up_proj"": 2.0, ""self_attn.k_proj"": -3.0, ""self_attn.o_proj"": 8.0, ""self_attn.q_proj"": -4.0, ""self_attn.v_proj"": 1.0}","{""mlp.down_proj"": 0.0011098779134295228, ""mlp.gate_proj"": 0.010869565217391304, ""mlp.up_proj"": -0.00141643059490085, ""self_attn.k_proj"": 0.02702702702702703, ""self_attn.o_proj"": -0.008385744234800839, ""self_attn.q_proj"": 0.02564102564102564, ""self_attn.v_proj"": -0.001584786053882726}",-0.007490151395594015,1.2857142857142856,258.4000000000001,False,True
llama,seqkd,160,E_general,E_general,0.1,14,5,equal5_non_qk,True,"mlp.down_proj,mlp.gate_proj,mlp.up_proj,self_attn.o_proj,self_attn.v_proj","self_attn.q_proj,self_attn.k_proj",705.6,704.6,705.6,1.0,0.0016218389549167347,-0.001419244961680386,"{""mlp.down_proj"": 1362.0, ""mlp.gate_proj"": 100.0, ""mlp.up_proj"": 923.0, ""self_attn.o_proj"": 659.0, ""self_attn.v_proj"": 479.0}","{""mlp.down_proj"": 1360.0, ""mlp.gate_proj"": 98.0, ""mlp.up_proj"": 925.0, ""self_attn.o_proj"": 665.0, ""self_attn.v_proj"": 480.0}","{""mlp.down_proj"": -2.0, ""mlp.gate_proj"": -2.0, ""mlp.up_proj"": 2.0, ""self_attn.o_proj"": 6.0, ""self_attn.v_proj"": 1.0}","{""mlp.down_proj"": 0.0014684287812041115, ""mlp.gate_proj"": 0.02, ""mlp.up_proj"": -0.0021668472372697724, ""self_attn.o_proj"": -0.009104704097116844, ""self_attn.v_proj"": -0.0020876826722338203}",0.0016218389549167347,0.0,7,equal7,True,"mlp.down_proj,mlp.gate_proj,mlp.up_proj,self_attn.k_proj,self_attn.o_proj,self_attn.q_proj,self_attn.v_proj",,517.5714285714286,517.2857142857143,517.5714285714286,0.2857142857142857,0.009848932586845287,-0.0005523336095000124,"{""mlp.down_proj"": 1362.0, ""mlp.gate_proj"": 100.0, ""mlp.up_proj"": 923.0, ""self_attn.k_proj"": 48.0, ""self_attn.o_proj"": 659.0, ""self_attn.q_proj"": 50.0, ""self_attn.v_proj"": 479.0}","{""mlp.down_proj"": 1360.0, ""mlp.gate_proj"": 98.0, ""mlp.up_proj"": 925.0, ""self_attn.k_proj"": 47.0, ""self_attn.o_proj"": 665.0, ""self_attn.q_proj"": 48.0, ""self_attn.v_proj"": 480.0}","{""mlp.down_proj"": -2.0, ""mlp.gate_proj"": -2.0, ""mlp.up_proj"": 2.0, ""self_attn.k_proj"": -1.0, ""self_attn.o_proj"": 6.0, ""self_attn.q_proj"": -2.0, ""self_attn.v_proj"": 1.0}","{""mlp.down_proj"": 0.0014684287812041115, ""mlp.gate_proj"": 0.02, ""mlp.up_proj"": -0.0021668472372697724, ""self_attn.k_proj"": 0.020833333333333332, ""self_attn.o_proj"": -0.009104704097116844, ""self_attn.q_proj"": 0.04, ""self_attn.v_proj"": -0.0020876826722338203}",-0.008227093631928552,0.7142857142857143,188.02857142857147,False,True
llama,seqkd,160,E_if,E_ifeval,0.01,14,5,equal5_non_qk,True,"mlp.down_proj,mlp.gate_proj,mlp.up_proj,self_attn.o_proj,self_attn.v_proj","self_attn.q_proj,self_attn.k_proj",1646.4,1652.8,1646.4,-6.4,0.0037139184916224243,0.0038722168441431897,"{""mlp.down_proj"": 2435.0, ""mlp.gate_proj"": 1309.0, ""mlp.up_proj"": 2178.0, ""self_attn.o_proj"": 1511.0, ""self_attn.v_proj"": 831.0}","{""mlp.down_proj"": 2422.0, ""mlp.gate_proj"": 1292.0, ""mlp.up_proj"": 2170.0, ""self_attn.o_proj"": 1518.0, ""self_attn.v_proj"": 830.0}","{""mlp.down_proj"": -13.0, ""mlp.gate_proj"": -17.0, ""mlp.up_proj"": -8.0, ""self_attn.o_proj"": 7.0, ""self_attn.v_proj"": -1.0}","{""mlp.down_proj"": 0.0053388090349075976, ""mlp.gate_proj"": 0.012987012987012988, ""mlp.up_proj"": 0.0036730945821854912, ""self_attn.o_proj"": -0.004632693580410324, ""self_attn.v_proj"": 0.0012033694344163659}",-0.0009234477865854437,0.004637366278207868,7,equal7,True,"mlp.down_proj,mlp.gate_proj,mlp.up_proj,self_attn.k_proj,self_attn.o_proj,self_attn.q_proj,self_attn.v_proj",,1312.142857142857,1319.857142857143,1312.142857142857,-7.714285714285714,0.009140031496776542,0.005844788397012713,"{""mlp.down_proj"": 2435.0, ""mlp.gate_proj"": 1309.0, ""mlp.up_proj"": 2178.0, ""self_attn.k_proj"": 345.0, ""self_attn.o_proj"": 1511.0, ""self_attn.q_proj"": 630.0, ""self_attn.v_proj"": 831.0}","{""mlp.down_proj"": 2422.0, ""mlp.gate_proj"": 1292.0, ""mlp.up_proj"": 2170.0, ""self_attn.k_proj"": 337.0, ""self_attn.o_proj"": 1518.0, ""self_attn.q_proj"": 616.0, ""self_attn.v_proj"": 830.0}","{""mlp.down_proj"": -13.0, ""mlp.gate_proj"": -17.0, ""mlp.up_proj"": -8.0, ""self_attn.k_proj"": -8.0, ""self_attn.o_proj"": 7.0, ""self_attn.q_proj"": -14.0, ""self_attn.v_proj"": -1.0}","{""mlp.down_proj"": 0.0053388090349075976, ""mlp.gate_proj"": 0.012987012987012988, ""mlp.up_proj"": 0.0036730945821854912, ""self_attn.k_proj"": 0.02318840579710145, ""self_attn.o_proj"": -0.004632693580410324, ""self_attn.q_proj"": 0.022222222222222223, ""self_attn.v_proj"": 0.0012033694344163659}",-0.005426113005154117,1.314285714285714,334.257142857143,False,True
llama,seqkd,160,E_if,E_ifeval,0.025,14,5,equal5_non_qk,True,"mlp.down_proj,mlp.gate_proj,mlp.up_proj,self_attn.o_proj,self_attn.v_proj","self_attn.q_proj,self_attn.k_proj",1246.2,1254.0,1246.2,-7.8,0.006840086332810802,0.006220095693779868,"{""mlp.down_proj"": 2031.0, ""mlp.gate_proj"": 709.0, ""mlp.up_proj"": 1670.0, ""self_attn.o_proj"": 1157.0, ""self_attn.v_proj"": 703.0}","{""mlp.down_proj"": 2013.0, ""mlp.gate_proj"": 692.0, ""mlp.up_proj"": 1660.0, ""self_attn.o_proj"": 1164.0, ""self_attn.v_proj"": 702.0}","{""mlp.down_proj"": -18.0, ""mlp.gate_proj"": -17.0, ""mlp.up_proj"": -10.0, ""self_attn.o_proj"": 7.0, ""self_attn.v_proj"": -1.0}","{""mlp.down_proj"": 0.008862629246676515, ""mlp.gate_proj"": 0.023977433004231313, ""mlp.up_proj"": 0.005988023952095809, ""self_attn.o_proj"": -0.006050129645635264, ""self_attn.v_proj"": 0.001422475106685633}",-0.00082480830510889,0.007664894637919692,7,equal7,True,"mlp.down_proj,mlp.gate_proj,mlp.up_proj,self_attn.k_proj,self_attn.o_proj,self_attn.q_proj,self_attn.v_proj",,959.0,966.7142857142857,959.0,-7.714285714285714,0.013308376555975806,0.007979902467858676,"{""mlp.down_proj"": 2031.0, ""mlp.gate_proj"": 709.0, ""mlp.up_proj"": 1670.0, ""self_attn.k_proj"": 188.0, ""self_attn.o_proj"": 1157.0, ""self_attn.q_proj"": 309.0, ""self_attn.v_proj"": 703.0}","{""mlp.down_proj"": 2013.0, ""mlp.gate_proj"": 692.0, ""mlp.up_proj"": 1660.0, ""self_attn.k_proj"": 183.0, ""self_attn.o_proj"": 1164.0, ""self_attn.q_proj"": 299.0, ""self_attn.v_proj"": 702.0}","{""mlp.down_proj"": -18.0, ""mlp.gate_proj"": -17.0, ""mlp.up_proj"": -10.0, ""self_attn.k_proj"": -5.0, ""self_attn.o_proj"": 7.0, ""self_attn.q_proj"": -10.0, ""self_attn.v_proj"": -1.0}","{""mlp.down_proj"": 0.008862629246676515, ""mlp.gate_proj"": 0.023977433004231313, ""mlp.up_proj"": 0.005988023952095809, ""self_attn.k_proj"": 0.026595744680851064, ""self_attn.o_proj"": -0.006050129645635264, ""self_attn.q_proj"": 0.032362459546925564, ""self_attn.v_proj"": 0.001422475106685633}",-0.006468290223165004,-0.08571428571428541,287.20000000000005,False,True
llama,seqkd,160,E_if,E_ifeval,0.05,14,5,equal5_non_qk,True,"mlp.down_proj,mlp.gate_proj,mlp.up_proj,self_attn.o_proj,self_attn.v_proj","self_attn.q_proj,self_attn.k_proj",913.2,921.2,913.2,-8.0,0.010846777794457006,0.008684324793747285,"{""mlp.down_proj"": 1632.0, ""mlp.gate_proj"": 328.0, ""mlp.up_proj"": 1207.0, ""self_attn.o_proj"": 868.0, ""self_attn.v_proj"": 571.0}","{""mlp.down_proj"": 1611.0, ""mlp.gate_proj"": 316.0, ""mlp.up_proj"": 1195.0, ""self_attn.o_proj"": 874.0, ""self_attn.v_proj"": 570.0}","{""mlp.down_proj"": -21.0, ""mlp.gate_proj"": -12.0, ""mlp.up_proj"": -12.0, ""self_attn.o_proj"": 6.0, ""self_attn.v_proj"": -1.0}","{""mlp.down_proj"": 0.012867647058823529, ""mlp.gate_proj"": 0.036585365853658534, ""mlp.up_proj"": 0.009942004971002486, ""self_attn.o_proj"": -0.0069124423963133645, ""self_attn.v_proj"": 0.0017513134851138354}",0.0001184964494472824,0.010728281345009723,7,equal7,True,"mlp.down_proj,mlp.gate_proj,mlp.up_proj,self_attn.k_proj,self_attn.o_proj,self_attn.q_proj,self_attn.v_proj",,684.4285714285714,691.2857142857143,684.4285714285714,-6.857142857142857,0.01741188155818304,0.009919404835709904,"{""mlp.down_proj"": 1632.0, ""mlp.gate_proj"": 328.0, ""mlp.up_proj"": 1207.0, ""self_attn.k_proj"": 98.0, ""self_attn.o_proj"": 868.0, ""self_attn.q_proj"": 135.0, ""self_attn.v_proj"": 571.0}","{""mlp.down_proj"": 1611.0, ""mlp.gate_proj"": 316.0, ""mlp.up_proj"": 1195.0, ""self_attn.k_proj"": 95.0, ""self_attn.o_proj"": 874.0, ""self_attn.q_proj"": 130.0, ""self_attn.v_proj"": 570.0}","{""mlp.down_proj"": -21.0, ""mlp.gate_proj"": -12.0, ""mlp.up_proj"": -12.0, ""self_attn.k_proj"": -3.0, ""self_attn.o_proj"": 6.0, ""self_attn.q_proj"": -5.0, ""self_attn.v_proj"": -1.0}","{""mlp.down_proj"": 0.012867647058823529, ""mlp.gate_proj"": 0.036585365853658534, ""mlp.up_proj"": 0.009942004971002486, ""self_attn.k_proj"": 0.030612244897959183, ""self_attn.o_proj"": -0.0069124423963133645, ""self_attn.q_proj"": 0.037037037037037035, ""self_attn.v_proj"": 0.0017513134851138354}",-0.006565103763726033,-1.1428571428571432,228.7714285714286,False,True
llama,seqkd,160,E_if,E_ifeval,0.1,14,5,equal5_non_qk,True,"mlp.down_proj,mlp.gate_proj,mlp.up_proj,self_attn.o_proj,self_attn.v_proj","self_attn.q_proj,self_attn.k_proj",585.8,592.8,585.8,-7.0,0.0163289376648994,0.011808367071524967,"{""mlp.down_proj"": 1166.0, ""mlp.gate_proj"": 96.0, ""mlp.up_proj"": 722.0, ""self_attn.o_proj"": 572.0, ""self_attn.v_proj"": 408.0}","{""mlp.down_proj"": 1144.0, ""mlp.gate_proj"": 91.0, ""mlp.up_proj"": 711.0, ""self_attn.o_proj"": 576.0, ""self_attn.v_proj"": 407.0}","{""mlp.down_proj"": -22.0, ""mlp.gate_proj"": -5.0, ""mlp.up_proj"": -11.0, ""self_attn.o_proj"": 4.0, ""self_attn.v_proj"": -1.0}","{""mlp.down_proj"": 0.018867924528301886, ""mlp.gate_proj"": 0.052083333333333336, ""mlp.up_proj"": 0.015235457063711912, ""self_attn.o_proj"": -0.006993006993006993, ""self_attn.v_proj"": 0.0024509803921568627}",0.0016218389549167347,0.014707098709982666,7,equal7,True,"mlp.down_proj,mlp.gate_proj,mlp.up_proj,self_attn.k_proj,self_attn.o_proj,self_attn.q_proj,self_attn.v_proj",,430.57142857142856,435.7142857142857,430.57142857142856,-5.142857142857143,0.014910280150252817,0.011803278688524646,"{""mlp.down_proj"": 1166.0, ""mlp.gate_proj"": 96.0, ""mlp.up_proj"": 722.0, ""self_attn.k_proj"": 42.0, ""self_attn.o_proj"": 572.0, ""self_attn.q_proj"": 44.0, ""self_attn.v_proj"": 408.0}","{""mlp.down_proj"": 1144.0, ""mlp.gate_proj"": 91.0, ""mlp.up_proj"": 711.0, ""self_attn.k_proj"": 42.0, ""self_attn.o_proj"": 576.0, ""self_attn.q_proj"": 43.0, ""self_attn.v_proj"": 407.0}","{""mlp.down_proj"": -22.0, ""mlp.gate_proj"": -5.0, ""mlp.up_proj"": -11.0, ""self_attn.k_proj"": 0.0, ""self_attn.o_proj"": 4.0, ""self_attn.q_proj"": -1.0, ""self_attn.v_proj"": -1.0}","{""mlp.down_proj"": 0.018867924528301886, ""mlp.gate_proj"": 0.052083333333333336, ""mlp.up_proj"": 0.015235457063711912, ""self_attn.k_proj"": 0.0, ""self_attn.o_proj"": -0.006993006993006993, ""self_attn.q_proj"": 0.022727272727272728, ""self_attn.v_proj"": 0.0024509803921568627}",0.0014186575146465843,-1.8571428571428568,155.2285714285714,False,True
llama,seqkd,160,E_math,E_mathHeld,0.01,14,5,equal5_non_qk,True,"mlp.down_proj,mlp.gate_proj,mlp.up_proj,self_attn.o_proj,self_attn.v_proj","self_attn.q_proj,self_attn.k_proj",851.2,851.6,851.2,-0.4,0.0008400647659507716,0.0004697040864255252,"{""mlp.down_proj"": 1162.0, ""mlp.gate_proj"": 587.0, ""mlp.up_proj"": 1022.0, ""self_attn.o_proj"": 828.0, ""self_attn.v_proj"": 659.0}","{""mlp.down_proj"": 1159.0, ""mlp.gate_proj"": 581.0, ""mlp.up_proj"": 1020.0, ""self_attn.o_proj"": 838.0, ""self_attn.v_proj"": 658.0}","{""mlp.down_proj"": -3.0, ""mlp.gate_proj"": -6.0, ""mlp.up_proj"": -2.0, ""self_attn.o_proj"": 10.0, ""self_attn.v_proj"": -1.0}","{""mlp.down_proj"": 0.0025817555938037868, ""mlp.gate_proj"": 0.010221465076660987, ""mlp.up_proj"": 0.0019569471624266144, ""self_attn.o_proj"": -0.012077294685990338, ""self_attn.v_proj"": 0.0015174506828528073}",-0.0009234477865854437,0.0017635125525362152,7,equal7,True,"mlp.down_proj,mlp.gate_proj,mlp.up_proj,self_attn.k_proj,self_attn.o_proj,self_attn.q_proj,self_attn.v_proj",,699.8571428571429,701.7142857142857,699.8571428571429,-1.8571428571428572,0.005330323229181681,0.002646579804560145,"{""mlp.down_proj"": 1162.0, ""mlp.gate_proj"": 587.0, ""mlp.up_proj"": 1022.0, ""self_attn.k_proj"": 263.0, ""self_attn.o_proj"": 828.0, ""self_attn.q_proj"": 391.0, ""self_attn.v_proj"": 659.0}","{""mlp.down_proj"": 1159.0, ""mlp.gate_proj"": 581.0, ""mlp.up_proj"": 1020.0, ""self_attn.k_proj"": 259.0, ""self_attn.o_proj"": 838.0, ""self_attn.q_proj"": 384.0, ""self_attn.v_proj"": 658.0}","{""mlp.down_proj"": -3.0, ""mlp.gate_proj"": -6.0, ""mlp.up_proj"": -2.0, ""self_attn.k_proj"": -4.0, ""self_attn.o_proj"": 10.0, ""self_attn.q_proj"": -7.0, ""self_attn.v_proj"": -1.0}","{""mlp.down_proj"": 0.0025817555938037868, ""mlp.gate_proj"": 0.010221465076660987, ""mlp.up_proj"": 0.0019569471624266144, ""self_attn.k_proj"": 0.015209125475285171, ""self_attn.o_proj"": -0.012077294685990338, ""self_attn.q_proj"": 0.017902813299232736, ""self_attn.v_proj"": 0.0015174506828528073}",-0.00449025846323091,1.4571428571428573,151.34285714285716,False,True
llama,seqkd,160,E_math,E_mathHeld,0.025,14,5,equal5_non_qk,True,"mlp.down_proj,mlp.gate_proj,mlp.up_proj,self_attn.o_proj,self_attn.v_proj","self_attn.q_proj,self_attn.k_proj",621.6,621.6,621.6,0.0,0.0008910240060975444,0.0,"{""mlp.down_proj"": 912.0, ""mlp.gate_proj"": 322.0, ""mlp.up_proj"": 751.0, ""self_attn.o_proj"": 607.0, ""self_attn.v_proj"": 516.0}","{""mlp.down_proj"": 908.0, ""mlp.gate_proj"": 317.0, ""mlp.up_proj"": 749.0, ""self_attn.o_proj"": 618.0, ""self_attn.v_proj"": 516.0}","{""mlp.down_proj"": -4.0, ""mlp.gate_proj"": -5.0, ""mlp.up_proj"": -2.0, ""self_attn.o_proj"": 11.0, ""self_attn.v_proj"": 0.0}","{""mlp.down_proj"": 0.0043859649122807015, ""mlp.gate_proj"": 0.015527950310559006, ""mlp.up_proj"": 0.002663115845539281, ""self_attn.o_proj"": -0.018121911037891267, ""self_attn.v_proj"": 0.0}",-0.00082480830510889,0.0017158323112064344,7,equal7,True,"mlp.down_proj,mlp.gate_proj,mlp.up_proj,self_attn.k_proj,self_attn.o_proj,self_attn.q_proj,self_attn.v_proj",,494.0,495.14285714285717,494.0,-1.1428571428571428,0.006927654509849894,0.0023081361800346713,"{""mlp.down_proj"": 912.0, ""mlp.gate_proj"": 322.0, ""mlp.up_proj"": 751.0, ""self_attn.k_proj"": 150.0, ""self_attn.o_proj"": 607.0, ""self_attn.q_proj"": 208.0, ""self_attn.v_proj"": 516.0}","{""mlp.down_proj"": 908.0, ""mlp.gate_proj"": 317.0, ""mlp.up_proj"": 749.0, ""self_attn.k_proj"": 147.0, ""self_attn.o_proj"": 618.0, ""self_attn.q_proj"": 203.0, ""self_attn.v_proj"": 516.0}","{""mlp.down_proj"": -4.0, ""mlp.gate_proj"": -5.0, ""mlp.up_proj"": -2.0, ""self_attn.k_proj"": -3.0, ""self_attn.o_proj"": 11.0, ""self_attn.q_proj"": -5.0, ""self_attn.v_proj"": 0.0}","{""mlp.down_proj"": 0.0043859649122807015, ""mlp.gate_proj"": 0.015527950310559006, ""mlp.up_proj"": 0.002663115845539281, ""self_attn.k_proj"": 0.02, ""self_attn.o_proj"": -0.018121911037891267, ""self_attn.q_proj"": 0.02403846153846154, ""self_attn.v_proj"": 0.0}",-0.00603663050375235,1.1428571428571428,127.60000000000002,False,True
llama,seqkd,160,E_math,E_mathHeld,0.05,14,5,equal5_non_qk,True,"mlp.down_proj,mlp.gate_proj,mlp.up_proj,self_attn.o_proj,self_attn.v_proj","self_attn.q_proj,self_attn.k_proj",446.4,446.2,446.4,0.2,0.0022623740338104173,-0.0004482294935006469,"{""mlp.down_proj"": 701.0, ""mlp.gate_proj"": 158.0, ""mlp.up_proj"": 534.0, ""self_attn.o_proj"": 441.0, ""self_attn.v_proj"": 397.0}","{""mlp.down_proj"": 698.0, ""mlp.gate_proj"": 154.0, ""mlp.up_proj"": 533.0, ""self_attn.o_proj"": 451.0, ""self_attn.v_proj"": 396.0}","{""mlp.down_proj"": -3.0, ""mlp.gate_proj"": -4.0, ""mlp.up_proj"": -1.0, ""self_attn.o_proj"": 10.0, ""self_attn.v_proj"": -1.0}","{""mlp.down_proj"": 0.0042796005706134095, ""mlp.gate_proj"": 0.02531645569620253, ""mlp.up_proj"": 0.0018726591760299626, ""self_attn.o_proj"": -0.022675736961451247, ""self_attn.v_proj"": 0.0025188916876574307}",0.0001184964494472824,0.002143877584363135,7,equal7,True,"mlp.down_proj,mlp.gate_proj,mlp.up_proj,self_attn.k_proj,self_attn.o_proj,self_attn.q_proj,self_attn.v_proj",,344.85714285714283,345.42857142857144,344.85714285714283,-0.5714285714285714,0.0091782296529727,0.0016542597187759653,"{""mlp.down_proj"": 701.0, ""mlp.gate_proj"": 158.0, ""mlp.up_proj"": 534.0, ""self_attn.k_proj"": 84.0, ""self_attn.o_proj"": 441.0, ""self_attn.q_proj"": 103.0, ""self_attn.v_proj"": 397.0}","{""mlp.down_proj"": 698.0, ""mlp.gate_proj"": 154.0, ""mlp.up_proj"": 533.0, ""self_attn.k_proj"": 82.0, ""self_attn.o_proj"": 451.0, ""self_attn.q_proj"": 100.0, ""self_attn.v_proj"": 396.0}","{""mlp.down_proj"": -3.0, ""mlp.gate_proj"": -4.0, ""mlp.up_proj"": -1.0, ""self_attn.k_proj"": -2.0, ""self_attn.o_proj"": 10.0, ""self_attn.q_proj"": -3.0, ""self_attn.v_proj"": -1.0}","{""mlp.down_proj"": 0.0042796005706134095, ""mlp.gate_proj"": 0.02531645569620253, ""mlp.up_proj"": 0.0018726591760299626, ""self_attn.k_proj"": 0.023809523809523808, ""self_attn.o_proj"": -0.022675736961451247, ""self_attn.q_proj"": 0.02912621359223301, ""self_attn.v_proj"": 0.0025188916876574307}",-0.0069158556191622825,0.7714285714285714,101.54285714285714,False,True
llama,seqkd,160,E_math,E_mathHeld,0.1,14,5,equal5_non_qk,True,"mlp.down_proj,mlp.gate_proj,mlp.up_proj,self_attn.o_proj,self_attn.v_proj","self_attn.q_proj,self_attn.k_proj",283.8,283.2,283.8,0.6,0.0038110957365615748,-0.0021186440677966904,"{""mlp.down_proj"": 483.0, ""mlp.gate_proj"": 49.0, ""mlp.up_proj"": 325.0, ""self_attn.o_proj"": 286.0, ""self_attn.v_proj"": 273.0}","{""mlp.down_proj"": 480.0, ""mlp.gate_proj"": 47.0, ""mlp.up_proj"": 325.0, ""self_attn.o_proj"": 294.0, ""self_attn.v_proj"": 273.0}","{""mlp.down_proj"": -3.0, ""mlp.gate_proj"": -2.0, ""mlp.up_proj"": 0.0, ""self_attn.o_proj"": 8.0, ""self_attn.v_proj"": 0.0}","{""mlp.down_proj"": 0.006211180124223602, ""mlp.gate_proj"": 0.04081632653061224, ""mlp.up_proj"": 0.0, ""self_attn.o_proj"": -0.027972027972027972, ""self_attn.v_proj"": 0.0}",0.0016218389549167347,0.00218925678164484,7,equal7,True,"mlp.down_proj,mlp.gate_proj,mlp.up_proj,self_attn.k_proj,self_attn.o_proj,self_attn.q_proj,self_attn.v_proj",,213.42857142857142,213.14285714285714,213.42857142857142,0.2857142857142857,0.006481609736641725,-0.0013404825737265034,"{""mlp.down_proj"": 483.0, ""mlp.gate_proj"": 49.0, ""mlp.up_proj"": 325.0, ""self_attn.k_proj"": 38.0, ""self_attn.o_proj"": 286.0, ""self_attn.q_proj"": 38.0, ""self_attn.v_proj"": 273.0}","{""mlp.down_proj"": 480.0, ""mlp.gate_proj"": 47.0, ""mlp.up_proj"": 325.0, ""self_attn.k_proj"": 38.0, ""self_attn.o_proj"": 294.0, ""self_attn.q_proj"": 37.0, ""self_attn.v_proj"": 273.0}","{""mlp.down_proj"": -3.0, ""mlp.gate_proj"": -2.0, ""mlp.up_proj"": 0.0, ""self_attn.k_proj"": 0.0, ""self_attn.o_proj"": 8.0, ""self_attn.q_proj"": -1.0, ""self_attn.v_proj"": 0.0}","{""mlp.down_proj"": 0.006211180124223602, ""mlp.gate_proj"": 0.04081632653061224, ""mlp.up_proj"": 0.0, ""self_attn.k_proj"": 0.0, ""self_attn.o_proj"": -0.027972027972027972, ""self_attn.q_proj"": 0.02631578947368421, ""self_attn.v_proj"": 0.0}",-0.0026705140000801504,0.3142857142857143,70.3714285714286,False,True
llama,seqkd,160,E_ood,E_mmluPro,0.01,14,5,equal5_non_qk,True,"mlp.down_proj,mlp.gate_proj,mlp.up_proj,self_attn.o_proj,self_attn.v_proj","self_attn.q_proj,self_attn.k_proj",1688.6,1694.2,1688.6,-5.6,0.0032821733463599284,0.003305394876638022,"{""mlp.down_proj"": 2452.0, ""mlp.gate_proj"": 1352.0, ""mlp.up_proj"": 2263.0, ""self_attn.o_proj"": 1556.0, ""self_attn.v_proj"": 848.0}","{""mlp.down_proj"": 2444.0, ""mlp.gate_proj"": 1340.0, ""mlp.up_proj"": 2256.0, ""self_attn.o_proj"": 1556.0, ""self_attn.v_proj"": 847.0}","{""mlp.down_proj"": -8.0, ""mlp.gate_proj"": -12.0, ""mlp.up_proj"": -7.0, ""self_attn.o_proj"": 0.0, ""self_attn.v_proj"": -1.0}","{""mlp.down_proj"": 0.0032626427406199023, ""mlp.gate_proj"": 0.008875739644970414, ""mlp.up_proj"": 0.0030932390631904553, ""self_attn.o_proj"": 0.0, ""self_attn.v_proj"": 0.0011792452830188679}",-0.0009234477865854437,0.004205621132945372,7,equal7,True,"mlp.down_proj,mlp.gate_proj,mlp.up_proj,self_attn.k_proj,self_attn.o_proj,self_attn.q_proj,self_attn.v_proj",,1336.857142857143,1343.5714285714287,1336.857142857143,-6.714285714285714,0.008403167677366359,0.0049973418394471504,"{""mlp.down_proj"": 2452.0, ""mlp.gate_proj"": 1352.0, ""mlp.up_proj"": 2263.0, ""self_attn.k_proj"": 331.0, ""self_attn.o_proj"": 1556.0, ""self_attn.q_proj"": 603.0, ""self_attn.v_proj"": 848.0}","{""mlp.down_proj"": 2444.0, ""mlp.gate_proj"": 1340.0, ""mlp.up_proj"": 2256.0, ""self_attn.k_proj"": 323.0, ""self_attn.o_proj"": 1556.0, ""self_attn.q_proj"": 592.0, ""self_attn.v_proj"": 847.0}","{""mlp.down_proj"": -8.0, ""mlp.gate_proj"": -12.0, ""mlp.up_proj"": -7.0, ""self_attn.k_proj"": -8.0, ""self_attn.o_proj"": 0.0, ""self_attn.q_proj"": -11.0, ""self_attn.v_proj"": -1.0}","{""mlp.down_proj"": 0.0032626427406199023, ""mlp.gate_proj"": 0.008875739644970414, ""mlp.up_proj"": 0.0030932390631904553, ""self_attn.k_proj"": 0.02416918429003021, ""self_attn.o_proj"": 0.0, ""self_attn.q_proj"": 0.01824212271973466, ""self_attn.v_proj"": 0.0011792452830188679}",-0.005120994331006431,1.1142857142857148,351.742857142857,False,True
llama,seqkd,160,E_ood,E_mmluPro,0.025,14,5,equal5_non_qk,True,"mlp.down_proj,mlp.gate_proj,mlp.up_proj,self_attn.o_proj,self_attn.v_proj","self_attn.q_proj,self_attn.k_proj",1289.8,1296.6,1289.8,-6.8,0.005808908657070848,0.005244485577664626,"{""mlp.down_proj"": 2058.0, ""mlp.gate_proj"": 731.0, ""mlp.up_proj"": 1775.0, ""self_attn.o_proj"": 1191.0, ""self_attn.v_proj"": 728.0}","{""mlp.down_proj"": 2047.0, ""mlp.gate_proj"": 719.0, ""mlp.up_proj"": 1766.0, ""self_attn.o_proj"": 1190.0, ""self_attn.v_proj"": 727.0}","{""mlp.down_proj"": -11.0, ""mlp.gate_proj"": -12.0, ""mlp.up_proj"": -9.0, ""self_attn.o_proj"": -1.0, ""self_attn.v_proj"": -1.0}","{""mlp.down_proj"": 0.005344995140913508, ""mlp.gate_proj"": 0.016415868673050615, ""mlp.up_proj"": 0.0050704225352112674, ""self_attn.o_proj"": 0.0008396305625524769, ""self_attn.v_proj"": 0.0013736263736263737}",-0.00082480830510889,0.006633716962179738,7,equal7,True,"mlp.down_proj,mlp.gate_proj,mlp.up_proj,self_attn.k_proj,self_attn.o_proj,self_attn.q_proj,self_attn.v_proj",,985.8571428571429,992.7142857142857,985.8571428571429,-6.857142857142857,0.01293288374738162,0.006907468700532369,"{""mlp.down_proj"": 2058.0, ""mlp.gate_proj"": 731.0, ""mlp.up_proj"": 1775.0, ""self_attn.k_proj"": 178.0, ""self_attn.o_proj"": 1191.0, ""self_attn.q_proj"": 288.0, ""self_attn.v_proj"": 728.0}","{""mlp.down_proj"": 2047.0, ""mlp.gate_proj"": 719.0, ""mlp.up_proj"": 1766.0, ""self_attn.k_proj"": 172.0, ""self_attn.o_proj"": 1190.0, ""self_attn.q_proj"": 280.0, ""self_attn.v_proj"": 727.0}","{""mlp.down_proj"": -11.0, ""mlp.gate_proj"": -12.0, ""mlp.up_proj"": -9.0, ""self_attn.k_proj"": -6.0, ""self_attn.o_proj"": -1.0, ""self_attn.q_proj"": -8.0, ""self_attn.v_proj"": -1.0}","{""mlp.down_proj"": 0.005344995140913508, ""mlp.gate_proj"": 0.016415868673050615, ""mlp.up_proj"": 0.0050704225352112674, ""self_attn.k_proj"": 0.033707865168539325, ""self_attn.o_proj"": 0.0008396305625524769, ""self_attn.q_proj"": 0.027777777777777776, ""self_attn.v_proj"": 0.0013736263736263737}",-0.007123975090310771,0.05714285714285694,303.94285714285706,False,True
llama,seqkd,160,E_ood,E_mmluPro,0.05,14,5,equal5_non_qk,True,"mlp.down_proj,mlp.gate_proj,mlp.up_proj,self_attn.o_proj,self_attn.v_proj","self_attn.q_proj,self_attn.k_proj",955.2,961.6,955.2,-6.4,0.008832139195999495,0.006655574043261207,"{""mlp.down_proj"": 1669.0, ""mlp.gate_proj"": 327.0, ""mlp.up_proj"": 1319.0, ""self_attn.o_proj"": 891.0, ""self_attn.v_proj"": 602.0}","{""mlp.down_proj"": 1656.0, ""mlp.gate_proj"": 318.0, ""mlp.up_proj"": 1311.0, ""self_attn.o_proj"": 890.0, ""self_attn.v_proj"": 601.0}","{""mlp.down_proj"": -13.0, ""mlp.gate_proj"": -9.0, ""mlp.up_proj"": -8.0, ""self_attn.o_proj"": -1.0, ""self_attn.v_proj"": -1.0}","{""mlp.down_proj"": 0.007789095266626723, ""mlp.gate_proj"": 0.027522935779816515, ""mlp.up_proj"": 0.006065200909780136, ""self_attn.o_proj"": 0.001122334455667789, ""self_attn.v_proj"": 0.0016611295681063123}",0.0001184964494472824,0.008713642746552213,7,equal7,True,"mlp.down_proj,mlp.gate_proj,mlp.up_proj,self_attn.k_proj,self_attn.o_proj,self_attn.q_proj,self_attn.v_proj",,711.7142857142857,717.4285714285714,711.7142857142857,-5.714285714285714,0.016825447921585066,0.007964954201513432,"{""mlp.down_proj"": 1669.0, ""mlp.gate_proj"": 327.0, ""mlp.up_proj"": 1319.0, ""self_attn.k_proj"": 91.0, ""self_attn.o_proj"": 891.0, ""self_attn.q_proj"": 123.0, ""self_attn.v_proj"": 602.0}","{""mlp.down_proj"": 1656.0, ""mlp.gate_proj"": 318.0, ""mlp.up_proj"": 1311.0, ""self_attn.k_proj"": 88.0, ""self_attn.o_proj"": 890.0, ""self_attn.q_proj"": 118.0, ""self_attn.v_proj"": 601.0}","{""mlp.down_proj"": -13.0, ""mlp.gate_proj"": -9.0, ""mlp.up_proj"": -8.0, ""self_attn.k_proj"": -3.0, ""self_attn.o_proj"": -1.0, ""self_attn.q_proj"": -5.0, ""self_attn.v_proj"": -1.0}","{""mlp.down_proj"": 0.007789095266626723, ""mlp.gate_proj"": 0.027522935779816515, ""mlp.up_proj"": 0.006065200909780136, ""self_attn.k_proj"": 0.03296703296703297, ""self_attn.o_proj"": 0.001122334455667789, ""self_attn.q_proj"": 0.04065040650406504, ""self_attn.v_proj"": 0.0016611295681063123}",-0.00799330872558557,-0.6857142857142859,243.48571428571438,False,True
llama,seqkd,160,E_ood,E_mmluPro,0.1,14,5,equal5_non_qk,True,"mlp.down_proj,mlp.gate_proj,mlp.up_proj,self_attn.o_proj,self_attn.v_proj","self_attn.q_proj,self_attn.k_proj",625.0,630.6,625.0,-5.6,0.014959552072784946,0.008880431335236319,"{""mlp.down_proj"": 1213.0, ""mlp.gate_proj"": 83.0, ""mlp.up_proj"": 825.0, ""self_attn.o_proj"": 586.0, ""self_attn.v_proj"": 446.0}","{""mlp.down_proj"": 1200.0, ""mlp.gate_proj"": 79.0, ""mlp.up_proj"": 817.0, ""self_attn.o_proj"": 585.0, ""self_attn.v_proj"": 444.0}","{""mlp.down_proj"": -13.0, ""mlp.gate_proj"": -4.0, ""mlp.up_proj"": -8.0, ""self_attn.o_proj"": -1.0, ""self_attn.v_proj"": -2.0}","{""mlp.down_proj"": 0.010717230008244023, ""mlp.gate_proj"": 0.04819277108433735, ""mlp.up_proj"": 0.009696969696969697, ""self_attn.o_proj"": 0.0017064846416382253, ""self_attn.v_proj"": 0.004484304932735426}",0.0016218389549167347,0.013337713117868211,7,equal7,True,"mlp.down_proj,mlp.gate_proj,mlp.up_proj,self_attn.k_proj,self_attn.o_proj,self_attn.q_proj,self_attn.v_proj",,457.7142857142857,461.85714285714283,457.7142857142857,-4.142857142857143,0.014169714895194821,0.00896999690689755,"{""mlp.down_proj"": 1213.0, ""mlp.gate_proj"": 83.0, ""mlp.up_proj"": 825.0, ""self_attn.k_proj"": 39.0, ""self_attn.o_proj"": 586.0, ""self_attn.q_proj"": 41.0, ""self_attn.v_proj"": 446.0}","{""mlp.down_proj"": 1200.0, ""mlp.gate_proj"": 79.0, ""mlp.up_proj"": 817.0, ""self_attn.k_proj"": 39.0, ""self_attn.o_proj"": 585.0, ""self_attn.q_proj"": 40.0, ""self_attn.v_proj"": 444.0}","{""mlp.down_proj"": -13.0, ""mlp.gate_proj"": -4.0, ""mlp.up_proj"": -8.0, ""self_attn.k_proj"": 0.0, ""self_attn.o_proj"": -1.0, ""self_attn.q_proj"": -1.0, ""self_attn.v_proj"": -2.0}","{""mlp.down_proj"": 0.010717230008244023, ""mlp.gate_proj"": 0.04819277108433735, ""mlp.up_proj"": 0.009696969696969697, ""self_attn.k_proj"": 0.0, ""self_attn.o_proj"": 0.0017064846416382253, ""self_attn.q_proj"": 0.024390243902439025, ""self_attn.v_proj"": 0.004484304932735426}",0.0007898371775901247,-1.4571428571428564,167.28571428571428,False,True
llama,seqkd,320,E_general,E_general,0.01,14,5,equal5_non_qk,True,"mlp.down_proj,mlp.gate_proj,mlp.up_proj,self_attn.o_proj,self_attn.v_proj","self_attn.q_proj,self_attn.k_proj",1740.0,1737.8,1740.0,2.2,-0.001365530516478086,-0.0012659684658764216,"{""mlp.down_proj"": 2529.0, ""mlp.gate_proj"": 1399.0, ""mlp.up_proj"": 2314.0, ""self_attn.o_proj"": 1584.0, ""self_attn.v_proj"": 863.0}","{""mlp.down_proj"": 2528.0, ""mlp.gate_proj"": 1398.0, ""mlp.up_proj"": 2318.0, ""self_attn.o_proj"": 1592.0, ""self_attn.v_proj"": 864.0}","{""mlp.down_proj"": -1.0, ""mlp.gate_proj"": -1.0, ""mlp.up_proj"": 4.0, ""self_attn.o_proj"": 8.0, ""self_attn.v_proj"": 1.0}","{""mlp.down_proj"": 0.00039541320680110717, ""mlp.gate_proj"": 0.0007147962830593281, ""mlp.up_proj"": -0.001728608470181504, ""self_attn.o_proj"": -0.005050505050505051, ""self_attn.v_proj"": -0.0011587485515643105}",-0.001365530516478086,0.0,7,equal7,True,"mlp.down_proj,mlp.gate_proj,mlp.up_proj,self_attn.k_proj,self_attn.o_proj,self_attn.q_proj,self_attn.v_proj",,1393.0,1393.7142857142858,1393.0,-0.7142857142857143,0.003374744924233242,0.0005125051250512971,"{""mlp.down_proj"": 2529.0, ""mlp.gate_proj"": 1399.0, ""mlp.up_proj"": 2314.0, ""self_attn.k_proj"": 375.0, ""self_attn.o_proj"": 1584.0, ""self_attn.q_proj"": 692.0, ""self_attn.v_proj"": 863.0}","{""mlp.down_proj"": 2528.0, ""mlp.gate_proj"": 1398.0, ""mlp.up_proj"": 2318.0, ""self_attn.k_proj"": 369.0, ""self_attn.o_proj"": 1592.0, ""self_attn.q_proj"": 682.0, ""self_attn.v_proj"": 864.0}","{""mlp.down_proj"": -1.0, ""mlp.gate_proj"": -1.0, ""mlp.up_proj"": 4.0, ""self_attn.k_proj"": -6.0, ""self_attn.o_proj"": 8.0, ""self_attn.q_proj"": -10.0, ""self_attn.v_proj"": 1.0}","{""mlp.down_proj"": 0.00039541320680110717, ""mlp.gate_proj"": 0.0007147962830593281, ""mlp.up_proj"": -0.001728608470181504, ""self_attn.k_proj"": 0.016, ""self_attn.o_proj"": -0.005050505050505051, ""self_attn.q_proj"": 0.014450867052023121, ""self_attn.v_proj"": -0.0011587485515643105}",-0.004740275440711328,2.9142857142857146,347.0,True,True
llama,seqkd,320,E_general,E_general,0.025,14,5,equal5_non_qk,True,"mlp.down_proj,mlp.gate_proj,mlp.up_proj,self_attn.o_proj,self_attn.v_proj","self_attn.q_proj,self_attn.k_proj",1360.6,1358.4,1360.6,2.2,-0.0015497374491461146,-0.0016195524146052841,"{""mlp.down_proj"": 2167.0, ""mlp.gate_proj"": 784.0, ""mlp.up_proj"": 1852.0, ""self_attn.o_proj"": 1238.0, ""self_attn.v_proj"": 751.0}","{""mlp.down_proj"": 2166.0, ""mlp.gate_proj"": 782.0, ""mlp.up_proj"": 1856.0, ""self_attn.o_proj"": 1247.0, ""self_attn.v_proj"": 752.0}","{""mlp.down_proj"": -1.0, ""mlp.gate_proj"": -2.0, ""mlp.up_proj"": 4.0, ""self_attn.o_proj"": 9.0, ""self_attn.v_proj"": 1.0}","{""mlp.down_proj"": 0.00046146746654360867, ""mlp.gate_proj"": 0.002551020408163265, ""mlp.up_proj"": -0.0021598272138228943, ""self_attn.o_proj"": -0.007269789983844911, ""self_attn.v_proj"": -0.0013315579227696406}",-0.0015497374491461146,0.0,7,equal7,True,"mlp.down_proj,mlp.gate_proj,mlp.up_proj,self_attn.k_proj,self_attn.o_proj,self_attn.q_proj,self_attn.v_proj",,1050.2857142857142,1050.7142857142858,1050.2857142857142,-0.42857142857142855,0.0061921746198207225,0.00040788579197836974,"{""mlp.down_proj"": 2167.0, ""mlp.gate_proj"": 784.0, ""mlp.up_proj"": 1852.0, ""self_attn.k_proj"": 212.0, ""self_attn.o_proj"": 1238.0, ""self_attn.q_proj"": 351.0, ""self_attn.v_proj"": 751.0}","{""mlp.down_proj"": 2166.0, ""mlp.gate_proj"": 782.0, ""mlp.up_proj"": 1856.0, ""self_attn.k_proj"": 206.0, ""self_attn.o_proj"": 1247.0, ""self_attn.q_proj"": 343.0, ""self_attn.v_proj"": 752.0}","{""mlp.down_proj"": -1.0, ""mlp.gate_proj"": -2.0, ""mlp.up_proj"": 4.0, ""self_attn.k_proj"": -6.0, ""self_attn.o_proj"": 9.0, ""self_attn.q_proj"": -8.0, ""self_attn.v_proj"": 1.0}","{""mlp.down_proj"": 0.00046146746654360867, ""mlp.gate_proj"": 0.002551020408163265, ""mlp.up_proj"": -0.0021598272138228943, ""self_attn.k_proj"": 0.02830188679245283, ""self_attn.o_proj"": -0.007269789983844911, ""self_attn.q_proj"": 0.022792022792022793, ""self_attn.v_proj"": -0.0013315579227696406}",-0.0077419120689668375,2.6285714285714286,310.3142857142857,True,True
llama,seqkd,320,E_general,E_general,0.05,14,5,equal5_non_qk,True,"mlp.down_proj,mlp.gate_proj,mlp.up_proj,self_attn.o_proj,self_attn.v_proj","self_attn.q_proj,self_attn.k_proj",1035.2,1033.4,1035.2,1.8,-0.0008499109898925378,-0.0017418231081865244,"{""mlp.down_proj"": 1802.0, ""mlp.gate_proj"": 368.0, ""mlp.up_proj"": 1412.0, ""self_attn.o_proj"": 954.0, ""self_attn.v_proj"": 631.0}","{""mlp.down_proj"": 1800.0, ""mlp.gate_proj"": 365.0, ""mlp.up_proj"": 1417.0, ""self_attn.o_proj"": 962.0, ""self_attn.v_proj"": 632.0}","{""mlp.down_proj"": -2.0, ""mlp.gate_proj"": -3.0, ""mlp.up_proj"": 5.0, ""self_attn.o_proj"": 8.0, ""self_attn.v_proj"": 1.0}","{""mlp.down_proj"": 0.0011098779134295228, ""mlp.gate_proj"": 0.008152173913043478, ""mlp.up_proj"": -0.0035410764872521247, ""self_attn.o_proj"": -0.008385744234800839, ""self_attn.v_proj"": -0.001584786053882726}",-0.0008499109898925378,0.0,7,equal7,True,"mlp.down_proj,mlp.gate_proj,mlp.up_proj,self_attn.k_proj,self_attn.o_proj,self_attn.q_proj,self_attn.v_proj",,776.4285714285714,776.2857142857143,776.4285714285714,0.14285714285714285,0.00783267916126377,-0.00018402649981593165,"{""mlp.down_proj"": 1802.0, ""mlp.gate_proj"": 368.0, ""mlp.up_proj"": 1412.0, ""self_attn.k_proj"": 111.0, ""self_attn.o_proj"": 954.0, ""self_attn.q_proj"": 156.0, ""self_attn.v_proj"": 631.0}","{""mlp.down_proj"": 1800.0, ""mlp.gate_proj"": 365.0, ""mlp.up_proj"": 1417.0, ""self_attn.k_proj"": 108.0, ""self_attn.o_proj"": 962.0, ""self_attn.q_proj"": 151.0, ""self_attn.v_proj"": 632.0}","{""mlp.down_proj"": -2.0, ""mlp.gate_proj"": -3.0, ""mlp.up_proj"": 5.0, ""self_attn.k_proj"": -3.0, ""self_attn.o_proj"": 8.0, ""self_attn.q_proj"": -5.0, ""self_attn.v_proj"": 1.0}","{""mlp.down_proj"": 0.0011098779134295228, ""mlp.gate_proj"": 0.008152173913043478, ""mlp.up_proj"": -0.0035410764872521247, ""self_attn.k_proj"": 0.02702702702702703, ""self_attn.o_proj"": -0.008385744234800839, ""self_attn.q_proj"": 0.03205128205128205, ""self_attn.v_proj"": -0.001584786053882726}",-0.008682590151156308,1.6571428571428573,258.7714285714286,True,True
llama,seqkd,320,E_general,E_general,0.1,14,5,equal5_non_qk,True,"mlp.down_proj,mlp.gate_proj,mlp.up_proj,self_attn.o_proj,self_attn.v_proj","self_attn.q_proj,self_attn.k_proj",706.2,704.6,706.2,1.6,0.0008849793708922193,-0.0022707919386886497,"{""mlp.down_proj"": 1362.0, ""mlp.gate_proj"": 100.0, ""mlp.up_proj"": 923.0, ""self_attn.o_proj"": 659.0, ""self_attn.v_proj"": 479.0}","{""mlp.down_proj"": 1360.0, ""mlp.gate_proj"": 98.0, ""mlp.up_proj"": 927.0, ""self_attn.o_proj"": 666.0, ""self_attn.v_proj"": 480.0}","{""mlp.down_proj"": -2.0, ""mlp.gate_proj"": -2.0, ""mlp.up_proj"": 4.0, ""self_attn.o_proj"": 7.0, ""self_attn.v_proj"": 1.0}","{""mlp.down_proj"": 0.0014684287812041115, ""mlp.gate_proj"": 0.02, ""mlp.up_proj"": -0.004333694474539545, ""self_attn.o_proj"": -0.010622154779969651, ""self_attn.v_proj"": -0.0020876826722338203}",0.0008849793708922193,0.0,7,equal7,True,"mlp.down_proj,mlp.gate_proj,mlp.up_proj,self_attn.k_proj,self_attn.o_proj,self_attn.q_proj,self_attn.v_proj",,518.0,517.2857142857143,518.0,0.7142857142857143,0.009322604312542062,-0.001380834023750251,"{""mlp.down_proj"": 1362.0, ""mlp.gate_proj"": 100.0, ""mlp.up_proj"": 923.0, ""self_attn.k_proj"": 48.0, ""self_attn.o_proj"": 659.0, ""self_attn.q_proj"": 50.0, ""self_attn.v_proj"": 479.0}","{""mlp.down_proj"": 1360.0, ""mlp.gate_proj"": 98.0, ""mlp.up_proj"": 927.0, ""self_attn.k_proj"": 47.0, ""self_attn.o_proj"": 666.0, ""self_attn.q_proj"": 48.0, ""self_attn.v_proj"": 480.0}","{""mlp.down_proj"": -2.0, ""mlp.gate_proj"": -2.0, ""mlp.up_proj"": 4.0, ""self_attn.k_proj"": -1.0, ""self_attn.o_proj"": 7.0, ""self_attn.q_proj"": -2.0, ""self_attn.v_proj"": 1.0}","{""mlp.down_proj"": 0.0014684287812041115, ""mlp.gate_proj"": 0.02, ""mlp.up_proj"": -0.004333694474539545, ""self_attn.k_proj"": 0.020833333333333332, ""self_attn.o_proj"": -0.010622154779969651, ""self_attn.q_proj"": 0.04, ""self_attn.v_proj"": -0.0020876826722338203}",-0.008437624941649843,0.8857142857142858,188.20000000000005,False,True
llama,seqkd,320,E_if,E_ifeval,0.01,14,5,equal5_non_qk,True,"mlp.down_proj,mlp.gate_proj,mlp.up_proj,self_attn.o_proj,self_attn.v_proj","self_attn.q_proj,self_attn.k_proj",1645.2,1652.8,1645.2,-7.6,0.004519144526935923,0.004598257502420081,"{""mlp.down_proj"": 2435.0, ""mlp.gate_proj"": 1309.0, ""mlp.up_proj"": 2178.0, ""self_attn.o_proj"": 1511.0, ""self_attn.v_proj"": 831.0}","{""mlp.down_proj"": 2421.0, ""mlp.gate_proj"": 1289.0, ""mlp.up_proj"": 2170.0, ""self_attn.o_proj"": 1516.0, ""self_attn.v_proj"": 830.0}","{""mlp.down_proj"": -14.0, ""mlp.gate_proj"": -20.0, ""mlp.up_proj"": -8.0, ""self_attn.o_proj"": 5.0, ""self_attn.v_proj"": -1.0}","{""mlp.down_proj"": 0.005749486652977412, ""mlp.gate_proj"": 0.015278838808250574, ""mlp.up_proj"": 0.0036730945821854912, ""self_attn.o_proj"": -0.0033090668431502318, ""self_attn.v_proj"": 0.0012033694344163659}",-0.001365530516478086,0.005884675043414009,7,equal7,True,"mlp.down_proj,mlp.gate_proj,mlp.up_proj,self_attn.k_proj,self_attn.o_proj,self_attn.q_proj,self_attn.v_proj",,1310.7142857142858,1319.857142857143,1310.7142857142858,-9.142857142857142,0.010809543734363675,0.0069271566186816505,"{""mlp.down_proj"": 2435.0, ""mlp.gate_proj"": 1309.0, ""mlp.up_proj"": 2178.0, ""self_attn.k_proj"": 345.0, ""self_attn.o_proj"": 1511.0, ""self_attn.q_proj"": 630.0, ""self_attn.v_proj"": 831.0}","{""mlp.down_proj"": 2421.0, ""mlp.gate_proj"": 1289.0, ""mlp.up_proj"": 2170.0, ""self_attn.k_proj"": 336.0, ""self_attn.o_proj"": 1516.0, ""self_attn.q_proj"": 613.0, ""self_attn.v_proj"": 830.0}","{""mlp.down_proj"": -14.0, ""mlp.gate_proj"": -20.0, ""mlp.up_proj"": -8.0, ""self_attn.k_proj"": -9.0, ""self_attn.o_proj"": 5.0, ""self_attn.q_proj"": -17.0, ""self_attn.v_proj"": -1.0}","{""mlp.down_proj"": 0.005749486652977412, ""mlp.gate_proj"": 0.015278838808250574, ""mlp.up_proj"": 0.0036730945821854912, ""self_attn.k_proj"": 0.02608695652173913, ""self_attn.o_proj"": -0.0033090668431502318, ""self_attn.q_proj"": 0.026984126984126985, ""self_attn.v_proj"": 0.0012033694344163659}",-0.006290399207427752,1.5428571428571427,334.48571428571427,False,True
llama,seqkd,320,E_if,E_ifeval,0.025,14,5,equal5_non_qk,True,"mlp.down_proj,mlp.gate_proj,mlp.up_proj,self_attn.o_proj,self_attn.v_proj","self_attn.q_proj,self_attn.k_proj",1245.4,1254.0,1245.4,-8.6,0.0076755957323425645,0.006858054226475206,"{""mlp.down_proj"": 2031.0, ""mlp.gate_proj"": 709.0, ""mlp.up_proj"": 1670.0, ""self_attn.o_proj"": 1157.0, ""self_attn.v_proj"": 703.0}","{""mlp.down_proj"": 2012.0, ""mlp.gate_proj"": 690.0, ""mlp.up_proj"": 1660.0, ""self_attn.o_proj"": 1163.0, ""self_attn.v_proj"": 702.0}","{""mlp.down_proj"": -19.0, ""mlp.gate_proj"": -19.0, ""mlp.up_proj"": -10.0, ""self_attn.o_proj"": 6.0, ""self_attn.v_proj"": -1.0}","{""mlp.down_proj"": 0.009354997538158542, ""mlp.gate_proj"": 0.02679830747531735, ""mlp.up_proj"": 0.005988023952095809, ""self_attn.o_proj"": -0.005185825410544511, ""self_attn.v_proj"": 0.001422475106685633}",-0.0015497374491461146,0.009225333181488679,7,equal7,True,"mlp.down_proj,mlp.gate_proj,mlp.up_proj,self_attn.k_proj,self_attn.o_proj,self_attn.q_proj,self_attn.v_proj",,958.0,966.7142857142857,958.0,-8.714285714285714,0.015589689105006398,0.00901433426924777,"{""mlp.down_proj"": 2031.0, ""mlp.gate_proj"": 709.0, ""mlp.up_proj"": 1670.0, ""self_attn.k_proj"": 188.0, ""self_attn.o_proj"": 1157.0, ""self_attn.q_proj"": 309.0, ""self_attn.v_proj"": 703.0}","{""mlp.down_proj"": 2012.0, ""mlp.gate_proj"": 690.0, ""mlp.up_proj"": 1660.0, ""self_attn.k_proj"": 182.0, ""self_attn.o_proj"": 1163.0, ""self_attn.q_proj"": 297.0, ""self_attn.v_proj"": 702.0}","{""mlp.down_proj"": -19.0, ""mlp.gate_proj"": -19.0, ""mlp.up_proj"": -10.0, ""self_attn.k_proj"": -6.0, ""self_attn.o_proj"": 6.0, ""self_attn.q_proj"": -12.0, ""self_attn.v_proj"": -1.0}","{""mlp.down_proj"": 0.009354997538158542, ""mlp.gate_proj"": 0.02679830747531735, ""mlp.up_proj"": 0.005988023952095809, ""self_attn.k_proj"": 0.031914893617021274, ""self_attn.o_proj"": -0.005185825410544511, ""self_attn.q_proj"": 0.038834951456310676, ""self_attn.v_proj"": 0.001422475106685633}",-0.007914093372663834,0.11428571428571388,287.4000000000001,False,True
llama,seqkd,320,E_if,E_ifeval,0.05,14,5,equal5_non_qk,True,"mlp.down_proj,mlp.gate_proj,mlp.up_proj,self_attn.o_proj,self_attn.v_proj","self_attn.q_proj,self_attn.k_proj",912.6,921.2,912.6,-8.6,0.012253553672880536,0.009335649153278357,"{""mlp.down_proj"": 1632.0, ""mlp.gate_proj"": 328.0, ""mlp.up_proj"": 1207.0, ""self_attn.o_proj"": 868.0, ""self_attn.v_proj"": 571.0}","{""mlp.down_proj"": 1610.0, ""mlp.gate_proj"": 314.0, ""mlp.up_proj"": 1196.0, ""self_attn.o_proj"": 873.0, ""self_attn.v_proj"": 570.0}","{""mlp.down_proj"": -22.0, ""mlp.gate_proj"": -14.0, ""mlp.up_proj"": -11.0, ""self_attn.o_proj"": 5.0, ""self_attn.v_proj"": -1.0}","{""mlp.down_proj"": 0.013480392156862746, ""mlp.gate_proj"": 0.042682926829268296, ""mlp.up_proj"": 0.009113504556752278, ""self_attn.o_proj"": -0.00576036866359447, ""self_attn.v_proj"": 0.0017513134851138354}",-0.0008499109898925378,0.013103464662773075,7,equal7,True,"mlp.down_proj,mlp.gate_proj,mlp.up_proj,self_attn.k_proj,self_attn.o_proj,self_attn.q_proj,self_attn.v_proj",,683.7142857142857,691.2857142857143,683.7142857142857,-7.571428571428571,0.020932648477065628,0.010952676172763107,"{""mlp.down_proj"": 1632.0, ""mlp.gate_proj"": 328.0, ""mlp.up_proj"": 1207.0, ""self_attn.k_proj"": 98.0, ""self_attn.o_proj"": 868.0, ""self_attn.q_proj"": 135.0, ""self_attn.v_proj"": 571.0}","{""mlp.down_proj"": 1610.0, ""mlp.gate_proj"": 314.0, ""mlp.up_proj"": 1196.0, ""self_attn.k_proj"": 94.0, ""self_attn.o_proj"": 873.0, ""self_attn.q_proj"": 129.0, ""self_attn.v_proj"": 570.0}","{""mlp.down_proj"": -22.0, ""mlp.gate_proj"": -14.0, ""mlp.up_proj"": -11.0, ""self_attn.k_proj"": -4.0, ""self_attn.o_proj"": 5.0, ""self_attn.q_proj"": -6.0, ""self_attn.v_proj"": -1.0}","{""mlp.down_proj"": 0.013480392156862746, ""mlp.gate_proj"": 0.042682926829268296, ""mlp.up_proj"": 0.009113504556752278, ""self_attn.k_proj"": 0.04081632653061224, ""self_attn.o_proj"": -0.00576036866359447, ""self_attn.q_proj"": 0.044444444444444446, ""self_attn.v_proj"": 0.0017513134851138354}",-0.008679094804185092,-1.0285714285714285,228.88571428571436,False,True
llama,seqkd,320,E_if,E_ifeval,0.1,14,5,equal5_non_qk,True,"mlp.down_proj,mlp.gate_proj,mlp.up_proj,self_attn.o_proj,self_attn.v_proj","self_attn.q_proj,self_attn.k_proj",585.4,592.8,585.4,-7.4,0.018656439624254704,0.0124831309041835,"{""mlp.down_proj"": 1166.0, ""mlp.gate_proj"": 96.0, ""mlp.up_proj"": 722.0, ""self_attn.o_proj"": 572.0, ""self_attn.v_proj"": 408.0}","{""mlp.down_proj"": 1143.0, ""mlp.gate_proj"": 90.0, ""mlp.up_proj"": 712.0, ""self_attn.o_proj"": 575.0, ""self_attn.v_proj"": 407.0}","{""mlp.down_proj"": -23.0, ""mlp.gate_proj"": -6.0, ""mlp.up_proj"": -10.0, ""self_attn.o_proj"": 3.0, ""self_attn.v_proj"": -1.0}","{""mlp.down_proj"": 0.01972555746140652, ""mlp.gate_proj"": 0.0625, ""mlp.up_proj"": 0.013850415512465374, ""self_attn.o_proj"": -0.005244755244755245, ""self_attn.v_proj"": 0.0024509803921568627}",0.0008849793708922193,0.017771460253362483,7,equal7,True,"mlp.down_proj,mlp.gate_proj,mlp.up_proj,self_attn.k_proj,self_attn.o_proj,self_attn.q_proj,self_attn.v_proj",,430.0,435.7142857142857,430.0,-5.714285714285714,0.02322089534076326,0.013114754098360675,"{""mlp.down_proj"": 1166.0, ""mlp.gate_proj"": 96.0, ""mlp.up_proj"": 722.0, ""self_attn.k_proj"": 42.0, ""self_attn.o_proj"": 572.0, ""self_attn.q_proj"": 44.0, ""self_attn.v_proj"": 408.0}","{""mlp.down_proj"": 1143.0, ""mlp.gate_proj"": 90.0, ""mlp.up_proj"": 712.0, ""self_attn.k_proj"": 41.0, ""self_attn.o_proj"": 575.0, ""self_attn.q_proj"": 42.0, ""self_attn.v_proj"": 407.0}","{""mlp.down_proj"": -23.0, ""mlp.gate_proj"": -6.0, ""mlp.up_proj"": -10.0, ""self_attn.k_proj"": -1.0, ""self_attn.o_proj"": 3.0, ""self_attn.q_proj"": -2.0, ""self_attn.v_proj"": -1.0}","{""mlp.down_proj"": 0.01972555746140652, ""mlp.gate_proj"": 0.0625, ""mlp.up_proj"": 0.013850415512465374, ""self_attn.k_proj"": 0.023809523809523808, ""self_attn.o_proj"": -0.005244755244755245, ""self_attn.q_proj"": 0.045454545454545456, ""self_attn.v_proj"": 0.0024509803921568627}",-0.004564455716508556,-1.685714285714286,155.39999999999998,False,True
llama,seqkd,320,E_math,E_mathHeld,0.01,14,5,equal5_non_qk,True,"mlp.down_proj,mlp.gate_proj,mlp.up_proj,self_attn.o_proj,self_attn.v_proj","self_attn.q_proj,self_attn.k_proj",850.4,851.6,850.4,-1.2,0.002165701410187432,0.0014091122592767092,"{""mlp.down_proj"": 1162.0, ""mlp.gate_proj"": 587.0, ""mlp.up_proj"": 1022.0, ""self_attn.o_proj"": 828.0, ""self_attn.v_proj"": 659.0}","{""mlp.down_proj"": 1159.0, ""mlp.gate_proj"": 578.0, ""mlp.up_proj"": 1020.0, ""self_attn.o_proj"": 838.0, ""self_attn.v_proj"": 657.0}","{""mlp.down_proj"": -3.0, ""mlp.gate_proj"": -9.0, ""mlp.up_proj"": -2.0, ""self_attn.o_proj"": 10.0, ""self_attn.v_proj"": -2.0}","{""mlp.down_proj"": 0.0025817555938037868, ""mlp.gate_proj"": 0.015332197614991482, ""mlp.up_proj"": 0.0019569471624266144, ""self_attn.o_proj"": -0.012077294685990338, ""self_attn.v_proj"": 0.0030349013657056147}",-0.001365530516478086,0.003531231926665518,7,equal7,True,"mlp.down_proj,mlp.gate_proj,mlp.up_proj,self_attn.k_proj,self_attn.o_proj,self_attn.q_proj,self_attn.v_proj",,698.8571428571429,701.7142857142857,698.8571428571429,-2.857142857142857,0.007551116672620408,0.004071661237784901,"{""mlp.down_proj"": 1162.0, ""mlp.gate_proj"": 587.0, ""mlp.up_proj"": 1022.0, ""self_attn.k_proj"": 263.0, ""self_attn.o_proj"": 828.0, ""self_attn.q_proj"": 391.0, ""self_attn.v_proj"": 659.0}","{""mlp.down_proj"": 1159.0, ""mlp.gate_proj"": 578.0, ""mlp.up_proj"": 1020.0, ""self_attn.k_proj"": 258.0, ""self_attn.o_proj"": 838.0, ""self_attn.q_proj"": 382.0, ""self_attn.v_proj"": 657.0}","{""mlp.down_proj"": -3.0, ""mlp.gate_proj"": -9.0, ""mlp.up_proj"": -2.0, ""self_attn.k_proj"": -5.0, ""self_attn.o_proj"": 10.0, ""self_attn.q_proj"": -9.0, ""self_attn.v_proj"": -2.0}","{""mlp.down_proj"": 0.0025817555938037868, ""mlp.gate_proj"": 0.015332197614991482, ""mlp.up_proj"": 0.0019569471624266144, ""self_attn.k_proj"": 0.019011406844106463, ""self_attn.o_proj"": -0.012077294685990338, ""self_attn.q_proj"": 0.023017902813299233, ""self_attn.v_proj"": 0.0030349013657056147}",-0.005385415262432976,1.6571428571428573,151.5428571428571,False,True
llama,seqkd,320,E_math,E_mathHeld,0.025,14,5,equal5_non_qk,True,"mlp.down_proj,mlp.gate_proj,mlp.up_proj,self_attn.o_proj,self_attn.v_proj","self_attn.q_proj,self_attn.k_proj",620.8,621.6,620.8,-0.8,0.003141974942589431,0.0012870012870013967,"{""mlp.down_proj"": 912.0, ""mlp.gate_proj"": 322.0, ""mlp.up_proj"": 751.0, ""self_attn.o_proj"": 607.0, ""self_attn.v_proj"": 516.0}","{""mlp.down_proj"": 908.0, ""mlp.gate_proj"": 314.0, ""mlp.up_proj"": 749.0, ""self_attn.o_proj"": 618.0, ""self_attn.v_proj"": 515.0}","{""mlp.down_proj"": -4.0, ""mlp.gate_proj"": -8.0, ""mlp.up_proj"": -2.0, ""self_attn.o_proj"": 11.0, ""self_attn.v_proj"": -1.0}","{""mlp.down_proj"": 0.0043859649122807015, ""mlp.gate_proj"": 0.024844720496894408, ""mlp.up_proj"": 0.002663115845539281, ""self_attn.o_proj"": -0.018121911037891267, ""self_attn.v_proj"": 0.001937984496124031}",-0.0015497374491461146,0.004691712391735546,7,equal7,True,"mlp.down_proj,mlp.gate_proj,mlp.up_proj,self_attn.k_proj,self_attn.o_proj,self_attn.q_proj,self_attn.v_proj",,493.0,495.14285714285717,493.0,-2.142857142857143,0.010861483933351426,0.0043277553375649655,"{""mlp.down_proj"": 912.0, ""mlp.gate_proj"": 322.0, ""mlp.up_proj"": 751.0, ""self_attn.k_proj"": 150.0, ""self_attn.o_proj"": 607.0, ""self_attn.q_proj"": 208.0, ""self_attn.v_proj"": 516.0}","{""mlp.down_proj"": 908.0, ""mlp.gate_proj"": 314.0, ""mlp.up_proj"": 749.0, ""self_attn.k_proj"": 146.0, ""self_attn.o_proj"": 618.0, ""self_attn.q_proj"": 201.0, ""self_attn.v_proj"": 515.0}","{""mlp.down_proj"": -4.0, ""mlp.gate_proj"": -8.0, ""mlp.up_proj"": -2.0, ""self_attn.k_proj"": -4.0, ""self_attn.o_proj"": 11.0, ""self_attn.q_proj"": -7.0, ""self_attn.v_proj"": -1.0}","{""mlp.down_proj"": 0.0043859649122807015, ""mlp.gate_proj"": 0.024844720496894408, ""mlp.up_proj"": 0.002663115845539281, ""self_attn.k_proj"": 0.02666666666666667, ""self_attn.o_proj"": -0.018121911037891267, ""self_attn.q_proj"": 0.03365384615384615, ""self_attn.v_proj"": 0.001937984496124031}",-0.007719508990761995,1.3428571428571427,127.79999999999995,False,True
llama,seqkd,320,E_math,E_mathHeld,0.05,14,5,equal5_non_qk,True,"mlp.down_proj,mlp.gate_proj,mlp.up_proj,self_attn.o_proj,self_attn.v_proj","self_attn.q_proj,self_attn.k_proj",445.8,446.2,445.8,-0.4,0.005297797940962157,0.0008964589870012938,"{""mlp.down_proj"": 701.0, ""mlp.gate_proj"": 158.0, ""mlp.up_proj"": 534.0, ""self_attn.o_proj"": 441.0, ""self_attn.v_proj"": 397.0}","{""mlp.down_proj"": 698.0, ""mlp.gate_proj"": 152.0, ""mlp.up_proj"": 533.0, ""self_attn.o_proj"": 451.0, ""self_attn.v_proj"": 395.0}","{""mlp.down_proj"": -3.0, ""mlp.gate_proj"": -6.0, ""mlp.up_proj"": -1.0, ""self_attn.o_proj"": 10.0, ""self_attn.v_proj"": -2.0}","{""mlp.down_proj"": 0.0042796005706134095, ""mlp.gate_proj"": 0.0379746835443038, ""mlp.up_proj"": 0.0018726591760299626, ""self_attn.o_proj"": -0.022675736961451247, ""self_attn.v_proj"": 0.005037783375314861}",-0.0008499109898925378,0.0061477089308546945,7,equal7,True,"mlp.down_proj,mlp.gate_proj,mlp.up_proj,self_attn.k_proj,self_attn.o_proj,self_attn.q_proj,self_attn.v_proj",,344.14285714285717,345.42857142857144,344.14285714285717,-1.2857142857142858,0.014434032410772455,0.0037220843672456337,"{""mlp.down_proj"": 701.0, ""mlp.gate_proj"": 158.0, ""mlp.up_proj"": 534.0, ""self_attn.k_proj"": 84.0, ""self_attn.o_proj"": 441.0, ""self_attn.q_proj"": 103.0, ""self_attn.v_proj"": 397.0}","{""mlp.down_proj"": 698.0, ""mlp.gate_proj"": 152.0, ""mlp.up_proj"": 533.0, ""self_attn.k_proj"": 81.0, ""self_attn.o_proj"": 451.0, ""self_attn.q_proj"": 99.0, ""self_attn.v_proj"": 395.0}","{""mlp.down_proj"": -3.0, ""mlp.gate_proj"": -6.0, ""mlp.up_proj"": -1.0, ""self_attn.k_proj"": -3.0, ""self_attn.o_proj"": 10.0, ""self_attn.q_proj"": -4.0, ""self_attn.v_proj"": -2.0}","{""mlp.down_proj"": 0.0042796005706134095, ""mlp.gate_proj"": 0.0379746835443038, ""mlp.up_proj"": 0.0018726591760299626, ""self_attn.k_proj"": 0.03571428571428571, ""self_attn.o_proj"": -0.022675736961451247, ""self_attn.q_proj"": 0.038834951456310676, ""self_attn.v_proj"": 0.005037783375314861}",-0.009136234469810298,0.8857142857142858,101.65714285714284,False,True
llama,seqkd,320,E_math,E_mathHeld,0.1,14,5,equal5_non_qk,True,"mlp.down_proj,mlp.gate_proj,mlp.up_proj,self_attn.o_proj,self_attn.v_proj","self_attn.q_proj,self_attn.k_proj",283.4,283.2,283.4,0.2,0.008625329122223533,-0.0007062146892654966,"{""mlp.down_proj"": 483.0, ""mlp.gate_proj"": 49.0, ""mlp.up_proj"": 325.0, ""self_attn.o_proj"": 286.0, ""self_attn.v_proj"": 273.0}","{""mlp.down_proj"": 480.0, ""mlp.gate_proj"": 46.0, ""mlp.up_proj"": 325.0, ""self_attn.o_proj"": 294.0, ""self_attn.v_proj"": 272.0}","{""mlp.down_proj"": -3.0, ""mlp.gate_proj"": -3.0, ""mlp.up_proj"": 0.0, ""self_attn.o_proj"": 8.0, ""self_attn.v_proj"": -1.0}","{""mlp.down_proj"": 0.006211180124223602, ""mlp.gate_proj"": 0.061224489795918366, ""mlp.up_proj"": 0.0, ""self_attn.o_proj"": -0.027972027972027972, ""self_attn.v_proj"": 0.003663003663003663}",0.0008849793708922193,0.007740349751331314,7,equal7,True,"mlp.down_proj,mlp.gate_proj,mlp.up_proj,self_attn.k_proj,self_attn.o_proj,self_attn.q_proj,self_attn.v_proj",,213.14285714285714,213.14285714285714,213.14285714285714,0.0,0.00992034786925741,0.0,"{""mlp.down_proj"": 483.0, ""mlp.gate_proj"": 49.0, ""mlp.up_proj"": 325.0, ""self_attn.k_proj"": 38.0, ""self_attn.o_proj"": 286.0, ""self_attn.q_proj"": 38.0, ""self_attn.v_proj"": 273.0}","{""mlp.down_proj"": 480.0, ""mlp.gate_proj"": 46.0, ""mlp.up_proj"": 325.0, ""self_attn.k_proj"": 38.0, ""self_attn.o_proj"": 294.0, ""self_attn.q_proj"": 37.0, ""self_attn.v_proj"": 272.0}","{""mlp.down_proj"": -3.0, ""mlp.gate_proj"": -3.0, ""mlp.up_proj"": 0.0, ""self_attn.k_proj"": 0.0, ""self_attn.o_proj"": 8.0, ""self_attn.q_proj"": -1.0, ""self_attn.v_proj"": -1.0}","{""mlp.down_proj"": 0.006211180124223602, ""mlp.gate_proj"": 0.061224489795918366, ""mlp.up_proj"": 0.0, ""self_attn.k_proj"": 0.0, ""self_attn.o_proj"": -0.027972027972027972, ""self_attn.q_proj"": 0.02631578947368421, ""self_attn.v_proj"": 0.003663003663003663}",-0.0012950187470338777,0.2,70.25714285714284,False,True
llama,seqkd,320,E_ood,E_mmluPro,0.01,14,5,equal5_non_qk,True,"mlp.down_proj,mlp.gate_proj,mlp.up_proj,self_attn.o_proj,self_attn.v_proj","self_attn.q_proj,self_attn.k_proj",1688.6,1694.2,1688.6,-5.6,0.0033818805269163503,0.003305394876638022,"{""mlp.down_proj"": 2452.0, ""mlp.gate_proj"": 1352.0, ""mlp.up_proj"": 2263.0, ""self_attn.o_proj"": 1556.0, ""self_attn.v_proj"": 848.0}","{""mlp.down_proj"": 2444.0, ""mlp.gate_proj"": 1339.0, ""mlp.up_proj"": 2258.0, ""self_attn.o_proj"": 1555.0, ""self_attn.v_proj"": 847.0}","{""mlp.down_proj"": -8.0, ""mlp.gate_proj"": -13.0, ""mlp.up_proj"": -5.0, ""self_attn.o_proj"": -1.0, ""self_attn.v_proj"": -1.0}","{""mlp.down_proj"": 0.0032626427406199023, ""mlp.gate_proj"": 0.009615384615384616, ""mlp.up_proj"": 0.002209456473707468, ""self_attn.o_proj"": 0.0006426735218508997, ""self_attn.v_proj"": 0.0011792452830188679}",-0.001365530516478086,0.0047474110433944365,7,equal7,True,"mlp.down_proj,mlp.gate_proj,mlp.up_proj,self_attn.k_proj,self_attn.o_proj,self_attn.q_proj,self_attn.v_proj",,1336.2857142857142,1343.5714285714287,1336.2857142857142,-7.285714285714286,0.009616711722672838,0.005422647527910806,"{""mlp.down_proj"": 2452.0, ""mlp.gate_proj"": 1352.0, ""mlp.up_proj"": 2263.0, ""self_attn.k_proj"": 331.0, ""self_attn.o_proj"": 1556.0, ""self_attn.q_proj"": 603.0, ""self_attn.v_proj"": 848.0}","{""mlp.down_proj"": 2444.0, ""mlp.gate_proj"": 1339.0, ""mlp.up_proj"": 2258.0, ""self_attn.k_proj"": 322.0, ""self_attn.o_proj"": 1555.0, ""self_attn.q_proj"": 589.0, ""self_attn.v_proj"": 847.0}","{""mlp.down_proj"": -8.0, ""mlp.gate_proj"": -13.0, ""mlp.up_proj"": -5.0, ""self_attn.k_proj"": -9.0, ""self_attn.o_proj"": -1.0, ""self_attn.q_proj"": -14.0, ""self_attn.v_proj"": -1.0}","{""mlp.down_proj"": 0.0032626427406199023, ""mlp.gate_proj"": 0.009615384615384616, ""mlp.up_proj"": 0.002209456473707468, ""self_attn.k_proj"": 0.027190332326283987, ""self_attn.o_proj"": 0.0006426735218508997, ""self_attn.q_proj"": 0.02321724709784411, ""self_attn.v_proj"": 0.0011792452830188679}",-0.006234831195756488,1.685714285714286,352.3142857142857,False,True
llama,seqkd,320,E_ood,E_mmluPro,0.025,14,5,equal5_non_qk,True,"mlp.down_proj,mlp.gate_proj,mlp.up_proj,self_attn.o_proj,self_attn.v_proj","self_attn.q_proj,self_attn.k_proj",1289.6,1296.6,1289.6,-7.0,0.006298678279340308,0.005398735153478328,"{""mlp.down_proj"": 2058.0, ""mlp.gate_proj"": 731.0, ""mlp.up_proj"": 1775.0, ""self_attn.o_proj"": 1191.0, ""self_attn.v_proj"": 728.0}","{""mlp.down_proj"": 2047.0, ""mlp.gate_proj"": 717.0, ""mlp.up_proj"": 1768.0, ""self_attn.o_proj"": 1189.0, ""self_attn.v_proj"": 727.0}","{""mlp.down_proj"": -11.0, ""mlp.gate_proj"": -14.0, ""mlp.up_proj"": -7.0, ""self_attn.o_proj"": -2.0, ""self_attn.v_proj"": -1.0}","{""mlp.down_proj"": 0.005344995140913508, ""mlp.gate_proj"": 0.019151846785225718, ""mlp.up_proj"": 0.003943661971830986, ""self_attn.o_proj"": 0.0016792611251049538, ""self_attn.v_proj"": 0.0013736263736263737}",-0.0015497374491461146,0.007848415728486423,7,equal7,True,"mlp.down_proj,mlp.gate_proj,mlp.up_proj,self_attn.k_proj,self_attn.o_proj,self_attn.q_proj,self_attn.v_proj",,985.2857142857143,992.7142857142857,985.2857142857143,-7.428571428571429,0.015077350902221854,0.007483091092243391,"{""mlp.down_proj"": 2058.0, ""mlp.gate_proj"": 731.0, ""mlp.up_proj"": 1775.0, ""self_attn.k_proj"": 178.0, ""self_attn.o_proj"": 1191.0, ""self_attn.q_proj"": 288.0, ""self_attn.v_proj"": 728.0}","{""mlp.down_proj"": 2047.0, ""mlp.gate_proj"": 717.0, ""mlp.up_proj"": 1768.0, ""self_attn.k_proj"": 171.0, ""self_attn.o_proj"": 1189.0, ""self_attn.q_proj"": 278.0, ""self_attn.v_proj"": 727.0}","{""mlp.down_proj"": -11.0, ""mlp.gate_proj"": -14.0, ""mlp.up_proj"": -7.0, ""self_attn.k_proj"": -7.0, ""self_attn.o_proj"": -2.0, ""self_attn.q_proj"": -10.0, ""self_attn.v_proj"": -1.0}","{""mlp.down_proj"": 0.005344995140913508, ""mlp.gate_proj"": 0.019151846785225718, ""mlp.up_proj"": 0.003943661971830986, ""self_attn.k_proj"": 0.03932584269662921, ""self_attn.o_proj"": 0.0016792611251049538, ""self_attn.q_proj"": 0.034722222222222224, ""self_attn.v_proj"": 0.0013736263736263737}",-0.008778672622881546,0.4285714285714288,304.3142857142856,False,True
llama,seqkd,320,E_ood,E_mmluPro,0.05,14,5,equal5_non_qk,True,"mlp.down_proj,mlp.gate_proj,mlp.up_proj,self_attn.o_proj,self_attn.v_proj","self_attn.q_proj,self_attn.k_proj",954.8,961.6,954.8,-6.8,0.010128217654602615,0.007071547420965129,"{""mlp.down_proj"": 1669.0, ""mlp.gate_proj"": 327.0, ""mlp.up_proj"": 1319.0, ""self_attn.o_proj"": 891.0, ""self_attn.v_proj"": 602.0}","{""mlp.down_proj"": 1656.0, ""mlp.gate_proj"": 316.0, ""mlp.up_proj"": 1312.0, ""self_attn.o_proj"": 889.0, ""self_attn.v_proj"": 601.0}","{""mlp.down_proj"": -13.0, ""mlp.gate_proj"": -11.0, ""mlp.up_proj"": -7.0, ""self_attn.o_proj"": -2.0, ""self_attn.v_proj"": -1.0}","{""mlp.down_proj"": 0.007789095266626723, ""mlp.gate_proj"": 0.03363914373088685, ""mlp.up_proj"": 0.00530705079605762, ""self_attn.o_proj"": 0.002244668911335578, ""self_attn.v_proj"": 0.0016611295681063123}",-0.0008499109898925378,0.010978128644495154,7,equal7,True,"mlp.down_proj,mlp.gate_proj,mlp.up_proj,self_attn.k_proj,self_attn.o_proj,self_attn.q_proj,self_attn.v_proj",,711.1428571428571,717.4285714285714,711.1428571428571,-6.285714285714286,0.02048251714770501,0.008761449621664743,"{""mlp.down_proj"": 1669.0, ""mlp.gate_proj"": 327.0, ""mlp.up_proj"": 1319.0, ""self_attn.k_proj"": 91.0, ""self_attn.o_proj"": 891.0, ""self_attn.q_proj"": 123.0, ""self_attn.v_proj"": 602.0}","{""mlp.down_proj"": 1656.0, ""mlp.gate_proj"": 316.0, ""mlp.up_proj"": 1312.0, ""self_attn.k_proj"": 87.0, ""self_attn.o_proj"": 889.0, ""self_attn.q_proj"": 117.0, ""self_attn.v_proj"": 601.0}","{""mlp.down_proj"": -13.0, ""mlp.gate_proj"": -11.0, ""mlp.up_proj"": -7.0, ""self_attn.k_proj"": -4.0, ""self_attn.o_proj"": -2.0, ""self_attn.q_proj"": -6.0, ""self_attn.v_proj"": -1.0}","{""mlp.down_proj"": 0.007789095266626723, ""mlp.gate_proj"": 0.03363914373088685, ""mlp.up_proj"": 0.00530705079605762, ""self_attn.k_proj"": 0.04395604395604396, ""self_attn.o_proj"": 0.002244668911335578, ""self_attn.q_proj"": 0.04878048780487805, ""self_attn.v_proj"": 0.0016611295681063123}",-0.010354299493102395,-0.5142857142857142,243.65714285714284,False,True
llama,seqkd,320,E_ood,E_mmluPro,0.1,14,5,equal5_non_qk,True,"mlp.down_proj,mlp.gate_proj,mlp.up_proj,self_attn.o_proj,self_attn.v_proj","self_attn.q_proj,self_attn.k_proj",625.0,630.6,625.0,-5.6,0.017225639070480973,0.008880431335236319,"{""mlp.down_proj"": 1213.0, ""mlp.gate_proj"": 83.0, ""mlp.up_proj"": 825.0, ""self_attn.o_proj"": 586.0, ""self_attn.v_proj"": 446.0}","{""mlp.down_proj"": 1200.0, ""mlp.gate_proj"": 78.0, ""mlp.up_proj"": 819.0, ""self_attn.o_proj"": 584.0, ""self_attn.v_proj"": 444.0}","{""mlp.down_proj"": -13.0, ""mlp.gate_proj"": -5.0, ""mlp.up_proj"": -6.0, ""self_attn.o_proj"": -2.0, ""self_attn.v_proj"": -2.0}","{""mlp.down_proj"": 0.010717230008244023, ""mlp.gate_proj"": 0.060240963855421686, ""mlp.up_proj"": 0.007272727272727273, ""self_attn.o_proj"": 0.0034129692832764505, ""self_attn.v_proj"": 0.004484304932735426}",0.0008849793708922193,0.016340659699588752,7,equal7,True,"mlp.down_proj,mlp.gate_proj,mlp.up_proj,self_attn.k_proj,self_attn.o_proj,self_attn.q_proj,self_attn.v_proj",,457.57142857142856,461.85714285714283,457.57142857142856,-4.285714285714286,0.019272669022468988,0.009279307145066485,"{""mlp.down_proj"": 1213.0, ""mlp.gate_proj"": 83.0, ""mlp.up_proj"": 825.0, ""self_attn.k_proj"": 39.0, ""self_attn.o_proj"": 586.0, ""self_attn.q_proj"": 41.0, ""self_attn.v_proj"": 446.0}","{""mlp.down_proj"": 1200.0, ""mlp.gate_proj"": 78.0, ""mlp.up_proj"": 819.0, ""self_attn.k_proj"": 39.0, ""self_attn.o_proj"": 584.0, ""self_attn.q_proj"": 39.0, ""self_attn.v_proj"": 444.0}","{""mlp.down_proj"": -13.0, ""mlp.gate_proj"": -5.0, ""mlp.up_proj"": -6.0, ""self_attn.k_proj"": 0.0, ""self_attn.o_proj"": -2.0, ""self_attn.q_proj"": -2.0, ""self_attn.v_proj"": -2.0}","{""mlp.down_proj"": 0.010717230008244023, ""mlp.gate_proj"": 0.060240963855421686, ""mlp.up_proj"": 0.007272727272727273, ""self_attn.k_proj"": 0.0, ""self_attn.o_proj"": 0.0034129692832764505, ""self_attn.q_proj"": 0.04878048780487805, ""self_attn.v_proj"": 0.004484304932735426}",-0.002047029951988015,-1.314285714285714,167.42857142857144,False,True
llama,sft,5,E_general,E_general,0.01,14,5,equal5_non_qk,True,"mlp.down_proj,mlp.gate_proj,mlp.up_proj,self_attn.o_proj,self_attn.v_proj","self_attn.q_proj,self_attn.k_proj",1737.0,1737.8,1737.0,-0.8,0.0004986115629954328,0.00046035216940957217,"{""mlp.down_proj"": 2529.0, ""mlp.gate_proj"": 1399.0, ""mlp.up_proj"": 2314.0, ""self_attn.o_proj"": 1584.0, ""self_attn.v_proj"": 863.0}","{""mlp.down_proj"": 2529.0, ""mlp.gate_proj"": 1397.0, ""mlp.up_proj"": 2313.0, ""self_attn.o_proj"": 1583.0, ""self_attn.v_proj"": 863.0}","{""mlp.down_proj"": 0.0, ""mlp.gate_proj"": -2.0, ""mlp.up_proj"": -1.0, ""self_attn.o_proj"": -1.0, ""self_attn.v_proj"": 0.0}","{""mlp.down_proj"": 0.0, ""mlp.gate_proj"": 0.0014295925661186562, ""mlp.up_proj"": 0.000432152117545376, ""self_attn.o_proj"": 0.0006313131313131314, ""self_attn.v_proj"": 0.0}",0.0004986115629954328,0.0,7,equal7,True,"mlp.down_proj,mlp.gate_proj,mlp.up_proj,self_attn.k_proj,self_attn.o_proj,self_attn.q_proj,self_attn.v_proj",,1393.142857142857,1393.7142857142858,1393.142857142857,-0.5714285714285714,0.0003561511164253091,0.0004100041000410703,"{""mlp.down_proj"": 2529.0, ""mlp.gate_proj"": 1399.0, ""mlp.up_proj"": 2314.0, ""self_attn.k_proj"": 375.0, ""self_attn.o_proj"": 1584.0, ""self_attn.q_proj"": 692.0, ""self_attn.v_proj"": 863.0}","{""mlp.down_proj"": 2529.0, ""mlp.gate_proj"": 1397.0, ""mlp.up_proj"": 2313.0, ""self_attn.k_proj"": 375.0, ""self_attn.o_proj"": 1583.0, ""self_attn.q_proj"": 692.0, ""self_attn.v_proj"": 863.0}","{""mlp.down_proj"": 0.0, ""mlp.gate_proj"": -2.0, ""mlp.up_proj"": -1.0, ""self_attn.k_proj"": 0.0, ""self_attn.o_proj"": -1.0, ""self_attn.q_proj"": 0.0, ""self_attn.v_proj"": 0.0}","{""mlp.down_proj"": 0.0, ""mlp.gate_proj"": 0.0014295925661186562, ""mlp.up_proj"": 0.000432152117545376, ""self_attn.k_proj"": 0.0, ""self_attn.o_proj"": 0.0006313131313131314, ""self_attn.q_proj"": 0.0, ""self_attn.v_proj"": 0.0}",0.00014246044657012367,-0.22857142857142865,343.8571428571429,False,True
llama,sft,5,E_general,E_general,0.025,14,5,equal5_non_qk,True,"mlp.down_proj,mlp.gate_proj,mlp.up_proj,self_attn.o_proj,self_attn.v_proj","self_attn.q_proj,self_attn.k_proj",1357.0,1358.4,1357.0,-1.4,0.0012463427694074792,0.0010306242638398785,"{""mlp.down_proj"": 2167.0, ""mlp.gate_proj"": 784.0, ""mlp.up_proj"": 1852.0, ""self_attn.o_proj"": 1238.0, ""self_attn.v_proj"": 751.0}","{""mlp.down_proj"": 2166.0, ""mlp.gate_proj"": 782.0, ""mlp.up_proj"": 1850.0, ""self_attn.o_proj"": 1237.0, ""self_attn.v_proj"": 750.0}","{""mlp.down_proj"": -1.0, ""mlp.gate_proj"": -2.0, ""mlp.up_proj"": -2.0, ""self_attn.o_proj"": -1.0, ""self_attn.v_proj"": -1.0}","{""mlp.down_proj"": 0.00046146746654360867, ""mlp.gate_proj"": 0.002551020408163265, ""mlp.up_proj"": 0.0010799136069114472, ""self_attn.o_proj"": 0.0008077544426494346, ""self_attn.v_proj"": 0.0013315579227696406}",0.0012463427694074792,0.0,7,equal7,True,"mlp.down_proj,mlp.gate_proj,mlp.up_proj,self_attn.k_proj,self_attn.o_proj,self_attn.q_proj,self_attn.v_proj",,1049.7142857142858,1050.7142857142858,1049.7142857142858,-1.0,0.0008902448352910567,0.0009517335146159075,"{""mlp.down_proj"": 2167.0, ""mlp.gate_proj"": 784.0, ""mlp.up_proj"": 1852.0, ""self_attn.k_proj"": 212.0, ""self_attn.o_proj"": 1238.0, ""self_attn.q_proj"": 351.0, ""self_attn.v_proj"": 751.0}","{""mlp.down_proj"": 2166.0, ""mlp.gate_proj"": 782.0, ""mlp.up_proj"": 1850.0, ""self_attn.k_proj"": 212.0, ""self_attn.o_proj"": 1237.0, ""self_attn.q_proj"": 351.0, ""self_attn.v_proj"": 750.0}","{""mlp.down_proj"": -1.0, ""mlp.gate_proj"": -2.0, ""mlp.up_proj"": -2.0, ""self_attn.k_proj"": 0.0, ""self_attn.o_proj"": -1.0, ""self_attn.q_proj"": 0.0, ""self_attn.v_proj"": -1.0}","{""mlp.down_proj"": 0.00046146746654360867, ""mlp.gate_proj"": 0.002551020408163265, ""mlp.up_proj"": 0.0010799136069114472, ""self_attn.k_proj"": 0.0, ""self_attn.o_proj"": 0.0008077544426494346, ""self_attn.q_proj"": 0.0, ""self_attn.v_proj"": 0.0013315579227696406}",0.00035609793411642255,-0.3999999999999999,307.2857142857142,False,True
llama,sft,5,E_general,E_general,0.05,14,5,equal5_non_qk,True,"mlp.down_proj,mlp.gate_proj,mlp.up_proj,self_attn.o_proj,self_attn.v_proj","self_attn.q_proj,self_attn.k_proj",1032.2,1033.4,1032.2,-1.2,0.0014643529878392537,0.0011612154054577563,"{""mlp.down_proj"": 1802.0, ""mlp.gate_proj"": 368.0, ""mlp.up_proj"": 1412.0, ""self_attn.o_proj"": 954.0, ""self_attn.v_proj"": 631.0}","{""mlp.down_proj"": 1801.0, ""mlp.gate_proj"": 367.0, ""mlp.up_proj"": 1410.0, ""self_attn.o_proj"": 953.0, ""self_attn.v_proj"": 630.0}","{""mlp.down_proj"": -1.0, ""mlp.gate_proj"": -1.0, ""mlp.up_proj"": -2.0, ""self_attn.o_proj"": -1.0, ""self_attn.v_proj"": -1.0}","{""mlp.down_proj"": 0.0005549389567147614, ""mlp.gate_proj"": 0.002717391304347826, ""mlp.up_proj"": 0.00141643059490085, ""self_attn.o_proj"": 0.0010482180293501049, ""self_attn.v_proj"": 0.001584786053882726}",0.0014643529878392537,0.0,7,equal7,True,"mlp.down_proj,mlp.gate_proj,mlp.up_proj,self_attn.k_proj,self_attn.o_proj,self_attn.q_proj,self_attn.v_proj",,775.5714285714286,776.2857142857143,775.5714285714286,-0.7142857142857143,-0.00024103486711610588,0.0009201324990799511,"{""mlp.down_proj"": 1802.0, ""mlp.gate_proj"": 368.0, ""mlp.up_proj"": 1412.0, ""self_attn.k_proj"": 111.0, ""self_attn.o_proj"": 954.0, ""self_attn.q_proj"": 156.0, ""self_attn.v_proj"": 631.0}","{""mlp.down_proj"": 1801.0, ""mlp.gate_proj"": 367.0, ""mlp.up_proj"": 1410.0, ""self_attn.k_proj"": 112.0, ""self_attn.o_proj"": 953.0, ""self_attn.q_proj"": 156.0, ""self_attn.v_proj"": 630.0}","{""mlp.down_proj"": -1.0, ""mlp.gate_proj"": -1.0, ""mlp.up_proj"": -2.0, ""self_attn.k_proj"": 1.0, ""self_attn.o_proj"": -1.0, ""self_attn.q_proj"": 0.0, ""self_attn.v_proj"": -1.0}","{""mlp.down_proj"": 0.0005549389567147614, ""mlp.gate_proj"": 0.002717391304347826, ""mlp.up_proj"": 0.00141643059490085, ""self_attn.k_proj"": -0.009009009009009009, ""self_attn.o_proj"": 0.0010482180293501049, ""self_attn.q_proj"": 0.0, ""self_attn.v_proj"": 0.001584786053882726}",0.0017053878549553596,-0.48571428571428565,256.6285714285715,True,True
llama,sft,5,E_general,E_general,0.1,14,5,equal5_non_qk,True,"mlp.down_proj,mlp.gate_proj,mlp.up_proj,self_attn.o_proj,self_attn.v_proj","self_attn.q_proj,self_attn.k_proj",703.4,704.6,703.4,-1.2,0.0016047291331622525,0.0017030939540165278,"{""mlp.down_proj"": 1362.0, ""mlp.gate_proj"": 100.0, ""mlp.up_proj"": 923.0, ""self_attn.o_proj"": 659.0, ""self_attn.v_proj"": 479.0}","{""mlp.down_proj"": 1361.0, ""mlp.gate_proj"": 100.0, ""mlp.up_proj"": 921.0, ""self_attn.o_proj"": 657.0, ""self_attn.v_proj"": 478.0}","{""mlp.down_proj"": -1.0, ""mlp.gate_proj"": 0.0, ""mlp.up_proj"": -2.0, ""self_attn.o_proj"": -2.0, ""self_attn.v_proj"": -1.0}","{""mlp.down_proj"": 0.0007342143906020558, ""mlp.gate_proj"": 0.0, ""mlp.up_proj"": 0.0021668472372697724, ""self_attn.o_proj"": 0.0030349013657056147, ""self_attn.v_proj"": 0.0020876826722338203}",0.0016047291331622525,0.0,7,equal7,True,"mlp.down_proj,mlp.gate_proj,mlp.up_proj,self_attn.k_proj,self_attn.o_proj,self_attn.q_proj,self_attn.v_proj",,516.4285714285714,517.2857142857143,516.4285714285714,-0.8571428571428571,0.0011462350951158948,0.0016570008285004768,"{""mlp.down_proj"": 1362.0, ""mlp.gate_proj"": 100.0, ""mlp.up_proj"": 923.0, ""self_attn.k_proj"": 48.0, ""self_attn.o_proj"": 659.0, ""self_attn.q_proj"": 50.0, ""self_attn.v_proj"": 479.0}","{""mlp.down_proj"": 1361.0, ""mlp.gate_proj"": 100.0, ""mlp.up_proj"": 921.0, ""self_attn.k_proj"": 48.0, ""self_attn.o_proj"": 657.0, ""self_attn.q_proj"": 50.0, ""self_attn.v_proj"": 478.0}","{""mlp.down_proj"": -1.0, ""mlp.gate_proj"": 0.0, ""mlp.up_proj"": -2.0, ""self_attn.k_proj"": 0.0, ""self_attn.o_proj"": -2.0, ""self_attn.q_proj"": 0.0, ""self_attn.v_proj"": -1.0}","{""mlp.down_proj"": 0.0007342143906020558, ""mlp.gate_proj"": 0.0, ""mlp.up_proj"": 0.0021668472372697724, ""self_attn.k_proj"": 0.0, ""self_attn.o_proj"": 0.0030349013657056147, ""self_attn.q_proj"": 0.0, ""self_attn.v_proj"": 0.0020876826722338203}",0.0004584940380463578,-0.34285714285714286,186.97142857142853,False,True
llama,sft,5,E_if,E_ifeval,0.01,14,5,equal5_non_qk,True,"mlp.down_proj,mlp.gate_proj,mlp.up_proj,self_attn.o_proj,self_attn.v_proj","self_attn.q_proj,self_attn.k_proj",1649.8,1652.8,1649.8,-3.0,0.0019034829181647551,0.0018151016456921588,"{""mlp.down_proj"": 2435.0, ""mlp.gate_proj"": 1309.0, ""mlp.up_proj"": 2178.0, ""self_attn.o_proj"": 1511.0, ""self_attn.v_proj"": 831.0}","{""mlp.down_proj"": 2432.0, ""mlp.gate_proj"": 1303.0, ""mlp.up_proj"": 2174.0, ""self_attn.o_proj"": 1510.0, ""self_attn.v_proj"": 830.0}","{""mlp.down_proj"": -3.0, ""mlp.gate_proj"": -6.0, ""mlp.up_proj"": -4.0, ""self_attn.o_proj"": -1.0, ""self_attn.v_proj"": -1.0}","{""mlp.down_proj"": 0.0012320328542094457, ""mlp.gate_proj"": 0.004583651642475172, ""mlp.up_proj"": 0.0018365472910927456, ""self_attn.o_proj"": 0.0006618133686300463, ""self_attn.v_proj"": 0.0012033694344163659}",0.0004986115629954328,0.0014048713551693224,7,equal7,True,"mlp.down_proj,mlp.gate_proj,mlp.up_proj,self_attn.k_proj,self_attn.o_proj,self_attn.q_proj,self_attn.v_proj",,1317.2857142857142,1319.857142857143,1317.2857142857142,-2.5714285714285716,0.002227224070009233,0.001948262799004295,"{""mlp.down_proj"": 2435.0, ""mlp.gate_proj"": 1309.0, ""mlp.up_proj"": 2178.0, ""self_attn.k_proj"": 345.0, ""self_attn.o_proj"": 1511.0, ""self_attn.q_proj"": 630.0, ""self_attn.v_proj"": 831.0}","{""mlp.down_proj"": 2432.0, ""mlp.gate_proj"": 1303.0, ""mlp.up_proj"": 2174.0, ""self_attn.k_proj"": 344.0, ""self_attn.o_proj"": 1510.0, ""self_attn.q_proj"": 628.0, ""self_attn.v_proj"": 830.0}","{""mlp.down_proj"": -3.0, ""mlp.gate_proj"": -6.0, ""mlp.up_proj"": -4.0, ""self_attn.k_proj"": -1.0, ""self_attn.o_proj"": -1.0, ""self_attn.q_proj"": -2.0, ""self_attn.v_proj"": -1.0}","{""mlp.down_proj"": 0.0012320328542094457, ""mlp.gate_proj"": 0.004583651642475172, ""mlp.up_proj"": 0.0018365472910927456, ""self_attn.k_proj"": 0.002898550724637681, ""self_attn.o_proj"": 0.0006618133686300463, ""self_attn.q_proj"": 0.0031746031746031746, ""self_attn.v_proj"": 0.0012033694344163659}",-0.00032374115184447797,-0.4285714285714284,332.51428571428573,False,True
llama,sft,5,E_if,E_ifeval,0.025,14,5,equal5_non_qk,True,"mlp.down_proj,mlp.gate_proj,mlp.up_proj,self_attn.o_proj,self_attn.v_proj","self_attn.q_proj,self_attn.k_proj",1250.8,1254.0,1250.8,-3.2,0.0028604901322934993,0.0025518341307815356,"{""mlp.down_proj"": 2031.0, ""mlp.gate_proj"": 709.0, ""mlp.up_proj"": 1670.0, ""self_attn.o_proj"": 1157.0, ""self_attn.v_proj"": 703.0}","{""mlp.down_proj"": 2027.0, ""mlp.gate_proj"": 704.0, ""mlp.up_proj"": 1665.0, ""self_attn.o_proj"": 1156.0, ""self_attn.v_proj"": 702.0}","{""mlp.down_proj"": -4.0, ""mlp.gate_proj"": -5.0, ""mlp.up_proj"": -5.0, ""self_attn.o_proj"": -1.0, ""self_attn.v_proj"": -1.0}","{""mlp.down_proj"": 0.0019694731659281144, ""mlp.gate_proj"": 0.007052186177715092, ""mlp.up_proj"": 0.0029940119760479044, ""self_attn.o_proj"": 0.000864304235090752, ""self_attn.v_proj"": 0.001422475106685633}",0.0012463427694074792,0.00161414736288602,7,equal7,True,"mlp.down_proj,mlp.gate_proj,mlp.up_proj,self_attn.k_proj,self_attn.o_proj,self_attn.q_proj,self_attn.v_proj",,964.1428571428571,966.7142857142857,964.1428571428571,-2.5714285714285716,0.00296784893869323,0.0026599674892862253,"{""mlp.down_proj"": 2031.0, ""mlp.gate_proj"": 709.0, ""mlp.up_proj"": 1670.0, ""self_attn.k_proj"": 188.0, ""self_attn.o_proj"": 1157.0, ""self_attn.q_proj"": 309.0, ""self_attn.v_proj"": 703.0}","{""mlp.down_proj"": 2027.0, ""mlp.gate_proj"": 704.0, ""mlp.up_proj"": 1665.0, ""self_attn.k_proj"": 188.0, ""self_attn.o_proj"": 1156.0, ""self_attn.q_proj"": 307.0, ""self_attn.v_proj"": 702.0}","{""mlp.down_proj"": -4.0, ""mlp.gate_proj"": -5.0, ""mlp.up_proj"": -5.0, ""self_attn.k_proj"": 0.0, ""self_attn.o_proj"": -1.0, ""self_attn.q_proj"": -2.0, ""self_attn.v_proj"": -1.0}","{""mlp.down_proj"": 0.0019694731659281144, ""mlp.gate_proj"": 0.007052186177715092, ""mlp.up_proj"": 0.0029940119760479044, ""self_attn.k_proj"": 0.0, ""self_attn.o_proj"": 0.000864304235090752, ""self_attn.q_proj"": 0.006472491909385114, ""self_attn.v_proj"": 0.001422475106685633}",-0.00010735880639973052,-0.6285714285714286,286.65714285714284,False,True
llama,sft,5,E_if,E_ifeval,0.05,14,5,equal5_non_qk,True,"mlp.down_proj,mlp.gate_proj,mlp.up_proj,self_attn.o_proj,self_attn.v_proj","self_attn.q_proj,self_attn.k_proj",917.8,921.2,917.8,-3.4,0.00447501975534764,0.003690838037342695,"{""mlp.down_proj"": 1632.0, ""mlp.gate_proj"": 328.0, ""mlp.up_proj"": 1207.0, ""self_attn.o_proj"": 868.0, ""self_attn.v_proj"": 571.0}","{""mlp.down_proj"": 1628.0, ""mlp.gate_proj"": 325.0, ""mlp.up_proj"": 1201.0, ""self_attn.o_proj"": 866.0, ""self_attn.v_proj"": 569.0}","{""mlp.down_proj"": -4.0, ""mlp.gate_proj"": -3.0, ""mlp.up_proj"": -6.0, ""self_attn.o_proj"": -2.0, ""self_attn.v_proj"": -2.0}","{""mlp.down_proj"": 0.0024509803921568627, ""mlp.gate_proj"": 0.009146341463414634, ""mlp.up_proj"": 0.004971002485501243, ""self_attn.o_proj"": 0.002304147465437788, ""self_attn.v_proj"": 0.0035026269702276708}",0.0014643529878392537,0.0030106667675083862,7,equal7,True,"mlp.down_proj,mlp.gate_proj,mlp.up_proj,self_attn.k_proj,self_attn.o_proj,self_attn.q_proj,self_attn.v_proj",,688.7142857142857,691.2857142857143,688.7142857142857,-2.5714285714285716,0.004654168629913037,0.003719776813391337,"{""mlp.down_proj"": 1632.0, ""mlp.gate_proj"": 328.0, ""mlp.up_proj"": 1207.0, ""self_attn.k_proj"": 98.0, ""self_attn.o_proj"": 868.0, ""self_attn.q_proj"": 135.0, ""self_attn.v_proj"": 571.0}","{""mlp.down_proj"": 1628.0, ""mlp.gate_proj"": 325.0, ""mlp.up_proj"": 1201.0, ""self_attn.k_proj"": 97.0, ""self_attn.o_proj"": 866.0, ""self_attn.q_proj"": 135.0, ""self_attn.v_proj"": 569.0}","{""mlp.down_proj"": -4.0, ""mlp.gate_proj"": -3.0, ""mlp.up_proj"": -6.0, ""self_attn.k_proj"": -1.0, ""self_attn.o_proj"": -2.0, ""self_attn.q_proj"": 0.0, ""self_attn.v_proj"": -2.0}","{""mlp.down_proj"": 0.0024509803921568627, ""mlp.gate_proj"": 0.009146341463414634, ""mlp.up_proj"": 0.004971002485501243, ""self_attn.k_proj"": 0.01020408163265306, ""self_attn.o_proj"": 0.002304147465437788, ""self_attn.q_proj"": 0.0, ""self_attn.v_proj"": 0.0035026269702276708}",-0.00017914887456539717,-0.8285714285714283,229.0857142857143,False,True
llama,sft,5,E_if,E_ifeval,0.1,14,5,equal5_non_qk,True,"mlp.down_proj,mlp.gate_proj,mlp.up_proj,self_attn.o_proj,self_attn.v_proj","self_attn.q_proj,self_attn.k_proj",590.0,592.8,590.0,-2.8,0.005515504595416573,0.0047233468286099105,"{""mlp.down_proj"": 1166.0, ""mlp.gate_proj"": 96.0, ""mlp.up_proj"": 722.0, ""self_attn.o_proj"": 572.0, ""self_attn.v_proj"": 408.0}","{""mlp.down_proj"": 1161.0, ""mlp.gate_proj"": 95.0, ""mlp.up_proj"": 717.0, ""self_attn.o_proj"": 570.0, ""self_attn.v_proj"": 407.0}","{""mlp.down_proj"": -5.0, ""mlp.gate_proj"": -1.0, ""mlp.up_proj"": -5.0, ""self_attn.o_proj"": -2.0, ""self_attn.v_proj"": -1.0}","{""mlp.down_proj"": 0.004288164665523156, ""mlp.gate_proj"": 0.010416666666666666, ""mlp.up_proj"": 0.006925207756232687, ""self_attn.o_proj"": 0.0034965034965034965, ""self_attn.v_proj"": 0.0024509803921568627}",0.0016047291331622525,0.00391077546225432,7,equal7,True,"mlp.down_proj,mlp.gate_proj,mlp.up_proj,self_attn.k_proj,self_attn.o_proj,self_attn.q_proj,self_attn.v_proj",,433.7142857142857,435.7142857142857,433.7142857142857,-2.0,0.003939646139583267,0.0045901639344262295,"{""mlp.down_proj"": 1166.0, ""mlp.gate_proj"": 96.0, ""mlp.up_proj"": 722.0, ""self_attn.k_proj"": 42.0, ""self_attn.o_proj"": 572.0, ""self_attn.q_proj"": 44.0, ""self_attn.v_proj"": 408.0}","{""mlp.down_proj"": 1161.0, ""mlp.gate_proj"": 95.0, ""mlp.up_proj"": 717.0, ""self_attn.k_proj"": 42.0, ""self_attn.o_proj"": 570.0, ""self_attn.q_proj"": 44.0, ""self_attn.v_proj"": 407.0}","{""mlp.down_proj"": -5.0, ""mlp.gate_proj"": -1.0, ""mlp.up_proj"": -5.0, ""self_attn.k_proj"": 0.0, ""self_attn.o_proj"": -2.0, ""self_attn.q_proj"": 0.0, ""self_attn.v_proj"": -1.0}","{""mlp.down_proj"": 0.004288164665523156, ""mlp.gate_proj"": 0.010416666666666666, ""mlp.up_proj"": 0.006925207756232687, ""self_attn.k_proj"": 0.0, ""self_attn.o_proj"": 0.0034965034965034965, ""self_attn.q_proj"": 0.0, ""self_attn.v_proj"": 0.0024509803921568627}",0.0015758584558333063,-0.7999999999999998,156.28571428571428,False,True
llama,sft,5,E_math,E_mathHeld,0.01,14,5,equal5_non_qk,True,"mlp.down_proj,mlp.gate_proj,mlp.up_proj,self_attn.o_proj,self_attn.v_proj","self_attn.q_proj,self_attn.k_proj",849.8,851.6,849.8,-1.8,0.0022272141174358114,0.0021136683889150638,"{""mlp.down_proj"": 1162.0, ""mlp.gate_proj"": 587.0, ""mlp.up_proj"": 1022.0, ""self_attn.o_proj"": 828.0, ""self_attn.v_proj"": 659.0}","{""mlp.down_proj"": 1161.0, ""mlp.gate_proj"": 585.0, ""mlp.up_proj"": 1019.0, ""self_attn.o_proj"": 826.0, ""self_attn.v_proj"": 658.0}","{""mlp.down_proj"": -1.0, ""mlp.gate_proj"": -2.0, ""mlp.up_proj"": -3.0, ""self_attn.o_proj"": -2.0, ""self_attn.v_proj"": -1.0}","{""mlp.down_proj"": 0.0008605851979345956, ""mlp.gate_proj"": 0.0034071550255536627, ""mlp.up_proj"": 0.0029354207436399216, ""self_attn.o_proj"": 0.0024154589371980675, ""self_attn.v_proj"": 0.0015174506828528073}",0.0004986115629954328,0.0017286025544403787,7,equal7,True,"mlp.down_proj,mlp.gate_proj,mlp.up_proj,self_attn.k_proj,self_attn.o_proj,self_attn.q_proj,self_attn.v_proj",,700.2857142857143,701.7142857142857,700.2857142857143,-1.4285714285714286,0.0019562307634589005,0.0020358306188923694,"{""mlp.down_proj"": 1162.0, ""mlp.gate_proj"": 587.0, ""mlp.up_proj"": 1022.0, ""self_attn.k_proj"": 263.0, ""self_attn.o_proj"": 828.0, ""self_attn.q_proj"": 391.0, ""self_attn.v_proj"": 659.0}","{""mlp.down_proj"": 1161.0, ""mlp.gate_proj"": 585.0, ""mlp.up_proj"": 1019.0, ""self_attn.k_proj"": 263.0, ""self_attn.o_proj"": 826.0, ""self_attn.q_proj"": 390.0, ""self_attn.v_proj"": 658.0}","{""mlp.down_proj"": -1.0, ""mlp.gate_proj"": -2.0, ""mlp.up_proj"": -3.0, ""self_attn.k_proj"": 0.0, ""self_attn.o_proj"": -2.0, ""self_attn.q_proj"": -1.0, ""self_attn.v_proj"": -1.0}","{""mlp.down_proj"": 0.0008605851979345956, ""mlp.gate_proj"": 0.0034071550255536627, ""mlp.up_proj"": 0.0029354207436399216, ""self_attn.k_proj"": 0.0, ""self_attn.o_proj"": 0.0024154589371980675, ""self_attn.q_proj"": 0.0025575447570332483, ""self_attn.v_proj"": 0.0015174506828528073}",0.00027098335397691097,-0.37142857142857144,149.51428571428562,False,True
llama,sft,5,E_math,E_mathHeld,0.025,14,5,equal5_non_qk,True,"mlp.down_proj,mlp.gate_proj,mlp.up_proj,self_attn.o_proj,self_attn.v_proj","self_attn.q_proj,self_attn.k_proj",620.4,621.6,620.4,-1.2,0.002090125617967081,0.0019305019305020036,"{""mlp.down_proj"": 912.0, ""mlp.gate_proj"": 322.0, ""mlp.up_proj"": 751.0, ""self_attn.o_proj"": 607.0, ""self_attn.v_proj"": 516.0}","{""mlp.down_proj"": 911.0, ""mlp.gate_proj"": 321.0, ""mlp.up_proj"": 749.0, ""self_attn.o_proj"": 606.0, ""self_attn.v_proj"": 515.0}","{""mlp.down_proj"": -1.0, ""mlp.gate_proj"": -1.0, ""mlp.up_proj"": -2.0, ""self_attn.o_proj"": -1.0, ""self_attn.v_proj"": -1.0}","{""mlp.down_proj"": 0.0010964912280701754, ""mlp.gate_proj"": 0.003105590062111801, ""mlp.up_proj"": 0.002663115845539281, ""self_attn.o_proj"": 0.0016474464579901153, ""self_attn.v_proj"": 0.001937984496124031}",0.0012463427694074792,0.0008437828485596019,7,equal7,True,"mlp.down_proj,mlp.gate_proj,mlp.up_proj,self_attn.k_proj,self_attn.o_proj,self_attn.q_proj,self_attn.v_proj",,494.14285714285717,495.14285714285717,494.14285714285717,-1.0,0.002179760056789673,0.002019619157530294,"{""mlp.down_proj"": 912.0, ""mlp.gate_proj"": 322.0, ""mlp.up_proj"": 751.0, ""self_attn.k_proj"": 150.0, ""self_attn.o_proj"": 607.0, ""self_attn.q_proj"": 208.0, ""self_attn.v_proj"": 516.0}","{""mlp.down_proj"": 911.0, ""mlp.gate_proj"": 321.0, ""mlp.up_proj"": 749.0, ""self_attn.k_proj"": 150.0, ""self_attn.o_proj"": 606.0, ""self_attn.q_proj"": 207.0, ""self_attn.v_proj"": 515.0}","{""mlp.down_proj"": -1.0, ""mlp.gate_proj"": -1.0, ""mlp.up_proj"": -2.0, ""self_attn.k_proj"": 0.0, ""self_attn.o_proj"": -1.0, ""self_attn.q_proj"": -1.0, ""self_attn.v_proj"": -1.0}","{""mlp.down_proj"": 0.0010964912280701754, ""mlp.gate_proj"": 0.003105590062111801, ""mlp.up_proj"": 0.002663115845539281, ""self_attn.k_proj"": 0.0, ""self_attn.o_proj"": 0.0016474464579901153, ""self_attn.q_proj"": 0.004807692307692308, ""self_attn.v_proj"": 0.001937984496124031}",-8.963443882259187e-05,-0.19999999999999996,126.25714285714281,False,True
llama,sft,5,E_math,E_mathHeld,0.05,14,5,equal5_non_qk,True,"mlp.down_proj,mlp.gate_proj,mlp.up_proj,self_attn.o_proj,self_attn.v_proj","self_attn.q_proj,self_attn.k_proj",445.2,446.2,445.2,-1.0,0.0028829544014841906,0.0022411474675033617,"{""mlp.down_proj"": 701.0, ""mlp.gate_proj"": 158.0, ""mlp.up_proj"": 534.0, ""self_attn.o_proj"": 441.0, ""self_attn.v_proj"": 397.0}","{""mlp.down_proj"": 700.0, ""mlp.gate_proj"": 157.0, ""mlp.up_proj"": 533.0, ""self_attn.o_proj"": 440.0, ""self_attn.v_proj"": 396.0}","{""mlp.down_proj"": -1.0, ""mlp.gate_proj"": -1.0, ""mlp.up_proj"": -1.0, ""self_attn.o_proj"": -1.0, ""self_attn.v_proj"": -1.0}","{""mlp.down_proj"": 0.0014265335235378032, ""mlp.gate_proj"": 0.006329113924050633, ""mlp.up_proj"": 0.0018726591760299626, ""self_attn.o_proj"": 0.0022675736961451248, ""self_attn.v_proj"": 0.0025188916876574307}",0.0014643529878392537,0.001418601413644937,7,equal7,True,"mlp.down_proj,mlp.gate_proj,mlp.up_proj,self_attn.k_proj,self_attn.o_proj,self_attn.q_proj,self_attn.v_proj",,344.7142857142857,345.42857142857144,344.7142857142857,-0.7142857142857143,0.0020592531439172787,0.002067824648469833,"{""mlp.down_proj"": 701.0, ""mlp.gate_proj"": 158.0, ""mlp.up_proj"": 534.0, ""self_attn.k_proj"": 84.0, ""self_attn.o_proj"": 441.0, ""self_attn.q_proj"": 103.0, ""self_attn.v_proj"": 397.0}","{""mlp.down_proj"": 700.0, ""mlp.gate_proj"": 157.0, ""mlp.up_proj"": 533.0, ""self_attn.k_proj"": 84.0, ""self_attn.o_proj"": 440.0, ""self_attn.q_proj"": 103.0, ""self_attn.v_proj"": 396.0}","{""mlp.down_proj"": -1.0, ""mlp.gate_proj"": -1.0, ""mlp.up_proj"": -1.0, ""self_attn.k_proj"": 0.0, ""self_attn.o_proj"": -1.0, ""self_attn.q_proj"": 0.0, ""self_attn.v_proj"": -1.0}","{""mlp.down_proj"": 0.0014265335235378032, ""mlp.gate_proj"": 0.006329113924050633, ""mlp.up_proj"": 0.0018726591760299626, ""self_attn.k_proj"": 0.0, ""self_attn.o_proj"": 0.0022675736961451248, ""self_attn.q_proj"": 0.0, ""self_attn.v_proj"": 0.0025188916876574307}",0.0008237012575669118,-0.2857142857142857,100.48571428571427,False,True
llama,sft,5,E_math,E_mathHeld,0.1,14,5,equal5_non_qk,True,"mlp.down_proj,mlp.gate_proj,mlp.up_proj,self_attn.o_proj,self_attn.v_proj","self_attn.q_proj,self_attn.k_proj",282.4,283.2,282.4,-0.8,0.006128918700347272,0.002824858757062187,"{""mlp.down_proj"": 483.0, ""mlp.gate_proj"": 49.0, ""mlp.up_proj"": 325.0, ""self_attn.o_proj"": 286.0, ""self_attn.v_proj"": 273.0}","{""mlp.down_proj"": 483.0, ""mlp.gate_proj"": 48.0, ""mlp.up_proj"": 324.0, ""self_attn.o_proj"": 285.0, ""self_attn.v_proj"": 272.0}","{""mlp.down_proj"": 0.0, ""mlp.gate_proj"": -1.0, ""mlp.up_proj"": -1.0, ""self_attn.o_proj"": -1.0, ""self_attn.v_proj"": -1.0}","{""mlp.down_proj"": 0.0, ""mlp.gate_proj"": 0.02040816326530612, ""mlp.up_proj"": 0.003076923076923077, ""self_attn.o_proj"": 0.0034965034965034965, ""self_attn.v_proj"": 0.003663003663003663}",0.0016047291331622525,0.004524189567185019,7,equal7,True,"mlp.down_proj,mlp.gate_proj,mlp.up_proj,self_attn.k_proj,self_attn.o_proj,self_attn.q_proj,self_attn.v_proj",,212.57142857142858,213.14285714285714,212.57142857142858,-0.5714285714285714,0.004377799071676623,0.002680965147453007,"{""mlp.down_proj"": 483.0, ""mlp.gate_proj"": 49.0, ""mlp.up_proj"": 325.0, ""self_attn.k_proj"": 38.0, ""self_attn.o_proj"": 286.0, ""self_attn.q_proj"": 38.0, ""self_attn.v_proj"": 273.0}","{""mlp.down_proj"": 483.0, ""mlp.gate_proj"": 48.0, ""mlp.up_proj"": 324.0, ""self_attn.k_proj"": 38.0, ""self_attn.o_proj"": 285.0, ""self_attn.q_proj"": 38.0, ""self_attn.v_proj"": 272.0}","{""mlp.down_proj"": 0.0, ""mlp.gate_proj"": -1.0, ""mlp.up_proj"": -1.0, ""self_attn.k_proj"": 0.0, ""self_attn.o_proj"": -1.0, ""self_attn.q_proj"": 0.0, ""self_attn.v_proj"": -1.0}","{""mlp.down_proj"": 0.0, ""mlp.gate_proj"": 0.02040816326530612, ""mlp.up_proj"": 0.003076923076923077, ""self_attn.k_proj"": 0.0, ""self_attn.o_proj"": 0.0034965034965034965, ""self_attn.q_proj"": 0.0, ""self_attn.v_proj"": 0.003663003663003663}",0.0017511196286706492,-0.22857142857142865,69.8285714285714,False,True
llama,sft,5,E_ood,E_mmluPro,0.01,14,5,equal5_non_qk,True,"mlp.down_proj,mlp.gate_proj,mlp.up_proj,self_attn.o_proj,self_attn.v_proj","self_attn.q_proj,self_attn.k_proj",1692.2,1694.2,1692.2,-2.0,0.0013028005826657084,0.001180498170227836,"{""mlp.down_proj"": 2452.0, ""mlp.gate_proj"": 1352.0, ""mlp.up_proj"": 2263.0, ""self_attn.o_proj"": 1556.0, ""self_attn.v_proj"": 848.0}","{""mlp.down_proj"": 2451.0, ""mlp.gate_proj"": 1348.0, ""mlp.up_proj"": 2260.0, ""self_attn.o_proj"": 1555.0, ""self_attn.v_proj"": 847.0}","{""mlp.down_proj"": -1.0, ""mlp.gate_proj"": -4.0, ""mlp.up_proj"": -3.0, ""self_attn.o_proj"": -1.0, ""self_attn.v_proj"": -1.0}","{""mlp.down_proj"": 0.0004078303425774878, ""mlp.gate_proj"": 0.0029585798816568047, ""mlp.up_proj"": 0.0013256738842244808, ""self_attn.o_proj"": 0.0006426735218508997, ""self_attn.v_proj"": 0.0011792452830188679}",0.0004986115629954328,0.0008041890196702757,7,equal7,True,"mlp.down_proj,mlp.gate_proj,mlp.up_proj,self_attn.k_proj,self_attn.o_proj,self_attn.q_proj,self_attn.v_proj",,1342.0,1343.5714285714287,1342.0,-1.5714285714285714,0.0013621644213689026,0.0011695906432749262,"{""mlp.down_proj"": 2452.0, ""mlp.gate_proj"": 1352.0, ""mlp.up_proj"": 2263.0, ""self_attn.k_proj"": 331.0, ""self_attn.o_proj"": 1556.0, ""self_attn.q_proj"": 603.0, ""self_attn.v_proj"": 848.0}","{""mlp.down_proj"": 2451.0, ""mlp.gate_proj"": 1348.0, ""mlp.up_proj"": 2260.0, ""self_attn.k_proj"": 330.0, ""self_attn.o_proj"": 1555.0, ""self_attn.q_proj"": 603.0, ""self_attn.v_proj"": 847.0}","{""mlp.down_proj"": -1.0, ""mlp.gate_proj"": -4.0, ""mlp.up_proj"": -3.0, ""self_attn.k_proj"": -1.0, ""self_attn.o_proj"": -1.0, ""self_attn.q_proj"": 0.0, ""self_attn.v_proj"": -1.0}","{""mlp.down_proj"": 0.0004078303425774878, ""mlp.gate_proj"": 0.0029585798816568047, ""mlp.up_proj"": 0.0013256738842244808, ""self_attn.k_proj"": 0.0030211480362537764, ""self_attn.o_proj"": 0.0006426735218508997, ""self_attn.q_proj"": 0.0, ""self_attn.v_proj"": 0.0011792452830188679}",-5.936383870319413e-05,-0.4285714285714286,350.20000000000005,False,True
llama,sft,5,E_ood,E_mmluPro,0.025,14,5,equal5_non_qk,True,"mlp.down_proj,mlp.gate_proj,mlp.up_proj,self_attn.o_proj,self_attn.v_proj","self_attn.q_proj,self_attn.k_proj",1294.2,1296.6,1294.2,-2.4,0.002076438618420491,0.001850994909763893,"{""mlp.down_proj"": 2058.0, ""mlp.gate_proj"": 731.0, ""mlp.up_proj"": 1775.0, ""self_attn.o_proj"": 1191.0, ""self_attn.v_proj"": 728.0}","{""mlp.down_proj"": 2056.0, ""mlp.gate_proj"": 728.0, ""mlp.up_proj"": 1771.0, ""self_attn.o_proj"": 1189.0, ""self_attn.v_proj"": 727.0}","{""mlp.down_proj"": -2.0, ""mlp.gate_proj"": -3.0, ""mlp.up_proj"": -4.0, ""self_attn.o_proj"": -2.0, ""self_attn.v_proj"": -1.0}","{""mlp.down_proj"": 0.0009718172983479105, ""mlp.gate_proj"": 0.004103967168262654, ""mlp.up_proj"": 0.0022535211267605635, ""self_attn.o_proj"": 0.0016792611251049538, ""self_attn.v_proj"": 0.0013736263736263737}",0.0012463427694074792,0.0008300958490130117,7,equal7,True,"mlp.down_proj,mlp.gate_proj,mlp.up_proj,self_attn.k_proj,self_attn.o_proj,self_attn.q_proj,self_attn.v_proj",,991.0,992.7142857142857,991.0,-1.7142857142857142,0.0014831704417289221,0.0017268671751330636,"{""mlp.down_proj"": 2058.0, ""mlp.gate_proj"": 731.0, ""mlp.up_proj"": 1775.0, ""self_attn.k_proj"": 178.0, ""self_attn.o_proj"": 1191.0, ""self_attn.q_proj"": 288.0, ""self_attn.v_proj"": 728.0}","{""mlp.down_proj"": 2056.0, ""mlp.gate_proj"": 728.0, ""mlp.up_proj"": 1771.0, ""self_attn.k_proj"": 178.0, ""self_attn.o_proj"": 1189.0, ""self_attn.q_proj"": 288.0, ""self_attn.v_proj"": 727.0}","{""mlp.down_proj"": -2.0, ""mlp.gate_proj"": -3.0, ""mlp.up_proj"": -4.0, ""self_attn.k_proj"": 0.0, ""self_attn.o_proj"": -2.0, ""self_attn.q_proj"": 0.0, ""self_attn.v_proj"": -1.0}","{""mlp.down_proj"": 0.0009718172983479105, ""mlp.gate_proj"": 0.004103967168262654, ""mlp.up_proj"": 0.0022535211267605635, ""self_attn.k_proj"": 0.0, ""self_attn.o_proj"": 0.0016792611251049538, ""self_attn.q_proj"": 0.0, ""self_attn.v_proj"": 0.0013736263736263737}",0.0005932681766915688,-0.6857142857142857,303.20000000000005,False,True
llama,sft,5,E_ood,E_mmluPro,0.05,14,5,equal5_non_qk,True,"mlp.down_proj,mlp.gate_proj,mlp.up_proj,self_attn.o_proj,self_attn.v_proj","self_attn.q_proj,self_attn.k_proj",959.6,961.6,959.6,-2.0,0.0026989558240783163,0.0020798668885191347,"{""mlp.down_proj"": 1669.0, ""mlp.gate_proj"": 327.0, ""mlp.up_proj"": 1319.0, ""self_attn.o_proj"": 891.0, ""self_attn.v_proj"": 602.0}","{""mlp.down_proj"": 1667.0, ""mlp.gate_proj"": 325.0, ""mlp.up_proj"": 1316.0, ""self_attn.o_proj"": 889.0, ""self_attn.v_proj"": 601.0}","{""mlp.down_proj"": -2.0, ""mlp.gate_proj"": -2.0, ""mlp.up_proj"": -3.0, ""self_attn.o_proj"": -2.0, ""self_attn.v_proj"": -1.0}","{""mlp.down_proj"": 0.0011983223487118035, ""mlp.gate_proj"": 0.0061162079510703364, ""mlp.up_proj"": 0.002274450341167551, ""self_attn.o_proj"": 0.002244668911335578, ""self_attn.v_proj"": 0.0016611295681063123}",0.0014643529878392537,0.0012346028362390626,7,equal7,True,"mlp.down_proj,mlp.gate_proj,mlp.up_proj,self_attn.k_proj,self_attn.o_proj,self_attn.q_proj,self_attn.v_proj",,716.0,717.4285714285714,716.0,-1.4285714285714286,0.0019278255886273688,0.001991238550378358,"{""mlp.down_proj"": 1669.0, ""mlp.gate_proj"": 327.0, ""mlp.up_proj"": 1319.0, ""self_attn.k_proj"": 91.0, ""self_attn.o_proj"": 891.0, ""self_attn.q_proj"": 123.0, ""self_attn.v_proj"": 602.0}","{""mlp.down_proj"": 1667.0, ""mlp.gate_proj"": 325.0, ""mlp.up_proj"": 1316.0, ""self_attn.k_proj"": 91.0, ""self_attn.o_proj"": 889.0, ""self_attn.q_proj"": 123.0, ""self_attn.v_proj"": 601.0}","{""mlp.down_proj"": -2.0, ""mlp.gate_proj"": -2.0, ""mlp.up_proj"": -3.0, ""self_attn.k_proj"": 0.0, ""self_attn.o_proj"": -2.0, ""self_attn.q_proj"": 0.0, ""self_attn.v_proj"": -1.0}","{""mlp.down_proj"": 0.0011983223487118035, ""mlp.gate_proj"": 0.0061162079510703364, ""mlp.up_proj"": 0.002274450341167551, ""self_attn.k_proj"": 0.0, ""self_attn.o_proj"": 0.002244668911335578, ""self_attn.q_proj"": 0.0, ""self_attn.v_proj"": 0.0016611295681063123}",0.0007711302354509474,-0.5714285714285714,243.60000000000002,False,True
llama,sft,5,E_ood,E_mmluPro,0.1,14,5,equal5_non_qk,True,"mlp.down_proj,mlp.gate_proj,mlp.up_proj,self_attn.o_proj,self_attn.v_proj","self_attn.q_proj,self_attn.k_proj",628.8,630.6,628.8,-1.8,0.004597696554749012,0.0028544243577546275,"{""mlp.down_proj"": 1213.0, ""mlp.gate_proj"": 83.0, ""mlp.up_proj"": 825.0, ""self_attn.o_proj"": 586.0, ""self_attn.v_proj"": 446.0}","{""mlp.down_proj"": 1211.0, ""mlp.gate_proj"": 82.0, ""mlp.up_proj"": 822.0, ""self_attn.o_proj"": 584.0, ""self_attn.v_proj"": 445.0}","{""mlp.down_proj"": -2.0, ""mlp.gate_proj"": -1.0, ""mlp.up_proj"": -3.0, ""self_attn.o_proj"": -2.0, ""self_attn.v_proj"": -1.0}","{""mlp.down_proj"": 0.0016488046166529267, ""mlp.gate_proj"": 0.012048192771084338, ""mlp.up_proj"": 0.0036363636363636364, ""self_attn.o_proj"": 0.0034129692832764505, ""self_attn.v_proj"": 0.002242152466367713}",0.0016047291331622525,0.00299296742158676,7,equal7,True,"mlp.down_proj,mlp.gate_proj,mlp.up_proj,self_attn.k_proj,self_attn.o_proj,self_attn.q_proj,self_attn.v_proj",,460.57142857142856,461.85714285714283,460.57142857142856,-1.2857142857142858,0.003284068967677866,0.002783792143519933,"{""mlp.down_proj"": 1213.0, ""mlp.gate_proj"": 83.0, ""mlp.up_proj"": 825.0, ""self_attn.k_proj"": 39.0, ""self_attn.o_proj"": 586.0, ""self_attn.q_proj"": 41.0, ""self_attn.v_proj"": 446.0}","{""mlp.down_proj"": 1211.0, ""mlp.gate_proj"": 82.0, ""mlp.up_proj"": 822.0, ""self_attn.k_proj"": 39.0, ""self_attn.o_proj"": 584.0, ""self_attn.q_proj"": 41.0, ""self_attn.v_proj"": 445.0}","{""mlp.down_proj"": -2.0, ""mlp.gate_proj"": -1.0, ""mlp.up_proj"": -3.0, ""self_attn.k_proj"": 0.0, ""self_attn.o_proj"": -2.0, ""self_attn.q_proj"": 0.0, ""self_attn.v_proj"": -1.0}","{""mlp.down_proj"": 0.0016488046166529267, ""mlp.gate_proj"": 0.012048192771084338, ""mlp.up_proj"": 0.0036363636363636364, ""self_attn.k_proj"": 0.0, ""self_attn.o_proj"": 0.0034129692832764505, ""self_attn.q_proj"": 0.0, ""self_attn.v_proj"": 0.002242152466367713}",0.0013136275870711464,-0.5142857142857142,168.2285714285714,False,True
llama,sft,20,E_general,E_general,0.01,14,5,equal5_non_qk,True,"mlp.down_proj,mlp.gate_proj,mlp.up_proj,self_attn.o_proj,self_attn.v_proj","self_attn.q_proj,self_attn.k_proj",1734.0,1737.8,1734.0,-3.8,0.002344529042261485,0.002186672804695566,"{""mlp.down_proj"": 2529.0, ""mlp.gate_proj"": 1399.0, ""mlp.up_proj"": 2314.0, ""self_attn.o_proj"": 1584.0, ""self_attn.v_proj"": 863.0}","{""mlp.down_proj"": 2527.0, ""mlp.gate_proj"": 1391.0, ""mlp.up_proj"": 2309.0, ""self_attn.o_proj"": 1581.0, ""self_attn.v_proj"": 862.0}","{""mlp.down_proj"": -2.0, ""mlp.gate_proj"": -8.0, ""mlp.up_proj"": -5.0, ""self_attn.o_proj"": -3.0, ""self_attn.v_proj"": -1.0}","{""mlp.down_proj"": 0.0007908264136022143, ""mlp.gate_proj"": 0.005718370264474625, ""mlp.up_proj"": 0.00216076058772688, ""self_attn.o_proj"": 0.001893939393939394, ""self_attn.v_proj"": 0.0011587485515643105}",0.002344529042261485,0.0,7,equal7,True,"mlp.down_proj,mlp.gate_proj,mlp.up_proj,self_attn.k_proj,self_attn.o_proj,self_attn.q_proj,self_attn.v_proj",,1391.0,1393.7142857142858,1391.0,-2.7142857142857144,0.0016746636016153464,0.0019475194751947984,"{""mlp.down_proj"": 2529.0, ""mlp.gate_proj"": 1399.0, ""mlp.up_proj"": 2314.0, ""self_attn.k_proj"": 375.0, ""self_attn.o_proj"": 1584.0, ""self_attn.q_proj"": 692.0, ""self_attn.v_proj"": 863.0}","{""mlp.down_proj"": 2527.0, ""mlp.gate_proj"": 1391.0, ""mlp.up_proj"": 2309.0, ""self_attn.k_proj"": 375.0, ""self_attn.o_proj"": 1581.0, ""self_attn.q_proj"": 692.0, ""self_attn.v_proj"": 862.0}","{""mlp.down_proj"": -2.0, ""mlp.gate_proj"": -8.0, ""mlp.up_proj"": -5.0, ""self_attn.k_proj"": 0.0, ""self_attn.o_proj"": -3.0, ""self_attn.q_proj"": 0.0, ""self_attn.v_proj"": -1.0}","{""mlp.down_proj"": 0.0007908264136022143, ""mlp.gate_proj"": 0.005718370264474625, ""mlp.up_proj"": 0.00216076058772688, ""self_attn.k_proj"": 0.0, ""self_attn.o_proj"": 0.001893939393939394, ""self_attn.q_proj"": 0.0, ""self_attn.v_proj"": 0.0011587485515643105}",0.0006698654406461385,-1.0857142857142854,343.0,False,True
llama,sft,20,E_general,E_general,0.025,14,5,equal5_non_qk,True,"mlp.down_proj,mlp.gate_proj,mlp.up_proj,self_attn.o_proj,self_attn.v_proj","self_attn.q_proj,self_attn.k_proj",1354.0,1358.4,1354.0,-4.4,0.0038358101251759805,0.003239104829210903,"{""mlp.down_proj"": 2167.0, ""mlp.gate_proj"": 784.0, ""mlp.up_proj"": 1852.0, ""self_attn.o_proj"": 1238.0, ""self_attn.v_proj"": 751.0}","{""mlp.down_proj"": 2164.0, ""mlp.gate_proj"": 777.0, ""mlp.up_proj"": 1845.0, ""self_attn.o_proj"": 1235.0, ""self_attn.v_proj"": 749.0}","{""mlp.down_proj"": -3.0, ""mlp.gate_proj"": -7.0, ""mlp.up_proj"": -7.0, ""self_attn.o_proj"": -3.0, ""self_attn.v_proj"": -2.0}","{""mlp.down_proj"": 0.0013844023996308261, ""mlp.gate_proj"": 0.008928571428571428, ""mlp.up_proj"": 0.003779697624190065, ""self_attn.o_proj"": 0.0024232633279483036, ""self_attn.v_proj"": 0.002663115845539281}",0.0038358101251759805,0.0,7,equal7,True,"mlp.down_proj,mlp.gate_proj,mlp.up_proj,self_attn.k_proj,self_attn.o_proj,self_attn.q_proj,self_attn.v_proj",,1047.5714285714287,1050.7142857142858,1047.5714285714287,-3.142857142857143,0.0027398643751257003,0.002991162474507107,"{""mlp.down_proj"": 2167.0, ""mlp.gate_proj"": 784.0, ""mlp.up_proj"": 1852.0, ""self_attn.k_proj"": 212.0, ""self_attn.o_proj"": 1238.0, ""self_attn.q_proj"": 351.0, ""self_attn.v_proj"": 751.0}","{""mlp.down_proj"": 2164.0, ""mlp.gate_proj"": 777.0, ""mlp.up_proj"": 1845.0, ""self_attn.k_proj"": 212.0, ""self_attn.o_proj"": 1235.0, ""self_attn.q_proj"": 351.0, ""self_attn.v_proj"": 749.0}","{""mlp.down_proj"": -3.0, ""mlp.gate_proj"": -7.0, ""mlp.up_proj"": -7.0, ""self_attn.k_proj"": 0.0, ""self_attn.o_proj"": -3.0, ""self_attn.q_proj"": 0.0, ""self_attn.v_proj"": -2.0}","{""mlp.down_proj"": 0.0013844023996308261, ""mlp.gate_proj"": 0.008928571428571428, ""mlp.up_proj"": 0.003779697624190065, ""self_attn.k_proj"": 0.0, ""self_attn.o_proj"": 0.0024232633279483036, ""self_attn.q_proj"": 0.0, ""self_attn.v_proj"": 0.002663115845539281}",0.0010959457500502802,-1.2571428571428576,306.42857142857133,False,True
llama,sft,20,E_general,E_general,0.05,14,5,equal5_non_qk,True,"mlp.down_proj,mlp.gate_proj,mlp.up_proj,self_attn.o_proj,self_attn.v_proj","self_attn.q_proj,self_attn.k_proj",1029.2,1033.4,1029.2,-4.2,0.005415689125313384,0.004064253919102037,"{""mlp.down_proj"": 1802.0, ""mlp.gate_proj"": 368.0, ""mlp.up_proj"": 1412.0, ""self_attn.o_proj"": 954.0, ""self_attn.v_proj"": 631.0}","{""mlp.down_proj"": 1798.0, ""mlp.gate_proj"": 363.0, ""mlp.up_proj"": 1405.0, ""self_attn.o_proj"": 951.0, ""self_attn.v_proj"": 629.0}","{""mlp.down_proj"": -4.0, ""mlp.gate_proj"": -5.0, ""mlp.up_proj"": -7.0, ""self_attn.o_proj"": -3.0, ""self_attn.v_proj"": -2.0}","{""mlp.down_proj"": 0.0022197558268590455, ""mlp.gate_proj"": 0.01358695652173913, ""mlp.up_proj"": 0.004957507082152974, ""self_attn.o_proj"": 0.0031446540880503146, ""self_attn.v_proj"": 0.003169572107765452}",0.005415689125313384,0.0,7,equal7,True,"mlp.down_proj,mlp.gate_proj,mlp.up_proj,self_attn.k_proj,self_attn.o_proj,self_attn.q_proj,self_attn.v_proj",,773.4285714285714,776.2857142857143,773.4285714285714,-2.857142857142857,0.0025813480882225584,0.003680529996319512,"{""mlp.down_proj"": 1802.0, ""mlp.gate_proj"": 368.0, ""mlp.up_proj"": 1412.0, ""self_attn.k_proj"": 111.0, ""self_attn.o_proj"": 954.0, ""self_attn.q_proj"": 156.0, ""self_attn.v_proj"": 631.0}","{""mlp.down_proj"": 1798.0, ""mlp.gate_proj"": 363.0, ""mlp.up_proj"": 1405.0, ""self_attn.k_proj"": 112.0, ""self_attn.o_proj"": 951.0, ""self_attn.q_proj"": 156.0, ""self_attn.v_proj"": 629.0}","{""mlp.down_proj"": -4.0, ""mlp.gate_proj"": -5.0, ""mlp.up_proj"": -7.0, ""self_attn.k_proj"": 1.0, ""self_attn.o_proj"": -3.0, ""self_attn.q_proj"": 0.0, ""self_attn.v_proj"": -2.0}","{""mlp.down_proj"": 0.0022197558268590455, ""mlp.gate_proj"": 0.01358695652173913, ""mlp.up_proj"": 0.004957507082152974, ""self_attn.k_proj"": -0.009009009009009009, ""self_attn.o_proj"": 0.0031446540880503146, ""self_attn.q_proj"": 0.0, ""self_attn.v_proj"": 0.003169572107765452}",0.002834341037090826,-1.342857142857143,255.7714285714286,False,True
llama,sft,20,E_general,E_general,0.1,14,5,equal5_non_qk,True,"mlp.down_proj,mlp.gate_proj,mlp.up_proj,self_attn.o_proj,self_attn.v_proj","self_attn.q_proj,self_attn.k_proj",700.6,704.6,700.6,-4.0,0.00830004107186667,0.005676979846721544,"{""mlp.down_proj"": 1362.0, ""mlp.gate_proj"": 100.0, ""mlp.up_proj"": 923.0, ""self_attn.o_proj"": 659.0, ""self_attn.v_proj"": 479.0}","{""mlp.down_proj"": 1357.0, ""mlp.gate_proj"": 98.0, ""mlp.up_proj"": 916.0, ""self_attn.o_proj"": 655.0, ""self_attn.v_proj"": 477.0}","{""mlp.down_proj"": -5.0, ""mlp.gate_proj"": -2.0, ""mlp.up_proj"": -7.0, ""self_attn.o_proj"": -4.0, ""self_attn.v_proj"": -2.0}","{""mlp.down_proj"": 0.003671071953010279, ""mlp.gate_proj"": 0.02, ""mlp.up_proj"": 0.007583965330444204, ""self_attn.o_proj"": 0.006069802731411229, ""self_attn.v_proj"": 0.0041753653444676405}",0.00830004107186667,0.0,7,equal7,True,"mlp.down_proj,mlp.gate_proj,mlp.up_proj,self_attn.k_proj,self_attn.o_proj,self_attn.q_proj,self_attn.v_proj",,514.5714285714286,517.2857142857143,514.5714285714286,-2.7142857142857144,0.0029524102894285744,0.005247169290251437,"{""mlp.down_proj"": 1362.0, ""mlp.gate_proj"": 100.0, ""mlp.up_proj"": 923.0, ""self_attn.k_proj"": 48.0, ""self_attn.o_proj"": 659.0, ""self_attn.q_proj"": 50.0, ""self_attn.v_proj"": 479.0}","{""mlp.down_proj"": 1357.0, ""mlp.gate_proj"": 98.0, ""mlp.up_proj"": 916.0, ""self_attn.k_proj"": 49.0, ""self_attn.o_proj"": 655.0, ""self_attn.q_proj"": 50.0, ""self_attn.v_proj"": 477.0}","{""mlp.down_proj"": -5.0, ""mlp.gate_proj"": -2.0, ""mlp.up_proj"": -7.0, ""self_attn.k_proj"": 1.0, ""self_attn.o_proj"": -4.0, ""self_attn.q_proj"": 0.0, ""self_attn.v_proj"": -2.0}","{""mlp.down_proj"": 0.003671071953010279, ""mlp.gate_proj"": 0.02, ""mlp.up_proj"": 0.007583965330444204, ""self_attn.k_proj"": -0.020833333333333332, ""self_attn.o_proj"": 0.006069802731411229, ""self_attn.q_proj"": 0.0, ""self_attn.v_proj"": 0.0041753653444676405}",0.005347630782438096,-1.2857142857142856,186.02857142857147,False,True
llama,sft,20,E_if,E_ifeval,0.01,14,5,equal5_non_qk,True,"mlp.down_proj,mlp.gate_proj,mlp.up_proj,self_attn.o_proj,self_attn.v_proj","self_attn.q_proj,self_attn.k_proj",1644.6,1652.8,1644.6,-8.2,0.005220175216744832,0.004961277831558595,"{""mlp.down_proj"": 2435.0, ""mlp.gate_proj"": 1309.0, ""mlp.up_proj"": 2178.0, ""self_attn.o_proj"": 1511.0, ""self_attn.v_proj"": 831.0}","{""mlp.down_proj"": 2428.0, ""mlp.gate_proj"": 1294.0, ""mlp.up_proj"": 2166.0, ""self_attn.o_proj"": 1507.0, ""self_attn.v_proj"": 828.0}","{""mlp.down_proj"": -7.0, ""mlp.gate_proj"": -15.0, ""mlp.up_proj"": -12.0, ""self_attn.o_proj"": -4.0, ""self_attn.v_proj"": -3.0}","{""mlp.down_proj"": 0.002874743326488706, ""mlp.gate_proj"": 0.01145912910618793, ""mlp.up_proj"": 0.005509641873278237, ""self_attn.o_proj"": 0.0026472534745201853, ""self_attn.v_proj"": 0.0036101083032490976}",0.002344529042261485,0.002875646174483347,7,equal7,True,"mlp.down_proj,mlp.gate_proj,mlp.up_proj,self_attn.k_proj,self_attn.o_proj,self_attn.q_proj,self_attn.v_proj",,1313.142857142857,1319.857142857143,1313.142857142857,-6.714285714285714,0.005463883411743696,0.0050871306418444045,"{""mlp.down_proj"": 2435.0, ""mlp.gate_proj"": 1309.0, ""mlp.up_proj"": 2178.0, ""self_attn.k_proj"": 345.0, ""self_attn.o_proj"": 1511.0, ""self_attn.q_proj"": 630.0, ""self_attn.v_proj"": 831.0}","{""mlp.down_proj"": 2428.0, ""mlp.gate_proj"": 1294.0, ""mlp.up_proj"": 2166.0, ""self_attn.k_proj"": 343.0, ""self_attn.o_proj"": 1507.0, ""self_attn.q_proj"": 626.0, ""self_attn.v_proj"": 828.0}","{""mlp.down_proj"": -7.0, ""mlp.gate_proj"": -15.0, ""mlp.up_proj"": -12.0, ""self_attn.k_proj"": -2.0, ""self_attn.o_proj"": -4.0, ""self_attn.q_proj"": -4.0, ""self_attn.v_proj"": -3.0}","{""mlp.down_proj"": 0.002874743326488706, ""mlp.gate_proj"": 0.01145912910618793, ""mlp.up_proj"": 0.005509641873278237, ""self_attn.k_proj"": 0.005797101449275362, ""self_attn.o_proj"": 0.0026472534745201853, ""self_attn.q_proj"": 0.006349206349206349, ""self_attn.v_proj"": 0.0036101083032490976}",-0.00024370819499886388,-1.4857142857142849,331.4571428571428,False,True
llama,sft,20,E_if,E_ifeval,0.025,14,5,equal5_non_qk,True,"mlp.down_proj,mlp.gate_proj,mlp.up_proj,self_attn.o_proj,self_attn.v_proj","self_attn.q_proj,self_attn.k_proj",1245.0,1254.0,1245.0,-9.0,0.007862695612252665,0.007177033492822967,"{""mlp.down_proj"": 2031.0, ""mlp.gate_proj"": 709.0, ""mlp.up_proj"": 1670.0, ""self_attn.o_proj"": 1157.0, ""self_attn.v_proj"": 703.0}","{""mlp.down_proj"": 2020.0, ""mlp.gate_proj"": 697.0, ""mlp.up_proj"": 1656.0, ""self_attn.o_proj"": 1152.0, ""self_attn.v_proj"": 700.0}","{""mlp.down_proj"": -11.0, ""mlp.gate_proj"": -12.0, ""mlp.up_proj"": -14.0, ""self_attn.o_proj"": -5.0, ""self_attn.v_proj"": -3.0}","{""mlp.down_proj"": 0.0054160512063023145, ""mlp.gate_proj"": 0.01692524682651622, ""mlp.up_proj"": 0.008383233532934131, ""self_attn.o_proj"": 0.00432152117545376, ""self_attn.v_proj"": 0.004267425320056899}",0.0038358101251759805,0.004026885487076684,7,equal7,True,"mlp.down_proj,mlp.gate_proj,mlp.up_proj,self_attn.k_proj,self_attn.o_proj,self_attn.q_proj,self_attn.v_proj",,959.8571428571429,966.7142857142857,959.8571428571429,-6.857142857142857,0.007003173703620142,0.007093246638096562,"{""mlp.down_proj"": 2031.0, ""mlp.gate_proj"": 709.0, ""mlp.up_proj"": 1670.0, ""self_attn.k_proj"": 188.0, ""self_attn.o_proj"": 1157.0, ""self_attn.q_proj"": 309.0, ""self_attn.v_proj"": 703.0}","{""mlp.down_proj"": 2020.0, ""mlp.gate_proj"": 697.0, ""mlp.up_proj"": 1656.0, ""self_attn.k_proj"": 188.0, ""self_attn.o_proj"": 1152.0, ""self_attn.q_proj"": 306.0, ""self_attn.v_proj"": 700.0}","{""mlp.down_proj"": -11.0, ""mlp.gate_proj"": -12.0, ""mlp.up_proj"": -14.0, ""self_attn.k_proj"": 0.0, ""self_attn.o_proj"": -5.0, ""self_attn.q_proj"": -3.0, ""self_attn.v_proj"": -3.0}","{""mlp.down_proj"": 0.0054160512063023145, ""mlp.gate_proj"": 0.01692524682651622, ""mlp.up_proj"": 0.008383233532934131, ""self_attn.k_proj"": 0.0, ""self_attn.o_proj"": 0.00432152117545376, ""self_attn.q_proj"": 0.009708737864077669, ""self_attn.v_proj"": 0.004267425320056899}",0.0008595219086325228,-2.1428571428571432,285.1428571428571,False,True
llama,sft,20,E_if,E_ifeval,0.05,14,5,equal5_non_qk,True,"mlp.down_proj,mlp.gate_proj,mlp.up_proj,self_attn.o_proj,self_attn.v_proj","self_attn.q_proj,self_attn.k_proj",912.2,921.2,912.2,-9.0,0.011617677525886286,0.009769865392965697,"{""mlp.down_proj"": 1632.0, ""mlp.gate_proj"": 328.0, ""mlp.up_proj"": 1207.0, ""self_attn.o_proj"": 868.0, ""self_attn.v_proj"": 571.0}","{""mlp.down_proj"": 1620.0, ""mlp.gate_proj"": 320.0, ""mlp.up_proj"": 1192.0, ""self_attn.o_proj"": 862.0, ""self_attn.v_proj"": 567.0}","{""mlp.down_proj"": -12.0, ""mlp.gate_proj"": -8.0, ""mlp.up_proj"": -15.0, ""self_attn.o_proj"": -6.0, ""self_attn.v_proj"": -4.0}","{""mlp.down_proj"": 0.007352941176470588, ""mlp.gate_proj"": 0.024390243902439025, ""mlp.up_proj"": 0.012427506213753107, ""self_attn.o_proj"": 0.0069124423963133645, ""self_attn.v_proj"": 0.0070052539404553416}",0.005415689125313384,0.0062019884005729015,7,equal7,True,"mlp.down_proj,mlp.gate_proj,mlp.up_proj,self_attn.k_proj,self_attn.o_proj,self_attn.q_proj,self_attn.v_proj",,684.7142857142857,691.2857142857143,684.7142857142857,-6.571428571428571,0.009356542148119833,0.009506096300888753,"{""mlp.down_proj"": 1632.0, ""mlp.gate_proj"": 328.0, ""mlp.up_proj"": 1207.0, ""self_attn.k_proj"": 98.0, ""self_attn.o_proj"": 868.0, ""self_attn.q_proj"": 135.0, ""self_attn.v_proj"": 571.0}","{""mlp.down_proj"": 1620.0, ""mlp.gate_proj"": 320.0, ""mlp.up_proj"": 1192.0, ""self_attn.k_proj"": 98.0, ""self_attn.o_proj"": 862.0, ""self_attn.q_proj"": 134.0, ""self_attn.v_proj"": 567.0}","{""mlp.down_proj"": -12.0, ""mlp.gate_proj"": -8.0, ""mlp.up_proj"": -15.0, ""self_attn.k_proj"": 0.0, ""self_attn.o_proj"": -6.0, ""self_attn.q_proj"": -1.0, ""self_attn.v_proj"": -4.0}","{""mlp.down_proj"": 0.007352941176470588, ""mlp.gate_proj"": 0.024390243902439025, ""mlp.up_proj"": 0.012427506213753107, ""self_attn.k_proj"": 0.0, ""self_attn.o_proj"": 0.0069124423963133645, ""self_attn.q_proj"": 0.007407407407407408, ""self_attn.v_proj"": 0.0070052539404553416}",0.0022611353777664527,-2.428571428571429,227.48571428571438,False,True
llama,sft,20,E_if,E_ifeval,0.1,14,5,equal5_non_qk,True,"mlp.down_proj,mlp.gate_proj,mlp.up_proj,self_attn.o_proj,self_attn.v_proj","self_attn.q_proj,self_attn.k_proj",585.2,592.8,585.2,-7.6,0.015649443992509254,0.012820512820512667,"{""mlp.down_proj"": 1166.0, ""mlp.gate_proj"": 96.0, ""mlp.up_proj"": 722.0, ""self_attn.o_proj"": 572.0, ""self_attn.v_proj"": 408.0}","{""mlp.down_proj"": 1153.0, ""mlp.gate_proj"": 93.0, ""mlp.up_proj"": 709.0, ""self_attn.o_proj"": 566.0, ""self_attn.v_proj"": 405.0}","{""mlp.down_proj"": -13.0, ""mlp.gate_proj"": -3.0, ""mlp.up_proj"": -13.0, ""self_attn.o_proj"": -6.0, ""self_attn.v_proj"": -3.0}","{""mlp.down_proj"": 0.011149228130360206, ""mlp.gate_proj"": 0.03125, ""mlp.up_proj"": 0.018005540166204988, ""self_attn.o_proj"": 0.01048951048951049, ""self_attn.v_proj"": 0.007352941176470588}",0.00830004107186667,0.007349402920642584,7,equal7,True,"mlp.down_proj,mlp.gate_proj,mlp.up_proj,self_attn.k_proj,self_attn.o_proj,self_attn.q_proj,self_attn.v_proj",,430.2857142857143,435.7142857142857,430.2857142857143,-5.428571428571429,0.011178174280363754,0.01245901639344266,"{""mlp.down_proj"": 1166.0, ""mlp.gate_proj"": 96.0, ""mlp.up_proj"": 722.0, ""self_attn.k_proj"": 42.0, ""self_attn.o_proj"": 572.0, ""self_attn.q_proj"": 44.0, ""self_attn.v_proj"": 408.0}","{""mlp.down_proj"": 1153.0, ""mlp.gate_proj"": 93.0, ""mlp.up_proj"": 709.0, ""self_attn.k_proj"": 42.0, ""self_attn.o_proj"": 566.0, ""self_attn.q_proj"": 44.0, ""self_attn.v_proj"": 405.0}","{""mlp.down_proj"": -13.0, ""mlp.gate_proj"": -3.0, ""mlp.up_proj"": -13.0, ""self_attn.k_proj"": 0.0, ""self_attn.o_proj"": -6.0, ""self_attn.q_proj"": 0.0, ""self_attn.v_proj"": -3.0}","{""mlp.down_proj"": 0.011149228130360206, ""mlp.gate_proj"": 0.03125, ""mlp.up_proj"": 0.018005540166204988, ""self_attn.k_proj"": 0.0, ""self_attn.o_proj"": 0.01048951048951049, ""self_attn.q_proj"": 0.0, ""self_attn.v_proj"": 0.007352941176470588}",0.0044712697121455005,-2.171428571428571,154.91428571428577,False,True
llama,sft,20,E_math,E_mathHeld,0.01,14,5,equal5_non_qk,True,"mlp.down_proj,mlp.gate_proj,mlp.up_proj,self_attn.o_proj,self_attn.v_proj","self_attn.q_proj,self_attn.k_proj",844.4,851.6,844.4,-7.2,0.008854216505149625,0.008454673555659988,"{""mlp.down_proj"": 1162.0, ""mlp.gate_proj"": 587.0, ""mlp.up_proj"": 1022.0, ""self_attn.o_proj"": 828.0, ""self_attn.v_proj"": 659.0}","{""mlp.down_proj"": 1155.0, ""mlp.gate_proj"": 579.0, ""mlp.up_proj"": 1012.0, ""self_attn.o_proj"": 822.0, ""self_attn.v_proj"": 654.0}","{""mlp.down_proj"": -7.0, ""mlp.gate_proj"": -8.0, ""mlp.up_proj"": -10.0, ""self_attn.o_proj"": -6.0, ""self_attn.v_proj"": -5.0}","{""mlp.down_proj"": 0.006024096385542169, ""mlp.gate_proj"": 0.013628620102214651, ""mlp.up_proj"": 0.009784735812133072, ""self_attn.o_proj"": 0.007246376811594203, ""self_attn.v_proj"": 0.007587253414264037}",0.002344529042261485,0.00650968746288814,7,equal7,True,"mlp.down_proj,mlp.gate_proj,mlp.up_proj,self_attn.k_proj,self_attn.o_proj,self_attn.q_proj,self_attn.v_proj",,695.8571428571429,701.7142857142857,695.8571428571429,-5.857142857142857,0.00832907756038606,0.008346905537459167,"{""mlp.down_proj"": 1162.0, ""mlp.gate_proj"": 587.0, ""mlp.up_proj"": 1022.0, ""self_attn.k_proj"": 263.0, ""self_attn.o_proj"": 828.0, ""self_attn.q_proj"": 391.0, ""self_attn.v_proj"": 659.0}","{""mlp.down_proj"": 1155.0, ""mlp.gate_proj"": 579.0, ""mlp.up_proj"": 1012.0, ""self_attn.k_proj"": 262.0, ""self_attn.o_proj"": 822.0, ""self_attn.q_proj"": 387.0, ""self_attn.v_proj"": 654.0}","{""mlp.down_proj"": -7.0, ""mlp.gate_proj"": -8.0, ""mlp.up_proj"": -10.0, ""self_attn.k_proj"": -1.0, ""self_attn.o_proj"": -6.0, ""self_attn.q_proj"": -4.0, ""self_attn.v_proj"": -5.0}","{""mlp.down_proj"": 0.006024096385542169, ""mlp.gate_proj"": 0.013628620102214651, ""mlp.up_proj"": 0.009784735812133072, ""self_attn.k_proj"": 0.0038022813688212928, ""self_attn.o_proj"": 0.007246376811594203, ""self_attn.q_proj"": 0.010230179028132993, ""self_attn.v_proj"": 0.007587253414264037}",0.0005251389447635656,-1.3428571428571434,148.5428571428571,False,True
llama,sft,20,E_math,E_mathHeld,0.025,14,5,equal5_non_qk,True,"mlp.down_proj,mlp.gate_proj,mlp.up_proj,self_attn.o_proj,self_attn.v_proj","self_attn.q_proj,self_attn.k_proj",615.0,621.6,615.0,-6.6,0.011405221646919157,0.010617760617760654,"{""mlp.down_proj"": 912.0, ""mlp.gate_proj"": 322.0, ""mlp.up_proj"": 751.0, ""self_attn.o_proj"": 607.0, ""self_attn.v_proj"": 516.0}","{""mlp.down_proj"": 904.0, ""mlp.gate_proj"": 316.0, ""mlp.up_proj"": 742.0, ""self_attn.o_proj"": 601.0, ""self_attn.v_proj"": 512.0}","{""mlp.down_proj"": -8.0, ""mlp.gate_proj"": -6.0, ""mlp.up_proj"": -9.0, ""self_attn.o_proj"": -6.0, ""self_attn.v_proj"": -4.0}","{""mlp.down_proj"": 0.008771929824561403, ""mlp.gate_proj"": 0.018633540372670808, ""mlp.up_proj"": 0.011984021304926764, ""self_attn.o_proj"": 0.009884678747940691, ""self_attn.v_proj"": 0.007751937984496124}",0.0038358101251759805,0.007569411521743176,7,equal7,True,"mlp.down_proj,mlp.gate_proj,mlp.up_proj,self_attn.k_proj,self_attn.o_proj,self_attn.q_proj,self_attn.v_proj",,490.0,495.14285714285717,490.0,-5.142857142857143,0.010207026451096102,0.010386612810155849,"{""mlp.down_proj"": 912.0, ""mlp.gate_proj"": 322.0, ""mlp.up_proj"": 751.0, ""self_attn.k_proj"": 150.0, ""self_attn.o_proj"": 607.0, ""self_attn.q_proj"": 208.0, ""self_attn.v_proj"": 516.0}","{""mlp.down_proj"": 904.0, ""mlp.gate_proj"": 316.0, ""mlp.up_proj"": 742.0, ""self_attn.k_proj"": 150.0, ""self_attn.o_proj"": 601.0, ""self_attn.q_proj"": 205.0, ""self_attn.v_proj"": 512.0}","{""mlp.down_proj"": -8.0, ""mlp.gate_proj"": -6.0, ""mlp.up_proj"": -9.0, ""self_attn.k_proj"": 0.0, ""self_attn.o_proj"": -6.0, ""self_attn.q_proj"": -3.0, ""self_attn.v_proj"": -4.0}","{""mlp.down_proj"": 0.008771929824561403, ""mlp.gate_proj"": 0.018633540372670808, ""mlp.up_proj"": 0.011984021304926764, ""self_attn.k_proj"": 0.0, ""self_attn.o_proj"": 0.009884678747940691, ""self_attn.q_proj"": 0.014423076923076924, ""self_attn.v_proj"": 0.007751937984496124}",0.0011981951958230548,-1.4571428571428564,125.0,False,True
llama,sft,20,E_math,E_mathHeld,0.05,14,5,equal5_non_qk,True,"mlp.down_proj,mlp.gate_proj,mlp.up_proj,self_attn.o_proj,self_attn.v_proj","self_attn.q_proj,self_attn.k_proj",440.4,446.2,440.4,-5.8,0.014843158137643924,0.012998655311519523,"{""mlp.down_proj"": 701.0, ""mlp.gate_proj"": 158.0, ""mlp.up_proj"": 534.0, ""self_attn.o_proj"": 441.0, ""self_attn.v_proj"": 397.0}","{""mlp.down_proj"": 694.0, ""mlp.gate_proj"": 154.0, ""mlp.up_proj"": 526.0, ""self_attn.o_proj"": 436.0, ""self_attn.v_proj"": 392.0}","{""mlp.down_proj"": -7.0, ""mlp.gate_proj"": -4.0, ""mlp.up_proj"": -8.0, ""self_attn.o_proj"": -5.0, ""self_attn.v_proj"": -5.0}","{""mlp.down_proj"": 0.009985734664764621, ""mlp.gate_proj"": 0.02531645569620253, ""mlp.up_proj"": 0.0149812734082397, ""self_attn.o_proj"": 0.011337868480725623, ""self_attn.v_proj"": 0.012594458438287154}",0.005415689125313384,0.00942746901233054,7,equal7,True,"mlp.down_proj,mlp.gate_proj,mlp.up_proj,self_attn.k_proj,self_attn.o_proj,self_attn.q_proj,self_attn.v_proj",,340.85714285714283,345.42857142857144,340.85714285714283,-4.571428571428571,0.01507686118873384,0.013234077750206899,"{""mlp.down_proj"": 701.0, ""mlp.gate_proj"": 158.0, ""mlp.up_proj"": 534.0, ""self_attn.k_proj"": 84.0, ""self_attn.o_proj"": 441.0, ""self_attn.q_proj"": 103.0, ""self_attn.v_proj"": 397.0}","{""mlp.down_proj"": 694.0, ""mlp.gate_proj"": 154.0, ""mlp.up_proj"": 526.0, ""self_attn.k_proj"": 83.0, ""self_attn.o_proj"": 436.0, ""self_attn.q_proj"": 101.0, ""self_attn.v_proj"": 392.0}","{""mlp.down_proj"": -7.0, ""mlp.gate_proj"": -4.0, ""mlp.up_proj"": -8.0, ""self_attn.k_proj"": -1.0, ""self_attn.o_proj"": -5.0, ""self_attn.q_proj"": -2.0, ""self_attn.v_proj"": -5.0}","{""mlp.down_proj"": 0.009985734664764621, ""mlp.gate_proj"": 0.02531645569620253, ""mlp.up_proj"": 0.0149812734082397, ""self_attn.k_proj"": 0.011904761904761904, ""self_attn.o_proj"": 0.011337868480725623, ""self_attn.q_proj"": 0.019417475728155338, ""self_attn.v_proj"": 0.012594458438287154}",-0.00023370305108991532,-1.2285714285714286,99.54285714285714,False,True
llama,sft,20,E_math,E_mathHeld,0.1,14,5,equal5_non_qk,True,"mlp.down_proj,mlp.gate_proj,mlp.up_proj,self_attn.o_proj,self_attn.v_proj","self_attn.q_proj,self_attn.k_proj",278.6,283.2,278.6,-4.6,0.020766951475026007,0.016242937853107226,"{""mlp.down_proj"": 483.0, ""mlp.gate_proj"": 49.0, ""mlp.up_proj"": 325.0, ""self_attn.o_proj"": 286.0, ""self_attn.v_proj"": 273.0}","{""mlp.down_proj"": 477.0, ""mlp.gate_proj"": 47.0, ""mlp.up_proj"": 319.0, ""self_attn.o_proj"": 281.0, ""self_attn.v_proj"": 269.0}","{""mlp.down_proj"": -6.0, ""mlp.gate_proj"": -2.0, ""mlp.up_proj"": -6.0, ""self_attn.o_proj"": -5.0, ""self_attn.v_proj"": -4.0}","{""mlp.down_proj"": 0.012422360248447204, ""mlp.gate_proj"": 0.04081632653061224, ""mlp.up_proj"": 0.018461538461538463, ""self_attn.o_proj"": 0.017482517482517484, ""self_attn.v_proj"": 0.014652014652014652}",0.00830004107186667,0.012466910403159337,7,equal7,True,"mlp.down_proj,mlp.gate_proj,mlp.up_proj,self_attn.k_proj,self_attn.o_proj,self_attn.q_proj,self_attn.v_proj",,209.85714285714286,213.14285714285714,209.85714285714286,-3.2857142857142856,0.01483353676787572,0.01541554959785519,"{""mlp.down_proj"": 483.0, ""mlp.gate_proj"": 49.0, ""mlp.up_proj"": 325.0, ""self_attn.k_proj"": 38.0, ""self_attn.o_proj"": 286.0, ""self_attn.q_proj"": 38.0, ""self_attn.v_proj"": 273.0}","{""mlp.down_proj"": 477.0, ""mlp.gate_proj"": 47.0, ""mlp.up_proj"": 319.0, ""self_attn.k_proj"": 38.0, ""self_attn.o_proj"": 281.0, ""self_attn.q_proj"": 38.0, ""self_attn.v_proj"": 269.0}","{""mlp.down_proj"": -6.0, ""mlp.gate_proj"": -2.0, ""mlp.up_proj"": -6.0, ""self_attn.k_proj"": 0.0, ""self_attn.o_proj"": -5.0, ""self_attn.q_proj"": 0.0, ""self_attn.v_proj"": -4.0}","{""mlp.down_proj"": 0.012422360248447204, ""mlp.gate_proj"": 0.04081632653061224, ""mlp.up_proj"": 0.018461538461538463, ""self_attn.k_proj"": 0.0, ""self_attn.o_proj"": 0.017482517482517484, ""self_attn.q_proj"": 0.0, ""self_attn.v_proj"": 0.014652014652014652}",0.005933414707150288,-1.314285714285714,68.74285714285716,False,True
llama,sft,20,E_ood,E_mmluPro,0.01,14,5,equal5_non_qk,True,"mlp.down_proj,mlp.gate_proj,mlp.up_proj,self_attn.o_proj,self_attn.v_proj","self_attn.q_proj,self_attn.k_proj",1686.2,1694.2,1686.2,-8.0,0.004970367146050184,0.004721992680911344,"{""mlp.down_proj"": 2452.0, ""mlp.gate_proj"": 1352.0, ""mlp.up_proj"": 2263.0, ""self_attn.o_proj"": 1556.0, ""self_attn.v_proj"": 848.0}","{""mlp.down_proj"": 2447.0, ""mlp.gate_proj"": 1337.0, ""mlp.up_proj"": 2252.0, ""self_attn.o_proj"": 1549.0, ""self_attn.v_proj"": 846.0}","{""mlp.down_proj"": -5.0, ""mlp.gate_proj"": -15.0, ""mlp.up_proj"": -11.0, ""self_attn.o_proj"": -7.0, ""self_attn.v_proj"": -2.0}","{""mlp.down_proj"": 0.0020391517128874386, ""mlp.gate_proj"": 0.011094674556213017, ""mlp.up_proj"": 0.004860804242156429, ""self_attn.o_proj"": 0.004498714652956298, ""self_attn.v_proj"": 0.0023584905660377358}",0.002344529042261485,0.002625838103788699,7,equal7,True,"mlp.down_proj,mlp.gate_proj,mlp.up_proj,self_attn.k_proj,self_attn.o_proj,self_attn.q_proj,self_attn.v_proj",,1338.0,1343.5714285714287,1338.0,-5.571428571428571,0.003508033454442628,0.004146730462520009,"{""mlp.down_proj"": 2452.0, ""mlp.gate_proj"": 1352.0, ""mlp.up_proj"": 2263.0, ""self_attn.k_proj"": 331.0, ""self_attn.o_proj"": 1556.0, ""self_attn.q_proj"": 603.0, ""self_attn.v_proj"": 848.0}","{""mlp.down_proj"": 2447.0, ""mlp.gate_proj"": 1337.0, ""mlp.up_proj"": 2252.0, ""self_attn.k_proj"": 330.0, ""self_attn.o_proj"": 1549.0, ""self_attn.q_proj"": 605.0, ""self_attn.v_proj"": 846.0}","{""mlp.down_proj"": -5.0, ""mlp.gate_proj"": -15.0, ""mlp.up_proj"": -11.0, ""self_attn.k_proj"": -1.0, ""self_attn.o_proj"": -7.0, ""self_attn.q_proj"": 2.0, ""self_attn.v_proj"": -2.0}","{""mlp.down_proj"": 0.0020391517128874386, ""mlp.gate_proj"": 0.011094674556213017, ""mlp.up_proj"": 0.004860804242156429, ""self_attn.k_proj"": 0.0030211480362537764, ""self_attn.o_proj"": 0.004498714652956298, ""self_attn.q_proj"": -0.003316749585406302, ""self_attn.v_proj"": 0.0023584905660377358}",0.001462333691607556,-2.428571428571429,348.20000000000005,False,True
llama,sft,20,E_ood,E_mmluPro,0.025,14,5,equal5_non_qk,True,"mlp.down_proj,mlp.gate_proj,mlp.up_proj,self_attn.o_proj,self_attn.v_proj","self_attn.q_proj,self_attn.k_proj",1287.6,1296.6,1287.6,-9.0,0.007982093167663351,0.006941230911614993,"{""mlp.down_proj"": 2058.0, ""mlp.gate_proj"": 731.0, ""mlp.up_proj"": 1775.0, ""self_attn.o_proj"": 1191.0, ""self_attn.v_proj"": 728.0}","{""mlp.down_proj"": 2051.0, ""mlp.gate_proj"": 718.0, ""mlp.up_proj"": 1761.0, ""self_attn.o_proj"": 1183.0, ""self_attn.v_proj"": 725.0}","{""mlp.down_proj"": -7.0, ""mlp.gate_proj"": -13.0, ""mlp.up_proj"": -14.0, ""self_attn.o_proj"": -8.0, ""self_attn.v_proj"": -3.0}","{""mlp.down_proj"": 0.003401360544217687, ""mlp.gate_proj"": 0.017783857729138167, ""mlp.up_proj"": 0.007887323943661971, ""self_attn.o_proj"": 0.006717044500419815, ""self_attn.v_proj"": 0.004120879120879121}",0.0038358101251759805,0.00414628304248737,7,equal7,True,"mlp.down_proj,mlp.gate_proj,mlp.up_proj,self_attn.k_proj,self_attn.o_proj,self_attn.q_proj,self_attn.v_proj",,986.5714285714286,992.7142857142857,986.5714285714286,-6.142857142857143,0.004709431627696045,0.006187940710893621,"{""mlp.down_proj"": 2058.0, ""mlp.gate_proj"": 731.0, ""mlp.up_proj"": 1775.0, ""self_attn.k_proj"": 178.0, ""self_attn.o_proj"": 1191.0, ""self_attn.q_proj"": 288.0, ""self_attn.v_proj"": 728.0}","{""mlp.down_proj"": 2051.0, ""mlp.gate_proj"": 718.0, ""mlp.up_proj"": 1761.0, ""self_attn.k_proj"": 178.0, ""self_attn.o_proj"": 1183.0, ""self_attn.q_proj"": 290.0, ""self_attn.v_proj"": 725.0}","{""mlp.down_proj"": -7.0, ""mlp.gate_proj"": -13.0, ""mlp.up_proj"": -14.0, ""self_attn.k_proj"": 0.0, ""self_attn.o_proj"": -8.0, ""self_attn.q_proj"": 2.0, ""self_attn.v_proj"": -3.0}","{""mlp.down_proj"": 0.003401360544217687, ""mlp.gate_proj"": 0.017783857729138167, ""mlp.up_proj"": 0.007887323943661971, ""self_attn.k_proj"": 0.0, ""self_attn.o_proj"": 0.006717044500419815, ""self_attn.q_proj"": -0.006944444444444444, ""self_attn.v_proj"": 0.004120879120879121}",0.0032726615399673057,-2.8571428571428568,301.02857142857135,False,True
llama,sft,20,E_ood,E_mmluPro,0.05,14,5,equal5_non_qk,True,"mlp.down_proj,mlp.gate_proj,mlp.up_proj,self_attn.o_proj,self_attn.v_proj","self_attn.q_proj,self_attn.k_proj",953.4,961.6,953.4,-8.2,0.010766857428181011,0.0085274542429285,"{""mlp.down_proj"": 1669.0, ""mlp.gate_proj"": 327.0, ""mlp.up_proj"": 1319.0, ""self_attn.o_proj"": 891.0, ""self_attn.v_proj"": 602.0}","{""mlp.down_proj"": 1661.0, ""mlp.gate_proj"": 319.0, ""mlp.up_proj"": 1305.0, ""self_attn.o_proj"": 883.0, ""self_attn.v_proj"": 599.0}","{""mlp.down_proj"": -8.0, ""mlp.gate_proj"": -8.0, ""mlp.up_proj"": -14.0, ""self_attn.o_proj"": -8.0, ""self_attn.v_proj"": -3.0}","{""mlp.down_proj"": 0.004793289394847214, ""mlp.gate_proj"": 0.024464831804281346, ""mlp.up_proj"": 0.01061410159211524, ""self_attn.o_proj"": 0.008978675645342313, ""self_attn.v_proj"": 0.0049833887043189366}",0.005415689125313384,0.005351168302867627,7,equal7,True,"mlp.down_proj,mlp.gate_proj,mlp.up_proj,self_attn.k_proj,self_attn.o_proj,self_attn.q_proj,self_attn.v_proj",,711.8571428571429,717.4285714285714,711.8571428571429,-5.571428571428571,0.004959313550154436,0.007765830346475485,"{""mlp.down_proj"": 1669.0, ""mlp.gate_proj"": 327.0, ""mlp.up_proj"": 1319.0, ""self_attn.k_proj"": 91.0, ""self_attn.o_proj"": 891.0, ""self_attn.q_proj"": 123.0, ""self_attn.v_proj"": 602.0}","{""mlp.down_proj"": 1661.0, ""mlp.gate_proj"": 319.0, ""mlp.up_proj"": 1305.0, ""self_attn.k_proj"": 92.0, ""self_attn.o_proj"": 883.0, ""self_attn.q_proj"": 124.0, ""self_attn.v_proj"": 599.0}","{""mlp.down_proj"": -8.0, ""mlp.gate_proj"": -8.0, ""mlp.up_proj"": -14.0, ""self_attn.k_proj"": 1.0, ""self_attn.o_proj"": -8.0, ""self_attn.q_proj"": 1.0, ""self_attn.v_proj"": -3.0}","{""mlp.down_proj"": 0.004793289394847214, ""mlp.gate_proj"": 0.024464831804281346, ""mlp.up_proj"": 0.01061410159211524, ""self_attn.k_proj"": -0.01098901098901099, ""self_attn.o_proj"": 0.008978675645342313, ""self_attn.q_proj"": -0.008130081300813009, ""self_attn.v_proj"": 0.0049833887043189366}",0.005807543878026575,-2.628571428571428,241.5428571428571,False,True
llama,sft,20,E_ood,E_mmluPro,0.1,14,5,equal5_non_qk,True,"mlp.down_proj,mlp.gate_proj,mlp.up_proj,self_attn.o_proj,self_attn.v_proj","self_attn.q_proj,self_attn.k_proj",623.8,630.6,623.8,-6.8,0.013472636424658915,0.010783380907072737,"{""mlp.down_proj"": 1213.0, ""mlp.gate_proj"": 83.0, ""mlp.up_proj"": 825.0, ""self_attn.o_proj"": 586.0, ""self_attn.v_proj"": 446.0}","{""mlp.down_proj"": 1205.0, ""mlp.gate_proj"": 81.0, ""mlp.up_proj"": 812.0, ""self_attn.o_proj"": 579.0, ""self_attn.v_proj"": 442.0}","{""mlp.down_proj"": -8.0, ""mlp.gate_proj"": -2.0, ""mlp.up_proj"": -13.0, ""self_attn.o_proj"": -7.0, ""self_attn.v_proj"": -4.0}","{""mlp.down_proj"": 0.006595218466611707, ""mlp.gate_proj"": 0.024096385542168676, ""mlp.up_proj"": 0.01575757575757576, ""self_attn.o_proj"": 0.011945392491467578, ""self_attn.v_proj"": 0.008968609865470852}",0.00830004107186667,0.005172595352792245,7,equal7,True,"mlp.down_proj,mlp.gate_proj,mlp.up_proj,self_attn.k_proj,self_attn.o_proj,self_attn.q_proj,self_attn.v_proj",,457.2857142857143,461.85714285714283,457.2857142857143,-4.571428571428571,0.002475987511404272,0.009897927621404234,"{""mlp.down_proj"": 1213.0, ""mlp.gate_proj"": 83.0, ""mlp.up_proj"": 825.0, ""self_attn.k_proj"": 39.0, ""self_attn.o_proj"": 586.0, ""self_attn.q_proj"": 41.0, ""self_attn.v_proj"": 446.0}","{""mlp.down_proj"": 1205.0, ""mlp.gate_proj"": 81.0, ""mlp.up_proj"": 812.0, ""self_attn.k_proj"": 40.0, ""self_attn.o_proj"": 579.0, ""self_attn.q_proj"": 42.0, ""self_attn.v_proj"": 442.0}","{""mlp.down_proj"": -8.0, ""mlp.gate_proj"": -2.0, ""mlp.up_proj"": -13.0, ""self_attn.k_proj"": 1.0, ""self_attn.o_proj"": -7.0, ""self_attn.q_proj"": 1.0, ""self_attn.v_proj"": -4.0}","{""mlp.down_proj"": 0.006595218466611707, ""mlp.gate_proj"": 0.024096385542168676, ""mlp.up_proj"": 0.01575757575757576, ""self_attn.k_proj"": -0.02564102564102564, ""self_attn.o_proj"": 0.011945392491467578, ""self_attn.q_proj"": -0.024390243902439025, ""self_attn.v_proj"": 0.008968609865470852}",0.010996648913254643,-2.2285714285714286,166.51428571428568,False,True
llama,sft,40,E_general,E_general,0.01,14,5,equal5_non_qk,True,"mlp.down_proj,mlp.gate_proj,mlp.up_proj,self_attn.o_proj,self_attn.v_proj","self_attn.q_proj,self_attn.k_proj",1733.0,1737.8,1733.0,-4.8,0.0029527066011703043,0.002762113016457564,"{""mlp.down_proj"": 2529.0, ""mlp.gate_proj"": 1399.0, ""mlp.up_proj"": 2314.0, ""self_attn.o_proj"": 1584.0, ""self_attn.v_proj"": 863.0}","{""mlp.down_proj"": 2527.0, ""mlp.gate_proj"": 1390.0, ""mlp.up_proj"": 2308.0, ""self_attn.o_proj"": 1578.0, ""self_attn.v_proj"": 862.0}","{""mlp.down_proj"": -2.0, ""mlp.gate_proj"": -9.0, ""mlp.up_proj"": -6.0, ""self_attn.o_proj"": -6.0, ""self_attn.v_proj"": -1.0}","{""mlp.down_proj"": 0.0007908264136022143, ""mlp.gate_proj"": 0.006433166547533953, ""mlp.up_proj"": 0.0025929127052722557, ""self_attn.o_proj"": 0.003787878787878788, ""self_attn.v_proj"": 0.0011587485515643105}",0.0029527066011703043,0.0,7,equal7,True,"mlp.down_proj,mlp.gate_proj,mlp.up_proj,self_attn.k_proj,self_attn.o_proj,self_attn.q_proj,self_attn.v_proj",,1390.142857142857,1393.7142857142858,1390.142857142857,-3.5714285714285716,0.002315517101579119,0.0025625256252563224,"{""mlp.down_proj"": 2529.0, ""mlp.gate_proj"": 1399.0, ""mlp.up_proj"": 2314.0, ""self_attn.k_proj"": 375.0, ""self_attn.o_proj"": 1584.0, ""self_attn.q_proj"": 692.0, ""self_attn.v_proj"": 863.0}","{""mlp.down_proj"": 2527.0, ""mlp.gate_proj"": 1390.0, ""mlp.up_proj"": 2308.0, ""self_attn.k_proj"": 375.0, ""self_attn.o_proj"": 1578.0, ""self_attn.q_proj"": 691.0, ""self_attn.v_proj"": 862.0}","{""mlp.down_proj"": -2.0, ""mlp.gate_proj"": -9.0, ""mlp.up_proj"": -6.0, ""self_attn.k_proj"": 0.0, ""self_attn.o_proj"": -6.0, ""self_attn.q_proj"": -1.0, ""self_attn.v_proj"": -1.0}","{""mlp.down_proj"": 0.0007908264136022143, ""mlp.gate_proj"": 0.006433166547533953, ""mlp.up_proj"": 0.0025929127052722557, ""self_attn.k_proj"": 0.0, ""self_attn.o_proj"": 0.003787878787878788, ""self_attn.q_proj"": 0.001445086705202312, ""self_attn.v_proj"": 0.0011587485515643105}",0.0006371894995911855,-1.2285714285714282,342.8571428571429,False,True
llama,sft,40,E_general,E_general,0.025,14,5,equal5_non_qk,True,"mlp.down_proj,mlp.gate_proj,mlp.up_proj,self_attn.o_proj,self_attn.v_proj","self_attn.q_proj,self_attn.k_proj",1353.2,1358.4,1353.2,-5.2,0.004412756284074363,0.003828032979976476,"{""mlp.down_proj"": 2167.0, ""mlp.gate_proj"": 784.0, ""mlp.up_proj"": 1852.0, ""self_attn.o_proj"": 1238.0, ""self_attn.v_proj"": 751.0}","{""mlp.down_proj"": 2163.0, ""mlp.gate_proj"": 777.0, ""mlp.up_proj"": 1845.0, ""self_attn.o_proj"": 1232.0, ""self_attn.v_proj"": 749.0}","{""mlp.down_proj"": -4.0, ""mlp.gate_proj"": -7.0, ""mlp.up_proj"": -7.0, ""self_attn.o_proj"": -6.0, ""self_attn.v_proj"": -2.0}","{""mlp.down_proj"": 0.0018458698661744347, ""mlp.gate_proj"": 0.008928571428571428, ""mlp.up_proj"": 0.003779697624190065, ""self_attn.o_proj"": 0.004846526655896607, ""self_attn.v_proj"": 0.002663115845539281}",0.004412756284074363,0.0,7,equal7,True,"mlp.down_proj,mlp.gate_proj,mlp.up_proj,self_attn.k_proj,self_attn.o_proj,self_attn.q_proj,self_attn.v_proj",,1046.857142857143,1050.7142857142858,1046.857142857143,-3.857142857142857,0.003558969181339238,0.0036709721278042457,"{""mlp.down_proj"": 2167.0, ""mlp.gate_proj"": 784.0, ""mlp.up_proj"": 1852.0, ""self_attn.k_proj"": 212.0, ""self_attn.o_proj"": 1238.0, ""self_attn.q_proj"": 351.0, ""self_attn.v_proj"": 751.0}","{""mlp.down_proj"": 2163.0, ""mlp.gate_proj"": 777.0, ""mlp.up_proj"": 1845.0, ""self_attn.k_proj"": 212.0, ""self_attn.o_proj"": 1232.0, ""self_attn.q_proj"": 350.0, ""self_attn.v_proj"": 749.0}","{""mlp.down_proj"": -4.0, ""mlp.gate_proj"": -7.0, ""mlp.up_proj"": -7.0, ""self_attn.k_proj"": 0.0, ""self_attn.o_proj"": -6.0, ""self_attn.q_proj"": -1.0, ""self_attn.v_proj"": -2.0}","{""mlp.down_proj"": 0.0018458698661744347, ""mlp.gate_proj"": 0.008928571428571428, ""mlp.up_proj"": 0.003779697624190065, ""self_attn.k_proj"": 0.0, ""self_attn.o_proj"": 0.004846526655896607, ""self_attn.q_proj"": 0.002849002849002849, ""self_attn.v_proj"": 0.002663115845539281}",0.0008537871027351255,-1.342857142857143,306.34285714285716,False,True
llama,sft,40,E_general,E_general,0.05,14,5,equal5_non_qk,True,"mlp.down_proj,mlp.gate_proj,mlp.up_proj,self_attn.o_proj,self_attn.v_proj","self_attn.q_proj,self_attn.k_proj",1028.2,1033.4,1028.2,-5.2,0.006297250793756483,0.00503193342365013,"{""mlp.down_proj"": 1802.0, ""mlp.gate_proj"": 368.0, ""mlp.up_proj"": 1412.0, ""self_attn.o_proj"": 954.0, ""self_attn.v_proj"": 631.0}","{""mlp.down_proj"": 1797.0, ""mlp.gate_proj"": 363.0, ""mlp.up_proj"": 1404.0, ""self_attn.o_proj"": 948.0, ""self_attn.v_proj"": 629.0}","{""mlp.down_proj"": -5.0, ""mlp.gate_proj"": -5.0, ""mlp.up_proj"": -8.0, ""self_attn.o_proj"": -6.0, ""self_attn.v_proj"": -2.0}","{""mlp.down_proj"": 0.002774694783573807, ""mlp.gate_proj"": 0.01358695652173913, ""mlp.up_proj"": 0.0056657223796034, ""self_attn.o_proj"": 0.006289308176100629, ""self_attn.v_proj"": 0.003169572107765452}",0.006297250793756483,0.0,7,equal7,True,"mlp.down_proj,mlp.gate_proj,mlp.up_proj,self_attn.k_proj,self_attn.o_proj,self_attn.q_proj,self_attn.v_proj",,772.7142857142857,776.2857142857143,772.7142857142857,-3.5714285714285716,0.0032110349942533443,0.004600662495399463,"{""mlp.down_proj"": 1802.0, ""mlp.gate_proj"": 368.0, ""mlp.up_proj"": 1412.0, ""self_attn.k_proj"": 111.0, ""self_attn.o_proj"": 954.0, ""self_attn.q_proj"": 156.0, ""self_attn.v_proj"": 631.0}","{""mlp.down_proj"": 1797.0, ""mlp.gate_proj"": 363.0, ""mlp.up_proj"": 1404.0, ""self_attn.k_proj"": 112.0, ""self_attn.o_proj"": 948.0, ""self_attn.q_proj"": 156.0, ""self_attn.v_proj"": 629.0}","{""mlp.down_proj"": -5.0, ""mlp.gate_proj"": -5.0, ""mlp.up_proj"": -8.0, ""self_attn.k_proj"": 1.0, ""self_attn.o_proj"": -6.0, ""self_attn.q_proj"": 0.0, ""self_attn.v_proj"": -2.0}","{""mlp.down_proj"": 0.002774694783573807, ""mlp.gate_proj"": 0.01358695652173913, ""mlp.up_proj"": 0.0056657223796034, ""self_attn.k_proj"": -0.009009009009009009, ""self_attn.o_proj"": 0.006289308176100629, ""self_attn.q_proj"": 0.0, ""self_attn.v_proj"": 0.003169572107765452}",0.003086215799503139,-1.6285714285714286,255.48571428571438,False,True
llama,sft,40,E_general,E_general,0.1,14,5,equal5_non_qk,True,"mlp.down_proj,mlp.gate_proj,mlp.up_proj,self_attn.o_proj,self_attn.v_proj","self_attn.q_proj,self_attn.k_proj",699.8,704.6,699.8,-4.8,0.009427196205305332,0.00681237581606595,"{""mlp.down_proj"": 1362.0, ""mlp.gate_proj"": 100.0, ""mlp.up_proj"": 923.0, ""self_attn.o_proj"": 659.0, ""self_attn.v_proj"": 479.0}","{""mlp.down_proj"": 1357.0, ""mlp.gate_proj"": 98.0, ""mlp.up_proj"": 915.0, ""self_attn.o_proj"": 652.0, ""self_attn.v_proj"": 477.0}","{""mlp.down_proj"": -5.0, ""mlp.gate_proj"": -2.0, ""mlp.up_proj"": -8.0, ""self_attn.o_proj"": -7.0, ""self_attn.v_proj"": -2.0}","{""mlp.down_proj"": 0.003671071953010279, ""mlp.gate_proj"": 0.02, ""mlp.up_proj"": 0.00866738894907909, ""self_attn.o_proj"": 0.010622154779969651, ""self_attn.v_proj"": 0.0041753653444676405}",0.009427196205305332,0.0,7,equal7,True,"mlp.down_proj,mlp.gate_proj,mlp.up_proj,self_attn.k_proj,self_attn.o_proj,self_attn.q_proj,self_attn.v_proj",,514.0,517.2857142857143,514.0,-3.2857142857142856,0.0037575210990276183,0.006351836509251681,"{""mlp.down_proj"": 1362.0, ""mlp.gate_proj"": 100.0, ""mlp.up_proj"": 923.0, ""self_attn.k_proj"": 48.0, ""self_attn.o_proj"": 659.0, ""self_attn.q_proj"": 50.0, ""self_attn.v_proj"": 479.0}","{""mlp.down_proj"": 1357.0, ""mlp.gate_proj"": 98.0, ""mlp.up_proj"": 915.0, ""self_attn.k_proj"": 49.0, ""self_attn.o_proj"": 652.0, ""self_attn.q_proj"": 50.0, ""self_attn.v_proj"": 477.0}","{""mlp.down_proj"": -5.0, ""mlp.gate_proj"": -2.0, ""mlp.up_proj"": -8.0, ""self_attn.k_proj"": 1.0, ""self_attn.o_proj"": -7.0, ""self_attn.q_proj"": 0.0, ""self_attn.v_proj"": -2.0}","{""mlp.down_proj"": 0.003671071953010279, ""mlp.gate_proj"": 0.02, ""mlp.up_proj"": 0.00866738894907909, ""self_attn.k_proj"": -0.020833333333333332, ""self_attn.o_proj"": 0.010622154779969651, ""self_attn.q_proj"": 0.0, ""self_attn.v_proj"": 0.0041753653444676405}",0.005669675106277714,-1.5142857142857142,185.79999999999995,False,True
llama,sft,40,E_if,E_ifeval,0.01,14,5,equal5_non_qk,True,"mlp.down_proj,mlp.gate_proj,mlp.up_proj,self_attn.o_proj,self_attn.v_proj","self_attn.q_proj,self_attn.k_proj",1643.2,1652.8,1643.2,-9.6,0.006005724323431431,0.005808325266214854,"{""mlp.down_proj"": 2435.0, ""mlp.gate_proj"": 1309.0, ""mlp.up_proj"": 2178.0, ""self_attn.o_proj"": 1511.0, ""self_attn.v_proj"": 831.0}","{""mlp.down_proj"": 2426.0, ""mlp.gate_proj"": 1294.0, ""mlp.up_proj"": 2165.0, ""self_attn.o_proj"": 1503.0, ""self_attn.v_proj"": 828.0}","{""mlp.down_proj"": -9.0, ""mlp.gate_proj"": -15.0, ""mlp.up_proj"": -13.0, ""self_attn.o_proj"": -8.0, ""self_attn.v_proj"": -3.0}","{""mlp.down_proj"": 0.003696098562628337, ""mlp.gate_proj"": 0.01145912910618793, ""mlp.up_proj"": 0.005968778696051423, ""self_attn.o_proj"": 0.005294506949040371, ""self_attn.v_proj"": 0.0036101083032490976}",0.0029527066011703043,0.003053017722261127,7,equal7,True,"mlp.down_proj,mlp.gate_proj,mlp.up_proj,self_attn.k_proj,self_attn.o_proj,self_attn.q_proj,self_attn.v_proj",,1312.0,1319.857142857143,1312.0,-7.857142857142857,0.006064425980800624,0.005953025219179589,"{""mlp.down_proj"": 2435.0, ""mlp.gate_proj"": 1309.0, ""mlp.up_proj"": 2178.0, ""self_attn.k_proj"": 345.0, ""self_attn.o_proj"": 1511.0, ""self_attn.q_proj"": 630.0, ""self_attn.v_proj"": 831.0}","{""mlp.down_proj"": 2426.0, ""mlp.gate_proj"": 1294.0, ""mlp.up_proj"": 2165.0, ""self_attn.k_proj"": 344.0, ""self_attn.o_proj"": 1503.0, ""self_attn.q_proj"": 624.0, ""self_attn.v_proj"": 828.0}","{""mlp.down_proj"": -9.0, ""mlp.gate_proj"": -15.0, ""mlp.up_proj"": -13.0, ""self_attn.k_proj"": -1.0, ""self_attn.o_proj"": -8.0, ""self_attn.q_proj"": -6.0, ""self_attn.v_proj"": -3.0}","{""mlp.down_proj"": 0.003696098562628337, ""mlp.gate_proj"": 0.01145912910618793, ""mlp.up_proj"": 0.005968778696051423, ""self_attn.k_proj"": 0.002898550724637681, ""self_attn.o_proj"": 0.005294506949040371, ""self_attn.q_proj"": 0.009523809523809525, ""self_attn.v_proj"": 0.0036101083032490976}",-5.870165736919248e-05,-1.7428571428571429,331.20000000000005,False,True
llama,sft,40,E_if,E_ifeval,0.025,14,5,equal5_non_qk,True,"mlp.down_proj,mlp.gate_proj,mlp.up_proj,self_attn.o_proj,self_attn.v_proj","self_attn.q_proj,self_attn.k_proj",1243.4,1254.0,1243.4,-10.6,0.008990607275001911,0.008452950558213643,"{""mlp.down_proj"": 2031.0, ""mlp.gate_proj"": 709.0, ""mlp.up_proj"": 1670.0, ""self_attn.o_proj"": 1157.0, ""self_attn.v_proj"": 703.0}","{""mlp.down_proj"": 2018.0, ""mlp.gate_proj"": 697.0, ""mlp.up_proj"": 1654.0, ""self_attn.o_proj"": 1148.0, ""self_attn.v_proj"": 700.0}","{""mlp.down_proj"": -13.0, ""mlp.gate_proj"": -12.0, ""mlp.up_proj"": -16.0, ""self_attn.o_proj"": -9.0, ""self_attn.v_proj"": -3.0}","{""mlp.down_proj"": 0.006400787789266372, ""mlp.gate_proj"": 0.01692524682651622, ""mlp.up_proj"": 0.009580838323353293, ""self_attn.o_proj"": 0.007778738115816767, ""self_attn.v_proj"": 0.004267425320056899}",0.004412756284074363,0.004577850990927548,7,equal7,True,"mlp.down_proj,mlp.gate_proj,mlp.up_proj,self_attn.k_proj,self_attn.o_proj,self_attn.q_proj,self_attn.v_proj",,958.7142857142857,966.7142857142857,958.7142857142857,-8.0,0.0075112673225156525,0.008275454411112753,"{""mlp.down_proj"": 2031.0, ""mlp.gate_proj"": 709.0, ""mlp.up_proj"": 1670.0, ""self_attn.k_proj"": 188.0, ""self_attn.o_proj"": 1157.0, ""self_attn.q_proj"": 309.0, ""self_attn.v_proj"": 703.0}","{""mlp.down_proj"": 2018.0, ""mlp.gate_proj"": 697.0, ""mlp.up_proj"": 1654.0, ""self_attn.k_proj"": 189.0, ""self_attn.o_proj"": 1148.0, ""self_attn.q_proj"": 305.0, ""self_attn.v_proj"": 700.0}","{""mlp.down_proj"": -13.0, ""mlp.gate_proj"": -12.0, ""mlp.up_proj"": -16.0, ""self_attn.k_proj"": 1.0, ""self_attn.o_proj"": -9.0, ""self_attn.q_proj"": -4.0, ""self_attn.v_proj"": -3.0}","{""mlp.down_proj"": 0.006400787789266372, ""mlp.gate_proj"": 0.01692524682651622, ""mlp.up_proj"": 0.009580838323353293, ""self_attn.k_proj"": -0.005319148936170213, ""self_attn.o_proj"": 0.007778738115816767, ""self_attn.q_proj"": 0.012944983818770227, ""self_attn.v_proj"": 0.004267425320056899}",0.0014793399524862588,-2.5999999999999996,284.6857142857144,False,True
llama,sft,40,E_if,E_ifeval,0.05,14,5,equal5_non_qk,True,"mlp.down_proj,mlp.gate_proj,mlp.up_proj,self_attn.o_proj,self_attn.v_proj","self_attn.q_proj,self_attn.k_proj",910.6,921.2,910.6,-10.6,0.013007968990041235,0.011506730351715178,"{""mlp.down_proj"": 1632.0, ""mlp.gate_proj"": 328.0, ""mlp.up_proj"": 1207.0, ""self_attn.o_proj"": 868.0, ""self_attn.v_proj"": 571.0}","{""mlp.down_proj"": 1617.0, ""mlp.gate_proj"": 320.0, ""mlp.up_proj"": 1190.0, ""self_attn.o_proj"": 859.0, ""self_attn.v_proj"": 567.0}","{""mlp.down_proj"": -15.0, ""mlp.gate_proj"": -8.0, ""mlp.up_proj"": -17.0, ""self_attn.o_proj"": -9.0, ""self_attn.v_proj"": -4.0}","{""mlp.down_proj"": 0.009191176470588236, ""mlp.gate_proj"": 0.024390243902439025, ""mlp.up_proj"": 0.014084507042253521, ""self_attn.o_proj"": 0.010368663594470046, ""self_attn.v_proj"": 0.0070052539404553416}",0.006297250793756483,0.0067107181962847515,7,equal7,True,"mlp.down_proj,mlp.gate_proj,mlp.up_proj,self_attn.k_proj,self_attn.o_proj,self_attn.q_proj,self_attn.v_proj",,683.5714285714286,691.2857142857143,683.5714285714286,-7.714285714285714,0.010349607479659082,0.011159330440173683,"{""mlp.down_proj"": 1632.0, ""mlp.gate_proj"": 328.0, ""mlp.up_proj"": 1207.0, ""self_attn.k_proj"": 98.0, ""self_attn.o_proj"": 868.0, ""self_attn.q_proj"": 135.0, ""self_attn.v_proj"": 571.0}","{""mlp.down_proj"": 1617.0, ""mlp.gate_proj"": 320.0, ""mlp.up_proj"": 1190.0, ""self_attn.k_proj"": 98.0, ""self_attn.o_proj"": 859.0, ""self_attn.q_proj"": 134.0, ""self_attn.v_proj"": 567.0}","{""mlp.down_proj"": -15.0, ""mlp.gate_proj"": -8.0, ""mlp.up_proj"": -17.0, ""self_attn.k_proj"": 0.0, ""self_attn.o_proj"": -9.0, ""self_attn.q_proj"": -1.0, ""self_attn.v_proj"": -4.0}","{""mlp.down_proj"": 0.009191176470588236, ""mlp.gate_proj"": 0.024390243902439025, ""mlp.up_proj"": 0.014084507042253521, ""self_attn.k_proj"": 0.0, ""self_attn.o_proj"": 0.010368663594470046, ""self_attn.q_proj"": 0.007407407407407408, ""self_attn.v_proj"": 0.0070052539404553416}",0.002658361510382153,-2.8857142857142852,227.02857142857147,False,True
llama,sft,40,E_if,E_ifeval,0.1,14,5,equal5_non_qk,True,"mlp.down_proj,mlp.gate_proj,mlp.up_proj,self_attn.o_proj,self_attn.v_proj","self_attn.q_proj,self_attn.k_proj",583.6,592.8,583.6,-9.2,0.0177669914218217,0.015519568151146985,"{""mlp.down_proj"": 1166.0, ""mlp.gate_proj"": 96.0, ""mlp.up_proj"": 722.0, ""self_attn.o_proj"": 572.0, ""self_attn.v_proj"": 408.0}","{""mlp.down_proj"": 1150.0, ""mlp.gate_proj"": 93.0, ""mlp.up_proj"": 707.0, ""self_attn.o_proj"": 563.0, ""self_attn.v_proj"": 405.0}","{""mlp.down_proj"": -16.0, ""mlp.gate_proj"": -3.0, ""mlp.up_proj"": -15.0, ""self_attn.o_proj"": -9.0, ""self_attn.v_proj"": -3.0}","{""mlp.down_proj"": 0.0137221269296741, ""mlp.gate_proj"": 0.03125, ""mlp.up_proj"": 0.02077562326869806, ""self_attn.o_proj"": 0.015734265734265736, ""self_attn.v_proj"": 0.007352941176470588}",0.009427196205305332,0.008339795216516366,7,equal7,True,"mlp.down_proj,mlp.gate_proj,mlp.up_proj,self_attn.k_proj,self_attn.o_proj,self_attn.q_proj,self_attn.v_proj",,429.2857142857143,435.7142857142857,429.2857142857143,-6.428571428571429,0.009289347614226383,0.014754098360655775,"{""mlp.down_proj"": 1166.0, ""mlp.gate_proj"": 96.0, ""mlp.up_proj"": 722.0, ""self_attn.k_proj"": 42.0, ""self_attn.o_proj"": 572.0, ""self_attn.q_proj"": 44.0, ""self_attn.v_proj"": 408.0}","{""mlp.down_proj"": 1150.0, ""mlp.gate_proj"": 93.0, ""mlp.up_proj"": 707.0, ""self_attn.k_proj"": 43.0, ""self_attn.o_proj"": 563.0, ""self_attn.q_proj"": 44.0, ""self_attn.v_proj"": 405.0}","{""mlp.down_proj"": -16.0, ""mlp.gate_proj"": -3.0, ""mlp.up_proj"": -15.0, ""self_attn.k_proj"": 1.0, ""self_attn.o_proj"": -9.0, ""self_attn.q_proj"": 0.0, ""self_attn.v_proj"": -3.0}","{""mlp.down_proj"": 0.0137221269296741, ""mlp.gate_proj"": 0.03125, ""mlp.up_proj"": 0.02077562326869806, ""self_attn.k_proj"": -0.023809523809523808, ""self_attn.o_proj"": 0.015734265734265736, ""self_attn.q_proj"": 0.0, ""self_attn.v_proj"": 0.007352941176470588}",0.008477643807595315,-2.7714285714285705,154.31428571428575,False,True
llama,sft,40,E_math,E_mathHeld,0.01,14,5,equal5_non_qk,True,"mlp.down_proj,mlp.gate_proj,mlp.up_proj,self_attn.o_proj,self_attn.v_proj","self_attn.q_proj,self_attn.k_proj",843.6,851.6,843.6,-8.0,0.00980428965725438,0.009394081728511038,"{""mlp.down_proj"": 1162.0, ""mlp.gate_proj"": 587.0, ""mlp.up_proj"": 1022.0, ""self_attn.o_proj"": 828.0, ""self_attn.v_proj"": 659.0}","{""mlp.down_proj"": 1154.0, ""mlp.gate_proj"": 578.0, ""mlp.up_proj"": 1011.0, ""self_attn.o_proj"": 821.0, ""self_attn.v_proj"": 654.0}","{""mlp.down_proj"": -8.0, ""mlp.gate_proj"": -9.0, ""mlp.up_proj"": -11.0, ""self_attn.o_proj"": -7.0, ""self_attn.v_proj"": -5.0}","{""mlp.down_proj"": 0.0068846815834767644, ""mlp.gate_proj"": 0.015332197614991482, ""mlp.up_proj"": 0.010763209393346379, ""self_attn.o_proj"": 0.008454106280193236, ""self_attn.v_proj"": 0.007587253414264037}",0.0029527066011703043,0.006851583056084076,7,equal7,True,"mlp.down_proj,mlp.gate_proj,mlp.up_proj,self_attn.k_proj,self_attn.o_proj,self_attn.q_proj,self_attn.v_proj",,694.7142857142857,701.7142857142857,694.7142857142857,-7.0,0.010646974903306747,0.00997557003257329,"{""mlp.down_proj"": 1162.0, ""mlp.gate_proj"": 587.0, ""mlp.up_proj"": 1022.0, ""self_attn.k_proj"": 263.0, ""self_attn.o_proj"": 828.0, ""self_attn.q_proj"": 391.0, ""self_attn.v_proj"": 659.0}","{""mlp.down_proj"": 1154.0, ""mlp.gate_proj"": 578.0, ""mlp.up_proj"": 1011.0, ""self_attn.k_proj"": 261.0, ""self_attn.o_proj"": 821.0, ""self_attn.q_proj"": 384.0, ""self_attn.v_proj"": 654.0}","{""mlp.down_proj"": -8.0, ""mlp.gate_proj"": -9.0, ""mlp.up_proj"": -11.0, ""self_attn.k_proj"": -2.0, ""self_attn.o_proj"": -7.0, ""self_attn.q_proj"": -7.0, ""self_attn.v_proj"": -5.0}","{""mlp.down_proj"": 0.0068846815834767644, ""mlp.gate_proj"": 0.015332197614991482, ""mlp.up_proj"": 0.010763209393346379, ""self_attn.k_proj"": 0.0076045627376425855, ""self_attn.o_proj"": 0.008454106280193236, ""self_attn.q_proj"": 0.017902813299232736, ""self_attn.v_proj"": 0.007587253414264037}",-0.000842685246052367,-1.0,148.88571428571436,False,True
llama,sft,40,E_math,E_mathHeld,0.025,14,5,equal5_non_qk,True,"mlp.down_proj,mlp.gate_proj,mlp.up_proj,self_attn.o_proj,self_attn.v_proj","self_attn.q_proj,self_attn.k_proj",614.0,621.6,614.0,-7.6,0.013165857973288217,0.012226512226512262,"{""mlp.down_proj"": 912.0, ""mlp.gate_proj"": 322.0, ""mlp.up_proj"": 751.0, ""self_attn.o_proj"": 607.0, ""self_attn.v_proj"": 516.0}","{""mlp.down_proj"": 903.0, ""mlp.gate_proj"": 315.0, ""mlp.up_proj"": 740.0, ""self_attn.o_proj"": 601.0, ""self_attn.v_proj"": 511.0}","{""mlp.down_proj"": -9.0, ""mlp.gate_proj"": -7.0, ""mlp.up_proj"": -11.0, ""self_attn.o_proj"": -6.0, ""self_attn.v_proj"": -5.0}","{""mlp.down_proj"": 0.009868421052631578, ""mlp.gate_proj"": 0.021739130434782608, ""mlp.up_proj"": 0.014647137150466045, ""self_attn.o_proj"": 0.009884678747940691, ""self_attn.v_proj"": 0.009689922480620155}",0.004412756284074363,0.008753101689213854,7,equal7,True,"mlp.down_proj,mlp.gate_proj,mlp.up_proj,self_attn.k_proj,self_attn.o_proj,self_attn.q_proj,self_attn.v_proj",,488.85714285714283,495.14285714285717,488.85714285714283,-6.285714285714286,0.013790631153081327,0.012694748990190519,"{""mlp.down_proj"": 912.0, ""mlp.gate_proj"": 322.0, ""mlp.up_proj"": 751.0, ""self_attn.k_proj"": 150.0, ""self_attn.o_proj"": 607.0, ""self_attn.q_proj"": 208.0, ""self_attn.v_proj"": 516.0}","{""mlp.down_proj"": 903.0, ""mlp.gate_proj"": 315.0, ""mlp.up_proj"": 740.0, ""self_attn.k_proj"": 149.0, ""self_attn.o_proj"": 601.0, ""self_attn.q_proj"": 203.0, ""self_attn.v_proj"": 511.0}","{""mlp.down_proj"": -9.0, ""mlp.gate_proj"": -7.0, ""mlp.up_proj"": -11.0, ""self_attn.k_proj"": -1.0, ""self_attn.o_proj"": -6.0, ""self_attn.q_proj"": -5.0, ""self_attn.v_proj"": -5.0}","{""mlp.down_proj"": 0.009868421052631578, ""mlp.gate_proj"": 0.021739130434782608, ""mlp.up_proj"": 0.014647137150466045, ""self_attn.k_proj"": 0.006666666666666667, ""self_attn.o_proj"": 0.009884678747940691, ""self_attn.q_proj"": 0.02403846153846154, ""self_attn.v_proj"": 0.009689922480620155}",-0.0006247731797931096,-1.314285714285714,125.14285714285717,False,True
llama,sft,40,E_math,E_mathHeld,0.05,14,5,equal5_non_qk,True,"mlp.down_proj,mlp.gate_proj,mlp.up_proj,self_attn.o_proj,self_attn.v_proj","self_attn.q_proj,self_attn.k_proj",440.0,446.2,440.0,-6.2,0.015502996677557479,0.013895114298520818,"{""mlp.down_proj"": 701.0, ""mlp.gate_proj"": 158.0, ""mlp.up_proj"": 534.0, ""self_attn.o_proj"": 441.0, ""self_attn.v_proj"": 397.0}","{""mlp.down_proj"": 693.0, ""mlp.gate_proj"": 154.0, ""mlp.up_proj"": 525.0, ""self_attn.o_proj"": 436.0, ""self_attn.v_proj"": 392.0}","{""mlp.down_proj"": -8.0, ""mlp.gate_proj"": -4.0, ""mlp.up_proj"": -9.0, ""self_attn.o_proj"": -5.0, ""self_attn.v_proj"": -5.0}","{""mlp.down_proj"": 0.011412268188302425, ""mlp.gate_proj"": 0.02531645569620253, ""mlp.up_proj"": 0.016853932584269662, ""self_attn.o_proj"": 0.011337868480725623, ""self_attn.v_proj"": 0.012594458438287154}",0.006297250793756483,0.009205745883800995,7,equal7,True,"mlp.down_proj,mlp.gate_proj,mlp.up_proj,self_attn.k_proj,self_attn.o_proj,self_attn.q_proj,self_attn.v_proj",,340.42857142857144,345.42857142857144,340.42857142857144,-5.0,0.01693513698354033,0.014474772539288668,"{""mlp.down_proj"": 701.0, ""mlp.gate_proj"": 158.0, ""mlp.up_proj"": 534.0, ""self_attn.k_proj"": 84.0, ""self_attn.o_proj"": 441.0, ""self_attn.q_proj"": 103.0, ""self_attn.v_proj"": 397.0}","{""mlp.down_proj"": 693.0, ""mlp.gate_proj"": 154.0, ""mlp.up_proj"": 525.0, ""self_attn.k_proj"": 83.0, ""self_attn.o_proj"": 436.0, ""self_attn.q_proj"": 100.0, ""self_attn.v_proj"": 392.0}","{""mlp.down_proj"": -8.0, ""mlp.gate_proj"": -4.0, ""mlp.up_proj"": -9.0, ""self_attn.k_proj"": -1.0, ""self_attn.o_proj"": -5.0, ""self_attn.q_proj"": -3.0, ""self_attn.v_proj"": -5.0}","{""mlp.down_proj"": 0.011412268188302425, ""mlp.gate_proj"": 0.02531645569620253, ""mlp.up_proj"": 0.016853932584269662, ""self_attn.k_proj"": 0.011904761904761904, ""self_attn.o_proj"": 0.011337868480725623, ""self_attn.q_proj"": 0.02912621359223301, ""self_attn.v_proj"": 0.012594458438287154}",-0.0014321403059828503,-1.2000000000000002,99.57142857142856,False,True
llama,sft,40,E_math,E_mathHeld,0.1,14,5,equal5_non_qk,True,"mlp.down_proj,mlp.gate_proj,mlp.up_proj,self_attn.o_proj,self_attn.v_proj","self_attn.q_proj,self_attn.k_proj",278.2,283.2,278.2,-5.0,0.021796414765358863,0.01765536723163842,"{""mlp.down_proj"": 483.0, ""mlp.gate_proj"": 49.0, ""mlp.up_proj"": 325.0, ""self_attn.o_proj"": 286.0, ""self_attn.v_proj"": 273.0}","{""mlp.down_proj"": 476.0, ""mlp.gate_proj"": 47.0, ""mlp.up_proj"": 318.0, ""self_attn.o_proj"": 281.0, ""self_attn.v_proj"": 269.0}","{""mlp.down_proj"": -7.0, ""mlp.gate_proj"": -2.0, ""mlp.up_proj"": -7.0, ""self_attn.o_proj"": -5.0, ""self_attn.v_proj"": -4.0}","{""mlp.down_proj"": 0.014492753623188406, ""mlp.gate_proj"": 0.04081632653061224, ""mlp.up_proj"": 0.021538461538461538, ""self_attn.o_proj"": 0.017482517482517484, ""self_attn.v_proj"": 0.014652014652014652}",0.009427196205305332,0.01236921856005353,7,equal7,True,"mlp.down_proj,mlp.gate_proj,mlp.up_proj,self_attn.k_proj,self_attn.o_proj,self_attn.q_proj,self_attn.v_proj",,209.42857142857142,213.14285714285714,209.42857142857142,-3.7142857142857144,0.01932826618578265,0.01742627345844508,"{""mlp.down_proj"": 483.0, ""mlp.gate_proj"": 49.0, ""mlp.up_proj"": 325.0, ""self_attn.k_proj"": 38.0, ""self_attn.o_proj"": 286.0, ""self_attn.q_proj"": 38.0, ""self_attn.v_proj"": 273.0}","{""mlp.down_proj"": 476.0, ""mlp.gate_proj"": 47.0, ""mlp.up_proj"": 318.0, ""self_attn.k_proj"": 38.0, ""self_attn.o_proj"": 281.0, ""self_attn.q_proj"": 37.0, ""self_attn.v_proj"": 269.0}","{""mlp.down_proj"": -7.0, ""mlp.gate_proj"": -2.0, ""mlp.up_proj"": -7.0, ""self_attn.k_proj"": 0.0, ""self_attn.o_proj"": -5.0, ""self_attn.q_proj"": -1.0, ""self_attn.v_proj"": -4.0}","{""mlp.down_proj"": 0.014492753623188406, ""mlp.gate_proj"": 0.04081632653061224, ""mlp.up_proj"": 0.021538461538461538, ""self_attn.k_proj"": 0.0, ""self_attn.o_proj"": 0.017482517482517484, ""self_attn.q_proj"": 0.02631578947368421, ""self_attn.v_proj"": 0.014652014652014652}",0.0024681485795762133,-1.2857142857142856,68.77142857142857,False,True
llama,sft,40,E_ood,E_mmluPro,0.01,14,5,equal5_non_qk,True,"mlp.down_proj,mlp.gate_proj,mlp.up_proj,self_attn.o_proj,self_attn.v_proj","self_attn.q_proj,self_attn.k_proj",1686.0,1694.2,1686.0,-8.2,0.005058745404998483,0.004840042497934155,"{""mlp.down_proj"": 2452.0, ""mlp.gate_proj"": 1352.0, ""mlp.up_proj"": 2263.0, ""self_attn.o_proj"": 1556.0, ""self_attn.v_proj"": 848.0}","{""mlp.down_proj"": 2447.0, ""mlp.gate_proj"": 1337.0, ""mlp.up_proj"": 2251.0, ""self_attn.o_proj"": 1549.0, ""self_attn.v_proj"": 846.0}","{""mlp.down_proj"": -5.0, ""mlp.gate_proj"": -15.0, ""mlp.up_proj"": -12.0, ""self_attn.o_proj"": -7.0, ""self_attn.v_proj"": -2.0}","{""mlp.down_proj"": 0.0020391517128874386, ""mlp.gate_proj"": 0.011094674556213017, ""mlp.up_proj"": 0.005302695536897923, ""self_attn.o_proj"": 0.004498714652956298, ""self_attn.v_proj"": 0.0023584905660377358}",0.0029527066011703043,0.0021060388038281782,7,equal7,True,"mlp.down_proj,mlp.gate_proj,mlp.up_proj,self_attn.k_proj,self_attn.o_proj,self_attn.q_proj,self_attn.v_proj",,1337.7142857142858,1343.5714285714287,1337.7142857142858,-5.857142857142857,0.003613389574998916,0.004359383306751751,"{""mlp.down_proj"": 2452.0, ""mlp.gate_proj"": 1352.0, ""mlp.up_proj"": 2263.0, ""self_attn.k_proj"": 331.0, ""self_attn.o_proj"": 1556.0, ""self_attn.q_proj"": 603.0, ""self_attn.v_proj"": 848.0}","{""mlp.down_proj"": 2447.0, ""mlp.gate_proj"": 1337.0, ""mlp.up_proj"": 2251.0, ""self_attn.k_proj"": 331.0, ""self_attn.o_proj"": 1549.0, ""self_attn.q_proj"": 603.0, ""self_attn.v_proj"": 846.0}","{""mlp.down_proj"": -5.0, ""mlp.gate_proj"": -15.0, ""mlp.up_proj"": -12.0, ""self_attn.k_proj"": 0.0, ""self_attn.o_proj"": -7.0, ""self_attn.q_proj"": 0.0, ""self_attn.v_proj"": -2.0}","{""mlp.down_proj"": 0.0020391517128874386, ""mlp.gate_proj"": 0.011094674556213017, ""mlp.up_proj"": 0.005302695536897923, ""self_attn.k_proj"": 0.0, ""self_attn.o_proj"": 0.004498714652956298, ""self_attn.q_proj"": 0.0, ""self_attn.v_proj"": 0.0023584905660377358}",0.0014453558299995666,-2.3428571428571425,348.2857142857142,False,True
llama,sft,40,E_ood,E_mmluPro,0.025,14,5,equal5_non_qk,True,"mlp.down_proj,mlp.gate_proj,mlp.up_proj,self_attn.o_proj,self_attn.v_proj","self_attn.q_proj,self_attn.k_proj",1287.6,1296.6,1287.6,-9.0,0.007926843111490885,0.006941230911614993,"{""mlp.down_proj"": 2058.0, ""mlp.gate_proj"": 731.0, ""mlp.up_proj"": 1775.0, ""self_attn.o_proj"": 1191.0, ""self_attn.v_proj"": 728.0}","{""mlp.down_proj"": 2051.0, ""mlp.gate_proj"": 718.0, ""mlp.up_proj"": 1760.0, ""self_attn.o_proj"": 1184.0, ""self_attn.v_proj"": 725.0}","{""mlp.down_proj"": -7.0, ""mlp.gate_proj"": -13.0, ""mlp.up_proj"": -15.0, ""self_attn.o_proj"": -7.0, ""self_attn.v_proj"": -3.0}","{""mlp.down_proj"": 0.003401360544217687, ""mlp.gate_proj"": 0.017783857729138167, ""mlp.up_proj"": 0.008450704225352112, ""self_attn.o_proj"": 0.005877413937867338, ""self_attn.v_proj"": 0.004120879120879121}",0.004412756284074363,0.003514086827416522,7,equal7,True,"mlp.down_proj,mlp.gate_proj,mlp.up_proj,self_attn.k_proj,self_attn.o_proj,self_attn.q_proj,self_attn.v_proj",,986.5714285714286,992.7142857142857,986.5714285714286,-6.142857142857143,0.00436343082959176,0.006187940710893621,"{""mlp.down_proj"": 2058.0, ""mlp.gate_proj"": 731.0, ""mlp.up_proj"": 1775.0, ""self_attn.k_proj"": 178.0, ""self_attn.o_proj"": 1191.0, ""self_attn.q_proj"": 288.0, ""self_attn.v_proj"": 728.0}","{""mlp.down_proj"": 2051.0, ""mlp.gate_proj"": 718.0, ""mlp.up_proj"": 1760.0, ""self_attn.k_proj"": 179.0, ""self_attn.o_proj"": 1184.0, ""self_attn.q_proj"": 289.0, ""self_attn.v_proj"": 725.0}","{""mlp.down_proj"": -7.0, ""mlp.gate_proj"": -13.0, ""mlp.up_proj"": -15.0, ""self_attn.k_proj"": 1.0, ""self_attn.o_proj"": -7.0, ""self_attn.q_proj"": 1.0, ""self_attn.v_proj"": -3.0}","{""mlp.down_proj"": 0.003401360544217687, ""mlp.gate_proj"": 0.017783857729138167, ""mlp.up_proj"": 0.008450704225352112, ""self_attn.k_proj"": -0.0056179775280898875, ""self_attn.o_proj"": 0.005877413937867338, ""self_attn.q_proj"": -0.003472222222222222, ""self_attn.v_proj"": 0.004120879120879121}",0.0035634122818991257,-2.8571428571428568,301.02857142857135,False,True
llama,sft,40,E_ood,E_mmluPro,0.05,14,5,equal5_non_qk,True,"mlp.down_proj,mlp.gate_proj,mlp.up_proj,self_attn.o_proj,self_attn.v_proj","self_attn.q_proj,self_attn.k_proj",953.2,961.6,953.2,-8.4,0.010813852794663136,0.008735440931780343,"{""mlp.down_proj"": 1669.0, ""mlp.gate_proj"": 327.0, ""mlp.up_proj"": 1319.0, ""self_attn.o_proj"": 891.0, ""self_attn.v_proj"": 602.0}","{""mlp.down_proj"": 1660.0, ""mlp.gate_proj"": 319.0, ""mlp.up_proj"": 1304.0, ""self_attn.o_proj"": 884.0, ""self_attn.v_proj"": 599.0}","{""mlp.down_proj"": -9.0, ""mlp.gate_proj"": -8.0, ""mlp.up_proj"": -15.0, ""self_attn.o_proj"": -7.0, ""self_attn.v_proj"": -3.0}","{""mlp.down_proj"": 0.005392450569203115, ""mlp.gate_proj"": 0.024464831804281346, ""mlp.up_proj"": 0.011372251705837756, ""self_attn.o_proj"": 0.007856341189674524, ""self_attn.v_proj"": 0.0049833887043189366}",0.006297250793756483,0.004516602000906653,7,equal7,True,"mlp.down_proj,mlp.gate_proj,mlp.up_proj,self_attn.k_proj,self_attn.o_proj,self_attn.q_proj,self_attn.v_proj",,711.5714285714286,717.4285714285714,711.5714285714286,-5.857142857142857,0.006154321854900669,0.00816407805655122,"{""mlp.down_proj"": 1669.0, ""mlp.gate_proj"": 327.0, ""mlp.up_proj"": 1319.0, ""self_attn.k_proj"": 91.0, ""self_attn.o_proj"": 891.0, ""self_attn.q_proj"": 123.0, ""self_attn.v_proj"": 602.0}","{""mlp.down_proj"": 1660.0, ""mlp.gate_proj"": 319.0, ""mlp.up_proj"": 1304.0, ""self_attn.k_proj"": 92.0, ""self_attn.o_proj"": 884.0, ""self_attn.q_proj"": 123.0, ""self_attn.v_proj"": 599.0}","{""mlp.down_proj"": -9.0, ""mlp.gate_proj"": -8.0, ""mlp.up_proj"": -15.0, ""self_attn.k_proj"": 1.0, ""self_attn.o_proj"": -7.0, ""self_attn.q_proj"": 0.0, ""self_attn.v_proj"": -3.0}","{""mlp.down_proj"": 0.005392450569203115, ""mlp.gate_proj"": 0.024464831804281346, ""mlp.up_proj"": 0.011372251705837756, ""self_attn.k_proj"": -0.01098901098901099, ""self_attn.o_proj"": 0.007856341189674524, ""self_attn.q_proj"": 0.0, ""self_attn.v_proj"": 0.0049833887043189366}",0.004659530939762467,-2.5428571428571436,241.6285714285715,False,True
llama,sft,40,E_ood,E_mmluPro,0.1,14,5,equal5_non_qk,True,"mlp.down_proj,mlp.gate_proj,mlp.up_proj,self_attn.o_proj,self_attn.v_proj","self_attn.q_proj,self_attn.k_proj",623.6,630.6,623.6,-7.0,0.013538644200420804,0.011100539169045354,"{""mlp.down_proj"": 1213.0, ""mlp.gate_proj"": 83.0, ""mlp.up_proj"": 825.0, ""self_attn.o_proj"": 586.0, ""self_attn.v_proj"": 446.0}","{""mlp.down_proj"": 1204.0, ""mlp.gate_proj"": 81.0, ""mlp.up_proj"": 811.0, ""self_attn.o_proj"": 580.0, ""self_attn.v_proj"": 442.0}","{""mlp.down_proj"": -9.0, ""mlp.gate_proj"": -2.0, ""mlp.up_proj"": -14.0, ""self_attn.o_proj"": -6.0, ""self_attn.v_proj"": -4.0}","{""mlp.down_proj"": 0.00741962077493817, ""mlp.gate_proj"": 0.024096385542168676, ""mlp.up_proj"": 0.01696969696969697, ""self_attn.o_proj"": 0.010238907849829351, ""self_attn.v_proj"": 0.008968609865470852}",0.009427196205305332,0.004111447995115472,7,equal7,True,"mlp.down_proj,mlp.gate_proj,mlp.up_proj,self_attn.k_proj,self_attn.o_proj,self_attn.q_proj,self_attn.v_proj",,457.0,461.85714285714283,457.0,-4.857142857142857,0.006007456480154054,0.010516548097741983,"{""mlp.down_proj"": 1213.0, ""mlp.gate_proj"": 83.0, ""mlp.up_proj"": 825.0, ""self_attn.k_proj"": 39.0, ""self_attn.o_proj"": 586.0, ""self_attn.q_proj"": 41.0, ""self_attn.v_proj"": 446.0}","{""mlp.down_proj"": 1204.0, ""mlp.gate_proj"": 81.0, ""mlp.up_proj"": 811.0, ""self_attn.k_proj"": 40.0, ""self_attn.o_proj"": 580.0, ""self_attn.q_proj"": 41.0, ""self_attn.v_proj"": 442.0}","{""mlp.down_proj"": -9.0, ""mlp.gate_proj"": -2.0, ""mlp.up_proj"": -14.0, ""self_attn.k_proj"": 1.0, ""self_attn.o_proj"": -6.0, ""self_attn.q_proj"": 0.0, ""self_attn.v_proj"": -4.0}","{""mlp.down_proj"": 0.00741962077493817, ""mlp.gate_proj"": 0.024096385542168676, ""mlp.up_proj"": 0.01696969696969697, ""self_attn.k_proj"": -0.02564102564102564, ""self_attn.o_proj"": 0.010238907849829351, ""self_attn.q_proj"": 0.0, ""self_attn.v_proj"": 0.008968609865470852}",0.00753118772026675,-2.1428571428571432,166.60000000000002,False,True
llama,sft,80,E_general,E_general,0.01,14,5,equal5_non_qk,True,"mlp.down_proj,mlp.gate_proj,mlp.up_proj,self_attn.o_proj,self_attn.v_proj","self_attn.q_proj,self_attn.k_proj",1731.4,1737.8,1731.4,-6.4,0.0039425819450123155,0.0036828173552767083,"{""mlp.down_proj"": 2529.0, ""mlp.gate_proj"": 1399.0, ""mlp.up_proj"": 2314.0, ""self_attn.o_proj"": 1584.0, ""self_attn.v_proj"": 863.0}","{""mlp.down_proj"": 2526.0, ""mlp.gate_proj"": 1386.0, ""mlp.up_proj"": 2307.0, ""self_attn.o_proj"": 1576.0, ""self_attn.v_proj"": 862.0}","{""mlp.down_proj"": -3.0, ""mlp.gate_proj"": -13.0, ""mlp.up_proj"": -7.0, ""self_attn.o_proj"": -8.0, ""self_attn.v_proj"": -1.0}","{""mlp.down_proj"": 0.0011862396204033216, ""mlp.gate_proj"": 0.009292351679771264, ""mlp.up_proj"": 0.003025064822817632, ""self_attn.o_proj"": 0.005050505050505051, ""self_attn.v_proj"": 0.0011587485515643105}",0.0039425819450123155,0.0,7,equal7,True,"mlp.down_proj,mlp.gate_proj,mlp.up_proj,self_attn.k_proj,self_attn.o_proj,self_attn.q_proj,self_attn.v_proj",,1388.4285714285713,1393.7142857142858,1388.4285714285713,-5.285714285714286,0.004022846173219642,0.0037925379253793703,"{""mlp.down_proj"": 2529.0, ""mlp.gate_proj"": 1399.0, ""mlp.up_proj"": 2314.0, ""self_attn.k_proj"": 375.0, ""self_attn.o_proj"": 1584.0, ""self_attn.q_proj"": 692.0, ""self_attn.v_proj"": 863.0}","{""mlp.down_proj"": 2526.0, ""mlp.gate_proj"": 1386.0, ""mlp.up_proj"": 2307.0, ""self_attn.k_proj"": 374.0, ""self_attn.o_proj"": 1576.0, ""self_attn.q_proj"": 688.0, ""self_attn.v_proj"": 862.0}","{""mlp.down_proj"": -3.0, ""mlp.gate_proj"": -13.0, ""mlp.up_proj"": -7.0, ""self_attn.k_proj"": -1.0, ""self_attn.o_proj"": -8.0, ""self_attn.q_proj"": -4.0, ""self_attn.v_proj"": -1.0}","{""mlp.down_proj"": 0.0011862396204033216, ""mlp.gate_proj"": 0.009292351679771264, ""mlp.up_proj"": 0.003025064822817632, ""self_attn.k_proj"": 0.0026666666666666666, ""self_attn.o_proj"": 0.005050505050505051, ""self_attn.q_proj"": 0.005780346820809248, ""self_attn.v_proj"": 0.0011587485515643105}",-8.026422820732633e-05,-1.1142857142857148,342.97142857142876,False,True
llama,sft,80,E_general,E_general,0.025,14,5,equal5_non_qk,True,"mlp.down_proj,mlp.gate_proj,mlp.up_proj,self_attn.o_proj,self_attn.v_proj","self_attn.q_proj,self_attn.k_proj",1351.0,1358.4,1351.0,-7.4,0.006481195368436668,0.0054475853945819275,"{""mlp.down_proj"": 2167.0, ""mlp.gate_proj"": 784.0, ""mlp.up_proj"": 1852.0, ""self_attn.o_proj"": 1238.0, ""self_attn.v_proj"": 751.0}","{""mlp.down_proj"": 2162.0, ""mlp.gate_proj"": 772.0, ""mlp.up_proj"": 1843.0, ""self_attn.o_proj"": 1229.0, ""self_attn.v_proj"": 749.0}","{""mlp.down_proj"": -5.0, ""mlp.gate_proj"": -12.0, ""mlp.up_proj"": -9.0, ""self_attn.o_proj"": -9.0, ""self_attn.v_proj"": -2.0}","{""mlp.down_proj"": 0.0023073373327180432, ""mlp.gate_proj"": 0.015306122448979591, ""mlp.up_proj"": 0.004859611231101512, ""self_attn.o_proj"": 0.007269789983844911, ""self_attn.v_proj"": 0.002663115845539281}",0.006481195368436668,0.0,7,equal7,True,"mlp.down_proj,mlp.gate_proj,mlp.up_proj,self_attn.k_proj,self_attn.o_proj,self_attn.q_proj,self_attn.v_proj",,1045.0,1050.7142857142858,1045.0,-5.714285714285714,0.0058504264841702696,0.005438477226376676,"{""mlp.down_proj"": 2167.0, ""mlp.gate_proj"": 784.0, ""mlp.up_proj"": 1852.0, ""self_attn.k_proj"": 212.0, ""self_attn.o_proj"": 1238.0, ""self_attn.q_proj"": 351.0, ""self_attn.v_proj"": 751.0}","{""mlp.down_proj"": 2162.0, ""mlp.gate_proj"": 772.0, ""mlp.up_proj"": 1843.0, ""self_attn.k_proj"": 212.0, ""self_attn.o_proj"": 1229.0, ""self_attn.q_proj"": 348.0, ""self_attn.v_proj"": 749.0}","{""mlp.down_proj"": -5.0, ""mlp.gate_proj"": -12.0, ""mlp.up_proj"": -9.0, ""self_attn.k_proj"": 0.0, ""self_attn.o_proj"": -9.0, ""self_attn.q_proj"": -3.0, ""self_attn.v_proj"": -2.0}","{""mlp.down_proj"": 0.0023073373327180432, ""mlp.gate_proj"": 0.015306122448979591, ""mlp.up_proj"": 0.004859611231101512, ""self_attn.k_proj"": 0.0, ""self_attn.o_proj"": 0.007269789983844911, ""self_attn.q_proj"": 0.008547008547008548, ""self_attn.v_proj"": 0.002663115845539281}",0.0006307688842663983,-1.685714285714286,306.0,False,True
llama,sft,80,E_general,E_general,0.05,14,5,equal5_non_qk,True,"mlp.down_proj,mlp.gate_proj,mlp.up_proj,self_attn.o_proj,self_attn.v_proj","self_attn.q_proj,self_attn.k_proj",1026.2,1033.4,1026.2,-7.2,0.00949436856516793,0.006967292432746318,"{""mlp.down_proj"": 1802.0, ""mlp.gate_proj"": 368.0, ""mlp.up_proj"": 1412.0, ""self_attn.o_proj"": 954.0, ""self_attn.v_proj"": 631.0}","{""mlp.down_proj"": 1796.0, ""mlp.gate_proj"": 359.0, ""mlp.up_proj"": 1402.0, ""self_attn.o_proj"": 945.0, ""self_attn.v_proj"": 629.0}","{""mlp.down_proj"": -6.0, ""mlp.gate_proj"": -9.0, ""mlp.up_proj"": -10.0, ""self_attn.o_proj"": -9.0, ""self_attn.v_proj"": -2.0}","{""mlp.down_proj"": 0.003329633740288568, ""mlp.gate_proj"": 0.024456521739130436, ""mlp.up_proj"": 0.007082152974504249, ""self_attn.o_proj"": 0.009433962264150943, ""self_attn.v_proj"": 0.003169572107765452}",0.00949436856516793,0.0,7,equal7,True,"mlp.down_proj,mlp.gate_proj,mlp.up_proj,self_attn.k_proj,self_attn.o_proj,self_attn.q_proj,self_attn.v_proj",,771.1428571428571,776.2857142857143,771.1428571428571,-5.142857142857143,0.006410441461012435,0.00662495399337515,"{""mlp.down_proj"": 1802.0, ""mlp.gate_proj"": 368.0, ""mlp.up_proj"": 1412.0, ""self_attn.k_proj"": 111.0, ""self_attn.o_proj"": 954.0, ""self_attn.q_proj"": 156.0, ""self_attn.v_proj"": 631.0}","{""mlp.down_proj"": 1796.0, ""mlp.gate_proj"": 359.0, ""mlp.up_proj"": 1402.0, ""self_attn.k_proj"": 112.0, ""self_attn.o_proj"": 945.0, ""self_attn.q_proj"": 155.0, ""self_attn.v_proj"": 629.0}","{""mlp.down_proj"": -6.0, ""mlp.gate_proj"": -9.0, ""mlp.up_proj"": -10.0, ""self_attn.k_proj"": 1.0, ""self_attn.o_proj"": -9.0, ""self_attn.q_proj"": -1.0, ""self_attn.v_proj"": -2.0}","{""mlp.down_proj"": 0.003329633740288568, ""mlp.gate_proj"": 0.024456521739130436, ""mlp.up_proj"": 0.007082152974504249, ""self_attn.k_proj"": -0.009009009009009009, ""self_attn.o_proj"": 0.009433962264150943, ""self_attn.q_proj"": 0.00641025641025641, ""self_attn.v_proj"": 0.003169572107765452}",0.0030839271041554943,-2.057142857142857,255.05714285714294,False,True
llama,sft,80,E_general,E_general,0.1,14,5,equal5_non_qk,True,"mlp.down_proj,mlp.gate_proj,mlp.up_proj,self_attn.o_proj,self_attn.v_proj","self_attn.q_proj,self_attn.k_proj",698.2,704.6,698.2,-6.4,0.013335415475038147,0.009083167754754437,"{""mlp.down_proj"": 1362.0, ""mlp.gate_proj"": 100.0, ""mlp.up_proj"": 923.0, ""self_attn.o_proj"": 659.0, ""self_attn.v_proj"": 479.0}","{""mlp.down_proj"": 1356.0, ""mlp.gate_proj"": 97.0, ""mlp.up_proj"": 913.0, ""self_attn.o_proj"": 649.0, ""self_attn.v_proj"": 476.0}","{""mlp.down_proj"": -6.0, ""mlp.gate_proj"": -3.0, ""mlp.up_proj"": -10.0, ""self_attn.o_proj"": -10.0, ""self_attn.v_proj"": -3.0}","{""mlp.down_proj"": 0.004405286343612335, ""mlp.gate_proj"": 0.03, ""mlp.up_proj"": 0.010834236186348862, ""self_attn.o_proj"": 0.015174506828528073, ""self_attn.v_proj"": 0.006263048016701462}",0.013335415475038147,0.0,7,equal7,True,"mlp.down_proj,mlp.gate_proj,mlp.up_proj,self_attn.k_proj,self_attn.o_proj,self_attn.q_proj,self_attn.v_proj",,512.5714285714286,517.2857142857143,512.5714285714286,-4.714285714285714,0.012382439625027249,0.009113504556752403,"{""mlp.down_proj"": 1362.0, ""mlp.gate_proj"": 100.0, ""mlp.up_proj"": 923.0, ""self_attn.k_proj"": 48.0, ""self_attn.o_proj"": 659.0, ""self_attn.q_proj"": 50.0, ""self_attn.v_proj"": 479.0}","{""mlp.down_proj"": 1356.0, ""mlp.gate_proj"": 97.0, ""mlp.up_proj"": 913.0, ""self_attn.k_proj"": 48.0, ""self_attn.o_proj"": 649.0, ""self_attn.q_proj"": 49.0, ""self_attn.v_proj"": 476.0}","{""mlp.down_proj"": -6.0, ""mlp.gate_proj"": -3.0, ""mlp.up_proj"": -10.0, ""self_attn.k_proj"": 0.0, ""self_attn.o_proj"": -10.0, ""self_attn.q_proj"": -1.0, ""self_attn.v_proj"": -3.0}","{""mlp.down_proj"": 0.004405286343612335, ""mlp.gate_proj"": 0.03, ""mlp.up_proj"": 0.010834236186348862, ""self_attn.k_proj"": 0.0, ""self_attn.o_proj"": 0.015174506828528073, ""self_attn.q_proj"": 0.02, ""self_attn.v_proj"": 0.006263048016701462}",0.0009529758500108985,-1.685714285714286,185.6285714285715,False,True
llama,sft,80,E_if,E_ifeval,0.01,14,5,equal5_non_qk,True,"mlp.down_proj,mlp.gate_proj,mlp.up_proj,self_attn.o_proj,self_attn.v_proj","self_attn.q_proj,self_attn.k_proj",1636.6,1652.8,1636.6,-16.2,0.010273932284491109,0.009801548886737685,"{""mlp.down_proj"": 2435.0, ""mlp.gate_proj"": 1309.0, ""mlp.up_proj"": 2178.0, ""self_attn.o_proj"": 1511.0, ""self_attn.v_proj"": 831.0}","{""mlp.down_proj"": 2421.0, ""mlp.gate_proj"": 1278.0, ""mlp.up_proj"": 2158.0, ""self_attn.o_proj"": 1499.0, ""self_attn.v_proj"": 827.0}","{""mlp.down_proj"": -14.0, ""mlp.gate_proj"": -31.0, ""mlp.up_proj"": -20.0, ""self_attn.o_proj"": -12.0, ""self_attn.v_proj"": -4.0}","{""mlp.down_proj"": 0.005749486652977412, ""mlp.gate_proj"": 0.023682200152788387, ""mlp.up_proj"": 0.009182736455463728, ""self_attn.o_proj"": 0.007941760423560556, ""self_attn.v_proj"": 0.0048134777376654635}",0.0039425819450123155,0.0063313503394787935,7,equal7,True,"mlp.down_proj,mlp.gate_proj,mlp.up_proj,self_attn.k_proj,self_attn.o_proj,self_attn.q_proj,self_attn.v_proj",,1306.0,1319.857142857143,1306.0,-13.857142857142858,0.011528604890184174,0.01049897175018944,"{""mlp.down_proj"": 2435.0, ""mlp.gate_proj"": 1309.0, ""mlp.up_proj"": 2178.0, ""self_attn.k_proj"": 345.0, ""self_attn.o_proj"": 1511.0, ""self_attn.q_proj"": 630.0, ""self_attn.v_proj"": 831.0}","{""mlp.down_proj"": 2421.0, ""mlp.gate_proj"": 1278.0, ""mlp.up_proj"": 2158.0, ""self_attn.k_proj"": 342.0, ""self_attn.o_proj"": 1499.0, ""self_attn.q_proj"": 617.0, ""self_attn.v_proj"": 827.0}","{""mlp.down_proj"": -14.0, ""mlp.gate_proj"": -31.0, ""mlp.up_proj"": -20.0, ""self_attn.k_proj"": -3.0, ""self_attn.o_proj"": -12.0, ""self_attn.q_proj"": -13.0, ""self_attn.v_proj"": -4.0}","{""mlp.down_proj"": 0.005749486652977412, ""mlp.gate_proj"": 0.023682200152788387, ""mlp.up_proj"": 0.009182736455463728, ""self_attn.k_proj"": 0.008695652173913044, ""self_attn.o_proj"": 0.007941760423560556, ""self_attn.q_proj"": 0.020634920634920634, ""self_attn.v_proj"": 0.0048134777376654635}",-0.0012546726056930652,-2.3428571428571416,330.5999999999999,False,True
llama,sft,80,E_if,E_ifeval,0.025,14,5,equal5_non_qk,True,"mlp.down_proj,mlp.gate_proj,mlp.up_proj,self_attn.o_proj,self_attn.v_proj","self_attn.q_proj,self_attn.k_proj",1236.2,1254.0,1236.2,-17.8,0.015967424884721304,0.014194577352472053,"{""mlp.down_proj"": 2031.0, ""mlp.gate_proj"": 709.0, ""mlp.up_proj"": 1670.0, ""self_attn.o_proj"": 1157.0, ""self_attn.v_proj"": 703.0}","{""mlp.down_proj"": 2011.0, ""mlp.gate_proj"": 683.0, ""mlp.up_proj"": 1645.0, ""self_attn.o_proj"": 1144.0, ""self_attn.v_proj"": 698.0}","{""mlp.down_proj"": -20.0, ""mlp.gate_proj"": -26.0, ""mlp.up_proj"": -25.0, ""self_attn.o_proj"": -13.0, ""self_attn.v_proj"": -5.0}","{""mlp.down_proj"": 0.009847365829640572, ""mlp.gate_proj"": 0.036671368124118475, ""mlp.up_proj"": 0.014970059880239521, ""self_attn.o_proj"": 0.011235955056179775, ""self_attn.v_proj"": 0.007112375533428165}",0.006481195368436668,0.009486229516284635,7,equal7,True,"mlp.down_proj,mlp.gate_proj,mlp.up_proj,self_attn.k_proj,self_attn.o_proj,self_attn.q_proj,self_attn.v_proj",,952.5714285714286,966.7142857142857,952.5714285714286,-14.142857142857142,0.01632606956457282,0.014629821191074298,"{""mlp.down_proj"": 2031.0, ""mlp.gate_proj"": 709.0, ""mlp.up_proj"": 1670.0, ""self_attn.k_proj"": 188.0, ""self_attn.o_proj"": 1157.0, ""self_attn.q_proj"": 309.0, ""self_attn.v_proj"": 703.0}","{""mlp.down_proj"": 2011.0, ""mlp.gate_proj"": 683.0, ""mlp.up_proj"": 1645.0, ""self_attn.k_proj"": 187.0, ""self_attn.o_proj"": 1144.0, ""self_attn.q_proj"": 300.0, ""self_attn.v_proj"": 698.0}","{""mlp.down_proj"": -20.0, ""mlp.gate_proj"": -26.0, ""mlp.up_proj"": -25.0, ""self_attn.k_proj"": -1.0, ""self_attn.o_proj"": -13.0, ""self_attn.q_proj"": -9.0, ""self_attn.v_proj"": -5.0}","{""mlp.down_proj"": 0.009847365829640572, ""mlp.gate_proj"": 0.036671368124118475, ""mlp.up_proj"": 0.014970059880239521, ""self_attn.k_proj"": 0.005319148936170213, ""self_attn.o_proj"": 0.011235955056179775, ""self_attn.q_proj"": 0.02912621359223301, ""self_attn.v_proj"": 0.007112375533428165}",-0.0003586446798515171,-3.6571428571428584,283.6285714285715,False,True
llama,sft,80,E_if,E_ifeval,0.05,14,5,equal5_non_qk,True,"mlp.down_proj,mlp.gate_proj,mlp.up_proj,self_attn.o_proj,self_attn.v_proj","self_attn.q_proj,self_attn.k_proj",904.0,921.2,904.0,-17.2,0.02282006589736756,0.018671298306556713,"{""mlp.down_proj"": 1632.0, ""mlp.gate_proj"": 328.0, ""mlp.up_proj"": 1207.0, ""self_attn.o_proj"": 868.0, ""self_attn.v_proj"": 571.0}","{""mlp.down_proj"": 1609.0, ""mlp.gate_proj"": 311.0, ""mlp.up_proj"": 1181.0, ""self_attn.o_proj"": 854.0, ""self_attn.v_proj"": 565.0}","{""mlp.down_proj"": -23.0, ""mlp.gate_proj"": -17.0, ""mlp.up_proj"": -26.0, ""self_attn.o_proj"": -14.0, ""self_attn.v_proj"": -6.0}","{""mlp.down_proj"": 0.014093137254901961, ""mlp.gate_proj"": 0.051829268292682924, ""mlp.up_proj"": 0.021541010770505385, ""self_attn.o_proj"": 0.016129032258064516, ""self_attn.v_proj"": 0.010507880910683012}",0.00949436856516793,0.01332569733219963,7,equal7,True,"mlp.down_proj,mlp.gate_proj,mlp.up_proj,self_attn.k_proj,self_attn.o_proj,self_attn.q_proj,self_attn.v_proj",,678.2857142857143,691.2857142857143,678.2857142857143,-13.0,0.021990577249874355,0.018805538334366604,"{""mlp.down_proj"": 1632.0, ""mlp.gate_proj"": 328.0, ""mlp.up_proj"": 1207.0, ""self_attn.k_proj"": 98.0, ""self_attn.o_proj"": 868.0, ""self_attn.q_proj"": 135.0, ""self_attn.v_proj"": 571.0}","{""mlp.down_proj"": 1609.0, ""mlp.gate_proj"": 311.0, ""mlp.up_proj"": 1181.0, ""self_attn.k_proj"": 97.0, ""self_attn.o_proj"": 854.0, ""self_attn.q_proj"": 131.0, ""self_attn.v_proj"": 565.0}","{""mlp.down_proj"": -23.0, ""mlp.gate_proj"": -17.0, ""mlp.up_proj"": -26.0, ""self_attn.k_proj"": -1.0, ""self_attn.o_proj"": -14.0, ""self_attn.q_proj"": -4.0, ""self_attn.v_proj"": -6.0}","{""mlp.down_proj"": 0.014093137254901961, ""mlp.gate_proj"": 0.051829268292682924, ""mlp.up_proj"": 0.021541010770505385, ""self_attn.k_proj"": 0.01020408163265306, ""self_attn.o_proj"": 0.016129032258064516, ""self_attn.q_proj"": 0.02962962962962963, ""self_attn.v_proj"": 0.010507880910683012}",0.0008294886474932046,-4.199999999999999,225.71428571428567,False,True
llama,sft,80,E_if,E_ifeval,0.1,14,5,equal5_non_qk,True,"mlp.down_proj,mlp.gate_proj,mlp.up_proj,self_attn.o_proj,self_attn.v_proj","self_attn.q_proj,self_attn.k_proj",578.4,592.8,578.4,-14.4,0.030474460230679085,0.024291497975708464,"{""mlp.down_proj"": 1166.0, ""mlp.gate_proj"": 96.0, ""mlp.up_proj"": 722.0, ""self_attn.o_proj"": 572.0, ""self_attn.v_proj"": 408.0}","{""mlp.down_proj"": 1142.0, ""mlp.gate_proj"": 90.0, ""mlp.up_proj"": 699.0, ""self_attn.o_proj"": 559.0, ""self_attn.v_proj"": 402.0}","{""mlp.down_proj"": -24.0, ""mlp.gate_proj"": -6.0, ""mlp.up_proj"": -23.0, ""self_attn.o_proj"": -13.0, ""self_attn.v_proj"": -6.0}","{""mlp.down_proj"": 0.02058319039451115, ""mlp.gate_proj"": 0.0625, ""mlp.up_proj"": 0.03185595567867036, ""self_attn.o_proj"": 0.022727272727272728, ""self_attn.v_proj"": 0.014705882352941176}",0.013335415475038147,0.017139044755640938,7,equal7,True,"mlp.down_proj,mlp.gate_proj,mlp.up_proj,self_attn.k_proj,self_attn.o_proj,self_attn.q_proj,self_attn.v_proj",,425.2857142857143,435.7142857142857,425.2857142857143,-10.428571428571429,0.025014224840095446,0.023934426229508234,"{""mlp.down_proj"": 1166.0, ""mlp.gate_proj"": 96.0, ""mlp.up_proj"": 722.0, ""self_attn.k_proj"": 42.0, ""self_attn.o_proj"": 572.0, ""self_attn.q_proj"": 44.0, ""self_attn.v_proj"": 408.0}","{""mlp.down_proj"": 1142.0, ""mlp.gate_proj"": 90.0, ""mlp.up_proj"": 699.0, ""self_attn.k_proj"": 42.0, ""self_attn.o_proj"": 559.0, ""self_attn.q_proj"": 43.0, ""self_attn.v_proj"": 402.0}","{""mlp.down_proj"": -24.0, ""mlp.gate_proj"": -6.0, ""mlp.up_proj"": -23.0, ""self_attn.k_proj"": 0.0, ""self_attn.o_proj"": -13.0, ""self_attn.q_proj"": -1.0, ""self_attn.v_proj"": -6.0}","{""mlp.down_proj"": 0.02058319039451115, ""mlp.gate_proj"": 0.0625, ""mlp.up_proj"": 0.03185595567867036, ""self_attn.k_proj"": 0.0, ""self_attn.o_proj"": 0.022727272727272728, ""self_attn.q_proj"": 0.022727272727272728, ""self_attn.v_proj"": 0.014705882352941176}",0.005460235390583639,-3.9714285714285715,153.1142857142857,False,True
llama,sft,80,E_math,E_mathHeld,0.01,14,5,equal5_non_qk,True,"mlp.down_proj,mlp.gate_proj,mlp.up_proj,self_attn.o_proj,self_attn.v_proj","self_attn.q_proj,self_attn.k_proj",839.4,851.6,839.4,-12.2,0.015402307509449062,0.014325974635979385,"{""mlp.down_proj"": 1162.0, ""mlp.gate_proj"": 587.0, ""mlp.up_proj"": 1022.0, ""self_attn.o_proj"": 828.0, ""self_attn.v_proj"": 659.0}","{""mlp.down_proj"": 1151.0, ""mlp.gate_proj"": 570.0, ""mlp.up_proj"": 1007.0, ""self_attn.o_proj"": 817.0, ""self_attn.v_proj"": 652.0}","{""mlp.down_proj"": -11.0, ""mlp.gate_proj"": -17.0, ""mlp.up_proj"": -15.0, ""self_attn.o_proj"": -11.0, ""self_attn.v_proj"": -7.0}","{""mlp.down_proj"": 0.00946643717728055, ""mlp.gate_proj"": 0.028960817717206135, ""mlp.up_proj"": 0.014677103718199608, ""self_attn.o_proj"": 0.013285024154589372, ""self_attn.v_proj"": 0.010622154779969651}",0.0039425819450123155,0.011459725564436746,7,equal7,True,"mlp.down_proj,mlp.gate_proj,mlp.up_proj,self_attn.k_proj,self_attn.o_proj,self_attn.q_proj,self_attn.v_proj",,690.8571428571429,701.7142857142857,690.8571428571429,-10.857142857142858,0.017193379335699456,0.015472312703582947,"{""mlp.down_proj"": 1162.0, ""mlp.gate_proj"": 587.0, ""mlp.up_proj"": 1022.0, ""self_attn.k_proj"": 263.0, ""self_attn.o_proj"": 828.0, ""self_attn.q_proj"": 391.0, ""self_attn.v_proj"": 659.0}","{""mlp.down_proj"": 1151.0, ""mlp.gate_proj"": 570.0, ""mlp.up_proj"": 1007.0, ""self_attn.k_proj"": 259.0, ""self_attn.o_proj"": 817.0, ""self_attn.q_proj"": 380.0, ""self_attn.v_proj"": 652.0}","{""mlp.down_proj"": -11.0, ""mlp.gate_proj"": -17.0, ""mlp.up_proj"": -15.0, ""self_attn.k_proj"": -4.0, ""self_attn.o_proj"": -11.0, ""self_attn.q_proj"": -11.0, ""self_attn.v_proj"": -7.0}","{""mlp.down_proj"": 0.00946643717728055, ""mlp.gate_proj"": 0.028960817717206135, ""mlp.up_proj"": 0.014677103718199608, ""self_attn.k_proj"": 0.015209125475285171, ""self_attn.o_proj"": 0.013285024154589372, ""self_attn.q_proj"": 0.028132992327365727, ""self_attn.v_proj"": 0.010622154779969651}",-0.0017910718262503945,-1.3428571428571416,148.5428571428571,False,True
llama,sft,80,E_math,E_mathHeld,0.025,14,5,equal5_non_qk,True,"mlp.down_proj,mlp.gate_proj,mlp.up_proj,self_attn.o_proj,self_attn.v_proj","self_attn.q_proj,self_attn.k_proj",610.2,621.6,610.2,-11.4,0.0207088580877219,0.018339768339768303,"{""mlp.down_proj"": 912.0, ""mlp.gate_proj"": 322.0, ""mlp.up_proj"": 751.0, ""self_attn.o_proj"": 607.0, ""self_attn.v_proj"": 516.0}","{""mlp.down_proj"": 900.0, ""mlp.gate_proj"": 309.0, ""mlp.up_proj"": 736.0, ""self_attn.o_proj"": 597.0, ""self_attn.v_proj"": 509.0}","{""mlp.down_proj"": -12.0, ""mlp.gate_proj"": -13.0, ""mlp.up_proj"": -15.0, ""self_attn.o_proj"": -10.0, ""self_attn.v_proj"": -7.0}","{""mlp.down_proj"": 0.013157894736842105, ""mlp.gate_proj"": 0.040372670807453416, ""mlp.up_proj"": 0.019973368841544607, ""self_attn.o_proj"": 0.016474464579901153, ""self_attn.v_proj"": 0.013565891472868217}",0.006481195368436668,0.01422766271928523,7,equal7,True,"mlp.down_proj,mlp.gate_proj,mlp.up_proj,self_attn.k_proj,self_attn.o_proj,self_attn.q_proj,self_attn.v_proj",,485.57142857142856,495.14285714285717,485.57142857142856,-9.571428571428571,0.022191308890497325,0.019330640507790042,"{""mlp.down_proj"": 912.0, ""mlp.gate_proj"": 322.0, ""mlp.up_proj"": 751.0, ""self_attn.k_proj"": 150.0, ""self_attn.o_proj"": 607.0, ""self_attn.q_proj"": 208.0, ""self_attn.v_proj"": 516.0}","{""mlp.down_proj"": 900.0, ""mlp.gate_proj"": 309.0, ""mlp.up_proj"": 736.0, ""self_attn.k_proj"": 148.0, ""self_attn.o_proj"": 597.0, ""self_attn.q_proj"": 200.0, ""self_attn.v_proj"": 509.0}","{""mlp.down_proj"": -12.0, ""mlp.gate_proj"": -13.0, ""mlp.up_proj"": -15.0, ""self_attn.k_proj"": -2.0, ""self_attn.o_proj"": -10.0, ""self_attn.q_proj"": -8.0, ""self_attn.v_proj"": -7.0}","{""mlp.down_proj"": 0.013157894736842105, ""mlp.gate_proj"": 0.040372670807453416, ""mlp.up_proj"": 0.019973368841544607, ""self_attn.k_proj"": 0.013333333333333334, ""self_attn.o_proj"": 0.016474464579901153, ""self_attn.q_proj"": 0.038461538461538464, ""self_attn.v_proj"": 0.013565891472868217}",-0.0014824508027754257,-1.8285714285714292,124.62857142857149,False,True
llama,sft,80,E_math,E_mathHeld,0.05,14,5,equal5_non_qk,True,"mlp.down_proj,mlp.gate_proj,mlp.up_proj,self_attn.o_proj,self_attn.v_proj","self_attn.q_proj,self_attn.k_proj",436.2,446.2,436.2,-10.0,0.0272930803932414,0.022411474675033616,"{""mlp.down_proj"": 701.0, ""mlp.gate_proj"": 158.0, ""mlp.up_proj"": 534.0, ""self_attn.o_proj"": 441.0, ""self_attn.v_proj"": 397.0}","{""mlp.down_proj"": 689.0, ""mlp.gate_proj"": 149.0, ""mlp.up_proj"": 521.0, ""self_attn.o_proj"": 432.0, ""self_attn.v_proj"": 390.0}","{""mlp.down_proj"": -12.0, ""mlp.gate_proj"": -9.0, ""mlp.up_proj"": -13.0, ""self_attn.o_proj"": -9.0, ""self_attn.v_proj"": -7.0}","{""mlp.down_proj"": 0.017118402282453638, ""mlp.gate_proj"": 0.056962025316455694, ""mlp.up_proj"": 0.024344569288389514, ""self_attn.o_proj"": 0.02040816326530612, ""self_attn.v_proj"": 0.017632241813602016}",0.00949436856516793,0.01779871182807347,7,equal7,True,"mlp.down_proj,mlp.gate_proj,mlp.up_proj,self_attn.k_proj,self_attn.o_proj,self_attn.q_proj,self_attn.v_proj",,337.2857142857143,345.42857142857144,337.2857142857143,-8.142857142857142,0.029831230728017022,0.0235732009925559,"{""mlp.down_proj"": 701.0, ""mlp.gate_proj"": 158.0, ""mlp.up_proj"": 534.0, ""self_attn.k_proj"": 84.0, ""self_attn.o_proj"": 441.0, ""self_attn.q_proj"": 103.0, ""self_attn.v_proj"": 397.0}","{""mlp.down_proj"": 689.0, ""mlp.gate_proj"": 149.0, ""mlp.up_proj"": 521.0, ""self_attn.k_proj"": 82.0, ""self_attn.o_proj"": 432.0, ""self_attn.q_proj"": 98.0, ""self_attn.v_proj"": 390.0}","{""mlp.down_proj"": -12.0, ""mlp.gate_proj"": -9.0, ""mlp.up_proj"": -13.0, ""self_attn.k_proj"": -2.0, ""self_attn.o_proj"": -9.0, ""self_attn.q_proj"": -5.0, ""self_attn.v_proj"": -7.0}","{""mlp.down_proj"": 0.017118402282453638, ""mlp.gate_proj"": 0.056962025316455694, ""mlp.up_proj"": 0.024344569288389514, ""self_attn.k_proj"": 0.023809523809523808, ""self_attn.o_proj"": 0.02040816326530612, ""self_attn.q_proj"": 0.04854368932038835, ""self_attn.v_proj"": 0.017632241813602016}",-0.0025381503347756233,-1.8571428571428577,98.91428571428571,False,True
llama,sft,80,E_math,E_mathHeld,0.1,14,5,equal5_non_qk,True,"mlp.down_proj,mlp.gate_proj,mlp.up_proj,self_attn.o_proj,self_attn.v_proj","self_attn.q_proj,self_attn.k_proj",275.4,283.2,275.4,-7.8,0.03702525218053169,0.027542372881355973,"{""mlp.down_proj"": 483.0, ""mlp.gate_proj"": 49.0, ""mlp.up_proj"": 325.0, ""self_attn.o_proj"": 286.0, ""self_attn.v_proj"": 273.0}","{""mlp.down_proj"": 472.0, ""mlp.gate_proj"": 45.0, ""mlp.up_proj"": 315.0, ""self_attn.o_proj"": 278.0, ""self_attn.v_proj"": 267.0}","{""mlp.down_proj"": -11.0, ""mlp.gate_proj"": -4.0, ""mlp.up_proj"": -10.0, ""self_attn.o_proj"": -8.0, ""self_attn.v_proj"": -6.0}","{""mlp.down_proj"": 0.022774327122153208, ""mlp.gate_proj"": 0.08163265306122448, ""mlp.up_proj"": 0.03076923076923077, ""self_attn.o_proj"": 0.027972027972027972, ""self_attn.v_proj"": 0.02197802197802198}",0.013335415475038147,0.02368983670549354,7,equal7,True,"mlp.down_proj,mlp.gate_proj,mlp.up_proj,self_attn.k_proj,self_attn.o_proj,self_attn.q_proj,self_attn.v_proj",,207.14285714285714,213.14285714285714,207.14285714285714,-6.0,0.037724804189101575,0.028150134048257374,"{""mlp.down_proj"": 483.0, ""mlp.gate_proj"": 49.0, ""mlp.up_proj"": 325.0, ""self_attn.k_proj"": 38.0, ""self_attn.o_proj"": 286.0, ""self_attn.q_proj"": 38.0, ""self_attn.v_proj"": 273.0}","{""mlp.down_proj"": 472.0, ""mlp.gate_proj"": 45.0, ""mlp.up_proj"": 315.0, ""self_attn.k_proj"": 37.0, ""self_attn.o_proj"": 278.0, ""self_attn.q_proj"": 36.0, ""self_attn.v_proj"": 267.0}","{""mlp.down_proj"": -11.0, ""mlp.gate_proj"": -4.0, ""mlp.up_proj"": -10.0, ""self_attn.k_proj"": -1.0, ""self_attn.o_proj"": -8.0, ""self_attn.q_proj"": -2.0, ""self_attn.v_proj"": -6.0}","{""mlp.down_proj"": 0.022774327122153208, ""mlp.gate_proj"": 0.08163265306122448, ""mlp.up_proj"": 0.03076923076923077, ""self_attn.k_proj"": 0.02631578947368421, ""self_attn.o_proj"": 0.027972027972027972, ""self_attn.q_proj"": 0.05263157894736842, ""self_attn.v_proj"": 0.02197802197802198}",-0.000699552008569887,-1.7999999999999998,68.25714285714284,False,True
llama,sft,80,E_ood,E_mmluPro,0.01,14,5,equal5_non_qk,True,"mlp.down_proj,mlp.gate_proj,mlp.up_proj,self_attn.o_proj,self_attn.v_proj","self_attn.q_proj,self_attn.k_proj",1681.4,1694.2,1681.4,-12.8,0.007995374875908585,0.007555188289458124,"{""mlp.down_proj"": 2452.0, ""mlp.gate_proj"": 1352.0, ""mlp.up_proj"": 2263.0, ""self_attn.o_proj"": 1556.0, ""self_attn.v_proj"": 848.0}","{""mlp.down_proj"": 2444.0, ""mlp.gate_proj"": 1328.0, ""mlp.up_proj"": 2247.0, ""self_attn.o_proj"": 1543.0, ""self_attn.v_proj"": 845.0}","{""mlp.down_proj"": -8.0, ""mlp.gate_proj"": -24.0, ""mlp.up_proj"": -16.0, ""self_attn.o_proj"": -13.0, ""self_attn.v_proj"": -3.0}","{""mlp.down_proj"": 0.0032626427406199023, ""mlp.gate_proj"": 0.01775147928994083, ""mlp.up_proj"": 0.007070260715863898, ""self_attn.o_proj"": 0.008354755784061696, ""self_attn.v_proj"": 0.003537735849056604}",0.0039425819450123155,0.004052792930896269,7,equal7,True,"mlp.down_proj,mlp.gate_proj,mlp.up_proj,self_attn.k_proj,self_attn.o_proj,self_attn.q_proj,self_attn.v_proj",,1333.5714285714287,1343.5714285714287,1333.5714285714287,-10.0,0.007521809946123297,0.007442849548112705,"{""mlp.down_proj"": 2452.0, ""mlp.gate_proj"": 1352.0, ""mlp.up_proj"": 2263.0, ""self_attn.k_proj"": 331.0, ""self_attn.o_proj"": 1556.0, ""self_attn.q_proj"": 603.0, ""self_attn.v_proj"": 848.0}","{""mlp.down_proj"": 2444.0, ""mlp.gate_proj"": 1328.0, ""mlp.up_proj"": 2247.0, ""self_attn.k_proj"": 329.0, ""self_attn.o_proj"": 1543.0, ""self_attn.q_proj"": 599.0, ""self_attn.v_proj"": 845.0}","{""mlp.down_proj"": -8.0, ""mlp.gate_proj"": -24.0, ""mlp.up_proj"": -16.0, ""self_attn.k_proj"": -2.0, ""self_attn.o_proj"": -13.0, ""self_attn.q_proj"": -4.0, ""self_attn.v_proj"": -3.0}","{""mlp.down_proj"": 0.0032626427406199023, ""mlp.gate_proj"": 0.01775147928994083, ""mlp.up_proj"": 0.007070260715863898, ""self_attn.k_proj"": 0.006042296072507553, ""self_attn.o_proj"": 0.008354755784061696, ""self_attn.q_proj"": 0.006633499170812604, ""self_attn.v_proj"": 0.003537735849056604}",0.00047356492978528793,-2.8000000000000007,347.8285714285714,False,True
llama,sft,80,E_ood,E_mmluPro,0.025,14,5,equal5_non_qk,True,"mlp.down_proj,mlp.gate_proj,mlp.up_proj,self_attn.o_proj,self_attn.v_proj","self_attn.q_proj,self_attn.k_proj",1282.4,1296.6,1282.4,-14.2,0.012615122594393804,0.010951719882770184,"{""mlp.down_proj"": 2058.0, ""mlp.gate_proj"": 731.0, ""mlp.up_proj"": 1775.0, ""self_attn.o_proj"": 1191.0, ""self_attn.v_proj"": 728.0}","{""mlp.down_proj"": 2046.0, ""mlp.gate_proj"": 710.0, ""mlp.up_proj"": 1755.0, ""self_attn.o_proj"": 1177.0, ""self_attn.v_proj"": 724.0}","{""mlp.down_proj"": -12.0, ""mlp.gate_proj"": -21.0, ""mlp.up_proj"": -20.0, ""self_attn.o_proj"": -14.0, ""self_attn.v_proj"": -4.0}","{""mlp.down_proj"": 0.0058309037900874635, ""mlp.gate_proj"": 0.028727770177838577, ""mlp.up_proj"": 0.011267605633802818, ""self_attn.o_proj"": 0.011754827875734676, ""self_attn.v_proj"": 0.005494505494505495}",0.006481195368436668,0.006133927225957137,7,equal7,True,"mlp.down_proj,mlp.gate_proj,mlp.up_proj,self_attn.k_proj,self_attn.o_proj,self_attn.q_proj,self_attn.v_proj",,982.2857142857143,992.7142857142857,982.2857142857143,-10.428571428571429,0.010002865345201926,0.010505108648726337,"{""mlp.down_proj"": 2058.0, ""mlp.gate_proj"": 731.0, ""mlp.up_proj"": 1775.0, ""self_attn.k_proj"": 178.0, ""self_attn.o_proj"": 1191.0, ""self_attn.q_proj"": 288.0, ""self_attn.v_proj"": 728.0}","{""mlp.down_proj"": 2046.0, ""mlp.gate_proj"": 710.0, ""mlp.up_proj"": 1755.0, ""self_attn.k_proj"": 178.0, ""self_attn.o_proj"": 1177.0, ""self_attn.q_proj"": 286.0, ""self_attn.v_proj"": 724.0}","{""mlp.down_proj"": -12.0, ""mlp.gate_proj"": -21.0, ""mlp.up_proj"": -20.0, ""self_attn.k_proj"": 0.0, ""self_attn.o_proj"": -14.0, ""self_attn.q_proj"": -2.0, ""self_attn.v_proj"": -4.0}","{""mlp.down_proj"": 0.0058309037900874635, ""mlp.gate_proj"": 0.028727770177838577, ""mlp.up_proj"": 0.011267605633802818, ""self_attn.k_proj"": 0.0, ""self_attn.o_proj"": 0.011754827875734676, ""self_attn.q_proj"": 0.006944444444444444, ""self_attn.v_proj"": 0.005494505494505495}",0.0026122572491918787,-3.7714285714285705,300.11428571428576,False,True
llama,sft,80,E_ood,E_mmluPro,0.05,14,5,equal5_non_qk,True,"mlp.down_proj,mlp.gate_proj,mlp.up_proj,self_attn.o_proj,self_attn.v_proj","self_attn.q_proj,self_attn.k_proj",948.2,961.6,948.2,-13.4,0.017616618146198658,0.013935108153078178,"{""mlp.down_proj"": 1669.0, ""mlp.gate_proj"": 327.0, ""mlp.up_proj"": 1319.0, ""self_attn.o_proj"": 891.0, ""self_attn.v_proj"": 602.0}","{""mlp.down_proj"": 1655.0, ""mlp.gate_proj"": 314.0, ""mlp.up_proj"": 1298.0, ""self_attn.o_proj"": 877.0, ""self_attn.v_proj"": 597.0}","{""mlp.down_proj"": -14.0, ""mlp.gate_proj"": -13.0, ""mlp.up_proj"": -21.0, ""self_attn.o_proj"": -14.0, ""self_attn.v_proj"": -5.0}","{""mlp.down_proj"": 0.008388256440982624, ""mlp.gate_proj"": 0.039755351681957186, ""mlp.up_proj"": 0.01592115238817286, ""self_attn.o_proj"": 0.015712682379349047, ""self_attn.v_proj"": 0.008305647840531562}",0.00949436856516793,0.008122249581030729,7,equal7,True,"mlp.down_proj,mlp.gate_proj,mlp.up_proj,self_attn.k_proj,self_attn.o_proj,self_attn.q_proj,self_attn.v_proj",,707.8571428571429,717.4285714285714,707.8571428571429,-9.571428571428571,0.012174880148970757,0.013341298287534824,"{""mlp.down_proj"": 1669.0, ""mlp.gate_proj"": 327.0, ""mlp.up_proj"": 1319.0, ""self_attn.k_proj"": 91.0, ""self_attn.o_proj"": 891.0, ""self_attn.q_proj"": 123.0, ""self_attn.v_proj"": 602.0}","{""mlp.down_proj"": 1655.0, ""mlp.gate_proj"": 314.0, ""mlp.up_proj"": 1298.0, ""self_attn.k_proj"": 92.0, ""self_attn.o_proj"": 877.0, ""self_attn.q_proj"": 122.0, ""self_attn.v_proj"": 597.0}","{""mlp.down_proj"": -14.0, ""mlp.gate_proj"": -13.0, ""mlp.up_proj"": -21.0, ""self_attn.k_proj"": 1.0, ""self_attn.o_proj"": -14.0, ""self_attn.q_proj"": -1.0, ""self_attn.v_proj"": -5.0}","{""mlp.down_proj"": 0.008388256440982624, ""mlp.gate_proj"": 0.039755351681957186, ""mlp.up_proj"": 0.01592115238817286, ""self_attn.k_proj"": -0.01098901098901099, ""self_attn.o_proj"": 0.015712682379349047, ""self_attn.q_proj"": 0.008130081300813009, ""self_attn.v_proj"": 0.008305647840531562}",0.005441737997227901,-3.828571428571429,240.34285714285716,False,True
llama,sft,80,E_ood,E_mmluPro,0.1,14,5,equal5_non_qk,True,"mlp.down_proj,mlp.gate_proj,mlp.up_proj,self_attn.o_proj,self_attn.v_proj","self_attn.q_proj,self_attn.k_proj",619.0,630.6,619.0,-11.6,0.026254903330024976,0.01839517919441805,"{""mlp.down_proj"": 1213.0, ""mlp.gate_proj"": 83.0, ""mlp.up_proj"": 825.0, ""self_attn.o_proj"": 586.0, ""self_attn.v_proj"": 446.0}","{""mlp.down_proj"": 1198.0, ""mlp.gate_proj"": 78.0, ""mlp.up_proj"": 806.0, ""self_attn.o_proj"": 573.0, ""self_attn.v_proj"": 440.0}","{""mlp.down_proj"": -15.0, ""mlp.gate_proj"": -5.0, ""mlp.up_proj"": -19.0, ""self_attn.o_proj"": -13.0, ""self_attn.v_proj"": -6.0}","{""mlp.down_proj"": 0.01236603462489695, ""mlp.gate_proj"": 0.060240963855421686, ""mlp.up_proj"": 0.02303030303030303, ""self_attn.o_proj"": 0.02218430034129693, ""self_attn.v_proj"": 0.013452914798206279}",0.013335415475038147,0.012919487854986828,7,equal7,True,"mlp.down_proj,mlp.gate_proj,mlp.up_proj,self_attn.k_proj,self_attn.o_proj,self_attn.q_proj,self_attn.v_proj",,453.7142857142857,461.85714285714283,453.7142857142857,-8.142857142857142,0.015090498715585604,0.017630683575626284,"{""mlp.down_proj"": 1213.0, ""mlp.gate_proj"": 83.0, ""mlp.up_proj"": 825.0, ""self_attn.k_proj"": 39.0, ""self_attn.o_proj"": 586.0, ""self_attn.q_proj"": 41.0, ""self_attn.v_proj"": 446.0}","{""mlp.down_proj"": 1198.0, ""mlp.gate_proj"": 78.0, ""mlp.up_proj"": 806.0, ""self_attn.k_proj"": 40.0, ""self_attn.o_proj"": 573.0, ""self_attn.q_proj"": 41.0, ""self_attn.v_proj"": 440.0}","{""mlp.down_proj"": -15.0, ""mlp.gate_proj"": -5.0, ""mlp.up_proj"": -19.0, ""self_attn.k_proj"": 1.0, ""self_attn.o_proj"": -13.0, ""self_attn.q_proj"": 0.0, ""self_attn.v_proj"": -6.0}","{""mlp.down_proj"": 0.01236603462489695, ""mlp.gate_proj"": 0.060240963855421686, ""mlp.up_proj"": 0.02303030303030303, ""self_attn.k_proj"": -0.02564102564102564, ""self_attn.o_proj"": 0.02218430034129693, ""self_attn.q_proj"": 0.0, ""self_attn.v_proj"": 0.013452914798206279}",0.011164404614439372,-3.4571428571428573,165.28571428571428,False,True
llama,sft,160,E_general,E_general,0.01,14,5,equal5_non_qk,True,"mlp.down_proj,mlp.gate_proj,mlp.up_proj,self_attn.o_proj,self_attn.v_proj","self_attn.q_proj,self_attn.k_proj",1728.0,1737.8,1728.0,-9.8,0.006161430125158056,0.005639314075267554,"{""mlp.down_proj"": 2529.0, ""mlp.gate_proj"": 1399.0, ""mlp.up_proj"": 2314.0, ""self_attn.o_proj"": 1584.0, ""self_attn.v_proj"": 863.0}","{""mlp.down_proj"": 2525.0, ""mlp.gate_proj"": 1378.0, ""mlp.up_proj"": 2304.0, ""self_attn.o_proj"": 1572.0, ""self_attn.v_proj"": 861.0}","{""mlp.down_proj"": -4.0, ""mlp.gate_proj"": -21.0, ""mlp.up_proj"": -10.0, ""self_attn.o_proj"": -12.0, ""self_attn.v_proj"": -2.0}","{""mlp.down_proj"": 0.0015816528272044287, ""mlp.gate_proj"": 0.01501072194424589, ""mlp.up_proj"": 0.00432152117545376, ""self_attn.o_proj"": 0.007575757575757576, ""self_attn.v_proj"": 0.002317497103128621}",0.006161430125158056,0.0,7,equal7,True,"mlp.down_proj,mlp.gate_proj,mlp.up_proj,self_attn.k_proj,self_attn.o_proj,self_attn.q_proj,self_attn.v_proj",,1385.5714285714287,1393.7142857142858,1385.5714285714287,-8.142857142857142,0.006401572027191068,0.005842558425584232,"{""mlp.down_proj"": 2529.0, ""mlp.gate_proj"": 1399.0, ""mlp.up_proj"": 2314.0, ""self_attn.k_proj"": 375.0, ""self_attn.o_proj"": 1584.0, ""self_attn.q_proj"": 692.0, ""self_attn.v_proj"": 863.0}","{""mlp.down_proj"": 2525.0, ""mlp.gate_proj"": 1378.0, ""mlp.up_proj"": 2304.0, ""self_attn.k_proj"": 373.0, ""self_attn.o_proj"": 1572.0, ""self_attn.q_proj"": 686.0, ""self_attn.v_proj"": 861.0}","{""mlp.down_proj"": -4.0, ""mlp.gate_proj"": -21.0, ""mlp.up_proj"": -10.0, ""self_attn.k_proj"": -2.0, ""self_attn.o_proj"": -12.0, ""self_attn.q_proj"": -6.0, ""self_attn.v_proj"": -2.0}","{""mlp.down_proj"": 0.0015816528272044287, ""mlp.gate_proj"": 0.01501072194424589, ""mlp.up_proj"": 0.00432152117545376, ""self_attn.k_proj"": 0.005333333333333333, ""self_attn.o_proj"": 0.007575757575757576, ""self_attn.q_proj"": 0.008670520231213872, ""self_attn.v_proj"": 0.002317497103128621}",-0.00024014190203301266,-1.6571428571428584,342.42857142857133,False,True
llama,sft,160,E_general,E_general,0.025,14,5,equal5_non_qk,True,"mlp.down_proj,mlp.gate_proj,mlp.up_proj,self_attn.o_proj,self_attn.v_proj","self_attn.q_proj,self_attn.k_proj",1347.4,1358.4,1347.4,-11.0,0.00979597722220645,0.008097762073027091,"{""mlp.down_proj"": 2167.0, ""mlp.gate_proj"": 784.0, ""mlp.up_proj"": 1852.0, ""self_attn.o_proj"": 1238.0, ""self_attn.v_proj"": 751.0}","{""mlp.down_proj"": 2160.0, ""mlp.gate_proj"": 765.0, ""mlp.up_proj"": 1839.0, ""self_attn.o_proj"": 1225.0, ""self_attn.v_proj"": 748.0}","{""mlp.down_proj"": -7.0, ""mlp.gate_proj"": -19.0, ""mlp.up_proj"": -13.0, ""self_attn.o_proj"": -13.0, ""self_attn.v_proj"": -3.0}","{""mlp.down_proj"": 0.003230272265805261, ""mlp.gate_proj"": 0.02423469387755102, ""mlp.up_proj"": 0.007019438444924406, ""self_attn.o_proj"": 0.01050080775444265, ""self_attn.v_proj"": 0.0039946737683089215}",0.00979597722220645,0.0,7,equal7,True,"mlp.down_proj,mlp.gate_proj,mlp.up_proj,self_attn.k_proj,self_attn.o_proj,self_attn.q_proj,self_attn.v_proj",,1042.0,1050.7142857142858,1042.0,-8.714285714285714,0.00970598306973171,0.0082936777702244,"{""mlp.down_proj"": 2167.0, ""mlp.gate_proj"": 784.0, ""mlp.up_proj"": 1852.0, ""self_attn.k_proj"": 212.0, ""self_attn.o_proj"": 1238.0, ""self_attn.q_proj"": 351.0, ""self_attn.v_proj"": 751.0}","{""mlp.down_proj"": 2160.0, ""mlp.gate_proj"": 765.0, ""mlp.up_proj"": 1839.0, ""self_attn.k_proj"": 211.0, ""self_attn.o_proj"": 1225.0, ""self_attn.q_proj"": 346.0, ""self_attn.v_proj"": 748.0}","{""mlp.down_proj"": -7.0, ""mlp.gate_proj"": -19.0, ""mlp.up_proj"": -13.0, ""self_attn.k_proj"": -1.0, ""self_attn.o_proj"": -13.0, ""self_attn.q_proj"": -5.0, ""self_attn.v_proj"": -3.0}","{""mlp.down_proj"": 0.003230272265805261, ""mlp.gate_proj"": 0.02423469387755102, ""mlp.up_proj"": 0.007019438444924406, ""self_attn.k_proj"": 0.0047169811320754715, ""self_attn.o_proj"": 0.01050080775444265, ""self_attn.q_proj"": 0.014245014245014245, ""self_attn.v_proj"": 0.0039946737683089215}",8.999415247474066e-05,-2.2857142857142865,305.4000000000001,False,True
llama,sft,160,E_general,E_general,0.05,14,5,equal5_non_qk,True,"mlp.down_proj,mlp.gate_proj,mlp.up_proj,self_attn.o_proj,self_attn.v_proj","self_attn.q_proj,self_attn.k_proj",1023.0,1033.4,1023.0,-10.4,0.014155839324418629,0.01006386684730026,"{""mlp.down_proj"": 1802.0, ""mlp.gate_proj"": 368.0, ""mlp.up_proj"": 1412.0, ""self_attn.o_proj"": 954.0, ""self_attn.v_proj"": 631.0}","{""mlp.down_proj"": 1794.0, ""mlp.gate_proj"": 354.0, ""mlp.up_proj"": 1398.0, ""self_attn.o_proj"": 941.0, ""self_attn.v_proj"": 628.0}","{""mlp.down_proj"": -8.0, ""mlp.gate_proj"": -14.0, ""mlp.up_proj"": -14.0, ""self_attn.o_proj"": -13.0, ""self_attn.v_proj"": -3.0}","{""mlp.down_proj"": 0.004439511653718091, ""mlp.gate_proj"": 0.03804347826086957, ""mlp.up_proj"": 0.009915014164305949, ""self_attn.o_proj"": 0.013626834381551363, ""self_attn.v_proj"": 0.004754358161648178}",0.014155839324418629,0.0,7,equal7,True,"mlp.down_proj,mlp.gate_proj,mlp.up_proj,self_attn.k_proj,self_attn.o_proj,self_attn.q_proj,self_attn.v_proj",,768.4285714285714,776.2857142857143,768.4285714285714,-7.857142857142857,0.012858566550408911,0.010121457489878584,"{""mlp.down_proj"": 1802.0, ""mlp.gate_proj"": 368.0, ""mlp.up_proj"": 1412.0, ""self_attn.k_proj"": 111.0, ""self_attn.o_proj"": 954.0, ""self_attn.q_proj"": 156.0, ""self_attn.v_proj"": 631.0}","{""mlp.down_proj"": 1794.0, ""mlp.gate_proj"": 354.0, ""mlp.up_proj"": 1398.0, ""self_attn.k_proj"": 111.0, ""self_attn.o_proj"": 941.0, ""self_attn.q_proj"": 153.0, ""self_attn.v_proj"": 628.0}","{""mlp.down_proj"": -8.0, ""mlp.gate_proj"": -14.0, ""mlp.up_proj"": -14.0, ""self_attn.k_proj"": 0.0, ""self_attn.o_proj"": -13.0, ""self_attn.q_proj"": -3.0, ""self_attn.v_proj"": -3.0}","{""mlp.down_proj"": 0.004439511653718091, ""mlp.gate_proj"": 0.03804347826086957, ""mlp.up_proj"": 0.009915014164305949, ""self_attn.k_proj"": 0.0, ""self_attn.o_proj"": 0.013626834381551363, ""self_attn.q_proj"": 0.019230769230769232, ""self_attn.v_proj"": 0.004754358161648178}",0.0012972727740097178,-2.5428571428571436,254.57142857142856,False,True
llama,sft,160,E_general,E_general,0.1,14,5,equal5_non_qk,True,"mlp.down_proj,mlp.gate_proj,mlp.up_proj,self_attn.o_proj,self_attn.v_proj","self_attn.q_proj,self_attn.k_proj",695.4,704.6,695.4,-9.2,0.0202741800850363,0.013057053647459616,"{""mlp.down_proj"": 1362.0, ""mlp.gate_proj"": 100.0, ""mlp.up_proj"": 923.0, ""self_attn.o_proj"": 659.0, ""self_attn.v_proj"": 479.0}","{""mlp.down_proj"": 1353.0, ""mlp.gate_proj"": 95.0, ""mlp.up_proj"": 909.0, ""self_attn.o_proj"": 645.0, ""self_attn.v_proj"": 475.0}","{""mlp.down_proj"": -9.0, ""mlp.gate_proj"": -5.0, ""mlp.up_proj"": -14.0, ""self_attn.o_proj"": -14.0, ""self_attn.v_proj"": -4.0}","{""mlp.down_proj"": 0.006607929515418502, ""mlp.gate_proj"": 0.05, ""mlp.up_proj"": 0.015167930660888408, ""self_attn.o_proj"": 0.021244309559939303, ""self_attn.v_proj"": 0.008350730688935281}",0.0202741800850363,0.0,7,equal7,True,"mlp.down_proj,mlp.gate_proj,mlp.up_proj,self_attn.k_proj,self_attn.o_proj,self_attn.q_proj,self_attn.v_proj",,510.57142857142856,517.2857142857143,510.57142857142856,-6.714285714285714,0.017338700060740213,0.01297983982325337,"{""mlp.down_proj"": 1362.0, ""mlp.gate_proj"": 100.0, ""mlp.up_proj"": 923.0, ""self_attn.k_proj"": 48.0, ""self_attn.o_proj"": 659.0, ""self_attn.q_proj"": 50.0, ""self_attn.v_proj"": 479.0}","{""mlp.down_proj"": 1353.0, ""mlp.gate_proj"": 95.0, ""mlp.up_proj"": 909.0, ""self_attn.k_proj"": 48.0, ""self_attn.o_proj"": 645.0, ""self_attn.q_proj"": 49.0, ""self_attn.v_proj"": 475.0}","{""mlp.down_proj"": -9.0, ""mlp.gate_proj"": -5.0, ""mlp.up_proj"": -14.0, ""self_attn.k_proj"": 0.0, ""self_attn.o_proj"": -14.0, ""self_attn.q_proj"": -1.0, ""self_attn.v_proj"": -4.0}","{""mlp.down_proj"": 0.006607929515418502, ""mlp.gate_proj"": 0.05, ""mlp.up_proj"": 0.015167930660888408, ""self_attn.k_proj"": 0.0, ""self_attn.o_proj"": 0.021244309559939303, ""self_attn.q_proj"": 0.02, ""self_attn.v_proj"": 0.008350730688935281}",0.0029354800242960867,-2.485714285714285,184.82857142857142,False,True
llama,sft,160,E_if,E_ifeval,0.01,14,5,equal5_non_qk,True,"mlp.down_proj,mlp.gate_proj,mlp.up_proj,self_attn.o_proj,self_attn.v_proj","self_attn.q_proj,self_attn.k_proj",1628.2,1652.8,1628.2,-24.6,0.015721467746744787,0.014883833494675647,"{""mlp.down_proj"": 2435.0, ""mlp.gate_proj"": 1309.0, ""mlp.up_proj"": 2178.0, ""self_attn.o_proj"": 1511.0, ""self_attn.v_proj"": 831.0}","{""mlp.down_proj"": 2414.0, ""mlp.gate_proj"": 1259.0, ""mlp.up_proj"": 2149.0, ""self_attn.o_proj"": 1494.0, ""self_attn.v_proj"": 825.0}","{""mlp.down_proj"": -21.0, ""mlp.gate_proj"": -50.0, ""mlp.up_proj"": -29.0, ""self_attn.o_proj"": -17.0, ""self_attn.v_proj"": -6.0}","{""mlp.down_proj"": 0.00862422997946612, ""mlp.gate_proj"": 0.03819709702062643, ""mlp.up_proj"": 0.013314967860422406, ""self_attn.o_proj"": 0.011250827266710787, ""self_attn.v_proj"": 0.007220216606498195}",0.006161430125158056,0.00956003762158673,7,equal7,True,"mlp.down_proj,mlp.gate_proj,mlp.up_proj,self_attn.k_proj,self_attn.o_proj,self_attn.q_proj,self_attn.v_proj",,1298.7142857142858,1319.857142857143,1298.7142857142858,-21.142857142857142,0.0180224818914686,0.01601904968070135,"{""mlp.down_proj"": 2435.0, ""mlp.gate_proj"": 1309.0, ""mlp.up_proj"": 2178.0, ""self_attn.k_proj"": 345.0, ""self_attn.o_proj"": 1511.0, ""self_attn.q_proj"": 630.0, ""self_attn.v_proj"": 831.0}","{""mlp.down_proj"": 2414.0, ""mlp.gate_proj"": 1259.0, ""mlp.up_proj"": 2149.0, ""self_attn.k_proj"": 339.0, ""self_attn.o_proj"": 1494.0, ""self_attn.q_proj"": 611.0, ""self_attn.v_proj"": 825.0}","{""mlp.down_proj"": -21.0, ""mlp.gate_proj"": -50.0, ""mlp.up_proj"": -29.0, ""self_attn.k_proj"": -6.0, ""self_attn.o_proj"": -17.0, ""self_attn.q_proj"": -19.0, ""self_attn.v_proj"": -6.0}","{""mlp.down_proj"": 0.00862422997946612, ""mlp.gate_proj"": 0.03819709702062643, ""mlp.up_proj"": 0.013314967860422406, ""self_attn.k_proj"": 0.017391304347826087, ""self_attn.o_proj"": 0.011250827266710787, ""self_attn.q_proj"": 0.03015873015873016, ""self_attn.v_proj"": 0.007220216606498195}",-0.0023010141447238133,-3.457142857142859,329.48571428571427,False,True
llama,sft,160,E_if,E_ifeval,0.025,14,5,equal5_non_qk,True,"mlp.down_proj,mlp.gate_proj,mlp.up_proj,self_attn.o_proj,self_attn.v_proj","self_attn.q_proj,self_attn.k_proj",1227.6,1254.0,1227.6,-26.4,0.02428007347841938,0.02105263157894744,"{""mlp.down_proj"": 2031.0, ""mlp.gate_proj"": 709.0, ""mlp.up_proj"": 1670.0, ""self_attn.o_proj"": 1157.0, ""self_attn.v_proj"": 703.0}","{""mlp.down_proj"": 2002.0, ""mlp.gate_proj"": 666.0, ""mlp.up_proj"": 1635.0, ""self_attn.o_proj"": 1139.0, ""self_attn.v_proj"": 696.0}","{""mlp.down_proj"": -29.0, ""mlp.gate_proj"": -43.0, ""mlp.up_proj"": -35.0, ""self_attn.o_proj"": -18.0, ""self_attn.v_proj"": -7.0}","{""mlp.down_proj"": 0.014278680452978828, ""mlp.gate_proj"": 0.06064880112834979, ""mlp.up_proj"": 0.020958083832335328, ""self_attn.o_proj"": 0.015557476231633534, ""self_attn.v_proj"": 0.00995732574679943}",0.00979597722220645,0.01448409625621293,7,equal7,True,"mlp.down_proj,mlp.gate_proj,mlp.up_proj,self_attn.k_proj,self_attn.o_proj,self_attn.q_proj,self_attn.v_proj",,945.5714285714286,966.7142857142857,945.5714285714286,-21.142857142857142,0.025632715944515827,0.021870843800797957,"{""mlp.down_proj"": 2031.0, ""mlp.gate_proj"": 709.0, ""mlp.up_proj"": 1670.0, ""self_attn.k_proj"": 188.0, ""self_attn.o_proj"": 1157.0, ""self_attn.q_proj"": 309.0, ""self_attn.v_proj"": 703.0}","{""mlp.down_proj"": 2002.0, ""mlp.gate_proj"": 666.0, ""mlp.up_proj"": 1635.0, ""self_attn.k_proj"": 185.0, ""self_attn.o_proj"": 1139.0, ""self_attn.q_proj"": 296.0, ""self_attn.v_proj"": 696.0}","{""mlp.down_proj"": -29.0, ""mlp.gate_proj"": -43.0, ""mlp.up_proj"": -35.0, ""self_attn.k_proj"": -3.0, ""self_attn.o_proj"": -18.0, ""self_attn.q_proj"": -13.0, ""self_attn.v_proj"": -7.0}","{""mlp.down_proj"": 0.014278680452978828, ""mlp.gate_proj"": 0.06064880112834979, ""mlp.up_proj"": 0.020958083832335328, ""self_attn.k_proj"": 0.015957446808510637, ""self_attn.o_proj"": 0.015557476231633534, ""self_attn.q_proj"": 0.042071197411003236, ""self_attn.v_proj"": 0.00995732574679943}",-0.0013526424660964473,-5.257142857142856,282.02857142857135,False,True
llama,sft,160,E_if,E_ifeval,0.05,14,5,equal5_non_qk,True,"mlp.down_proj,mlp.gate_proj,mlp.up_proj,self_attn.o_proj,self_attn.v_proj","self_attn.q_proj,self_attn.k_proj",896.0,921.2,896.0,-25.2,0.034778435901754376,0.027355623100304,"{""mlp.down_proj"": 1632.0, ""mlp.gate_proj"": 328.0, ""mlp.up_proj"": 1207.0, ""self_attn.o_proj"": 868.0, ""self_attn.v_proj"": 571.0}","{""mlp.down_proj"": 1599.0, ""mlp.gate_proj"": 300.0, ""mlp.up_proj"": 1170.0, ""self_attn.o_proj"": 849.0, ""self_attn.v_proj"": 562.0}","{""mlp.down_proj"": -33.0, ""mlp.gate_proj"": -28.0, ""mlp.up_proj"": -37.0, ""self_attn.o_proj"": -19.0, ""self_attn.v_proj"": -9.0}","{""mlp.down_proj"": 0.02022058823529412, ""mlp.gate_proj"": 0.08536585365853659, ""mlp.up_proj"": 0.030654515327257662, ""self_attn.o_proj"": 0.021889400921658985, ""self_attn.v_proj"": 0.01576182136602452}",0.014155839324418629,0.02062259657733575,7,equal7,True,"mlp.down_proj,mlp.gate_proj,mlp.up_proj,self_attn.k_proj,self_attn.o_proj,self_attn.q_proj,self_attn.v_proj",,672.1428571428571,691.2857142857143,672.1428571428571,-19.142857142857142,0.03410639817407464,0.027691671833023467,"{""mlp.down_proj"": 1632.0, ""mlp.gate_proj"": 328.0, ""mlp.up_proj"": 1207.0, ""self_attn.k_proj"": 98.0, ""self_attn.o_proj"": 868.0, ""self_attn.q_proj"": 135.0, ""self_attn.v_proj"": 571.0}","{""mlp.down_proj"": 1599.0, ""mlp.gate_proj"": 300.0, ""mlp.up_proj"": 1170.0, ""self_attn.k_proj"": 96.0, ""self_attn.o_proj"": 849.0, ""self_attn.q_proj"": 129.0, ""self_attn.v_proj"": 562.0}","{""mlp.down_proj"": -33.0, ""mlp.gate_proj"": -28.0, ""mlp.up_proj"": -37.0, ""self_attn.k_proj"": -2.0, ""self_attn.o_proj"": -19.0, ""self_attn.q_proj"": -6.0, ""self_attn.v_proj"": -9.0}","{""mlp.down_proj"": 0.02022058823529412, ""mlp.gate_proj"": 0.08536585365853659, ""mlp.up_proj"": 0.030654515327257662, ""self_attn.k_proj"": 0.02040816326530612, ""self_attn.o_proj"": 0.021889400921658985, ""self_attn.q_proj"": 0.044444444444444446, ""self_attn.v_proj"": 0.01576182136602452}",0.0006720377276797362,-6.057142857142857,223.8571428571429,False,True
llama,sft,160,E_if,E_ifeval,0.1,14,5,equal5_non_qk,True,"mlp.down_proj,mlp.gate_proj,mlp.up_proj,self_attn.o_proj,self_attn.v_proj","self_attn.q_proj,self_attn.k_proj",571.6,592.8,571.6,-21.2,0.048626296707433854,0.03576248313090407,"{""mlp.down_proj"": 1166.0, ""mlp.gate_proj"": 96.0, ""mlp.up_proj"": 722.0, ""self_attn.o_proj"": 572.0, ""self_attn.v_proj"": 408.0}","{""mlp.down_proj"": 1131.0, ""mlp.gate_proj"": 85.0, ""mlp.up_proj"": 689.0, ""self_attn.o_proj"": 553.0, ""self_attn.v_proj"": 400.0}","{""mlp.down_proj"": -35.0, ""mlp.gate_proj"": -11.0, ""mlp.up_proj"": -33.0, ""self_attn.o_proj"": -19.0, ""self_attn.v_proj"": -8.0}","{""mlp.down_proj"": 0.030017152658662092, ""mlp.gate_proj"": 0.11458333333333333, ""mlp.up_proj"": 0.045706371191135735, ""self_attn.o_proj"": 0.033216783216783216, ""self_attn.v_proj"": 0.0196078431372549}",0.0202741800850363,0.028352116622397554,7,equal7,True,"mlp.down_proj,mlp.gate_proj,mlp.up_proj,self_attn.k_proj,self_attn.o_proj,self_attn.q_proj,self_attn.v_proj",,420.2857142857143,435.7142857142857,420.2857142857143,-15.428571428571429,0.041226575570244964,0.03540983606557381,"{""mlp.down_proj"": 1166.0, ""mlp.gate_proj"": 96.0, ""mlp.up_proj"": 722.0, ""self_attn.k_proj"": 42.0, ""self_attn.o_proj"": 572.0, ""self_attn.q_proj"": 44.0, ""self_attn.v_proj"": 408.0}","{""mlp.down_proj"": 1131.0, ""mlp.gate_proj"": 85.0, ""mlp.up_proj"": 689.0, ""self_attn.k_proj"": 42.0, ""self_attn.o_proj"": 553.0, ""self_attn.q_proj"": 42.0, ""self_attn.v_proj"": 400.0}","{""mlp.down_proj"": -35.0, ""mlp.gate_proj"": -11.0, ""mlp.up_proj"": -33.0, ""self_attn.k_proj"": 0.0, ""self_attn.o_proj"": -19.0, ""self_attn.q_proj"": -2.0, ""self_attn.v_proj"": -8.0}","{""mlp.down_proj"": 0.030017152658662092, ""mlp.gate_proj"": 0.11458333333333333, ""mlp.up_proj"": 0.045706371191135735, ""self_attn.k_proj"": 0.0, ""self_attn.o_proj"": 0.033216783216783216, ""self_attn.q_proj"": 0.045454545454545456, ""self_attn.v_proj"": 0.0196078431372549}",0.00739972113718889,-5.7714285714285705,151.31428571428575,False,True
llama,sft,160,E_math,E_mathHeld,0.01,14,5,equal5_non_qk,True,"mlp.down_proj,mlp.gate_proj,mlp.up_proj,self_attn.o_proj,self_attn.v_proj","self_attn.q_proj,self_attn.k_proj",835.0,851.6,835.0,-16.6,0.02102742161491796,0.01949271958666043,"{""mlp.down_proj"": 1162.0, ""mlp.gate_proj"": 587.0, ""mlp.up_proj"": 1022.0, ""self_attn.o_proj"": 828.0, ""self_attn.v_proj"": 659.0}","{""mlp.down_proj"": 1147.0, ""mlp.gate_proj"": 563.0, ""mlp.up_proj"": 1002.0, ""self_attn.o_proj"": 813.0, ""self_attn.v_proj"": 650.0}","{""mlp.down_proj"": -15.0, ""mlp.gate_proj"": -24.0, ""mlp.up_proj"": -20.0, ""self_attn.o_proj"": -15.0, ""self_attn.v_proj"": -9.0}","{""mlp.down_proj"": 0.012908777969018933, ""mlp.gate_proj"": 0.04088586030664395, ""mlp.up_proj"": 0.019569471624266144, ""self_attn.o_proj"": 0.018115942028985508, ""self_attn.v_proj"": 0.013657056145675266}",0.006161430125158056,0.014865991489759905,7,equal7,True,"mlp.down_proj,mlp.gate_proj,mlp.up_proj,self_attn.k_proj,self_attn.o_proj,self_attn.q_proj,self_attn.v_proj",,687.1428571428571,701.7142857142857,687.1428571428571,-14.571428571428571,0.022850591645308817,0.02076547231270356,"{""mlp.down_proj"": 1162.0, ""mlp.gate_proj"": 587.0, ""mlp.up_proj"": 1022.0, ""self_attn.k_proj"": 263.0, ""self_attn.o_proj"": 828.0, ""self_attn.q_proj"": 391.0, ""self_attn.v_proj"": 659.0}","{""mlp.down_proj"": 1147.0, ""mlp.gate_proj"": 563.0, ""mlp.up_proj"": 1002.0, ""self_attn.k_proj"": 258.0, ""self_attn.o_proj"": 813.0, ""self_attn.q_proj"": 377.0, ""self_attn.v_proj"": 650.0}","{""mlp.down_proj"": -15.0, ""mlp.gate_proj"": -24.0, ""mlp.up_proj"": -20.0, ""self_attn.k_proj"": -5.0, ""self_attn.o_proj"": -15.0, ""self_attn.q_proj"": -14.0, ""self_attn.v_proj"": -9.0}","{""mlp.down_proj"": 0.012908777969018933, ""mlp.gate_proj"": 0.04088586030664395, ""mlp.up_proj"": 0.019569471624266144, ""self_attn.k_proj"": 0.019011406844106463, ""self_attn.o_proj"": 0.018115942028985508, ""self_attn.q_proj"": 0.03580562659846547, ""self_attn.v_proj"": 0.013657056145675266}",-0.0018231700303908555,-2.0285714285714302,147.8571428571429,False,True
llama,sft,160,E_math,E_mathHeld,0.025,14,5,equal5_non_qk,True,"mlp.down_proj,mlp.gate_proj,mlp.up_proj,self_attn.o_proj,self_attn.v_proj","self_attn.q_proj,self_attn.k_proj",606.4,621.6,606.4,-15.2,0.028141667156171595,0.024453024453024524,"{""mlp.down_proj"": 912.0, ""mlp.gate_proj"": 322.0, ""mlp.up_proj"": 751.0, ""self_attn.o_proj"": 607.0, ""self_attn.v_proj"": 516.0}","{""mlp.down_proj"": 896.0, ""mlp.gate_proj"": 303.0, ""mlp.up_proj"": 732.0, ""self_attn.o_proj"": 594.0, ""self_attn.v_proj"": 507.0}","{""mlp.down_proj"": -16.0, ""mlp.gate_proj"": -19.0, ""mlp.up_proj"": -19.0, ""self_attn.o_proj"": -13.0, ""self_attn.v_proj"": -9.0}","{""mlp.down_proj"": 0.017543859649122806, ""mlp.gate_proj"": 0.059006211180124224, ""mlp.up_proj"": 0.02529960053262317, ""self_attn.o_proj"": 0.0214168039538715, ""self_attn.v_proj"": 0.01744186046511628}",0.00979597722220645,0.018345689933965147,7,equal7,True,"mlp.down_proj,mlp.gate_proj,mlp.up_proj,self_attn.k_proj,self_attn.o_proj,self_attn.q_proj,self_attn.v_proj",,482.42857142857144,495.14285714285717,482.42857142857144,-12.714285714285714,0.02982646555111158,0.025678015002885187,"{""mlp.down_proj"": 912.0, ""mlp.gate_proj"": 322.0, ""mlp.up_proj"": 751.0, ""self_attn.k_proj"": 150.0, ""self_attn.o_proj"": 607.0, ""self_attn.q_proj"": 208.0, ""self_attn.v_proj"": 516.0}","{""mlp.down_proj"": 896.0, ""mlp.gate_proj"": 303.0, ""mlp.up_proj"": 732.0, ""self_attn.k_proj"": 147.0, ""self_attn.o_proj"": 594.0, ""self_attn.q_proj"": 198.0, ""self_attn.v_proj"": 507.0}","{""mlp.down_proj"": -16.0, ""mlp.gate_proj"": -19.0, ""mlp.up_proj"": -19.0, ""self_attn.k_proj"": -3.0, ""self_attn.o_proj"": -13.0, ""self_attn.q_proj"": -10.0, ""self_attn.v_proj"": -9.0}","{""mlp.down_proj"": 0.017543859649122806, ""mlp.gate_proj"": 0.059006211180124224, ""mlp.up_proj"": 0.02529960053262317, ""self_attn.k_proj"": 0.02, ""self_attn.o_proj"": 0.0214168039538715, ""self_attn.q_proj"": 0.04807692307692308, ""self_attn.v_proj"": 0.01744186046511628}",-0.0016847983949399847,-2.4857142857142858,123.97142857142853,False,True
llama,sft,160,E_math,E_mathHeld,0.05,14,5,equal5_non_qk,True,"mlp.down_proj,mlp.gate_proj,mlp.up_proj,self_attn.o_proj,self_attn.v_proj","self_attn.q_proj,self_attn.k_proj",433.0,446.2,433.0,-13.2,0.037078519880178594,0.02958314657104435,"{""mlp.down_proj"": 701.0, ""mlp.gate_proj"": 158.0, ""mlp.up_proj"": 534.0, ""self_attn.o_proj"": 441.0, ""self_attn.v_proj"": 397.0}","{""mlp.down_proj"": 686.0, ""mlp.gate_proj"": 145.0, ""mlp.up_proj"": 517.0, ""self_attn.o_proj"": 429.0, ""self_attn.v_proj"": 388.0}","{""mlp.down_proj"": -15.0, ""mlp.gate_proj"": -13.0, ""mlp.up_proj"": -17.0, ""self_attn.o_proj"": -12.0, ""self_attn.v_proj"": -9.0}","{""mlp.down_proj"": 0.021398002853067047, ""mlp.gate_proj"": 0.08227848101265822, ""mlp.up_proj"": 0.031835205992509365, ""self_attn.o_proj"": 0.027210884353741496, ""self_attn.v_proj"": 0.022670025188916875}",0.014155839324418629,0.022922680555759967,7,equal7,True,"mlp.down_proj,mlp.gate_proj,mlp.up_proj,self_attn.k_proj,self_attn.o_proj,self_attn.q_proj,self_attn.v_proj",,334.85714285714283,345.42857142857144,334.85714285714283,-10.571428571428571,0.03820779291355469,0.0306038047973533,"{""mlp.down_proj"": 701.0, ""mlp.gate_proj"": 158.0, ""mlp.up_proj"": 534.0, ""self_attn.k_proj"": 84.0, ""self_attn.o_proj"": 441.0, ""self_attn.q_proj"": 103.0, ""self_attn.v_proj"": 397.0}","{""mlp.down_proj"": 686.0, ""mlp.gate_proj"": 145.0, ""mlp.up_proj"": 517.0, ""self_attn.k_proj"": 82.0, ""self_attn.o_proj"": 429.0, ""self_attn.q_proj"": 97.0, ""self_attn.v_proj"": 388.0}","{""mlp.down_proj"": -15.0, ""mlp.gate_proj"": -13.0, ""mlp.up_proj"": -17.0, ""self_attn.k_proj"": -2.0, ""self_attn.o_proj"": -12.0, ""self_attn.q_proj"": -6.0, ""self_attn.v_proj"": -9.0}","{""mlp.down_proj"": 0.021398002853067047, ""mlp.gate_proj"": 0.08227848101265822, ""mlp.up_proj"": 0.031835205992509365, ""self_attn.k_proj"": 0.023809523809523808, ""self_attn.o_proj"": 0.027210884353741496, ""self_attn.q_proj"": 0.05825242718446602, ""self_attn.v_proj"": 0.022670025188916875}",-0.0011292730333760936,-2.628571428571428,98.14285714285717,False,True
llama,sft,160,E_math,E_mathHeld,0.1,14,5,equal5_non_qk,True,"mlp.down_proj,mlp.gate_proj,mlp.up_proj,self_attn.o_proj,self_attn.v_proj","self_attn.q_proj,self_attn.k_proj",273.0,283.2,273.0,-10.2,0.05114071022145557,0.03601694915254233,"{""mlp.down_proj"": 483.0, ""mlp.gate_proj"": 49.0, ""mlp.up_proj"": 325.0, ""self_attn.o_proj"": 286.0, ""self_attn.v_proj"": 273.0}","{""mlp.down_proj"": 469.0, ""mlp.gate_proj"": 43.0, ""mlp.up_proj"": 312.0, ""self_attn.o_proj"": 276.0, ""self_attn.v_proj"": 265.0}","{""mlp.down_proj"": -14.0, ""mlp.gate_proj"": -6.0, ""mlp.up_proj"": -13.0, ""self_attn.o_proj"": -10.0, ""self_attn.v_proj"": -8.0}","{""mlp.down_proj"": 0.028985507246376812, ""mlp.gate_proj"": 0.12244897959183673, ""mlp.up_proj"": 0.04, ""self_attn.o_proj"": 0.03496503496503497, ""self_attn.v_proj"": 0.029304029304029304}",0.0202741800850363,0.030866530136419268,7,equal7,True,"mlp.down_proj,mlp.gate_proj,mlp.up_proj,self_attn.k_proj,self_attn.o_proj,self_attn.q_proj,self_attn.v_proj",,205.42857142857142,213.14285714285714,205.42857142857142,-7.714285714285714,0.04780727421833292,0.03619302949061666,"{""mlp.down_proj"": 483.0, ""mlp.gate_proj"": 49.0, ""mlp.up_proj"": 325.0, ""self_attn.k_proj"": 38.0, ""self_attn.o_proj"": 286.0, ""self_attn.q_proj"": 38.0, ""self_attn.v_proj"": 273.0}","{""mlp.down_proj"": 469.0, ""mlp.gate_proj"": 43.0, ""mlp.up_proj"": 312.0, ""self_attn.k_proj"": 37.0, ""self_attn.o_proj"": 276.0, ""self_attn.q_proj"": 36.0, ""self_attn.v_proj"": 265.0}","{""mlp.down_proj"": -14.0, ""mlp.gate_proj"": -6.0, ""mlp.up_proj"": -13.0, ""self_attn.k_proj"": -1.0, ""self_attn.o_proj"": -10.0, ""self_attn.q_proj"": -2.0, ""self_attn.v_proj"": -8.0}","{""mlp.down_proj"": 0.028985507246376812, ""mlp.gate_proj"": 0.12244897959183673, ""mlp.up_proj"": 0.04, ""self_attn.k_proj"": 0.02631578947368421, ""self_attn.o_proj"": 0.03496503496503497, ""self_attn.q_proj"": 0.05263157894736842, ""self_attn.v_proj"": 0.029304029304029304}",0.00333343600312265,-2.485714285714285,67.57142857142858,False,True
llama,sft,160,E_ood,E_mmluPro,0.01,14,5,equal5_non_qk,True,"mlp.down_proj,mlp.gate_proj,mlp.up_proj,self_attn.o_proj,self_attn.v_proj","self_attn.q_proj,self_attn.k_proj",1675.8,1694.2,1675.8,-18.4,0.011498767020676324,0.010860583166096146,"{""mlp.down_proj"": 2452.0, ""mlp.gate_proj"": 1352.0, ""mlp.up_proj"": 2263.0, ""self_attn.o_proj"": 1556.0, ""self_attn.v_proj"": 848.0}","{""mlp.down_proj"": 2439.0, ""mlp.gate_proj"": 1316.0, ""mlp.up_proj"": 2242.0, ""self_attn.o_proj"": 1538.0, ""self_attn.v_proj"": 844.0}","{""mlp.down_proj"": -13.0, ""mlp.gate_proj"": -36.0, ""mlp.up_proj"": -21.0, ""self_attn.o_proj"": -18.0, ""self_attn.v_proj"": -4.0}","{""mlp.down_proj"": 0.005301794453507341, ""mlp.gate_proj"": 0.026627218934911243, ""mlp.up_proj"": 0.009279717189571365, ""self_attn.o_proj"": 0.011568123393316195, ""self_attn.v_proj"": 0.0047169811320754715}",0.006161430125158056,0.005337336895518268,7,equal7,True,"mlp.down_proj,mlp.gate_proj,mlp.up_proj,self_attn.k_proj,self_attn.o_proj,self_attn.q_proj,self_attn.v_proj",,1328.7142857142858,1343.5714285714287,1328.7142857142858,-14.857142857142858,0.01183506079857456,0.011057947900053187,"{""mlp.down_proj"": 2452.0, ""mlp.gate_proj"": 1352.0, ""mlp.up_proj"": 2263.0, ""self_attn.k_proj"": 331.0, ""self_attn.o_proj"": 1556.0, ""self_attn.q_proj"": 603.0, ""self_attn.v_proj"": 848.0}","{""mlp.down_proj"": 2439.0, ""mlp.gate_proj"": 1316.0, ""mlp.up_proj"": 2242.0, ""self_attn.k_proj"": 327.0, ""self_attn.o_proj"": 1538.0, ""self_attn.q_proj"": 595.0, ""self_attn.v_proj"": 844.0}","{""mlp.down_proj"": -13.0, ""mlp.gate_proj"": -36.0, ""mlp.up_proj"": -21.0, ""self_attn.k_proj"": -4.0, ""self_attn.o_proj"": -18.0, ""self_attn.q_proj"": -8.0, ""self_attn.v_proj"": -4.0}","{""mlp.down_proj"": 0.005301794453507341, ""mlp.gate_proj"": 0.026627218934911243, ""mlp.up_proj"": 0.009279717189571365, ""self_attn.k_proj"": 0.012084592145015106, ""self_attn.o_proj"": 0.011568123393316195, ""self_attn.q_proj"": 0.013266998341625208, ""self_attn.v_proj"": 0.0047169811320754715}",-0.0003362937778982368,-3.542857142857141,347.0857142857142,False,True
llama,sft,160,E_ood,E_mmluPro,0.025,14,5,equal5_non_qk,True,"mlp.down_proj,mlp.gate_proj,mlp.up_proj,self_attn.o_proj,self_attn.v_proj","self_attn.q_proj,self_attn.k_proj",1275.8,1296.6,1275.8,-20.8,0.018650710245509676,0.016041955884621283,"{""mlp.down_proj"": 2058.0, ""mlp.gate_proj"": 731.0, ""mlp.up_proj"": 1775.0, ""self_attn.o_proj"": 1191.0, ""self_attn.v_proj"": 728.0}","{""mlp.down_proj"": 2039.0, ""mlp.gate_proj"": 699.0, ""mlp.up_proj"": 1748.0, ""self_attn.o_proj"": 1171.0, ""self_attn.v_proj"": 722.0}","{""mlp.down_proj"": -19.0, ""mlp.gate_proj"": -32.0, ""mlp.up_proj"": -27.0, ""self_attn.o_proj"": -20.0, ""self_attn.v_proj"": -6.0}","{""mlp.down_proj"": 0.00923226433430515, ""mlp.gate_proj"": 0.04377564979480164, ""mlp.up_proj"": 0.015211267605633802, ""self_attn.o_proj"": 0.016792611251049538, ""self_attn.v_proj"": 0.008241758241758242}",0.00979597722220645,0.008854733023303226,7,equal7,True,"mlp.down_proj,mlp.gate_proj,mlp.up_proj,self_attn.k_proj,self_attn.o_proj,self_attn.q_proj,self_attn.v_proj",,976.8571428571429,992.7142857142857,976.8571428571429,-15.857142857142858,0.017407231056405608,0.01597352136998121,"{""mlp.down_proj"": 2058.0, ""mlp.gate_proj"": 731.0, ""mlp.up_proj"": 1775.0, ""self_attn.k_proj"": 178.0, ""self_attn.o_proj"": 1191.0, ""self_attn.q_proj"": 288.0, ""self_attn.v_proj"": 728.0}","{""mlp.down_proj"": 2039.0, ""mlp.gate_proj"": 699.0, ""mlp.up_proj"": 1748.0, ""self_attn.k_proj"": 176.0, ""self_attn.o_proj"": 1171.0, ""self_attn.q_proj"": 283.0, ""self_attn.v_proj"": 722.0}","{""mlp.down_proj"": -19.0, ""mlp.gate_proj"": -32.0, ""mlp.up_proj"": -27.0, ""self_attn.k_proj"": -2.0, ""self_attn.o_proj"": -20.0, ""self_attn.q_proj"": -5.0, ""self_attn.v_proj"": -6.0}","{""mlp.down_proj"": 0.00923226433430515, ""mlp.gate_proj"": 0.04377564979480164, ""mlp.up_proj"": 0.015211267605633802, ""self_attn.k_proj"": 0.011235955056179775, ""self_attn.o_proj"": 0.016792611251049538, ""self_attn.q_proj"": 0.017361111111111112, ""self_attn.v_proj"": 0.008241758241758242}",0.001243479189104068,-4.942857142857143,298.94285714285706,False,True
llama,sft,160,E_ood,E_mmluPro,0.05,14,5,equal5_non_qk,True,"mlp.down_proj,mlp.gate_proj,mlp.up_proj,self_attn.o_proj,self_attn.v_proj","self_attn.q_proj,self_attn.k_proj",941.8,961.6,941.8,-19.8,0.026692535742024272,0.020590682196339506,"{""mlp.down_proj"": 1669.0, ""mlp.gate_proj"": 327.0, ""mlp.up_proj"": 1319.0, ""self_attn.o_proj"": 891.0, ""self_attn.v_proj"": 602.0}","{""mlp.down_proj"": 1647.0, ""mlp.gate_proj"": 306.0, ""mlp.up_proj"": 1290.0, ""self_attn.o_proj"": 871.0, ""self_attn.v_proj"": 595.0}","{""mlp.down_proj"": -22.0, ""mlp.gate_proj"": -21.0, ""mlp.up_proj"": -29.0, ""self_attn.o_proj"": -20.0, ""self_attn.v_proj"": -7.0}","{""mlp.down_proj"": 0.013181545835829839, ""mlp.gate_proj"": 0.06422018348623854, ""mlp.up_proj"": 0.021986353297952996, ""self_attn.o_proj"": 0.02244668911335578, ""self_attn.v_proj"": 0.011627906976744186}",0.014155839324418629,0.012536696417605643,7,equal7,True,"mlp.down_proj,mlp.gate_proj,mlp.up_proj,self_attn.k_proj,self_attn.o_proj,self_attn.q_proj,self_attn.v_proj",,702.8571428571429,717.4285714285714,702.8571428571429,-14.571428571428571,0.022550417516080053,0.020310633213858998,"{""mlp.down_proj"": 1669.0, ""mlp.gate_proj"": 327.0, ""mlp.up_proj"": 1319.0, ""self_attn.k_proj"": 91.0, ""self_attn.o_proj"": 891.0, ""self_attn.q_proj"": 123.0, ""self_attn.v_proj"": 602.0}","{""mlp.down_proj"": 1647.0, ""mlp.gate_proj"": 306.0, ""mlp.up_proj"": 1290.0, ""self_attn.k_proj"": 91.0, ""self_attn.o_proj"": 871.0, ""self_attn.q_proj"": 120.0, ""self_attn.v_proj"": 595.0}","{""mlp.down_proj"": -22.0, ""mlp.gate_proj"": -21.0, ""mlp.up_proj"": -29.0, ""self_attn.k_proj"": 0.0, ""self_attn.o_proj"": -20.0, ""self_attn.q_proj"": -3.0, ""self_attn.v_proj"": -7.0}","{""mlp.down_proj"": 0.013181545835829839, ""mlp.gate_proj"": 0.06422018348623854, ""mlp.up_proj"": 0.021986353297952996, ""self_attn.k_proj"": 0.0, ""self_attn.o_proj"": 0.02244668911335578, ""self_attn.q_proj"": 0.024390243902439025, ""self_attn.v_proj"": 0.011627906976744186}",0.004142118225944218,-5.2285714285714295,238.94285714285706,False,True
llama,sft,160,E_ood,E_mmluPro,0.1,14,5,equal5_non_qk,True,"mlp.down_proj,mlp.gate_proj,mlp.up_proj,self_attn.o_proj,self_attn.v_proj","self_attn.q_proj,self_attn.k_proj",613.8,630.6,613.8,-16.8,0.03934560225357716,0.026641294005708957,"{""mlp.down_proj"": 1213.0, ""mlp.gate_proj"": 83.0, ""mlp.up_proj"": 825.0, ""self_attn.o_proj"": 586.0, ""self_attn.v_proj"": 446.0}","{""mlp.down_proj"": 1190.0, ""mlp.gate_proj"": 75.0, ""mlp.up_proj"": 798.0, ""self_attn.o_proj"": 568.0, ""self_attn.v_proj"": 438.0}","{""mlp.down_proj"": -23.0, ""mlp.gate_proj"": -8.0, ""mlp.up_proj"": -27.0, ""self_attn.o_proj"": -18.0, ""self_attn.v_proj"": -8.0}","{""mlp.down_proj"": 0.018961253091508656, ""mlp.gate_proj"": 0.0963855421686747, ""mlp.up_proj"": 0.03272727272727273, ""self_attn.o_proj"": 0.030716723549488054, ""self_attn.v_proj"": 0.017937219730941704}",0.0202741800850363,0.01907142216854086,7,equal7,True,"mlp.down_proj,mlp.gate_proj,mlp.up_proj,self_attn.k_proj,self_attn.o_proj,self_attn.q_proj,self_attn.v_proj",,449.7142857142857,461.85714285714283,449.7142857142857,-12.142857142857142,0.031588322167189264,0.02629137024435502,"{""mlp.down_proj"": 1213.0, ""mlp.gate_proj"": 83.0, ""mlp.up_proj"": 825.0, ""self_attn.k_proj"": 39.0, ""self_attn.o_proj"": 586.0, ""self_attn.q_proj"": 41.0, ""self_attn.v_proj"": 446.0}","{""mlp.down_proj"": 1190.0, ""mlp.gate_proj"": 75.0, ""mlp.up_proj"": 798.0, ""self_attn.k_proj"": 39.0, ""self_attn.o_proj"": 568.0, ""self_attn.q_proj"": 40.0, ""self_attn.v_proj"": 438.0}","{""mlp.down_proj"": -23.0, ""mlp.gate_proj"": -8.0, ""mlp.up_proj"": -27.0, ""self_attn.k_proj"": 0.0, ""self_attn.o_proj"": -18.0, ""self_attn.q_proj"": -1.0, ""self_attn.v_proj"": -8.0}","{""mlp.down_proj"": 0.018961253091508656, ""mlp.gate_proj"": 0.0963855421686747, ""mlp.up_proj"": 0.03272727272727273, ""self_attn.k_proj"": 0.0, ""self_attn.o_proj"": 0.030716723549488054, ""self_attn.q_proj"": 0.024390243902439025, ""self_attn.v_proj"": 0.017937219730941704}",0.007757280086387895,-4.657142857142858,164.08571428571423,False,True
llama,sft,320,E_general,E_general,0.01,14,5,equal5_non_qk,True,"mlp.down_proj,mlp.gate_proj,mlp.up_proj,self_attn.o_proj,self_attn.v_proj","self_attn.q_proj,self_attn.k_proj",1726.0,1737.8,1726.0,-11.8,0.007339954106273675,0.00679019449879155,"{""mlp.down_proj"": 2529.0, ""mlp.gate_proj"": 1399.0, ""mlp.up_proj"": 2314.0, ""self_attn.o_proj"": 1584.0, ""self_attn.v_proj"": 863.0}","{""mlp.down_proj"": 2523.0, ""mlp.gate_proj"": 1375.0, ""mlp.up_proj"": 2303.0, ""self_attn.o_proj"": 1568.0, ""self_attn.v_proj"": 861.0}","{""mlp.down_proj"": -6.0, ""mlp.gate_proj"": -24.0, ""mlp.up_proj"": -11.0, ""self_attn.o_proj"": -16.0, ""self_attn.v_proj"": -2.0}","{""mlp.down_proj"": 0.002372479240806643, ""mlp.gate_proj"": 0.017155110793423873, ""mlp.up_proj"": 0.004753673292999135, ""self_attn.o_proj"": 0.010101010101010102, ""self_attn.v_proj"": 0.002317497103128621}",0.007339954106273675,0.0,7,equal7,True,"mlp.down_proj,mlp.gate_proj,mlp.up_proj,self_attn.k_proj,self_attn.o_proj,self_attn.q_proj,self_attn.v_proj",,1383.5714285714287,1393.7142857142858,1383.5714285714287,-10.142857142857142,0.008243650125455599,0.007277572775727733,"{""mlp.down_proj"": 2529.0, ""mlp.gate_proj"": 1399.0, ""mlp.up_proj"": 2314.0, ""self_attn.k_proj"": 375.0, ""self_attn.o_proj"": 1584.0, ""self_attn.q_proj"": 692.0, ""self_attn.v_proj"": 863.0}","{""mlp.down_proj"": 2523.0, ""mlp.gate_proj"": 1375.0, ""mlp.up_proj"": 2303.0, ""self_attn.k_proj"": 372.0, ""self_attn.o_proj"": 1568.0, ""self_attn.q_proj"": 683.0, ""self_attn.v_proj"": 861.0}","{""mlp.down_proj"": -6.0, ""mlp.gate_proj"": -24.0, ""mlp.up_proj"": -11.0, ""self_attn.k_proj"": -3.0, ""self_attn.o_proj"": -16.0, ""self_attn.q_proj"": -9.0, ""self_attn.v_proj"": -2.0}","{""mlp.down_proj"": 0.002372479240806643, ""mlp.gate_proj"": 0.017155110793423873, ""mlp.up_proj"": 0.004753673292999135, ""self_attn.k_proj"": 0.008, ""self_attn.o_proj"": 0.010101010101010102, ""self_attn.q_proj"": 0.01300578034682081, ""self_attn.v_proj"": 0.002317497103128621}",-0.0009036960191819241,-1.6571428571428584,342.42857142857133,False,True
llama,sft,320,E_general,E_general,0.025,14,5,equal5_non_qk,True,"mlp.down_proj,mlp.gate_proj,mlp.up_proj,self_attn.o_proj,self_attn.v_proj","self_attn.q_proj,self_attn.k_proj",1345.4,1358.4,1345.4,-13.0,0.011620523809490031,0.009570082449941106,"{""mlp.down_proj"": 2167.0, ""mlp.gate_proj"": 784.0, ""mlp.up_proj"": 1852.0, ""self_attn.o_proj"": 1238.0, ""self_attn.v_proj"": 751.0}","{""mlp.down_proj"": 2159.0, ""mlp.gate_proj"": 762.0, ""mlp.up_proj"": 1837.0, ""self_attn.o_proj"": 1222.0, ""self_attn.v_proj"": 747.0}","{""mlp.down_proj"": -8.0, ""mlp.gate_proj"": -22.0, ""mlp.up_proj"": -15.0, ""self_attn.o_proj"": -16.0, ""self_attn.v_proj"": -4.0}","{""mlp.down_proj"": 0.0036917397323488694, ""mlp.gate_proj"": 0.02806122448979592, ""mlp.up_proj"": 0.008099352051835854, ""self_attn.o_proj"": 0.012924071082390954, ""self_attn.v_proj"": 0.005326231691078562}",0.011620523809490031,0.0,7,equal7,True,"mlp.down_proj,mlp.gate_proj,mlp.up_proj,self_attn.k_proj,self_attn.o_proj,self_attn.q_proj,self_attn.v_proj",,1040.142857142857,1050.7142857142858,1040.142857142857,-10.571428571428571,0.012497085893517295,0.01006118286879683,"{""mlp.down_proj"": 2167.0, ""mlp.gate_proj"": 784.0, ""mlp.up_proj"": 1852.0, ""self_attn.k_proj"": 212.0, ""self_attn.o_proj"": 1238.0, ""self_attn.q_proj"": 351.0, ""self_attn.v_proj"": 751.0}","{""mlp.down_proj"": 2159.0, ""mlp.gate_proj"": 762.0, ""mlp.up_proj"": 1837.0, ""self_attn.k_proj"": 210.0, ""self_attn.o_proj"": 1222.0, ""self_attn.q_proj"": 344.0, ""self_attn.v_proj"": 747.0}","{""mlp.down_proj"": -8.0, ""mlp.gate_proj"": -22.0, ""mlp.up_proj"": -15.0, ""self_attn.k_proj"": -2.0, ""self_attn.o_proj"": -16.0, ""self_attn.q_proj"": -7.0, ""self_attn.v_proj"": -4.0}","{""mlp.down_proj"": 0.0036917397323488694, ""mlp.gate_proj"": 0.02806122448979592, ""mlp.up_proj"": 0.008099352051835854, ""self_attn.k_proj"": 0.009433962264150943, ""self_attn.o_proj"": 0.012924071082390954, ""self_attn.q_proj"": 0.019943019943019943, ""self_attn.v_proj"": 0.005326231691078562}",-0.0008765620840272634,-2.428571428571429,305.257142857143,False,True
llama,sft,320,E_general,E_general,0.05,14,5,equal5_non_qk,True,"mlp.down_proj,mlp.gate_proj,mlp.up_proj,self_attn.o_proj,self_attn.v_proj","self_attn.q_proj,self_attn.k_proj",1021.0,1033.4,1021.0,-12.4,0.016693945576210442,0.011999225856396449,"{""mlp.down_proj"": 1802.0, ""mlp.gate_proj"": 368.0, ""mlp.up_proj"": 1412.0, ""self_attn.o_proj"": 954.0, ""self_attn.v_proj"": 631.0}","{""mlp.down_proj"": 1792.0, ""mlp.gate_proj"": 352.0, ""mlp.up_proj"": 1396.0, ""self_attn.o_proj"": 938.0, ""self_attn.v_proj"": 627.0}","{""mlp.down_proj"": -10.0, ""mlp.gate_proj"": -16.0, ""mlp.up_proj"": -16.0, ""self_attn.o_proj"": -16.0, ""self_attn.v_proj"": -4.0}","{""mlp.down_proj"": 0.005549389567147614, ""mlp.gate_proj"": 0.043478260869565216, ""mlp.up_proj"": 0.0113314447592068, ""self_attn.o_proj"": 0.016771488469601678, ""self_attn.v_proj"": 0.006339144215530904}",0.016693945576210442,0.0,7,equal7,True,"mlp.down_proj,mlp.gate_proj,mlp.up_proj,self_attn.k_proj,self_attn.o_proj,self_attn.q_proj,self_attn.v_proj",,766.8571428571429,776.2857142857143,766.8571428571429,-9.428571428571429,0.015587250503153977,0.012145748987854272,"{""mlp.down_proj"": 1802.0, ""mlp.gate_proj"": 368.0, ""mlp.up_proj"": 1412.0, ""self_attn.k_proj"": 111.0, ""self_attn.o_proj"": 954.0, ""self_attn.q_proj"": 156.0, ""self_attn.v_proj"": 631.0}","{""mlp.down_proj"": 1792.0, ""mlp.gate_proj"": 352.0, ""mlp.up_proj"": 1396.0, ""self_attn.k_proj"": 111.0, ""self_attn.o_proj"": 938.0, ""self_attn.q_proj"": 152.0, ""self_attn.v_proj"": 627.0}","{""mlp.down_proj"": -10.0, ""mlp.gate_proj"": -16.0, ""mlp.up_proj"": -16.0, ""self_attn.k_proj"": 0.0, ""self_attn.o_proj"": -16.0, ""self_attn.q_proj"": -4.0, ""self_attn.v_proj"": -4.0}","{""mlp.down_proj"": 0.005549389567147614, ""mlp.gate_proj"": 0.043478260869565216, ""mlp.up_proj"": 0.0113314447592068, ""self_attn.k_proj"": 0.0, ""self_attn.o_proj"": 0.016771488469601678, ""self_attn.q_proj"": 0.02564102564102564, ""self_attn.v_proj"": 0.006339144215530904}",0.001106695073056465,-2.9714285714285715,254.1428571428571,False,True
llama,sft,320,E_general,E_general,0.1,14,5,equal5_non_qk,True,"mlp.down_proj,mlp.gate_proj,mlp.up_proj,self_attn.o_proj,self_attn.v_proj","self_attn.q_proj,self_attn.k_proj",693.8,704.6,693.8,-10.8,0.024025752096318964,0.015327845586148265,"{""mlp.down_proj"": 1362.0, ""mlp.gate_proj"": 100.0, ""mlp.up_proj"": 923.0, ""self_attn.o_proj"": 659.0, ""self_attn.v_proj"": 479.0}","{""mlp.down_proj"": 1351.0, ""mlp.gate_proj"": 94.0, ""mlp.up_proj"": 907.0, ""self_attn.o_proj"": 643.0, ""self_attn.v_proj"": 474.0}","{""mlp.down_proj"": -11.0, ""mlp.gate_proj"": -6.0, ""mlp.up_proj"": -16.0, ""self_attn.o_proj"": -16.0, ""self_attn.v_proj"": -5.0}","{""mlp.down_proj"": 0.008076358296622614, ""mlp.gate_proj"": 0.06, ""mlp.up_proj"": 0.01733477789815818, ""self_attn.o_proj"": 0.024279210925644917, ""self_attn.v_proj"": 0.010438413361169102}",0.024025752096318964,0.0,7,equal7,True,"mlp.down_proj,mlp.gate_proj,mlp.up_proj,self_attn.k_proj,self_attn.o_proj,self_attn.q_proj,self_attn.v_proj",,509.42857142857144,517.2857142857143,509.42857142857144,-7.857142857142857,0.020018394354513545,0.015189174261253859,"{""mlp.down_proj"": 1362.0, ""mlp.gate_proj"": 100.0, ""mlp.up_proj"": 923.0, ""self_attn.k_proj"": 48.0, ""self_attn.o_proj"": 659.0, ""self_attn.q_proj"": 50.0, ""self_attn.v_proj"": 479.0}","{""mlp.down_proj"": 1351.0, ""mlp.gate_proj"": 94.0, ""mlp.up_proj"": 907.0, ""self_attn.k_proj"": 48.0, ""self_attn.o_proj"": 643.0, ""self_attn.q_proj"": 49.0, ""self_attn.v_proj"": 474.0}","{""mlp.down_proj"": -11.0, ""mlp.gate_proj"": -6.0, ""mlp.up_proj"": -16.0, ""self_attn.k_proj"": 0.0, ""self_attn.o_proj"": -16.0, ""self_attn.q_proj"": -1.0, ""self_attn.v_proj"": -5.0}","{""mlp.down_proj"": 0.008076358296622614, ""mlp.gate_proj"": 0.06, ""mlp.up_proj"": 0.01733477789815818, ""self_attn.k_proj"": 0.0, ""self_attn.o_proj"": 0.024279210925644917, ""self_attn.q_proj"": 0.02, ""self_attn.v_proj"": 0.010438413361169102}",0.004007357741805419,-2.942857142857144,184.3714285714285,False,True
llama,sft,320,E_if,E_ifeval,0.01,14,5,equal5_non_qk,True,"mlp.down_proj,mlp.gate_proj,mlp.up_proj,self_attn.o_proj,self_attn.v_proj","self_attn.q_proj,self_attn.k_proj",1626.8,1652.8,1626.8,-26.0,0.016659372575325918,0.015730880929332045,"{""mlp.down_proj"": 2435.0, ""mlp.gate_proj"": 1309.0, ""mlp.up_proj"": 2178.0, ""self_attn.o_proj"": 1511.0, ""self_attn.v_proj"": 831.0}","{""mlp.down_proj"": 2413.0, ""mlp.gate_proj"": 1254.0, ""mlp.up_proj"": 2148.0, ""self_attn.o_proj"": 1494.0, ""self_attn.v_proj"": 825.0}","{""mlp.down_proj"": -22.0, ""mlp.gate_proj"": -55.0, ""mlp.up_proj"": -30.0, ""self_attn.o_proj"": -17.0, ""self_attn.v_proj"": -6.0}","{""mlp.down_proj"": 0.009034907597535934, ""mlp.gate_proj"": 0.04201680672268908, ""mlp.up_proj"": 0.013774104683195593, ""self_attn.o_proj"": 0.011250827266710787, ""self_attn.v_proj"": 0.007220216606498195}",0.007339954106273675,0.009319418469052243,7,equal7,True,"mlp.down_proj,mlp.gate_proj,mlp.up_proj,self_attn.k_proj,self_attn.o_proj,self_attn.q_proj,self_attn.v_proj",,1297.4285714285713,1319.857142857143,1297.4285714285713,-22.428571428571427,0.019333249956446443,0.016993181080203583,"{""mlp.down_proj"": 2435.0, ""mlp.gate_proj"": 1309.0, ""mlp.up_proj"": 2178.0, ""self_attn.k_proj"": 345.0, ""self_attn.o_proj"": 1511.0, ""self_attn.q_proj"": 630.0, ""self_attn.v_proj"": 831.0}","{""mlp.down_proj"": 2413.0, ""mlp.gate_proj"": 1254.0, ""mlp.up_proj"": 2148.0, ""self_attn.k_proj"": 338.0, ""self_attn.o_proj"": 1494.0, ""self_attn.q_proj"": 610.0, ""self_attn.v_proj"": 825.0}","{""mlp.down_proj"": -22.0, ""mlp.gate_proj"": -55.0, ""mlp.up_proj"": -30.0, ""self_attn.k_proj"": -7.0, ""self_attn.o_proj"": -17.0, ""self_attn.q_proj"": -20.0, ""self_attn.v_proj"": -6.0}","{""mlp.down_proj"": 0.009034907597535934, ""mlp.gate_proj"": 0.04201680672268908, ""mlp.up_proj"": 0.013774104683195593, ""self_attn.k_proj"": 0.020289855072463767, ""self_attn.o_proj"": 0.011250827266710787, ""self_attn.q_proj"": 0.031746031746031744, ""self_attn.v_proj"": 0.007220216606498195}",-0.0026738773811205256,-3.571428571428573,329.3714285714286,False,True
llama,sft,320,E_if,E_ifeval,0.025,14,5,equal5_non_qk,True,"mlp.down_proj,mlp.gate_proj,mlp.up_proj,self_attn.o_proj,self_attn.v_proj","self_attn.q_proj,self_attn.k_proj",1226.0,1254.0,1226.0,-28.0,0.02619323987263785,0.022328548644338118,"{""mlp.down_proj"": 2031.0, ""mlp.gate_proj"": 709.0, ""mlp.up_proj"": 1670.0, ""self_attn.o_proj"": 1157.0, ""self_attn.v_proj"": 703.0}","{""mlp.down_proj"": 2001.0, ""mlp.gate_proj"": 661.0, ""mlp.up_proj"": 1634.0, ""self_attn.o_proj"": 1139.0, ""self_attn.v_proj"": 695.0}","{""mlp.down_proj"": -30.0, ""mlp.gate_proj"": -48.0, ""mlp.up_proj"": -36.0, ""self_attn.o_proj"": -18.0, ""self_attn.v_proj"": -8.0}","{""mlp.down_proj"": 0.014771048744460856, ""mlp.gate_proj"": 0.06770098730606489, ""mlp.up_proj"": 0.02155688622754491, ""self_attn.o_proj"": 0.015557476231633534, ""self_attn.v_proj"": 0.011379800853485065}",0.011620523809490031,0.01457271606314782,7,equal7,True,"mlp.down_proj,mlp.gate_proj,mlp.up_proj,self_attn.k_proj,self_attn.o_proj,self_attn.q_proj,self_attn.v_proj",,944.1428571428571,966.7142857142857,944.1428571428571,-22.571428571428573,0.028221462639080847,0.02334860351706811,"{""mlp.down_proj"": 2031.0, ""mlp.gate_proj"": 709.0, ""mlp.up_proj"": 1670.0, ""self_attn.k_proj"": 188.0, ""self_attn.o_proj"": 1157.0, ""self_attn.q_proj"": 309.0, ""self_attn.v_proj"": 703.0}","{""mlp.down_proj"": 2001.0, ""mlp.gate_proj"": 661.0, ""mlp.up_proj"": 1634.0, ""self_attn.k_proj"": 184.0, ""self_attn.o_proj"": 1139.0, ""self_attn.q_proj"": 295.0, ""self_attn.v_proj"": 695.0}","{""mlp.down_proj"": -30.0, ""mlp.gate_proj"": -48.0, ""mlp.up_proj"": -36.0, ""self_attn.k_proj"": -4.0, ""self_attn.o_proj"": -18.0, ""self_attn.q_proj"": -14.0, ""self_attn.v_proj"": -8.0}","{""mlp.down_proj"": 0.014771048744460856, ""mlp.gate_proj"": 0.06770098730606489, ""mlp.up_proj"": 0.02155688622754491, ""self_attn.k_proj"": 0.02127659574468085, ""self_attn.o_proj"": 0.015557476231633534, ""self_attn.q_proj"": 0.045307443365695796, ""self_attn.v_proj"": 0.011379800853485065}",-0.0020282227664429955,-5.428571428571427,281.8571428571429,False,True
llama,sft,320,E_if,E_ifeval,0.05,14,5,equal5_non_qk,True,"mlp.down_proj,mlp.gate_proj,mlp.up_proj,self_attn.o_proj,self_attn.v_proj","self_attn.q_proj,self_attn.k_proj",894.8,921.2,894.8,-26.4,0.03724621599391796,0.02865827181936614,"{""mlp.down_proj"": 1632.0, ""mlp.gate_proj"": 328.0, ""mlp.up_proj"": 1207.0, ""self_attn.o_proj"": 868.0, ""self_attn.v_proj"": 571.0}","{""mlp.down_proj"": 1598.0, ""mlp.gate_proj"": 297.0, ""mlp.up_proj"": 1169.0, ""self_attn.o_proj"": 849.0, ""self_attn.v_proj"": 561.0}","{""mlp.down_proj"": -34.0, ""mlp.gate_proj"": -31.0, ""mlp.up_proj"": -38.0, ""self_attn.o_proj"": -19.0, ""self_attn.v_proj"": -10.0}","{""mlp.down_proj"": 0.020833333333333332, ""mlp.gate_proj"": 0.09451219512195122, ""mlp.up_proj"": 0.03148301574150787, ""self_attn.o_proj"": 0.021889400921658985, ""self_attn.v_proj"": 0.017513134851138354}",0.016693945576210442,0.02055227041770752,7,equal7,True,"mlp.down_proj,mlp.gate_proj,mlp.up_proj,self_attn.k_proj,self_attn.o_proj,self_attn.q_proj,self_attn.v_proj",,671.1428571428571,691.2857142857143,671.1428571428571,-20.142857142857142,0.03692729929810682,0.02913825170489782,"{""mlp.down_proj"": 1632.0, ""mlp.gate_proj"": 328.0, ""mlp.up_proj"": 1207.0, ""self_attn.k_proj"": 98.0, ""self_attn.o_proj"": 868.0, ""self_attn.q_proj"": 135.0, ""self_attn.v_proj"": 571.0}","{""mlp.down_proj"": 1598.0, ""mlp.gate_proj"": 297.0, ""mlp.up_proj"": 1169.0, ""self_attn.k_proj"": 96.0, ""self_attn.o_proj"": 849.0, ""self_attn.q_proj"": 128.0, ""self_attn.v_proj"": 561.0}","{""mlp.down_proj"": -34.0, ""mlp.gate_proj"": -31.0, ""mlp.up_proj"": -38.0, ""self_attn.k_proj"": -2.0, ""self_attn.o_proj"": -19.0, ""self_attn.q_proj"": -7.0, ""self_attn.v_proj"": -10.0}","{""mlp.down_proj"": 0.020833333333333332, ""mlp.gate_proj"": 0.09451219512195122, ""mlp.up_proj"": 0.03148301574150787, ""self_attn.k_proj"": 0.02040816326530612, ""self_attn.o_proj"": 0.021889400921658985, ""self_attn.q_proj"": 0.05185185185185185, ""self_attn.v_proj"": 0.017513134851138354}",0.0003189166958111403,-6.257142857142856,223.65714285714284,False,True
llama,sft,320,E_if,E_ifeval,0.1,14,5,equal5_non_qk,True,"mlp.down_proj,mlp.gate_proj,mlp.up_proj,self_attn.o_proj,self_attn.v_proj","self_attn.q_proj,self_attn.k_proj",570.8,592.8,570.8,-22.0,0.051788906744849816,0.037112010796221326,"{""mlp.down_proj"": 1166.0, ""mlp.gate_proj"": 96.0, ""mlp.up_proj"": 722.0, ""self_attn.o_proj"": 572.0, ""self_attn.v_proj"": 408.0}","{""mlp.down_proj"": 1130.0, ""mlp.gate_proj"": 84.0, ""mlp.up_proj"": 688.0, ""self_attn.o_proj"": 554.0, ""self_attn.v_proj"": 398.0}","{""mlp.down_proj"": -36.0, ""mlp.gate_proj"": -12.0, ""mlp.up_proj"": -34.0, ""self_attn.o_proj"": -18.0, ""self_attn.v_proj"": -10.0}","{""mlp.down_proj"": 0.030874785591766724, ""mlp.gate_proj"": 0.125, ""mlp.up_proj"": 0.04709141274238227, ""self_attn.o_proj"": 0.03146853146853147, ""self_attn.v_proj"": 0.024509803921568627}",0.024025752096318964,0.027763154648530852,7,equal7,True,"mlp.down_proj,mlp.gate_proj,mlp.up_proj,self_attn.k_proj,self_attn.o_proj,self_attn.q_proj,self_attn.v_proj",,419.7142857142857,435.7142857142857,419.7142857142857,-16.0,0.04348558273982779,0.036721311475409836,"{""mlp.down_proj"": 1166.0, ""mlp.gate_proj"": 96.0, ""mlp.up_proj"": 722.0, ""self_attn.k_proj"": 42.0, ""self_attn.o_proj"": 572.0, ""self_attn.q_proj"": 44.0, ""self_attn.v_proj"": 408.0}","{""mlp.down_proj"": 1130.0, ""mlp.gate_proj"": 84.0, ""mlp.up_proj"": 688.0, ""self_attn.k_proj"": 42.0, ""self_attn.o_proj"": 554.0, ""self_attn.q_proj"": 42.0, ""self_attn.v_proj"": 398.0}","{""mlp.down_proj"": -36.0, ""mlp.gate_proj"": -12.0, ""mlp.up_proj"": -34.0, ""self_attn.k_proj"": 0.0, ""self_attn.o_proj"": -18.0, ""self_attn.q_proj"": -2.0, ""self_attn.v_proj"": -10.0}","{""mlp.down_proj"": 0.030874785591766724, ""mlp.gate_proj"": 0.125, ""mlp.up_proj"": 0.04709141274238227, ""self_attn.k_proj"": 0.0, ""self_attn.o_proj"": 0.03146853146853147, ""self_attn.q_proj"": 0.045454545454545456, ""self_attn.v_proj"": 0.024509803921568627}",0.008303324005022025,-6.0,151.08571428571423,False,True
llama,sft,320,E_math,E_mathHeld,0.01,14,5,equal5_non_qk,True,"mlp.down_proj,mlp.gate_proj,mlp.up_proj,self_attn.o_proj,self_attn.v_proj","self_attn.q_proj,self_attn.k_proj",831.0,851.6,831.0,-20.6,0.026284723964557277,0.024189760450915948,"{""mlp.down_proj"": 1162.0, ""mlp.gate_proj"": 587.0, ""mlp.up_proj"": 1022.0, ""self_attn.o_proj"": 828.0, ""self_attn.v_proj"": 659.0}","{""mlp.down_proj"": 1144.0, ""mlp.gate_proj"": 556.0, ""mlp.up_proj"": 998.0, ""self_attn.o_proj"": 809.0, ""self_attn.v_proj"": 648.0}","{""mlp.down_proj"": -18.0, ""mlp.gate_proj"": -31.0, ""mlp.up_proj"": -24.0, ""self_attn.o_proj"": -19.0, ""self_attn.v_proj"": -11.0}","{""mlp.down_proj"": 0.01549053356282272, ""mlp.gate_proj"": 0.05281090289608177, ""mlp.up_proj"": 0.023483365949119372, ""self_attn.o_proj"": 0.022946859903381644, ""self_attn.v_proj"": 0.01669195751138088}",0.007339954106273675,0.018944769858283604,7,equal7,True,"mlp.down_proj,mlp.gate_proj,mlp.up_proj,self_attn.k_proj,self_attn.o_proj,self_attn.q_proj,self_attn.v_proj",,683.7142857142857,701.7142857142857,683.7142857142857,-18.0,0.028422900788152485,0.025651465798045604,"{""mlp.down_proj"": 1162.0, ""mlp.gate_proj"": 587.0, ""mlp.up_proj"": 1022.0, ""self_attn.k_proj"": 263.0, ""self_attn.o_proj"": 828.0, ""self_attn.q_proj"": 391.0, ""self_attn.v_proj"": 659.0}","{""mlp.down_proj"": 1144.0, ""mlp.gate_proj"": 556.0, ""mlp.up_proj"": 998.0, ""self_attn.k_proj"": 256.0, ""self_attn.o_proj"": 809.0, ""self_attn.q_proj"": 375.0, ""self_attn.v_proj"": 648.0}","{""mlp.down_proj"": -18.0, ""mlp.gate_proj"": -31.0, ""mlp.up_proj"": -24.0, ""self_attn.k_proj"": -7.0, ""self_attn.o_proj"": -19.0, ""self_attn.q_proj"": -16.0, ""self_attn.v_proj"": -11.0}","{""mlp.down_proj"": 0.01549053356282272, ""mlp.gate_proj"": 0.05281090289608177, ""mlp.up_proj"": 0.023483365949119372, ""self_attn.k_proj"": 0.026615969581749048, ""self_attn.o_proj"": 0.022946859903381644, ""self_attn.q_proj"": 0.04092071611253197, ""self_attn.v_proj"": 0.01669195751138088}",-0.002138176823595208,-2.6000000000000014,147.28571428571433,False,True
llama,sft,320,E_math,E_mathHeld,0.025,14,5,equal5_non_qk,True,"mlp.down_proj,mlp.gate_proj,mlp.up_proj,self_attn.o_proj,self_attn.v_proj","self_attn.q_proj,self_attn.k_proj",602.4,621.6,602.4,-19.2,0.03554915908835088,0.03088803088803096,"{""mlp.down_proj"": 912.0, ""mlp.gate_proj"": 322.0, ""mlp.up_proj"": 751.0, ""self_attn.o_proj"": 607.0, ""self_attn.v_proj"": 516.0}","{""mlp.down_proj"": 892.0, ""mlp.gate_proj"": 298.0, ""mlp.up_proj"": 727.0, ""self_attn.o_proj"": 590.0, ""self_attn.v_proj"": 505.0}","{""mlp.down_proj"": -20.0, ""mlp.gate_proj"": -24.0, ""mlp.up_proj"": -24.0, ""self_attn.o_proj"": -17.0, ""self_attn.v_proj"": -11.0}","{""mlp.down_proj"": 0.021929824561403508, ""mlp.gate_proj"": 0.07453416149068323, ""mlp.up_proj"": 0.03195739014647137, ""self_attn.o_proj"": 0.02800658978583196, ""self_attn.v_proj"": 0.02131782945736434}",0.011620523809490031,0.023928635278860848,7,equal7,True,"mlp.down_proj,mlp.gate_proj,mlp.up_proj,self_attn.k_proj,self_attn.o_proj,self_attn.q_proj,self_attn.v_proj",,479.2857142857143,495.14285714285717,479.2857142857143,-15.857142857142858,0.03675672535614806,0.03202538949798044,"{""mlp.down_proj"": 912.0, ""mlp.gate_proj"": 322.0, ""mlp.up_proj"": 751.0, ""self_attn.k_proj"": 150.0, ""self_attn.o_proj"": 607.0, ""self_attn.q_proj"": 208.0, ""self_attn.v_proj"": 516.0}","{""mlp.down_proj"": 892.0, ""mlp.gate_proj"": 298.0, ""mlp.up_proj"": 727.0, ""self_attn.k_proj"": 146.0, ""self_attn.o_proj"": 590.0, ""self_attn.q_proj"": 197.0, ""self_attn.v_proj"": 505.0}","{""mlp.down_proj"": -20.0, ""mlp.gate_proj"": -24.0, ""mlp.up_proj"": -24.0, ""self_attn.k_proj"": -4.0, ""self_attn.o_proj"": -17.0, ""self_attn.q_proj"": -11.0, ""self_attn.v_proj"": -11.0}","{""mlp.down_proj"": 0.021929824561403508, ""mlp.gate_proj"": 0.07453416149068323, ""mlp.up_proj"": 0.03195739014647137, ""self_attn.k_proj"": 0.02666666666666667, ""self_attn.o_proj"": 0.02800658978583196, ""self_attn.q_proj"": 0.052884615384615384, ""self_attn.v_proj"": 0.02131782945736434}",-0.0012075662677971805,-3.3428571428571416,123.1142857142857,False,True
llama,sft,320,E_math,E_mathHeld,0.05,14,5,equal5_non_qk,True,"mlp.down_proj,mlp.gate_proj,mlp.up_proj,self_attn.o_proj,self_attn.v_proj","self_attn.q_proj,self_attn.k_proj",429.8,446.2,429.8,-16.4,0.045883443287013236,0.036754818467055084,"{""mlp.down_proj"": 701.0, ""mlp.gate_proj"": 158.0, ""mlp.up_proj"": 534.0, ""self_attn.o_proj"": 441.0, ""self_attn.v_proj"": 397.0}","{""mlp.down_proj"": 682.0, ""mlp.gate_proj"": 142.0, ""mlp.up_proj"": 513.0, ""self_attn.o_proj"": 426.0, ""self_attn.v_proj"": 386.0}","{""mlp.down_proj"": -19.0, ""mlp.gate_proj"": -16.0, ""mlp.up_proj"": -21.0, ""self_attn.o_proj"": -15.0, ""self_attn.v_proj"": -11.0}","{""mlp.down_proj"": 0.02710413694721826, ""mlp.gate_proj"": 0.10126582278481013, ""mlp.up_proj"": 0.03932584269662921, ""self_attn.o_proj"": 0.034013605442176874, ""self_attn.v_proj"": 0.027707808564231738}",0.016693945576210442,0.029189497710802793,7,equal7,True,"mlp.down_proj,mlp.gate_proj,mlp.up_proj,self_attn.k_proj,self_attn.o_proj,self_attn.q_proj,self_attn.v_proj",,332.2857142857143,345.42857142857144,332.2857142857143,-13.142857142857142,0.047584666742556514,0.03804797353184457,"{""mlp.down_proj"": 701.0, ""mlp.gate_proj"": 158.0, ""mlp.up_proj"": 534.0, ""self_attn.k_proj"": 84.0, ""self_attn.o_proj"": 441.0, ""self_attn.q_proj"": 103.0, ""self_attn.v_proj"": 397.0}","{""mlp.down_proj"": 682.0, ""mlp.gate_proj"": 142.0, ""mlp.up_proj"": 513.0, ""self_attn.k_proj"": 81.0, ""self_attn.o_proj"": 426.0, ""self_attn.q_proj"": 96.0, ""self_attn.v_proj"": 386.0}","{""mlp.down_proj"": -19.0, ""mlp.gate_proj"": -16.0, ""mlp.up_proj"": -21.0, ""self_attn.k_proj"": -3.0, ""self_attn.o_proj"": -15.0, ""self_attn.q_proj"": -7.0, ""self_attn.v_proj"": -11.0}","{""mlp.down_proj"": 0.02710413694721826, ""mlp.gate_proj"": 0.10126582278481013, ""mlp.up_proj"": 0.03932584269662921, ""self_attn.k_proj"": 0.03571428571428571, ""self_attn.o_proj"": 0.034013605442176874, ""self_attn.q_proj"": 0.06796116504854369, ""self_attn.v_proj"": 0.027707808564231738}",-0.0017012234555432784,-3.2571428571428562,97.51428571428573,False,True
llama,sft,320,E_math,E_mathHeld,0.1,14,5,equal5_non_qk,True,"mlp.down_proj,mlp.gate_proj,mlp.up_proj,self_attn.o_proj,self_attn.v_proj","self_attn.q_proj,self_attn.k_proj",270.6,283.2,270.6,-12.6,0.06522286822907941,0.044491525423728695,"{""mlp.down_proj"": 483.0, ""mlp.gate_proj"": 49.0, ""mlp.up_proj"": 325.0, ""self_attn.o_proj"": 286.0, ""self_attn.v_proj"": 273.0}","{""mlp.down_proj"": 466.0, ""mlp.gate_proj"": 41.0, ""mlp.up_proj"": 309.0, ""self_attn.o_proj"": 273.0, ""self_attn.v_proj"": 264.0}","{""mlp.down_proj"": -17.0, ""mlp.gate_proj"": -8.0, ""mlp.up_proj"": -16.0, ""self_attn.o_proj"": -13.0, ""self_attn.v_proj"": -9.0}","{""mlp.down_proj"": 0.035196687370600416, ""mlp.gate_proj"": 0.16326530612244897, ""mlp.up_proj"": 0.04923076923076923, ""self_attn.o_proj"": 0.045454545454545456, ""self_attn.v_proj"": 0.03296703296703297}",0.024025752096318964,0.04119711613276045,7,equal7,True,"mlp.down_proj,mlp.gate_proj,mlp.up_proj,self_attn.k_proj,self_attn.o_proj,self_attn.q_proj,self_attn.v_proj",,203.71428571428572,213.14285714285714,203.71428571428572,-9.428571428571429,0.0578659585094928,0.04423592493297582,"{""mlp.down_proj"": 483.0, ""mlp.gate_proj"": 49.0, ""mlp.up_proj"": 325.0, ""self_attn.k_proj"": 38.0, ""self_attn.o_proj"": 286.0, ""self_attn.q_proj"": 38.0, ""self_attn.v_proj"": 273.0}","{""mlp.down_proj"": 466.0, ""mlp.gate_proj"": 41.0, ""mlp.up_proj"": 309.0, ""self_attn.k_proj"": 37.0, ""self_attn.o_proj"": 273.0, ""self_attn.q_proj"": 36.0, ""self_attn.v_proj"": 264.0}","{""mlp.down_proj"": -17.0, ""mlp.gate_proj"": -8.0, ""mlp.up_proj"": -16.0, ""self_attn.k_proj"": -1.0, ""self_attn.o_proj"": -13.0, ""self_attn.q_proj"": -2.0, ""self_attn.v_proj"": -9.0}","{""mlp.down_proj"": 0.035196687370600416, ""mlp.gate_proj"": 0.16326530612244897, ""mlp.up_proj"": 0.04923076923076923, ""self_attn.k_proj"": 0.02631578947368421, ""self_attn.o_proj"": 0.045454545454545456, ""self_attn.q_proj"": 0.05263157894736842, ""self_attn.v_proj"": 0.03296703296703297}",0.007356909719586614,-3.171428571428571,66.8857142857143,False,True
llama,sft,320,E_ood,E_mmluPro,0.01,14,5,equal5_non_qk,True,"mlp.down_proj,mlp.gate_proj,mlp.up_proj,self_attn.o_proj,self_attn.v_proj","self_attn.q_proj,self_attn.k_proj",1671.2,1694.2,1671.2,-23.0,0.014348271410309862,0.013575728957620116,"{""mlp.down_proj"": 2452.0, ""mlp.gate_proj"": 1352.0, ""mlp.up_proj"": 2263.0, ""self_attn.o_proj"": 1556.0, ""self_attn.v_proj"": 848.0}","{""mlp.down_proj"": 2435.0, ""mlp.gate_proj"": 1307.0, ""mlp.up_proj"": 2237.0, ""self_attn.o_proj"": 1534.0, ""self_attn.v_proj"": 843.0}","{""mlp.down_proj"": -17.0, ""mlp.gate_proj"": -45.0, ""mlp.up_proj"": -26.0, ""self_attn.o_proj"": -22.0, ""self_attn.v_proj"": -5.0}","{""mlp.down_proj"": 0.006933115823817292, ""mlp.gate_proj"": 0.03328402366863906, ""mlp.up_proj"": 0.011489173663278833, ""self_attn.o_proj"": 0.014138817480719794, ""self_attn.v_proj"": 0.00589622641509434}",0.007339954106273675,0.007008317304036187,7,equal7,True,"mlp.down_proj,mlp.gate_proj,mlp.up_proj,self_attn.k_proj,self_attn.o_proj,self_attn.q_proj,self_attn.v_proj",,1324.5714285714287,1343.5714285714287,1324.5714285714287,-19.0,0.01568124896878711,0.01414141414141414,"{""mlp.down_proj"": 2452.0, ""mlp.gate_proj"": 1352.0, ""mlp.up_proj"": 2263.0, ""self_attn.k_proj"": 331.0, ""self_attn.o_proj"": 1556.0, ""self_attn.q_proj"": 603.0, ""self_attn.v_proj"": 848.0}","{""mlp.down_proj"": 2435.0, ""mlp.gate_proj"": 1307.0, ""mlp.up_proj"": 2237.0, ""self_attn.k_proj"": 325.0, ""self_attn.o_proj"": 1534.0, ""self_attn.q_proj"": 591.0, ""self_attn.v_proj"": 843.0}","{""mlp.down_proj"": -17.0, ""mlp.gate_proj"": -45.0, ""mlp.up_proj"": -26.0, ""self_attn.k_proj"": -6.0, ""self_attn.o_proj"": -22.0, ""self_attn.q_proj"": -12.0, ""self_attn.v_proj"": -5.0}","{""mlp.down_proj"": 0.006933115823817292, ""mlp.gate_proj"": 0.03328402366863906, ""mlp.up_proj"": 0.011489173663278833, ""self_attn.k_proj"": 0.01812688821752266, ""self_attn.o_proj"": 0.014138817480719794, ""self_attn.q_proj"": 0.01990049751243781, ""self_attn.v_proj"": 0.00589622641509434}",-0.0013329775584772496,-4.0,346.6285714285714,False,True
llama,sft,320,E_ood,E_mmluPro,0.025,14,5,equal5_non_qk,True,"mlp.down_proj,mlp.gate_proj,mlp.up_proj,self_attn.o_proj,self_attn.v_proj","self_attn.q_proj,self_attn.k_proj",1271.0,1296.6,1271.0,-25.6,0.02294788744721914,0.019743945704149245,"{""mlp.down_proj"": 2058.0, ""mlp.gate_proj"": 731.0, ""mlp.up_proj"": 1775.0, ""self_attn.o_proj"": 1191.0, ""self_attn.v_proj"": 728.0}","{""mlp.down_proj"": 2034.0, ""mlp.gate_proj"": 691.0, ""mlp.up_proj"": 1742.0, ""self_attn.o_proj"": 1167.0, ""self_attn.v_proj"": 721.0}","{""mlp.down_proj"": -24.0, ""mlp.gate_proj"": -40.0, ""mlp.up_proj"": -33.0, ""self_attn.o_proj"": -24.0, ""self_attn.v_proj"": -7.0}","{""mlp.down_proj"": 0.011661807580174927, ""mlp.gate_proj"": 0.05471956224350205, ""mlp.up_proj"": 0.018591549295774647, ""self_attn.o_proj"": 0.020151133501259445, ""self_attn.v_proj"": 0.009615384615384616}",0.011620523809490031,0.011327363637729109,7,equal7,True,"mlp.down_proj,mlp.gate_proj,mlp.up_proj,self_attn.k_proj,self_attn.o_proj,self_attn.q_proj,self_attn.v_proj",,972.7142857142857,992.7142857142857,972.7142857142857,-20.0,0.023569875018033287,0.020146783709886314,"{""mlp.down_proj"": 2058.0, ""mlp.gate_proj"": 731.0, ""mlp.up_proj"": 1775.0, ""self_attn.k_proj"": 178.0, ""self_attn.o_proj"": 1191.0, ""self_attn.q_proj"": 288.0, ""self_attn.v_proj"": 728.0}","{""mlp.down_proj"": 2034.0, ""mlp.gate_proj"": 691.0, ""mlp.up_proj"": 1742.0, ""self_attn.k_proj"": 174.0, ""self_attn.o_proj"": 1167.0, ""self_attn.q_proj"": 280.0, ""self_attn.v_proj"": 721.0}","{""mlp.down_proj"": -24.0, ""mlp.gate_proj"": -40.0, ""mlp.up_proj"": -33.0, ""self_attn.k_proj"": -4.0, ""self_attn.o_proj"": -24.0, ""self_attn.q_proj"": -8.0, ""self_attn.v_proj"": -7.0}","{""mlp.down_proj"": 0.011661807580174927, ""mlp.gate_proj"": 0.05471956224350205, ""mlp.up_proj"": 0.018591549295774647, ""self_attn.k_proj"": 0.02247191011235955, ""self_attn.o_proj"": 0.020151133501259445, ""self_attn.q_proj"": 0.027777777777777776, ""self_attn.v_proj"": 0.009615384615384616}",-0.0006219875708141469,-5.600000000000001,298.28571428571433,False,True
llama,sft,320,E_ood,E_mmluPro,0.05,14,5,equal5_non_qk,True,"mlp.down_proj,mlp.gate_proj,mlp.up_proj,self_attn.o_proj,self_attn.v_proj","self_attn.q_proj,self_attn.k_proj",937.4,961.6,937.4,-24.2,0.032609506741409035,0.025166389351081578,"{""mlp.down_proj"": 1669.0, ""mlp.gate_proj"": 327.0, ""mlp.up_proj"": 1319.0, ""self_attn.o_proj"": 891.0, ""self_attn.v_proj"": 602.0}","{""mlp.down_proj"": 1641.0, ""mlp.gate_proj"": 301.0, ""mlp.up_proj"": 1284.0, ""self_attn.o_proj"": 867.0, ""self_attn.v_proj"": 594.0}","{""mlp.down_proj"": -28.0, ""mlp.gate_proj"": -26.0, ""mlp.up_proj"": -35.0, ""self_attn.o_proj"": -24.0, ""self_attn.v_proj"": -8.0}","{""mlp.down_proj"": 0.016776512881965248, ""mlp.gate_proj"": 0.07951070336391437, ""mlp.up_proj"": 0.026535253980288095, ""self_attn.o_proj"": 0.026936026936026935, ""self_attn.v_proj"": 0.013289036544850499}",0.016693945576210442,0.015915561165198593,7,equal7,True,"mlp.down_proj,mlp.gate_proj,mlp.up_proj,self_attn.k_proj,self_attn.o_proj,self_attn.q_proj,self_attn.v_proj",,699.4285714285714,717.4285714285714,699.4285714285714,-18.0,0.029508124271329737,0.025089605734767026,"{""mlp.down_proj"": 1669.0, ""mlp.gate_proj"": 327.0, ""mlp.up_proj"": 1319.0, ""self_attn.k_proj"": 91.0, ""self_attn.o_proj"": 891.0, ""self_attn.q_proj"": 123.0, ""self_attn.v_proj"": 602.0}","{""mlp.down_proj"": 1641.0, ""mlp.gate_proj"": 301.0, ""mlp.up_proj"": 1284.0, ""self_attn.k_proj"": 90.0, ""self_attn.o_proj"": 867.0, ""self_attn.q_proj"": 119.0, ""self_attn.v_proj"": 594.0}","{""mlp.down_proj"": -28.0, ""mlp.gate_proj"": -26.0, ""mlp.up_proj"": -35.0, ""self_attn.k_proj"": -1.0, ""self_attn.o_proj"": -24.0, ""self_attn.q_proj"": -4.0, ""self_attn.v_proj"": -8.0}","{""mlp.down_proj"": 0.016776512881965248, ""mlp.gate_proj"": 0.07951070336391437, ""mlp.up_proj"": 0.026535253980288095, ""self_attn.k_proj"": 0.01098901098901099, ""self_attn.o_proj"": 0.026936026936026935, ""self_attn.q_proj"": 0.032520325203252036, ""self_attn.v_proj"": 0.013289036544850499}",0.003101382470079298,-6.199999999999999,237.97142857142853,False,True
llama,sft,320,E_ood,E_mmluPro,0.1,14,5,equal5_non_qk,True,"mlp.down_proj,mlp.gate_proj,mlp.up_proj,self_attn.o_proj,self_attn.v_proj","self_attn.q_proj,self_attn.k_proj",610.0,630.6,610.0,-20.6,0.048344782012373286,0.03266730098319065,"{""mlp.down_proj"": 1213.0, ""mlp.gate_proj"": 83.0, ""mlp.up_proj"": 825.0, ""self_attn.o_proj"": 586.0, ""self_attn.v_proj"": 446.0}","{""mlp.down_proj"": 1183.0, ""mlp.gate_proj"": 73.0, ""mlp.up_proj"": 793.0, ""self_attn.o_proj"": 564.0, ""self_attn.v_proj"": 437.0}","{""mlp.down_proj"": -30.0, ""mlp.gate_proj"": -10.0, ""mlp.up_proj"": -32.0, ""self_attn.o_proj"": -22.0, ""self_attn.v_proj"": -9.0}","{""mlp.down_proj"": 0.0247320692497939, ""mlp.gate_proj"": 0.12048192771084337, ""mlp.up_proj"": 0.03878787878787879, ""self_attn.o_proj"": 0.03754266211604096, ""self_attn.v_proj"": 0.020179372197309416}",0.024025752096318964,0.02431902991605432,7,equal7,True,"mlp.down_proj,mlp.gate_proj,mlp.up_proj,self_attn.k_proj,self_attn.o_proj,self_attn.q_proj,self_attn.v_proj",,447.0,461.85714285714283,447.0,-14.857142857142858,0.03801630770918649,0.032168264769563824,"{""mlp.down_proj"": 1213.0, ""mlp.gate_proj"": 83.0, ""mlp.up_proj"": 825.0, ""self_attn.k_proj"": 39.0, ""self_attn.o_proj"": 586.0, ""self_attn.q_proj"": 41.0, ""self_attn.v_proj"": 446.0}","{""mlp.down_proj"": 1183.0, ""mlp.gate_proj"": 73.0, ""mlp.up_proj"": 793.0, ""self_attn.k_proj"": 39.0, ""self_attn.o_proj"": 564.0, ""self_attn.q_proj"": 40.0, ""self_attn.v_proj"": 437.0}","{""mlp.down_proj"": -30.0, ""mlp.gate_proj"": -10.0, ""mlp.up_proj"": -32.0, ""self_attn.k_proj"": 0.0, ""self_attn.o_proj"": -22.0, ""self_attn.q_proj"": -1.0, ""self_attn.v_proj"": -9.0}","{""mlp.down_proj"": 0.0247320692497939, ""mlp.gate_proj"": 0.12048192771084337, ""mlp.up_proj"": 0.03878787878787879, ""self_attn.k_proj"": 0.0, ""self_attn.o_proj"": 0.03754266211604096, ""self_attn.q_proj"": 0.024390243902439025, ""self_attn.v_proj"": 0.020179372197309416}",0.010328474303186792,-5.742857142857144,163.0,False,True
qwen,base,0,E_general,E_general,0.01,18,5,equal5_non_qk,True,"mlp.down_proj,mlp.gate_proj,mlp.up_proj,self_attn.o_proj,self_attn.v_proj","self_attn.q_proj,self_attn.k_proj",1634.4,1634.4,1634.4,0.0,0.0,0.0,"{""mlp.down_proj"": 2190.0, ""mlp.gate_proj"": 1641.0, ""mlp.up_proj"": 2064.0, ""self_attn.o_proj"": 1546.0, ""self_attn.v_proj"": 731.0}","{""mlp.down_proj"": 2190.0, ""mlp.gate_proj"": 1641.0, ""mlp.up_proj"": 2064.0, ""self_attn.o_proj"": 1546.0, ""self_attn.v_proj"": 731.0}","{""mlp.down_proj"": 0.0, ""mlp.gate_proj"": 0.0, ""mlp.up_proj"": 0.0, ""self_attn.o_proj"": 0.0, ""self_attn.v_proj"": 0.0}","{""mlp.down_proj"": 0.0, ""mlp.gate_proj"": 0.0, ""mlp.up_proj"": 0.0, ""self_attn.o_proj"": 0.0, ""self_attn.v_proj"": 0.0}",0.0,0.0,7,equal7,True,"mlp.down_proj,mlp.gate_proj,mlp.up_proj,self_attn.k_proj,self_attn.o_proj,self_attn.q_proj,self_attn.v_proj",,1328.4285714285713,1328.4285714285713,1328.4285714285713,0.0,0.0,0.0,"{""mlp.down_proj"": 2190.0, ""mlp.gate_proj"": 1641.0, ""mlp.up_proj"": 2064.0, ""self_attn.k_proj"": 400.0, ""self_attn.o_proj"": 1546.0, ""self_attn.q_proj"": 727.0, ""self_attn.v_proj"": 731.0}","{""mlp.down_proj"": 2190.0, ""mlp.gate_proj"": 1641.0, ""mlp.up_proj"": 2064.0, ""self_attn.k_proj"": 400.0, ""self_attn.o_proj"": 1546.0, ""self_attn.q_proj"": 727.0, ""self_attn.v_proj"": 731.0}","{""mlp.down_proj"": 0.0, ""mlp.gate_proj"": 0.0, ""mlp.up_proj"": 0.0, ""self_attn.k_proj"": 0.0, ""self_attn.o_proj"": 0.0, ""self_attn.q_proj"": 0.0, ""self_attn.v_proj"": 0.0}","{""mlp.down_proj"": 0.0, ""mlp.gate_proj"": 0.0, ""mlp.up_proj"": 0.0, ""self_attn.k_proj"": 0.0, ""self_attn.o_proj"": 0.0, ""self_attn.q_proj"": 0.0, ""self_attn.v_proj"": 0.0}",0.0,0.0,305.97142857142876,False,True
qwen,base,0,E_general,E_general,0.025,18,5,equal5_non_qk,True,"mlp.down_proj,mlp.gate_proj,mlp.up_proj,self_attn.o_proj,self_attn.v_proj","self_attn.q_proj,self_attn.k_proj",1299.6,1299.6,1299.6,0.0,0.0,0.0,"{""mlp.down_proj"": 1900.0, ""mlp.gate_proj"": 1133.0, ""mlp.up_proj"": 1706.0, ""self_attn.o_proj"": 1186.0, ""self_attn.v_proj"": 573.0}","{""mlp.down_proj"": 1900.0, ""mlp.gate_proj"": 1133.0, ""mlp.up_proj"": 1706.0, ""self_attn.o_proj"": 1186.0, ""self_attn.v_proj"": 573.0}","{""mlp.down_proj"": 0.0, ""mlp.gate_proj"": 0.0, ""mlp.up_proj"": 0.0, ""self_attn.o_proj"": 0.0, ""self_attn.v_proj"": 0.0}","{""mlp.down_proj"": 0.0, ""mlp.gate_proj"": 0.0, ""mlp.up_proj"": 0.0, ""self_attn.o_proj"": 0.0, ""self_attn.v_proj"": 0.0}",0.0,0.0,7,equal7,True,"mlp.down_proj,mlp.gate_proj,mlp.up_proj,self_attn.k_proj,self_attn.o_proj,self_attn.q_proj,self_attn.v_proj",,1011.2857142857143,1011.2857142857143,1011.2857142857143,0.0,0.0,0.0,"{""mlp.down_proj"": 1900.0, ""mlp.gate_proj"": 1133.0, ""mlp.up_proj"": 1706.0, ""self_attn.k_proj"": 227.0, ""self_attn.o_proj"": 1186.0, ""self_attn.q_proj"": 354.0, ""self_attn.v_proj"": 573.0}","{""mlp.down_proj"": 1900.0, ""mlp.gate_proj"": 1133.0, ""mlp.up_proj"": 1706.0, ""self_attn.k_proj"": 227.0, ""self_attn.o_proj"": 1186.0, ""self_attn.q_proj"": 354.0, ""self_attn.v_proj"": 573.0}","{""mlp.down_proj"": 0.0, ""mlp.gate_proj"": 0.0, ""mlp.up_proj"": 0.0, ""self_attn.k_proj"": 0.0, ""self_attn.o_proj"": 0.0, ""self_attn.q_proj"": 0.0, ""self_attn.v_proj"": 0.0}","{""mlp.down_proj"": 0.0, ""mlp.gate_proj"": 0.0, ""mlp.up_proj"": 0.0, ""self_attn.k_proj"": 0.0, ""self_attn.o_proj"": 0.0, ""self_attn.q_proj"": 0.0, ""self_attn.v_proj"": 0.0}",0.0,0.0,288.3142857142856,False,True
qwen,base,0,E_general,E_general,0.05,18,5,equal5_non_qk,True,"mlp.down_proj,mlp.gate_proj,mlp.up_proj,self_attn.o_proj,self_attn.v_proj","self_attn.q_proj,self_attn.k_proj",991.2,991.2,991.2,0.0,0.0,0.0,"{""mlp.down_proj"": 1590.0, ""mlp.gate_proj"": 701.0, ""mlp.up_proj"": 1344.0, ""self_attn.o_proj"": 890.0, ""self_attn.v_proj"": 431.0}","{""mlp.down_proj"": 1590.0, ""mlp.gate_proj"": 701.0, ""mlp.up_proj"": 1344.0, ""self_attn.o_proj"": 890.0, ""self_attn.v_proj"": 431.0}","{""mlp.down_proj"": 0.0, ""mlp.gate_proj"": 0.0, ""mlp.up_proj"": 0.0, ""self_attn.o_proj"": 0.0, ""self_attn.v_proj"": 0.0}","{""mlp.down_proj"": 0.0, ""mlp.gate_proj"": 0.0, ""mlp.up_proj"": 0.0, ""self_attn.o_proj"": 0.0, ""self_attn.v_proj"": 0.0}",0.0,0.0,7,equal7,True,"mlp.down_proj,mlp.gate_proj,mlp.up_proj,self_attn.k_proj,self_attn.o_proj,self_attn.q_proj,self_attn.v_proj",,744.7142857142857,744.7142857142857,744.7142857142857,0.0,0.0,0.0,"{""mlp.down_proj"": 1590.0, ""mlp.gate_proj"": 701.0, ""mlp.up_proj"": 1344.0, ""self_attn.k_proj"": 113.0, ""self_attn.o_proj"": 890.0, ""self_attn.q_proj"": 144.0, ""self_attn.v_proj"": 431.0}","{""mlp.down_proj"": 1590.0, ""mlp.gate_proj"": 701.0, ""mlp.up_proj"": 1344.0, ""self_attn.k_proj"": 113.0, ""self_attn.o_proj"": 890.0, ""self_attn.q_proj"": 144.0, ""self_attn.v_proj"": 431.0}","{""mlp.down_proj"": 0.0, ""mlp.gate_proj"": 0.0, ""mlp.up_proj"": 0.0, ""self_attn.k_proj"": 0.0, ""self_attn.o_proj"": 0.0, ""self_attn.q_proj"": 0.0, ""self_attn.v_proj"": 0.0}","{""mlp.down_proj"": 0.0, ""mlp.gate_proj"": 0.0, ""mlp.up_proj"": 0.0, ""self_attn.k_proj"": 0.0, ""self_attn.o_proj"": 0.0, ""self_attn.q_proj"": 0.0, ""self_attn.v_proj"": 0.0}",0.0,0.0,246.48571428571438,False,True
qwen,base,0,E_general,E_general,0.1,18,5,equal5_non_qk,True,"mlp.down_proj,mlp.gate_proj,mlp.up_proj,self_attn.o_proj,self_attn.v_proj","self_attn.q_proj,self_attn.k_proj",657.2,657.2,657.2,0.0,0.0,0.0,"{""mlp.down_proj"": 1200.0, ""mlp.gate_proj"": 300.0, ""mlp.up_proj"": 920.0, ""self_attn.o_proj"": 589.0, ""self_attn.v_proj"": 277.0}","{""mlp.down_proj"": 1200.0, ""mlp.gate_proj"": 300.0, ""mlp.up_proj"": 920.0, ""self_attn.o_proj"": 589.0, ""self_attn.v_proj"": 277.0}","{""mlp.down_proj"": 0.0, ""mlp.gate_proj"": 0.0, ""mlp.up_proj"": 0.0, ""self_attn.o_proj"": 0.0, ""self_attn.v_proj"": 0.0}","{""mlp.down_proj"": 0.0, ""mlp.gate_proj"": 0.0, ""mlp.up_proj"": 0.0, ""self_attn.o_proj"": 0.0, ""self_attn.v_proj"": 0.0}",0.0,0.0,7,equal7,True,"mlp.down_proj,mlp.gate_proj,mlp.up_proj,self_attn.k_proj,self_attn.o_proj,self_attn.q_proj,self_attn.v_proj",,479.7142857142857,479.7142857142857,479.7142857142857,0.0,0.0,0.0,"{""mlp.down_proj"": 1200.0, ""mlp.gate_proj"": 300.0, ""mlp.up_proj"": 920.0, ""self_attn.k_proj"": 39.0, ""self_attn.o_proj"": 589.0, ""self_attn.q_proj"": 33.0, ""self_attn.v_proj"": 277.0}","{""mlp.down_proj"": 1200.0, ""mlp.gate_proj"": 300.0, ""mlp.up_proj"": 920.0, ""self_attn.k_proj"": 39.0, ""self_attn.o_proj"": 589.0, ""self_attn.q_proj"": 33.0, ""self_attn.v_proj"": 277.0}","{""mlp.down_proj"": 0.0, ""mlp.gate_proj"": 0.0, ""mlp.up_proj"": 0.0, ""self_attn.k_proj"": 0.0, ""self_attn.o_proj"": 0.0, ""self_attn.q_proj"": 0.0, ""self_attn.v_proj"": 0.0}","{""mlp.down_proj"": 0.0, ""mlp.gate_proj"": 0.0, ""mlp.up_proj"": 0.0, ""self_attn.k_proj"": 0.0, ""self_attn.o_proj"": 0.0, ""self_attn.q_proj"": 0.0, ""self_attn.v_proj"": 0.0}",0.0,0.0,177.48571428571432,False,True
qwen,base,0,E_if,E_ifeval,0.01,18,5,equal5_non_qk,True,"mlp.down_proj,mlp.gate_proj,mlp.up_proj,self_attn.o_proj,self_attn.v_proj","self_attn.q_proj,self_attn.k_proj",1484.2,1484.2,1484.2,0.0,0.0,0.0,"{""mlp.down_proj"": 2024.0, ""mlp.gate_proj"": 1528.0, ""mlp.up_proj"": 1933.0, ""self_attn.o_proj"": 1347.0, ""self_attn.v_proj"": 589.0}","{""mlp.down_proj"": 2024.0, ""mlp.gate_proj"": 1528.0, ""mlp.up_proj"": 1933.0, ""self_attn.o_proj"": 1347.0, ""self_attn.v_proj"": 589.0}","{""mlp.down_proj"": 0.0, ""mlp.gate_proj"": 0.0, ""mlp.up_proj"": 0.0, ""self_attn.o_proj"": 0.0, ""self_attn.v_proj"": 0.0}","{""mlp.down_proj"": 0.0, ""mlp.gate_proj"": 0.0, ""mlp.up_proj"": 0.0, ""self_attn.o_proj"": 0.0, ""self_attn.v_proj"": 0.0}",0.0,0.0,7,equal7,True,"mlp.down_proj,mlp.gate_proj,mlp.up_proj,self_attn.k_proj,self_attn.o_proj,self_attn.q_proj,self_attn.v_proj",,1174.0,1174.0,1174.0,0.0,0.0,0.0,"{""mlp.down_proj"": 2024.0, ""mlp.gate_proj"": 1528.0, ""mlp.up_proj"": 1933.0, ""self_attn.k_proj"": 273.0, ""self_attn.o_proj"": 1347.0, ""self_attn.q_proj"": 524.0, ""self_attn.v_proj"": 589.0}","{""mlp.down_proj"": 2024.0, ""mlp.gate_proj"": 1528.0, ""mlp.up_proj"": 1933.0, ""self_attn.k_proj"": 273.0, ""self_attn.o_proj"": 1347.0, ""self_attn.q_proj"": 524.0, ""self_attn.v_proj"": 589.0}","{""mlp.down_proj"": 0.0, ""mlp.gate_proj"": 0.0, ""mlp.up_proj"": 0.0, ""self_attn.k_proj"": 0.0, ""self_attn.o_proj"": 0.0, ""self_attn.q_proj"": 0.0, ""self_attn.v_proj"": 0.0}","{""mlp.down_proj"": 0.0, ""mlp.gate_proj"": 0.0, ""mlp.up_proj"": 0.0, ""self_attn.k_proj"": 0.0, ""self_attn.o_proj"": 0.0, ""self_attn.q_proj"": 0.0, ""self_attn.v_proj"": 0.0}",0.0,0.0,310.20000000000005,False,True
qwen,base,0,E_if,E_ifeval,0.025,18,5,equal5_non_qk,True,"mlp.down_proj,mlp.gate_proj,mlp.up_proj,self_attn.o_proj,self_attn.v_proj","self_attn.q_proj,self_attn.k_proj",1109.6,1109.6,1109.6,0.0,0.0,0.0,"{""mlp.down_proj"": 1649.0, ""mlp.gate_proj"": 1005.0, ""mlp.up_proj"": 1521.0, ""self_attn.o_proj"": 969.0, ""self_attn.v_proj"": 404.0}","{""mlp.down_proj"": 1649.0, ""mlp.gate_proj"": 1005.0, ""mlp.up_proj"": 1521.0, ""self_attn.o_proj"": 969.0, ""self_attn.v_proj"": 404.0}","{""mlp.down_proj"": 0.0, ""mlp.gate_proj"": 0.0, ""mlp.up_proj"": 0.0, ""self_attn.o_proj"": 0.0, ""self_attn.v_proj"": 0.0}","{""mlp.down_proj"": 0.0, ""mlp.gate_proj"": 0.0, ""mlp.up_proj"": 0.0, ""self_attn.o_proj"": 0.0, ""self_attn.v_proj"": 0.0}",0.0,0.0,7,equal7,True,"mlp.down_proj,mlp.gate_proj,mlp.up_proj,self_attn.k_proj,self_attn.o_proj,self_attn.q_proj,self_attn.v_proj",,840.0,840.0,840.0,0.0,0.0,0.0,"{""mlp.down_proj"": 1649.0, ""mlp.gate_proj"": 1005.0, ""mlp.up_proj"": 1521.0, ""self_attn.k_proj"": 123.0, ""self_attn.o_proj"": 969.0, ""self_attn.q_proj"": 209.0, ""self_attn.v_proj"": 404.0}","{""mlp.down_proj"": 1649.0, ""mlp.gate_proj"": 1005.0, ""mlp.up_proj"": 1521.0, ""self_attn.k_proj"": 123.0, ""self_attn.o_proj"": 969.0, ""self_attn.q_proj"": 209.0, ""self_attn.v_proj"": 404.0}","{""mlp.down_proj"": 0.0, ""mlp.gate_proj"": 0.0, ""mlp.up_proj"": 0.0, ""self_attn.k_proj"": 0.0, ""self_attn.o_proj"": 0.0, ""self_attn.q_proj"": 0.0, ""self_attn.v_proj"": 0.0}","{""mlp.down_proj"": 0.0, ""mlp.gate_proj"": 0.0, ""mlp.up_proj"": 0.0, ""self_attn.k_proj"": 0.0, ""self_attn.o_proj"": 0.0, ""self_attn.q_proj"": 0.0, ""self_attn.v_proj"": 0.0}",0.0,0.0,269.5999999999999,False,True
qwen,base,0,E_if,E_ifeval,0.05,18,5,equal5_non_qk,True,"mlp.down_proj,mlp.gate_proj,mlp.up_proj,self_attn.o_proj,self_attn.v_proj","self_attn.q_proj,self_attn.k_proj",782.0,782.0,782.0,0.0,0.0,0.0,"{""mlp.down_proj"": 1274.0, ""mlp.gate_proj"": 584.0, ""mlp.up_proj"": 1127.0, ""self_attn.o_proj"": 672.0, ""self_attn.v_proj"": 253.0}","{""mlp.down_proj"": 1274.0, ""mlp.gate_proj"": 584.0, ""mlp.up_proj"": 1127.0, ""self_attn.o_proj"": 672.0, ""self_attn.v_proj"": 253.0}","{""mlp.down_proj"": 0.0, ""mlp.gate_proj"": 0.0, ""mlp.up_proj"": 0.0, ""self_attn.o_proj"": 0.0, ""self_attn.v_proj"": 0.0}","{""mlp.down_proj"": 0.0, ""mlp.gate_proj"": 0.0, ""mlp.up_proj"": 0.0, ""self_attn.o_proj"": 0.0, ""self_attn.v_proj"": 0.0}",0.0,0.0,7,equal7,True,"mlp.down_proj,mlp.gate_proj,mlp.up_proj,self_attn.k_proj,self_attn.o_proj,self_attn.q_proj,self_attn.v_proj",,575.7142857142857,575.7142857142857,575.7142857142857,0.0,0.0,0.0,"{""mlp.down_proj"": 1274.0, ""mlp.gate_proj"": 584.0, ""mlp.up_proj"": 1127.0, ""self_attn.k_proj"": 50.0, ""self_attn.o_proj"": 672.0, ""self_attn.q_proj"": 70.0, ""self_attn.v_proj"": 253.0}","{""mlp.down_proj"": 1274.0, ""mlp.gate_proj"": 584.0, ""mlp.up_proj"": 1127.0, ""self_attn.k_proj"": 50.0, ""self_attn.o_proj"": 672.0, ""self_attn.q_proj"": 70.0, ""self_attn.v_proj"": 253.0}","{""mlp.down_proj"": 0.0, ""mlp.gate_proj"": 0.0, ""mlp.up_proj"": 0.0, ""self_attn.k_proj"": 0.0, ""self_attn.o_proj"": 0.0, ""self_attn.q_proj"": 0.0, ""self_attn.v_proj"": 0.0}","{""mlp.down_proj"": 0.0, ""mlp.gate_proj"": 0.0, ""mlp.up_proj"": 0.0, ""self_attn.k_proj"": 0.0, ""self_attn.o_proj"": 0.0, ""self_attn.q_proj"": 0.0, ""self_attn.v_proj"": 0.0}",0.0,0.0,206.28571428571433,False,True
qwen,base,0,E_if,E_ifeval,0.1,18,5,equal5_non_qk,True,"mlp.down_proj,mlp.gate_proj,mlp.up_proj,self_attn.o_proj,self_attn.v_proj","self_attn.q_proj,self_attn.k_proj",453.0,453.0,453.0,0.0,0.0,0.0,"{""mlp.down_proj"": 839.0, ""mlp.gate_proj"": 228.0, ""mlp.up_proj"": 695.0, ""self_attn.o_proj"": 387.0, ""self_attn.v_proj"": 116.0}","{""mlp.down_proj"": 839.0, ""mlp.gate_proj"": 228.0, ""mlp.up_proj"": 695.0, ""self_attn.o_proj"": 387.0, ""self_attn.v_proj"": 116.0}","{""mlp.down_proj"": 0.0, ""mlp.gate_proj"": 0.0, ""mlp.up_proj"": 0.0, ""self_attn.o_proj"": 0.0, ""self_attn.v_proj"": 0.0}","{""mlp.down_proj"": 0.0, ""mlp.gate_proj"": 0.0, ""mlp.up_proj"": 0.0, ""self_attn.o_proj"": 0.0, ""self_attn.v_proj"": 0.0}",0.0,0.0,7,equal7,True,"mlp.down_proj,mlp.gate_proj,mlp.up_proj,self_attn.k_proj,self_attn.o_proj,self_attn.q_proj,self_attn.v_proj",,327.42857142857144,327.42857142857144,327.42857142857144,0.0,0.0,0.0,"{""mlp.down_proj"": 839.0, ""mlp.gate_proj"": 228.0, ""mlp.up_proj"": 695.0, ""self_attn.k_proj"": 16.0, ""self_attn.o_proj"": 387.0, ""self_attn.q_proj"": 11.0, ""self_attn.v_proj"": 116.0}","{""mlp.down_proj"": 839.0, ""mlp.gate_proj"": 228.0, ""mlp.up_proj"": 695.0, ""self_attn.k_proj"": 16.0, ""self_attn.o_proj"": 387.0, ""self_attn.q_proj"": 11.0, ""self_attn.v_proj"": 116.0}","{""mlp.down_proj"": 0.0, ""mlp.gate_proj"": 0.0, ""mlp.up_proj"": 0.0, ""self_attn.k_proj"": 0.0, ""self_attn.o_proj"": 0.0, ""self_attn.q_proj"": 0.0, ""self_attn.v_proj"": 0.0}","{""mlp.down_proj"": 0.0, ""mlp.gate_proj"": 0.0, ""mlp.up_proj"": 0.0, ""self_attn.k_proj"": 0.0, ""self_attn.o_proj"": 0.0, ""self_attn.q_proj"": 0.0, ""self_attn.v_proj"": 0.0}",0.0,0.0,125.57142857142856,False,True
qwen,base,0,E_math,E_mathHeld,0.01,18,5,equal5_non_qk,True,"mlp.down_proj,mlp.gate_proj,mlp.up_proj,self_attn.o_proj,self_attn.v_proj","self_attn.q_proj,self_attn.k_proj",1649.6,1649.6,1649.6,0.0,0.0,0.0,"{""mlp.down_proj"": 2176.0, ""mlp.gate_proj"": 1819.0, ""mlp.up_proj"": 2046.0, ""self_attn.o_proj"": 1520.0, ""self_attn.v_proj"": 687.0}","{""mlp.down_proj"": 2176.0, ""mlp.gate_proj"": 1819.0, ""mlp.up_proj"": 2046.0, ""self_attn.o_proj"": 1520.0, ""self_attn.v_proj"": 687.0}","{""mlp.down_proj"": 0.0, ""mlp.gate_proj"": 0.0, ""mlp.up_proj"": 0.0, ""self_attn.o_proj"": 0.0, ""self_attn.v_proj"": 0.0}","{""mlp.down_proj"": 0.0, ""mlp.gate_proj"": 0.0, ""mlp.up_proj"": 0.0, ""self_attn.o_proj"": 0.0, ""self_attn.v_proj"": 0.0}",0.0,0.0,7,equal7,True,"mlp.down_proj,mlp.gate_proj,mlp.up_proj,self_attn.k_proj,self_attn.o_proj,self_attn.q_proj,self_attn.v_proj",,1339.0,1339.0,1339.0,0.0,0.0,0.0,"{""mlp.down_proj"": 2176.0, ""mlp.gate_proj"": 1819.0, ""mlp.up_proj"": 2046.0, ""self_attn.k_proj"": 363.0, ""self_attn.o_proj"": 1520.0, ""self_attn.q_proj"": 762.0, ""self_attn.v_proj"": 687.0}","{""mlp.down_proj"": 2176.0, ""mlp.gate_proj"": 1819.0, ""mlp.up_proj"": 2046.0, ""self_attn.k_proj"": 363.0, ""self_attn.o_proj"": 1520.0, ""self_attn.q_proj"": 762.0, ""self_attn.v_proj"": 687.0}","{""mlp.down_proj"": 0.0, ""mlp.gate_proj"": 0.0, ""mlp.up_proj"": 0.0, ""self_attn.k_proj"": 0.0, ""self_attn.o_proj"": 0.0, ""self_attn.q_proj"": 0.0, ""self_attn.v_proj"": 0.0}","{""mlp.down_proj"": 0.0, ""mlp.gate_proj"": 0.0, ""mlp.up_proj"": 0.0, ""self_attn.k_proj"": 0.0, ""self_attn.o_proj"": 0.0, ""self_attn.q_proj"": 0.0, ""self_attn.v_proj"": 0.0}",0.0,0.0,310.5999999999999,False,True
qwen,base,0,E_math,E_mathHeld,0.025,18,5,equal5_non_qk,True,"mlp.down_proj,mlp.gate_proj,mlp.up_proj,self_attn.o_proj,self_attn.v_proj","self_attn.q_proj,self_attn.k_proj",1322.2,1322.2,1322.2,0.0,0.0,0.0,"{""mlp.down_proj"": 1875.0, ""mlp.gate_proj"": 1369.0, ""mlp.up_proj"": 1691.0, ""self_attn.o_proj"": 1157.0, ""self_attn.v_proj"": 519.0}","{""mlp.down_proj"": 1875.0, ""mlp.gate_proj"": 1369.0, ""mlp.up_proj"": 1691.0, ""self_attn.o_proj"": 1157.0, ""self_attn.v_proj"": 519.0}","{""mlp.down_proj"": 0.0, ""mlp.gate_proj"": 0.0, ""mlp.up_proj"": 0.0, ""self_attn.o_proj"": 0.0, ""self_attn.v_proj"": 0.0}","{""mlp.down_proj"": 0.0, ""mlp.gate_proj"": 0.0, ""mlp.up_proj"": 0.0, ""self_attn.o_proj"": 0.0, ""self_attn.v_proj"": 0.0}",0.0,0.0,7,equal7,True,"mlp.down_proj,mlp.gate_proj,mlp.up_proj,self_attn.k_proj,self_attn.o_proj,self_attn.q_proj,self_attn.v_proj",,1025.5714285714287,1025.5714285714287,1025.5714285714287,0.0,0.0,0.0,"{""mlp.down_proj"": 1875.0, ""mlp.gate_proj"": 1369.0, ""mlp.up_proj"": 1691.0, ""self_attn.k_proj"": 189.0, ""self_attn.o_proj"": 1157.0, ""self_attn.q_proj"": 379.0, ""self_attn.v_proj"": 519.0}","{""mlp.down_proj"": 1875.0, ""mlp.gate_proj"": 1369.0, ""mlp.up_proj"": 1691.0, ""self_attn.k_proj"": 189.0, ""self_attn.o_proj"": 1157.0, ""self_attn.q_proj"": 379.0, ""self_attn.v_proj"": 519.0}","{""mlp.down_proj"": 0.0, ""mlp.gate_proj"": 0.0, ""mlp.up_proj"": 0.0, ""self_attn.k_proj"": 0.0, ""self_attn.o_proj"": 0.0, ""self_attn.q_proj"": 0.0, ""self_attn.v_proj"": 0.0}","{""mlp.down_proj"": 0.0, ""mlp.gate_proj"": 0.0, ""mlp.up_proj"": 0.0, ""self_attn.k_proj"": 0.0, ""self_attn.o_proj"": 0.0, ""self_attn.q_proj"": 0.0, ""self_attn.v_proj"": 0.0}",0.0,0.0,296.6285714285714,False,True
qwen,base,0,E_math,E_mathHeld,0.05,18,5,equal5_non_qk,True,"mlp.down_proj,mlp.gate_proj,mlp.up_proj,self_attn.o_proj,self_attn.v_proj","self_attn.q_proj,self_attn.k_proj",1014.2,1014.2,1014.2,0.0,0.0,0.0,"{""mlp.down_proj"": 1552.0, ""mlp.gate_proj"": 956.0, ""mlp.up_proj"": 1332.0, ""self_attn.o_proj"": 860.0, ""self_attn.v_proj"": 371.0}","{""mlp.down_proj"": 1552.0, ""mlp.gate_proj"": 956.0, ""mlp.up_proj"": 1332.0, ""self_attn.o_proj"": 860.0, ""self_attn.v_proj"": 371.0}","{""mlp.down_proj"": 0.0, ""mlp.gate_proj"": 0.0, ""mlp.up_proj"": 0.0, ""self_attn.o_proj"": 0.0, ""self_attn.v_proj"": 0.0}","{""mlp.down_proj"": 0.0, ""mlp.gate_proj"": 0.0, ""mlp.up_proj"": 0.0, ""self_attn.o_proj"": 0.0, ""self_attn.v_proj"": 0.0}",0.0,0.0,7,equal7,True,"mlp.down_proj,mlp.gate_proj,mlp.up_proj,self_attn.k_proj,self_attn.o_proj,self_attn.q_proj,self_attn.v_proj",,758.1428571428571,758.1428571428571,758.1428571428571,0.0,0.0,0.0,"{""mlp.down_proj"": 1552.0, ""mlp.gate_proj"": 956.0, ""mlp.up_proj"": 1332.0, ""self_attn.k_proj"": 82.0, ""self_attn.o_proj"": 860.0, ""self_attn.q_proj"": 154.0, ""self_attn.v_proj"": 371.0}","{""mlp.down_proj"": 1552.0, ""mlp.gate_proj"": 956.0, ""mlp.up_proj"": 1332.0, ""self_attn.k_proj"": 82.0, ""self_attn.o_proj"": 860.0, ""self_attn.q_proj"": 154.0, ""self_attn.v_proj"": 371.0}","{""mlp.down_proj"": 0.0, ""mlp.gate_proj"": 0.0, ""mlp.up_proj"": 0.0, ""self_attn.k_proj"": 0.0, ""self_attn.o_proj"": 0.0, ""self_attn.q_proj"": 0.0, ""self_attn.v_proj"": 0.0}","{""mlp.down_proj"": 0.0, ""mlp.gate_proj"": 0.0, ""mlp.up_proj"": 0.0, ""self_attn.k_proj"": 0.0, ""self_attn.o_proj"": 0.0, ""self_attn.q_proj"": 0.0, ""self_attn.v_proj"": 0.0}",0.0,0.0,256.05714285714294,False,True
qwen,base,0,E_math,E_mathHeld,0.1,18,5,equal5_non_qk,True,"mlp.down_proj,mlp.gate_proj,mlp.up_proj,self_attn.o_proj,self_attn.v_proj","self_attn.q_proj,self_attn.k_proj",673.2,673.2,673.2,0.0,0.0,0.0,"{""mlp.down_proj"": 1147.0, ""mlp.gate_proj"": 529.0, ""mlp.up_proj"": 913.0, ""self_attn.o_proj"": 561.0, ""self_attn.v_proj"": 216.0}","{""mlp.down_proj"": 1147.0, ""mlp.gate_proj"": 529.0, ""mlp.up_proj"": 913.0, ""self_attn.o_proj"": 561.0, ""self_attn.v_proj"": 216.0}","{""mlp.down_proj"": 0.0, ""mlp.gate_proj"": 0.0, ""mlp.up_proj"": 0.0, ""self_attn.o_proj"": 0.0, ""self_attn.v_proj"": 0.0}","{""mlp.down_proj"": 0.0, ""mlp.gate_proj"": 0.0, ""mlp.up_proj"": 0.0, ""self_attn.o_proj"": 0.0, ""self_attn.v_proj"": 0.0}",0.0,0.0,7,equal7,True,"mlp.down_proj,mlp.gate_proj,mlp.up_proj,self_attn.k_proj,self_attn.o_proj,self_attn.q_proj,self_attn.v_proj",,488.7142857142857,488.7142857142857,488.7142857142857,0.0,0.0,0.0,"{""mlp.down_proj"": 1147.0, ""mlp.gate_proj"": 529.0, ""mlp.up_proj"": 913.0, ""self_attn.k_proj"": 24.0, ""self_attn.o_proj"": 561.0, ""self_attn.q_proj"": 31.0, ""self_attn.v_proj"": 216.0}","{""mlp.down_proj"": 1147.0, ""mlp.gate_proj"": 529.0, ""mlp.up_proj"": 913.0, ""self_attn.k_proj"": 24.0, ""self_attn.o_proj"": 561.0, ""self_attn.q_proj"": 31.0, ""self_attn.v_proj"": 216.0}","{""mlp.down_proj"": 0.0, ""mlp.gate_proj"": 0.0, ""mlp.up_proj"": 0.0, ""self_attn.k_proj"": 0.0, ""self_attn.o_proj"": 0.0, ""self_attn.q_proj"": 0.0, ""self_attn.v_proj"": 0.0}","{""mlp.down_proj"": 0.0, ""mlp.gate_proj"": 0.0, ""mlp.up_proj"": 0.0, ""self_attn.k_proj"": 0.0, ""self_attn.o_proj"": 0.0, ""self_attn.q_proj"": 0.0, ""self_attn.v_proj"": 0.0}",0.0,0.0,184.48571428571432,False,True
qwen,base,0,E_ood,E_mmluPro,0.01,18,5,equal5_non_qk,True,"mlp.down_proj,mlp.gate_proj,mlp.up_proj,self_attn.o_proj,self_attn.v_proj","self_attn.q_proj,self_attn.k_proj",1610.4,1610.4,1610.4,0.0,0.0,0.0,"{""mlp.down_proj"": 2156.0, ""mlp.gate_proj"": 1667.0, ""mlp.up_proj"": 2029.0, ""self_attn.o_proj"": 1471.0, ""self_attn.v_proj"": 729.0}","{""mlp.down_proj"": 2156.0, ""mlp.gate_proj"": 1667.0, ""mlp.up_proj"": 2029.0, ""self_attn.o_proj"": 1471.0, ""self_attn.v_proj"": 729.0}","{""mlp.down_proj"": 0.0, ""mlp.gate_proj"": 0.0, ""mlp.up_proj"": 0.0, ""self_attn.o_proj"": 0.0, ""self_attn.v_proj"": 0.0}","{""mlp.down_proj"": 0.0, ""mlp.gate_proj"": 0.0, ""mlp.up_proj"": 0.0, ""self_attn.o_proj"": 0.0, ""self_attn.v_proj"": 0.0}",0.0,0.0,7,equal7,True,"mlp.down_proj,mlp.gate_proj,mlp.up_proj,self_attn.k_proj,self_attn.o_proj,self_attn.q_proj,self_attn.v_proj",,1305.5714285714287,1305.5714285714287,1305.5714285714287,0.0,0.0,0.0,"{""mlp.down_proj"": 2156.0, ""mlp.gate_proj"": 1667.0, ""mlp.up_proj"": 2029.0, ""self_attn.k_proj"": 402.0, ""self_attn.o_proj"": 1471.0, ""self_attn.q_proj"": 685.0, ""self_attn.v_proj"": 729.0}","{""mlp.down_proj"": 2156.0, ""mlp.gate_proj"": 1667.0, ""mlp.up_proj"": 2029.0, ""self_attn.k_proj"": 402.0, ""self_attn.o_proj"": 1471.0, ""self_attn.q_proj"": 685.0, ""self_attn.v_proj"": 729.0}","{""mlp.down_proj"": 0.0, ""mlp.gate_proj"": 0.0, ""mlp.up_proj"": 0.0, ""self_attn.k_proj"": 0.0, ""self_attn.o_proj"": 0.0, ""self_attn.q_proj"": 0.0, ""self_attn.v_proj"": 0.0}","{""mlp.down_proj"": 0.0, ""mlp.gate_proj"": 0.0, ""mlp.up_proj"": 0.0, ""self_attn.k_proj"": 0.0, ""self_attn.o_proj"": 0.0, ""self_attn.q_proj"": 0.0, ""self_attn.v_proj"": 0.0}",0.0,0.0,304.8285714285714,False,True
qwen,base,0,E_ood,E_mmluPro,0.025,18,5,equal5_non_qk,True,"mlp.down_proj,mlp.gate_proj,mlp.up_proj,self_attn.o_proj,self_attn.v_proj","self_attn.q_proj,self_attn.k_proj",1268.4,1268.4,1268.4,0.0,0.0,0.0,"{""mlp.down_proj"": 1847.0, ""mlp.gate_proj"": 1163.0, ""mlp.up_proj"": 1655.0, ""self_attn.o_proj"": 1105.0, ""self_attn.v_proj"": 572.0}","{""mlp.down_proj"": 1847.0, ""mlp.gate_proj"": 1163.0, ""mlp.up_proj"": 1655.0, ""self_attn.o_proj"": 1105.0, ""self_attn.v_proj"": 572.0}","{""mlp.down_proj"": 0.0, ""mlp.gate_proj"": 0.0, ""mlp.up_proj"": 0.0, ""self_attn.o_proj"": 0.0, ""self_attn.v_proj"": 0.0}","{""mlp.down_proj"": 0.0, ""mlp.gate_proj"": 0.0, ""mlp.up_proj"": 0.0, ""self_attn.o_proj"": 0.0, ""self_attn.v_proj"": 0.0}",0.0,0.0,7,equal7,True,"mlp.down_proj,mlp.gate_proj,mlp.up_proj,self_attn.k_proj,self_attn.o_proj,self_attn.q_proj,self_attn.v_proj",,984.2857142857143,984.2857142857143,984.2857142857143,0.0,0.0,0.0,"{""mlp.down_proj"": 1847.0, ""mlp.gate_proj"": 1163.0, ""mlp.up_proj"": 1655.0, ""self_attn.k_proj"": 230.0, ""self_attn.o_proj"": 1105.0, ""self_attn.q_proj"": 318.0, ""self_attn.v_proj"": 572.0}","{""mlp.down_proj"": 1847.0, ""mlp.gate_proj"": 1163.0, ""mlp.up_proj"": 1655.0, ""self_attn.k_proj"": 230.0, ""self_attn.o_proj"": 1105.0, ""self_attn.q_proj"": 318.0, ""self_attn.v_proj"": 572.0}","{""mlp.down_proj"": 0.0, ""mlp.gate_proj"": 0.0, ""mlp.up_proj"": 0.0, ""self_attn.k_proj"": 0.0, ""self_attn.o_proj"": 0.0, ""self_attn.q_proj"": 0.0, ""self_attn.v_proj"": 0.0}","{""mlp.down_proj"": 0.0, ""mlp.gate_proj"": 0.0, ""mlp.up_proj"": 0.0, ""self_attn.k_proj"": 0.0, ""self_attn.o_proj"": 0.0, ""self_attn.q_proj"": 0.0, ""self_attn.v_proj"": 0.0}",0.0,0.0,284.11428571428576,False,True
qwen,base,0,E_ood,E_mmluPro,0.05,18,5,equal5_non_qk,True,"mlp.down_proj,mlp.gate_proj,mlp.up_proj,self_attn.o_proj,self_attn.v_proj","self_attn.q_proj,self_attn.k_proj",954.4,954.4,954.4,0.0,0.0,0.0,"{""mlp.down_proj"": 1519.0, ""mlp.gate_proj"": 731.0, ""mlp.up_proj"": 1281.0, ""self_attn.o_proj"": 810.0, ""self_attn.v_proj"": 431.0}","{""mlp.down_proj"": 1519.0, ""mlp.gate_proj"": 731.0, ""mlp.up_proj"": 1281.0, ""self_attn.o_proj"": 810.0, ""self_attn.v_proj"": 431.0}","{""mlp.down_proj"": 0.0, ""mlp.gate_proj"": 0.0, ""mlp.up_proj"": 0.0, ""self_attn.o_proj"": 0.0, ""self_attn.v_proj"": 0.0}","{""mlp.down_proj"": 0.0, ""mlp.gate_proj"": 0.0, ""mlp.up_proj"": 0.0, ""self_attn.o_proj"": 0.0, ""self_attn.v_proj"": 0.0}",0.0,0.0,7,equal7,True,"mlp.down_proj,mlp.gate_proj,mlp.up_proj,self_attn.k_proj,self_attn.o_proj,self_attn.q_proj,self_attn.v_proj",,715.5714285714286,715.5714285714286,715.5714285714286,0.0,0.0,0.0,"{""mlp.down_proj"": 1519.0, ""mlp.gate_proj"": 731.0, ""mlp.up_proj"": 1281.0, ""self_attn.k_proj"": 116.0, ""self_attn.o_proj"": 810.0, ""self_attn.q_proj"": 121.0, ""self_attn.v_proj"": 431.0}","{""mlp.down_proj"": 1519.0, ""mlp.gate_proj"": 731.0, ""mlp.up_proj"": 1281.0, ""self_attn.k_proj"": 116.0, ""self_attn.o_proj"": 810.0, ""self_attn.q_proj"": 121.0, ""self_attn.v_proj"": 431.0}","{""mlp.down_proj"": 0.0, ""mlp.gate_proj"": 0.0, ""mlp.up_proj"": 0.0, ""self_attn.k_proj"": 0.0, ""self_attn.o_proj"": 0.0, ""self_attn.q_proj"": 0.0, ""self_attn.v_proj"": 0.0}","{""mlp.down_proj"": 0.0, ""mlp.gate_proj"": 0.0, ""mlp.up_proj"": 0.0, ""self_attn.k_proj"": 0.0, ""self_attn.o_proj"": 0.0, ""self_attn.q_proj"": 0.0, ""self_attn.v_proj"": 0.0}",0.0,0.0,238.82857142857142,False,True
qwen,base,0,E_ood,E_mmluPro,0.1,18,5,equal5_non_qk,True,"mlp.down_proj,mlp.gate_proj,mlp.up_proj,self_attn.o_proj,self_attn.v_proj","self_attn.q_proj,self_attn.k_proj",617.4,617.4,617.4,0.0,0.0,0.0,"{""mlp.down_proj"": 1114.0, ""mlp.gate_proj"": 327.0, ""mlp.up_proj"": 850.0, ""self_attn.o_proj"": 518.0, ""self_attn.v_proj"": 278.0}","{""mlp.down_proj"": 1114.0, ""mlp.gate_proj"": 327.0, ""mlp.up_proj"": 850.0, ""self_attn.o_proj"": 518.0, ""self_attn.v_proj"": 278.0}","{""mlp.down_proj"": 0.0, ""mlp.gate_proj"": 0.0, ""mlp.up_proj"": 0.0, ""self_attn.o_proj"": 0.0, ""self_attn.v_proj"": 0.0}","{""mlp.down_proj"": 0.0, ""mlp.gate_proj"": 0.0, ""mlp.up_proj"": 0.0, ""self_attn.o_proj"": 0.0, ""self_attn.v_proj"": 0.0}",0.0,0.0,7,equal7,True,"mlp.down_proj,mlp.gate_proj,mlp.up_proj,self_attn.k_proj,self_attn.o_proj,self_attn.q_proj,self_attn.v_proj",,450.42857142857144,450.42857142857144,450.42857142857144,0.0,0.0,0.0,"{""mlp.down_proj"": 1114.0, ""mlp.gate_proj"": 327.0, ""mlp.up_proj"": 850.0, ""self_attn.k_proj"": 40.0, ""self_attn.o_proj"": 518.0, ""self_attn.q_proj"": 26.0, ""self_attn.v_proj"": 278.0}","{""mlp.down_proj"": 1114.0, ""mlp.gate_proj"": 327.0, ""mlp.up_proj"": 850.0, ""self_attn.k_proj"": 40.0, ""self_attn.o_proj"": 518.0, ""self_attn.q_proj"": 26.0, ""self_attn.v_proj"": 278.0}","{""mlp.down_proj"": 0.0, ""mlp.gate_proj"": 0.0, ""mlp.up_proj"": 0.0, ""self_attn.k_proj"": 0.0, ""self_attn.o_proj"": 0.0, ""self_attn.q_proj"": 0.0, ""self_attn.v_proj"": 0.0}","{""mlp.down_proj"": 0.0, ""mlp.gate_proj"": 0.0, ""mlp.up_proj"": 0.0, ""self_attn.k_proj"": 0.0, ""self_attn.o_proj"": 0.0, ""self_attn.q_proj"": 0.0, ""self_attn.v_proj"": 0.0}",0.0,0.0,166.97142857142853,False,True
qwen,offkd,5,E_general,E_general,0.01,18,5,equal5_non_qk,True,"mlp.down_proj,mlp.gate_proj,mlp.up_proj,self_attn.o_proj,self_attn.v_proj","self_attn.q_proj,self_attn.k_proj",1633.8,1634.4,1633.8,-0.6,0.0003425672113200791,0.00036710719530111136,"{""mlp.down_proj"": 2190.0, ""mlp.gate_proj"": 1641.0, ""mlp.up_proj"": 2064.0, ""self_attn.o_proj"": 1546.0, ""self_attn.v_proj"": 731.0}","{""mlp.down_proj"": 2189.0, ""mlp.gate_proj"": 1640.0, ""mlp.up_proj"": 2064.0, ""self_attn.o_proj"": 1545.0, ""self_attn.v_proj"": 731.0}","{""mlp.down_proj"": -1.0, ""mlp.gate_proj"": -1.0, ""mlp.up_proj"": 0.0, ""self_attn.o_proj"": -1.0, ""self_attn.v_proj"": 0.0}","{""mlp.down_proj"": 0.00045662100456621003, ""mlp.gate_proj"": 0.0006093845216331506, ""mlp.up_proj"": 0.0, ""self_attn.o_proj"": 0.000646830530401035, ""self_attn.v_proj"": 0.0}",0.0003425672113200791,0.0,7,equal7,True,"mlp.down_proj,mlp.gate_proj,mlp.up_proj,self_attn.k_proj,self_attn.o_proj,self_attn.q_proj,self_attn.v_proj",,1327.857142857143,1328.4285714285713,1327.857142857143,-0.5714285714285714,0.0006018337223714851,0.00043015377997624376,"{""mlp.down_proj"": 2190.0, ""mlp.gate_proj"": 1641.0, ""mlp.up_proj"": 2064.0, ""self_attn.k_proj"": 400.0, ""self_attn.o_proj"": 1546.0, ""self_attn.q_proj"": 727.0, ""self_attn.v_proj"": 731.0}","{""mlp.down_proj"": 2189.0, ""mlp.gate_proj"": 1640.0, ""mlp.up_proj"": 2064.0, ""self_attn.k_proj"": 399.0, ""self_attn.o_proj"": 1545.0, ""self_attn.q_proj"": 727.0, ""self_attn.v_proj"": 731.0}","{""mlp.down_proj"": -1.0, ""mlp.gate_proj"": -1.0, ""mlp.up_proj"": 0.0, ""self_attn.k_proj"": -1.0, ""self_attn.o_proj"": -1.0, ""self_attn.q_proj"": 0.0, ""self_attn.v_proj"": 0.0}","{""mlp.down_proj"": 0.00045662100456621003, ""mlp.gate_proj"": 0.0006093845216331506, ""mlp.up_proj"": 0.0, ""self_attn.k_proj"": 0.0025, ""self_attn.o_proj"": 0.000646830530401035, ""self_attn.q_proj"": 0.0, ""self_attn.v_proj"": 0.0}",-0.00025926651105140597,-0.02857142857142858,305.94285714285706,False,True
qwen,offkd,5,E_general,E_general,0.025,18,5,equal5_non_qk,True,"mlp.down_proj,mlp.gate_proj,mlp.up_proj,self_attn.o_proj,self_attn.v_proj","self_attn.q_proj,self_attn.k_proj",1299.2,1299.6,1299.2,-0.4,0.0002937558008751626,0.00030778701138801446,"{""mlp.down_proj"": 1900.0, ""mlp.gate_proj"": 1133.0, ""mlp.up_proj"": 1706.0, ""self_attn.o_proj"": 1186.0, ""self_attn.v_proj"": 573.0}","{""mlp.down_proj"": 1900.0, ""mlp.gate_proj"": 1132.0, ""mlp.up_proj"": 1705.0, ""self_attn.o_proj"": 1186.0, ""self_attn.v_proj"": 573.0}","{""mlp.down_proj"": 0.0, ""mlp.gate_proj"": -1.0, ""mlp.up_proj"": -1.0, ""self_attn.o_proj"": 0.0, ""self_attn.v_proj"": 0.0}","{""mlp.down_proj"": 0.0, ""mlp.gate_proj"": 0.00088261253309797, ""mlp.up_proj"": 0.0005861664712778429, ""self_attn.o_proj"": 0.0, ""self_attn.v_proj"": 0.0}",0.0002937558008751626,0.0,7,equal7,True,"mlp.down_proj,mlp.gate_proj,mlp.up_proj,self_attn.k_proj,self_attn.o_proj,self_attn.q_proj,self_attn.v_proj",,1011.0,1011.2857142857143,1011.0,-0.2857142857142857,0.00020982557205368756,0.00028252578047751676,"{""mlp.down_proj"": 1900.0, ""mlp.gate_proj"": 1133.0, ""mlp.up_proj"": 1706.0, ""self_attn.k_proj"": 227.0, ""self_attn.o_proj"": 1186.0, ""self_attn.q_proj"": 354.0, ""self_attn.v_proj"": 573.0}","{""mlp.down_proj"": 1900.0, ""mlp.gate_proj"": 1132.0, ""mlp.up_proj"": 1705.0, ""self_attn.k_proj"": 227.0, ""self_attn.o_proj"": 1186.0, ""self_attn.q_proj"": 354.0, ""self_attn.v_proj"": 573.0}","{""mlp.down_proj"": 0.0, ""mlp.gate_proj"": -1.0, ""mlp.up_proj"": -1.0, ""self_attn.k_proj"": 0.0, ""self_attn.o_proj"": 0.0, ""self_attn.q_proj"": 0.0, ""self_attn.v_proj"": 0.0}","{""mlp.down_proj"": 0.0, ""mlp.gate_proj"": 0.00088261253309797, ""mlp.up_proj"": 0.0005861664712778429, ""self_attn.k_proj"": 0.0, ""self_attn.o_proj"": 0.0, ""self_attn.q_proj"": 0.0, ""self_attn.v_proj"": 0.0}",8.393022882147505e-05,-0.11428571428571432,288.20000000000005,False,True
qwen,offkd,5,E_general,E_general,0.05,18,5,equal5_non_qk,True,"mlp.down_proj,mlp.gate_proj,mlp.up_proj,self_attn.o_proj,self_attn.v_proj","self_attn.q_proj,self_attn.k_proj",990.2,991.2,990.2,-1.0,0.0012486586161325301,0.0010088781275221952,"{""mlp.down_proj"": 1590.0, ""mlp.gate_proj"": 701.0, ""mlp.up_proj"": 1344.0, ""self_attn.o_proj"": 890.0, ""self_attn.v_proj"": 431.0}","{""mlp.down_proj"": 1589.0, ""mlp.gate_proj"": 700.0, ""mlp.up_proj"": 1343.0, ""self_attn.o_proj"": 889.0, ""self_attn.v_proj"": 430.0}","{""mlp.down_proj"": -1.0, ""mlp.gate_proj"": -1.0, ""mlp.up_proj"": -1.0, ""self_attn.o_proj"": -1.0, ""self_attn.v_proj"": -1.0}","{""mlp.down_proj"": 0.0006289308176100629, ""mlp.gate_proj"": 0.0014265335235378032, ""mlp.up_proj"": 0.000744047619047619, ""self_attn.o_proj"": 0.0011235955056179776, ""self_attn.v_proj"": 0.002320185614849188}",0.0012486586161325301,0.0,7,equal7,True,"mlp.down_proj,mlp.gate_proj,mlp.up_proj,self_attn.k_proj,self_attn.o_proj,self_attn.q_proj,self_attn.v_proj",,744.0,744.7142857142857,744.0,-0.7142857142857143,0.0008918990115232358,0.0009591406100133626,"{""mlp.down_proj"": 1590.0, ""mlp.gate_proj"": 701.0, ""mlp.up_proj"": 1344.0, ""self_attn.k_proj"": 113.0, ""self_attn.o_proj"": 890.0, ""self_attn.q_proj"": 144.0, ""self_attn.v_proj"": 431.0}","{""mlp.down_proj"": 1589.0, ""mlp.gate_proj"": 700.0, ""mlp.up_proj"": 1343.0, ""self_attn.k_proj"": 113.0, ""self_attn.o_proj"": 889.0, ""self_attn.q_proj"": 144.0, ""self_attn.v_proj"": 430.0}","{""mlp.down_proj"": -1.0, ""mlp.gate_proj"": -1.0, ""mlp.up_proj"": -1.0, ""self_attn.k_proj"": 0.0, ""self_attn.o_proj"": -1.0, ""self_attn.q_proj"": 0.0, ""self_attn.v_proj"": -1.0}","{""mlp.down_proj"": 0.0006289308176100629, ""mlp.gate_proj"": 0.0014265335235378032, ""mlp.up_proj"": 0.000744047619047619, ""self_attn.k_proj"": 0.0, ""self_attn.o_proj"": 0.0011235955056179776, ""self_attn.q_proj"": 0.0, ""self_attn.v_proj"": 0.002320185614849188}",0.0003567596046092943,-0.2857142857142857,246.20000000000005,False,True
qwen,offkd,5,E_general,E_general,0.1,18,5,equal5_non_qk,True,"mlp.down_proj,mlp.gate_proj,mlp.up_proj,self_attn.o_proj,self_attn.v_proj","self_attn.q_proj,self_attn.k_proj",656.8,657.2,656.8,-0.4,0.0008333333333333333,0.0006086427267195541,"{""mlp.down_proj"": 1200.0, ""mlp.gate_proj"": 300.0, ""mlp.up_proj"": 920.0, ""self_attn.o_proj"": 589.0, ""self_attn.v_proj"": 277.0}","{""mlp.down_proj"": 1199.0, ""mlp.gate_proj"": 299.0, ""mlp.up_proj"": 920.0, ""self_attn.o_proj"": 589.0, ""self_attn.v_proj"": 277.0}","{""mlp.down_proj"": -1.0, ""mlp.gate_proj"": -1.0, ""mlp.up_proj"": 0.0, ""self_attn.o_proj"": 0.0, ""self_attn.v_proj"": 0.0}","{""mlp.down_proj"": 0.0008333333333333334, ""mlp.gate_proj"": 0.0033333333333333335, ""mlp.up_proj"": 0.0, ""self_attn.o_proj"": 0.0, ""self_attn.v_proj"": 0.0}",0.0008333333333333333,0.0,7,equal7,True,"mlp.down_proj,mlp.gate_proj,mlp.up_proj,self_attn.k_proj,self_attn.o_proj,self_attn.q_proj,self_attn.v_proj",,479.42857142857144,479.7142857142857,479.42857142857144,-0.2857142857142857,0.0005952380952380952,0.0005955926146515614,"{""mlp.down_proj"": 1200.0, ""mlp.gate_proj"": 300.0, ""mlp.up_proj"": 920.0, ""self_attn.k_proj"": 39.0, ""self_attn.o_proj"": 589.0, ""self_attn.q_proj"": 33.0, ""self_attn.v_proj"": 277.0}","{""mlp.down_proj"": 1199.0, ""mlp.gate_proj"": 299.0, ""mlp.up_proj"": 920.0, ""self_attn.k_proj"": 39.0, ""self_attn.o_proj"": 589.0, ""self_attn.q_proj"": 33.0, ""self_attn.v_proj"": 277.0}","{""mlp.down_proj"": -1.0, ""mlp.gate_proj"": -1.0, ""mlp.up_proj"": 0.0, ""self_attn.k_proj"": 0.0, ""self_attn.o_proj"": 0.0, ""self_attn.q_proj"": 0.0, ""self_attn.v_proj"": 0.0}","{""mlp.down_proj"": 0.0008333333333333334, ""mlp.gate_proj"": 0.0033333333333333335, ""mlp.up_proj"": 0.0, ""self_attn.k_proj"": 0.0, ""self_attn.o_proj"": 0.0, ""self_attn.q_proj"": 0.0, ""self_attn.v_proj"": 0.0}",0.0002380952380952381,-0.11428571428571432,177.3714285714285,False,True
qwen,offkd,5,E_if,E_ifeval,0.01,18,5,equal5_non_qk,True,"mlp.down_proj,mlp.gate_proj,mlp.up_proj,self_attn.o_proj,self_attn.v_proj","self_attn.q_proj,self_attn.k_proj",1485.0,1484.2,1485.0,0.8,-0.0005313123661640617,-0.0005390109149709975,"{""mlp.down_proj"": 2024.0, ""mlp.gate_proj"": 1528.0, ""mlp.up_proj"": 1933.0, ""self_attn.o_proj"": 1347.0, ""self_attn.v_proj"": 589.0}","{""mlp.down_proj"": 2024.0, ""mlp.gate_proj"": 1529.0, ""mlp.up_proj"": 1934.0, ""self_attn.o_proj"": 1349.0, ""self_attn.v_proj"": 589.0}","{""mlp.down_proj"": 0.0, ""mlp.gate_proj"": 1.0, ""mlp.up_proj"": 1.0, ""self_attn.o_proj"": 2.0, ""self_attn.v_proj"": 0.0}","{""mlp.down_proj"": 0.0, ""mlp.gate_proj"": -0.0006544502617801048, ""mlp.up_proj"": -0.0005173305742369374, ""self_attn.o_proj"": -0.0014847809948032665, ""self_attn.v_proj"": 0.0}",0.0003425672113200791,-0.0008738795774841407,7,equal7,True,"mlp.down_proj,mlp.gate_proj,mlp.up_proj,self_attn.k_proj,self_attn.o_proj,self_attn.q_proj,self_attn.v_proj",,1174.857142857143,1174.0,1174.857142857143,0.8571428571428571,-0.00092476510342144,-0.0007301046483329554,"{""mlp.down_proj"": 2024.0, ""mlp.gate_proj"": 1528.0, ""mlp.up_proj"": 1933.0, ""self_attn.k_proj"": 273.0, ""self_attn.o_proj"": 1347.0, ""self_attn.q_proj"": 524.0, ""self_attn.v_proj"": 589.0}","{""mlp.down_proj"": 2024.0, ""mlp.gate_proj"": 1529.0, ""mlp.up_proj"": 1934.0, ""self_attn.k_proj"": 273.0, ""self_attn.o_proj"": 1349.0, ""self_attn.q_proj"": 526.0, ""self_attn.v_proj"": 589.0}","{""mlp.down_proj"": 0.0, ""mlp.gate_proj"": 1.0, ""mlp.up_proj"": 1.0, ""self_attn.k_proj"": 0.0, ""self_attn.o_proj"": 2.0, ""self_attn.q_proj"": 2.0, ""self_attn.v_proj"": 0.0}","{""mlp.down_proj"": 0.0, ""mlp.gate_proj"": -0.0006544502617801048, ""mlp.up_proj"": -0.0005173305742369374, ""self_attn.k_proj"": 0.0, ""self_attn.o_proj"": -0.0014847809948032665, ""self_attn.q_proj"": -0.003816793893129771, ""self_attn.v_proj"": 0.0}",0.0003934527372573783,-0.05714285714285705,310.1428571428571,False,True
qwen,offkd,5,E_if,E_ifeval,0.025,18,5,equal5_non_qk,True,"mlp.down_proj,mlp.gate_proj,mlp.up_proj,self_attn.o_proj,self_attn.v_proj","self_attn.q_proj,self_attn.k_proj",1110.2,1109.6,1110.2,0.6,-0.00045917641565107947,-0.0005407354001443191,"{""mlp.down_proj"": 1649.0, ""mlp.gate_proj"": 1005.0, ""mlp.up_proj"": 1521.0, ""self_attn.o_proj"": 969.0, ""self_attn.v_proj"": 404.0}","{""mlp.down_proj"": 1650.0, ""mlp.gate_proj"": 1005.0, ""mlp.up_proj"": 1522.0, ""self_attn.o_proj"": 970.0, ""self_attn.v_proj"": 404.0}","{""mlp.down_proj"": 1.0, ""mlp.gate_proj"": 0.0, ""mlp.up_proj"": 1.0, ""self_attn.o_proj"": 1.0, ""self_attn.v_proj"": 0.0}","{""mlp.down_proj"": -0.0006064281382656155, ""mlp.gate_proj"": 0.0, ""mlp.up_proj"": -0.0006574621959237344, ""self_attn.o_proj"": -0.0010319917440660474, ""self_attn.v_proj"": 0.0}",0.0002937558008751626,-0.000752932216526242,7,equal7,True,"mlp.down_proj,mlp.gate_proj,mlp.up_proj,self_attn.k_proj,self_attn.o_proj,self_attn.q_proj,self_attn.v_proj",,840.5714285714286,840.0,840.5714285714286,0.5714285714285714,-0.0010115101533529583,-0.0006802721088435181,"{""mlp.down_proj"": 1649.0, ""mlp.gate_proj"": 1005.0, ""mlp.up_proj"": 1521.0, ""self_attn.k_proj"": 123.0, ""self_attn.o_proj"": 969.0, ""self_attn.q_proj"": 209.0, ""self_attn.v_proj"": 404.0}","{""mlp.down_proj"": 1650.0, ""mlp.gate_proj"": 1005.0, ""mlp.up_proj"": 1522.0, ""self_attn.k_proj"": 123.0, ""self_attn.o_proj"": 970.0, ""self_attn.q_proj"": 210.0, ""self_attn.v_proj"": 404.0}","{""mlp.down_proj"": 1.0, ""mlp.gate_proj"": 0.0, ""mlp.up_proj"": 1.0, ""self_attn.k_proj"": 0.0, ""self_attn.o_proj"": 1.0, ""self_attn.q_proj"": 1.0, ""self_attn.v_proj"": 0.0}","{""mlp.down_proj"": -0.0006064281382656155, ""mlp.gate_proj"": 0.0, ""mlp.up_proj"": -0.0006574621959237344, ""self_attn.k_proj"": 0.0, ""self_attn.o_proj"": -0.0010319917440660474, ""self_attn.q_proj"": -0.004784688995215311, ""self_attn.v_proj"": 0.0}",0.0005523337377018789,0.02857142857142858,269.6285714285715,False,True
qwen,offkd,5,E_if,E_ifeval,0.05,18,5,equal5_non_qk,True,"mlp.down_proj,mlp.gate_proj,mlp.up_proj,self_attn.o_proj,self_attn.v_proj","self_attn.q_proj,self_attn.k_proj",782.4,782.0,782.4,0.4,-0.00047508133688257904,-0.0005115089514066205,"{""mlp.down_proj"": 1274.0, ""mlp.gate_proj"": 584.0, ""mlp.up_proj"": 1127.0, ""self_attn.o_proj"": 672.0, ""self_attn.v_proj"": 253.0}","{""mlp.down_proj"": 1274.0, ""mlp.gate_proj"": 584.0, ""mlp.up_proj"": 1128.0, ""self_attn.o_proj"": 673.0, ""self_attn.v_proj"": 253.0}","{""mlp.down_proj"": 0.0, ""mlp.gate_proj"": 0.0, ""mlp.up_proj"": 1.0, ""self_attn.o_proj"": 1.0, ""self_attn.v_proj"": 0.0}","{""mlp.down_proj"": 0.0, ""mlp.gate_proj"": 0.0, ""mlp.up_proj"": -0.0008873114463176575, ""self_attn.o_proj"": -0.001488095238095238, ""self_attn.v_proj"": 0.0}",0.0012486586161325301,-0.0017237399530151093,7,equal7,True,"mlp.down_proj,mlp.gate_proj,mlp.up_proj,self_attn.k_proj,self_attn.o_proj,self_attn.q_proj,self_attn.v_proj",,576.0,575.7142857142857,576.0,0.2857142857142857,-0.00033934381205898503,-0.000496277915632839,"{""mlp.down_proj"": 1274.0, ""mlp.gate_proj"": 584.0, ""mlp.up_proj"": 1127.0, ""self_attn.k_proj"": 50.0, ""self_attn.o_proj"": 672.0, ""self_attn.q_proj"": 70.0, ""self_attn.v_proj"": 253.0}","{""mlp.down_proj"": 1274.0, ""mlp.gate_proj"": 584.0, ""mlp.up_proj"": 1128.0, ""self_attn.k_proj"": 50.0, ""self_attn.o_proj"": 673.0, ""self_attn.q_proj"": 70.0, ""self_attn.v_proj"": 253.0}","{""mlp.down_proj"": 0.0, ""mlp.gate_proj"": 0.0, ""mlp.up_proj"": 1.0, ""self_attn.k_proj"": 0.0, ""self_attn.o_proj"": 1.0, ""self_attn.q_proj"": 0.0, ""self_attn.v_proj"": 0.0}","{""mlp.down_proj"": 0.0, ""mlp.gate_proj"": 0.0, ""mlp.up_proj"": -0.0008873114463176575, ""self_attn.k_proj"": 0.0, ""self_attn.o_proj"": -0.001488095238095238, ""self_attn.q_proj"": 0.0, ""self_attn.v_proj"": 0.0}",-0.000135737524823594,0.11428571428571432,206.39999999999998,False,True
qwen,offkd,5,E_if,E_ifeval,0.1,18,5,equal5_non_qk,True,"mlp.down_proj,mlp.gate_proj,mlp.up_proj,self_attn.o_proj,self_attn.v_proj","self_attn.q_proj,self_attn.k_proj",453.4,453.0,453.4,0.4,-0.0008045656498057368,-0.0008830022075054686,"{""mlp.down_proj"": 839.0, ""mlp.gate_proj"": 228.0, ""mlp.up_proj"": 695.0, ""self_attn.o_proj"": 387.0, ""self_attn.v_proj"": 116.0}","{""mlp.down_proj"": 839.0, ""mlp.gate_proj"": 228.0, ""mlp.up_proj"": 696.0, ""self_attn.o_proj"": 388.0, ""self_attn.v_proj"": 116.0}","{""mlp.down_proj"": 0.0, ""mlp.gate_proj"": 0.0, ""mlp.up_proj"": 1.0, ""self_attn.o_proj"": 1.0, ""self_attn.v_proj"": 0.0}","{""mlp.down_proj"": 0.0, ""mlp.gate_proj"": 0.0, ""mlp.up_proj"": -0.0014388489208633094, ""self_attn.o_proj"": -0.002583979328165375, ""self_attn.v_proj"": 0.0}",0.0008333333333333333,-0.0016378989831390702,7,equal7,True,"mlp.down_proj,mlp.gate_proj,mlp.up_proj,self_attn.k_proj,self_attn.o_proj,self_attn.q_proj,self_attn.v_proj",,327.7142857142857,327.42857142857144,327.7142857142857,0.2857142857142857,-0.0005746897498612406,-0.0008726003490401148,"{""mlp.down_proj"": 839.0, ""mlp.gate_proj"": 228.0, ""mlp.up_proj"": 695.0, ""self_attn.k_proj"": 16.0, ""self_attn.o_proj"": 387.0, ""self_attn.q_proj"": 11.0, ""self_attn.v_proj"": 116.0}","{""mlp.down_proj"": 839.0, ""mlp.gate_proj"": 228.0, ""mlp.up_proj"": 696.0, ""self_attn.k_proj"": 16.0, ""self_attn.o_proj"": 388.0, ""self_attn.q_proj"": 11.0, ""self_attn.v_proj"": 116.0}","{""mlp.down_proj"": 0.0, ""mlp.gate_proj"": 0.0, ""mlp.up_proj"": 1.0, ""self_attn.k_proj"": 0.0, ""self_attn.o_proj"": 1.0, ""self_attn.q_proj"": 0.0, ""self_attn.v_proj"": 0.0}","{""mlp.down_proj"": 0.0, ""mlp.gate_proj"": 0.0, ""mlp.up_proj"": -0.0014388489208633094, ""self_attn.k_proj"": 0.0, ""self_attn.o_proj"": -0.002583979328165375, ""self_attn.q_proj"": 0.0, ""self_attn.v_proj"": 0.0}",-0.00022987589994449625,0.11428571428571432,125.68571428571425,False,True
qwen,offkd,5,E_math,E_mathHeld,0.01,18,5,equal5_non_qk,True,"mlp.down_proj,mlp.gate_proj,mlp.up_proj,self_attn.o_proj,self_attn.v_proj","self_attn.q_proj,self_attn.k_proj",1650.4,1649.6,1650.4,0.8,-0.0006304019954266206,-0.0004849660523764439,"{""mlp.down_proj"": 2176.0, ""mlp.gate_proj"": 1819.0, ""mlp.up_proj"": 2046.0, ""self_attn.o_proj"": 1520.0, ""self_attn.v_proj"": 687.0}","{""mlp.down_proj"": 2176.0, ""mlp.gate_proj"": 1820.0, ""mlp.up_proj"": 2047.0, ""self_attn.o_proj"": 1521.0, ""self_attn.v_proj"": 688.0}","{""mlp.down_proj"": 0.0, ""mlp.gate_proj"": 1.0, ""mlp.up_proj"": 1.0, ""self_attn.o_proj"": 1.0, ""self_attn.v_proj"": 1.0}","{""mlp.down_proj"": 0.0, ""mlp.gate_proj"": -0.0005497526113249038, ""mlp.up_proj"": -0.0004887585532746823, ""self_attn.o_proj"": -0.0006578947368421052, ""self_attn.v_proj"": -0.001455604075691412}",0.0003425672113200791,-0.0009729692067466998,7,equal7,True,"mlp.down_proj,mlp.gate_proj,mlp.up_proj,self_attn.k_proj,self_attn.o_proj,self_attn.q_proj,self_attn.v_proj",,1339.7142857142858,1339.0,1339.7142857142858,0.7142857142857143,-0.0006377637050197645,-0.0005334471353889314,"{""mlp.down_proj"": 2176.0, ""mlp.gate_proj"": 1819.0, ""mlp.up_proj"": 2046.0, ""self_attn.k_proj"": 363.0, ""self_attn.o_proj"": 1520.0, ""self_attn.q_proj"": 762.0, ""self_attn.v_proj"": 687.0}","{""mlp.down_proj"": 2176.0, ""mlp.gate_proj"": 1820.0, ""mlp.up_proj"": 2047.0, ""self_attn.k_proj"": 363.0, ""self_attn.o_proj"": 1521.0, ""self_attn.q_proj"": 763.0, ""self_attn.v_proj"": 688.0}","{""mlp.down_proj"": 0.0, ""mlp.gate_proj"": 1.0, ""mlp.up_proj"": 1.0, ""self_attn.k_proj"": 0.0, ""self_attn.o_proj"": 1.0, ""self_attn.q_proj"": 1.0, ""self_attn.v_proj"": 1.0}","{""mlp.down_proj"": 0.0, ""mlp.gate_proj"": -0.0005497526113249038, ""mlp.up_proj"": -0.0004887585532746823, ""self_attn.k_proj"": 0.0, ""self_attn.o_proj"": -0.0006578947368421052, ""self_attn.q_proj"": -0.0013123359580052493, ""self_attn.v_proj"": -0.001455604075691412}",7.3617095931439004e-06,0.08571428571428574,310.6857142857143,False,True
qwen,offkd,5,E_math,E_mathHeld,0.025,18,5,equal5_non_qk,True,"mlp.down_proj,mlp.gate_proj,mlp.up_proj,self_attn.o_proj,self_attn.v_proj","self_attn.q_proj,self_attn.k_proj",1322.8,1322.2,1322.8,0.6,-0.0004372260961197621,-0.00045378913931319695,"{""mlp.down_proj"": 1875.0, ""mlp.gate_proj"": 1369.0, ""mlp.up_proj"": 1691.0, ""self_attn.o_proj"": 1157.0, ""self_attn.v_proj"": 519.0}","{""mlp.down_proj"": 1875.0, ""mlp.gate_proj"": 1370.0, ""mlp.up_proj"": 1692.0, ""self_attn.o_proj"": 1158.0, ""self_attn.v_proj"": 519.0}","{""mlp.down_proj"": 0.0, ""mlp.gate_proj"": 1.0, ""mlp.up_proj"": 1.0, ""self_attn.o_proj"": 1.0, ""self_attn.v_proj"": 0.0}","{""mlp.down_proj"": 0.0, ""mlp.gate_proj"": -0.0007304601899196494, ""mlp.up_proj"": -0.0005913660555884093, ""self_attn.o_proj"": -0.000864304235090752, ""self_attn.v_proj"": 0.0}",0.0002937558008751626,-0.0007309818969949246,7,equal7,True,"mlp.down_proj,mlp.gate_proj,mlp.up_proj,self_attn.k_proj,self_attn.o_proj,self_attn.q_proj,self_attn.v_proj",,1026.0,1025.5714285714287,1026.0,0.42857142857142855,-0.00031230435437125864,-0.0004178854993730767,"{""mlp.down_proj"": 1875.0, ""mlp.gate_proj"": 1369.0, ""mlp.up_proj"": 1691.0, ""self_attn.k_proj"": 189.0, ""self_attn.o_proj"": 1157.0, ""self_attn.q_proj"": 379.0, ""self_attn.v_proj"": 519.0}","{""mlp.down_proj"": 1875.0, ""mlp.gate_proj"": 1370.0, ""mlp.up_proj"": 1692.0, ""self_attn.k_proj"": 189.0, ""self_attn.o_proj"": 1158.0, ""self_attn.q_proj"": 379.0, ""self_attn.v_proj"": 519.0}","{""mlp.down_proj"": 0.0, ""mlp.gate_proj"": 1.0, ""mlp.up_proj"": 1.0, ""self_attn.k_proj"": 0.0, ""self_attn.o_proj"": 1.0, ""self_attn.q_proj"": 0.0, ""self_attn.v_proj"": 0.0}","{""mlp.down_proj"": 0.0, ""mlp.gate_proj"": -0.0007304601899196494, ""mlp.up_proj"": -0.0005913660555884093, ""self_attn.k_proj"": 0.0, ""self_attn.o_proj"": -0.000864304235090752, ""self_attn.q_proj"": 0.0, ""self_attn.v_proj"": 0.0}",-0.00012492174174850344,0.17142857142857143,296.79999999999995,False,True
qwen,offkd,5,E_math,E_mathHeld,0.05,18,5,equal5_non_qk,True,"mlp.down_proj,mlp.gate_proj,mlp.up_proj,self_attn.o_proj,self_attn.v_proj","self_attn.q_proj,self_attn.k_proj",1015.2,1014.2,1015.2,1.0,-0.0009512684816761881,-0.0009859988168014198,"{""mlp.down_proj"": 1552.0, ""mlp.gate_proj"": 956.0, ""mlp.up_proj"": 1332.0, ""self_attn.o_proj"": 860.0, ""self_attn.v_proj"": 371.0}","{""mlp.down_proj"": 1552.0, ""mlp.gate_proj"": 958.0, ""mlp.up_proj"": 1334.0, ""self_attn.o_proj"": 861.0, ""self_attn.v_proj"": 371.0}","{""mlp.down_proj"": 0.0, ""mlp.gate_proj"": 2.0, ""mlp.up_proj"": 2.0, ""self_attn.o_proj"": 1.0, ""self_attn.v_proj"": 0.0}","{""mlp.down_proj"": 0.0, ""mlp.gate_proj"": -0.0020920502092050207, ""mlp.up_proj"": -0.0015015015015015015, ""self_attn.o_proj"": -0.0011627906976744186, ""self_attn.v_proj"": 0.0}",0.0012486586161325301,-0.002199927097808718,7,equal7,True,"mlp.down_proj,mlp.gate_proj,mlp.up_proj,self_attn.k_proj,self_attn.o_proj,self_attn.q_proj,self_attn.v_proj",,758.8571428571429,758.1428571428571,758.8571428571429,0.7142857142857143,-0.0006794774869115629,-0.0009421518748823168,"{""mlp.down_proj"": 1552.0, ""mlp.gate_proj"": 956.0, ""mlp.up_proj"": 1332.0, ""self_attn.k_proj"": 82.0, ""self_attn.o_proj"": 860.0, ""self_attn.q_proj"": 154.0, ""self_attn.v_proj"": 371.0}","{""mlp.down_proj"": 1552.0, ""mlp.gate_proj"": 958.0, ""mlp.up_proj"": 1334.0, ""self_attn.k_proj"": 82.0, ""self_attn.o_proj"": 861.0, ""self_attn.q_proj"": 154.0, ""self_attn.v_proj"": 371.0}","{""mlp.down_proj"": 0.0, ""mlp.gate_proj"": 2.0, ""mlp.up_proj"": 2.0, ""self_attn.k_proj"": 0.0, ""self_attn.o_proj"": 1.0, ""self_attn.q_proj"": 0.0, ""self_attn.v_proj"": 0.0}","{""mlp.down_proj"": 0.0, ""mlp.gate_proj"": -0.0020920502092050207, ""mlp.up_proj"": -0.0015015015015015015, ""self_attn.k_proj"": 0.0, ""self_attn.o_proj"": -0.0011627906976744186, ""self_attn.q_proj"": 0.0, ""self_attn.v_proj"": 0.0}",-0.0002717909947646252,0.2857142857142857,256.34285714285716,False,True
qwen,offkd,5,E_math,E_mathHeld,0.1,18,5,equal5_non_qk,True,"mlp.down_proj,mlp.gate_proj,mlp.up_proj,self_attn.o_proj,self_attn.v_proj","self_attn.q_proj,self_attn.k_proj",674.0,673.2,674.0,0.8,-0.0016974237262610708,-0.0011883541295305325,"{""mlp.down_proj"": 1147.0, ""mlp.gate_proj"": 529.0, ""mlp.up_proj"": 913.0, ""self_attn.o_proj"": 561.0, ""self_attn.v_proj"": 216.0}","{""mlp.down_proj"": 1148.0, ""mlp.gate_proj"": 530.0, ""mlp.up_proj"": 914.0, ""self_attn.o_proj"": 561.0, ""self_attn.v_proj"": 217.0}","{""mlp.down_proj"": 1.0, ""mlp.gate_proj"": 1.0, ""mlp.up_proj"": 1.0, ""self_attn.o_proj"": 0.0, ""self_attn.v_proj"": 1.0}","{""mlp.down_proj"": -0.0008718395815170009, ""mlp.gate_proj"": -0.001890359168241966, ""mlp.up_proj"": -0.001095290251916758, ""self_attn.o_proj"": 0.0, ""self_attn.v_proj"": -0.004629629629629629}",0.0008333333333333333,-0.002530757059594404,7,equal7,True,"mlp.down_proj,mlp.gate_proj,mlp.up_proj,self_attn.k_proj,self_attn.o_proj,self_attn.q_proj,self_attn.v_proj",,489.2857142857143,488.7142857142857,489.2857142857143,0.5714285714285714,-0.0012124455187579077,-0.0011692487576731617,"{""mlp.down_proj"": 1147.0, ""mlp.gate_proj"": 529.0, ""mlp.up_proj"": 913.0, ""self_attn.k_proj"": 24.0, ""self_attn.o_proj"": 561.0, ""self_attn.q_proj"": 31.0, ""self_attn.v_proj"": 216.0}","{""mlp.down_proj"": 1148.0, ""mlp.gate_proj"": 530.0, ""mlp.up_proj"": 914.0, ""self_attn.k_proj"": 24.0, ""self_attn.o_proj"": 561.0, ""self_attn.q_proj"": 31.0, ""self_attn.v_proj"": 217.0}","{""mlp.down_proj"": 1.0, ""mlp.gate_proj"": 1.0, ""mlp.up_proj"": 1.0, ""self_attn.k_proj"": 0.0, ""self_attn.o_proj"": 0.0, ""self_attn.q_proj"": 0.0, ""self_attn.v_proj"": 1.0}","{""mlp.down_proj"": -0.0008718395815170009, ""mlp.gate_proj"": -0.001890359168241966, ""mlp.up_proj"": -0.001095290251916758, ""self_attn.k_proj"": 0.0, ""self_attn.o_proj"": 0.0, ""self_attn.q_proj"": 0.0, ""self_attn.v_proj"": -0.004629629629629629}",-0.00048497820750316315,0.22857142857142865,184.71428571428572,False,True
qwen,offkd,5,E_ood,E_mmluPro,0.01,18,5,equal5_non_qk,True,"mlp.down_proj,mlp.gate_proj,mlp.up_proj,self_attn.o_proj,self_attn.v_proj","self_attn.q_proj,self_attn.k_proj",1612.0,1610.4,1612.0,1.6,-0.0011135213270463862,-0.000993541977148478,"{""mlp.down_proj"": 2156.0, ""mlp.gate_proj"": 1667.0, ""mlp.up_proj"": 2029.0, ""self_attn.o_proj"": 1471.0, ""self_attn.v_proj"": 729.0}","{""mlp.down_proj"": 2157.0, ""mlp.gate_proj"": 1669.0, ""mlp.up_proj"": 2030.0, ""self_attn.o_proj"": 1474.0, ""self_attn.v_proj"": 730.0}","{""mlp.down_proj"": 1.0, ""mlp.gate_proj"": 2.0, ""mlp.up_proj"": 1.0, ""self_attn.o_proj"": 3.0, ""self_attn.v_proj"": 1.0}","{""mlp.down_proj"": -0.00046382189239332097, ""mlp.gate_proj"": -0.0011997600479904018, ""mlp.up_proj"": -0.0004928536224741252, ""self_attn.o_proj"": -0.0020394289598912306, ""self_attn.v_proj"": -0.0013717421124828531}",0.0003425672113200791,-0.0014560885383664653,7,equal7,True,"mlp.down_proj,mlp.gate_proj,mlp.up_proj,self_attn.k_proj,self_attn.o_proj,self_attn.q_proj,self_attn.v_proj",,1307.4285714285713,1305.5714285714287,1307.4285714285713,1.8571428571428572,-0.001984940697525831,-0.0014224751066854837,"{""mlp.down_proj"": 2156.0, ""mlp.gate_proj"": 1667.0, ""mlp.up_proj"": 2029.0, ""self_attn.k_proj"": 402.0, ""self_attn.o_proj"": 1471.0, ""self_attn.q_proj"": 685.0, ""self_attn.v_proj"": 729.0}","{""mlp.down_proj"": 2157.0, ""mlp.gate_proj"": 1669.0, ""mlp.up_proj"": 2030.0, ""self_attn.k_proj"": 403.0, ""self_attn.o_proj"": 1474.0, ""self_attn.q_proj"": 689.0, ""self_attn.v_proj"": 730.0}","{""mlp.down_proj"": 1.0, ""mlp.gate_proj"": 2.0, ""mlp.up_proj"": 1.0, ""self_attn.k_proj"": 1.0, ""self_attn.o_proj"": 3.0, ""self_attn.q_proj"": 4.0, ""self_attn.v_proj"": 1.0}","{""mlp.down_proj"": -0.00046382189239332097, ""mlp.gate_proj"": -0.0011997600479904018, ""mlp.up_proj"": -0.0004928536224741252, ""self_attn.k_proj"": -0.0024875621890547263, ""self_attn.o_proj"": -0.0020394289598912306, ""self_attn.q_proj"": -0.00583941605839416, ""self_attn.v_proj"": -0.0013717421124828531}",0.0008714193704794449,-0.2571428571428571,304.57142857142867,False,True
qwen,offkd,5,E_ood,E_mmluPro,0.025,18,5,equal5_non_qk,True,"mlp.down_proj,mlp.gate_proj,mlp.up_proj,self_attn.o_proj,self_attn.v_proj","self_attn.q_proj,self_attn.k_proj",1270.2,1268.4,1270.2,1.8,-0.0014088691082577128,-0.0014191106906338334,"{""mlp.down_proj"": 1847.0, ""mlp.gate_proj"": 1163.0, ""mlp.up_proj"": 1655.0, ""self_attn.o_proj"": 1105.0, ""self_attn.v_proj"": 572.0}","{""mlp.down_proj"": 1848.0, ""mlp.gate_proj"": 1166.0, ""mlp.up_proj"": 1657.0, ""self_attn.o_proj"": 1108.0, ""self_attn.v_proj"": 572.0}","{""mlp.down_proj"": 1.0, ""mlp.gate_proj"": 3.0, ""mlp.up_proj"": 2.0, ""self_attn.o_proj"": 3.0, ""self_attn.v_proj"": 0.0}","{""mlp.down_proj"": -0.0005414185165132648, ""mlp.gate_proj"": -0.0025795356835769563, ""mlp.up_proj"": -0.0012084592145015106, ""self_attn.o_proj"": -0.0027149321266968325, ""self_attn.v_proj"": 0.0}",0.0002937558008751626,-0.0017026249091328753,7,equal7,True,"mlp.down_proj,mlp.gate_proj,mlp.up_proj,self_attn.k_proj,self_attn.o_proj,self_attn.q_proj,self_attn.v_proj",,986.0,984.2857142857143,986.0,1.7142857142857142,-0.0023540439722056434,-0.0017416545718432015,"{""mlp.down_proj"": 1847.0, ""mlp.gate_proj"": 1163.0, ""mlp.up_proj"": 1655.0, ""self_attn.k_proj"": 230.0, ""self_attn.o_proj"": 1105.0, ""self_attn.q_proj"": 318.0, ""self_attn.v_proj"": 572.0}","{""mlp.down_proj"": 1848.0, ""mlp.gate_proj"": 1166.0, ""mlp.up_proj"": 1657.0, ""self_attn.k_proj"": 230.0, ""self_attn.o_proj"": 1108.0, ""self_attn.q_proj"": 321.0, ""self_attn.v_proj"": 572.0}","{""mlp.down_proj"": 1.0, ""mlp.gate_proj"": 3.0, ""mlp.up_proj"": 2.0, ""self_attn.k_proj"": 0.0, ""self_attn.o_proj"": 3.0, ""self_attn.q_proj"": 3.0, ""self_attn.v_proj"": 0.0}","{""mlp.down_proj"": -0.0005414185165132648, ""mlp.gate_proj"": -0.0025795356835769563, ""mlp.up_proj"": -0.0012084592145015106, ""self_attn.k_proj"": 0.0, ""self_attn.o_proj"": -0.0027149321266968325, ""self_attn.q_proj"": -0.009433962264150943, ""self_attn.v_proj"": 0.0}",0.0009451748639479306,0.08571428571428585,284.20000000000005,False,True
qwen,offkd,5,E_ood,E_mmluPro,0.05,18,5,equal5_non_qk,True,"mlp.down_proj,mlp.gate_proj,mlp.up_proj,self_attn.o_proj,self_attn.v_proj","self_attn.q_proj,self_attn.k_proj",956.4,954.4,956.4,2.0,-0.0024694929167776653,-0.0020955574182732607,"{""mlp.down_proj"": 1519.0, ""mlp.gate_proj"": 731.0, ""mlp.up_proj"": 1281.0, ""self_attn.o_proj"": 810.0, ""self_attn.v_proj"": 431.0}","{""mlp.down_proj"": 1520.0, ""mlp.gate_proj"": 734.0, ""mlp.up_proj"": 1283.0, ""self_attn.o_proj"": 813.0, ""self_attn.v_proj"": 432.0}","{""mlp.down_proj"": 1.0, ""mlp.gate_proj"": 3.0, ""mlp.up_proj"": 2.0, ""self_attn.o_proj"": 3.0, ""self_attn.v_proj"": 1.0}","{""mlp.down_proj"": -0.0006583278472679394, ""mlp.gate_proj"": -0.004103967168262654, ""mlp.up_proj"": -0.00156128024980484, ""self_attn.o_proj"": -0.003703703703703704, ""self_attn.v_proj"": -0.002320185614849188}",0.0012486586161325301,-0.0037181515329101954,7,equal7,True,"mlp.down_proj,mlp.gate_proj,mlp.up_proj,self_attn.k_proj,self_attn.o_proj,self_attn.q_proj,self_attn.v_proj",,717.2857142857143,715.5714285714286,717.2857142857143,1.7142857142857142,-0.004125198600531862,-0.00239568776202844,"{""mlp.down_proj"": 1519.0, ""mlp.gate_proj"": 731.0, ""mlp.up_proj"": 1281.0, ""self_attn.k_proj"": 116.0, ""self_attn.o_proj"": 810.0, ""self_attn.q_proj"": 121.0, ""self_attn.v_proj"": 431.0}","{""mlp.down_proj"": 1520.0, ""mlp.gate_proj"": 734.0, ""mlp.up_proj"": 1283.0, ""self_attn.k_proj"": 116.0, ""self_attn.o_proj"": 813.0, ""self_attn.q_proj"": 123.0, ""self_attn.v_proj"": 432.0}","{""mlp.down_proj"": 1.0, ""mlp.gate_proj"": 3.0, ""mlp.up_proj"": 2.0, ""self_attn.k_proj"": 0.0, ""self_attn.o_proj"": 3.0, ""self_attn.q_proj"": 2.0, ""self_attn.v_proj"": 1.0}","{""mlp.down_proj"": -0.0006583278472679394, ""mlp.gate_proj"": -0.004103967168262654, ""mlp.up_proj"": -0.00156128024980484, ""self_attn.k_proj"": 0.0, ""self_attn.o_proj"": -0.003703703703703704, ""self_attn.q_proj"": -0.01652892561983471, ""self_attn.v_proj"": -0.002320185614849188}",0.0016557056837541969,0.2857142857142858,239.11428571428564,False,True
qwen,offkd,5,E_ood,E_mmluPro,0.1,18,5,equal5_non_qk,True,"mlp.down_proj,mlp.gate_proj,mlp.up_proj,self_attn.o_proj,self_attn.v_proj","self_attn.q_proj,self_attn.k_proj",619.0,617.4,619.0,1.6,-0.0028250970249980053,-0.002591512795594465,"{""mlp.down_proj"": 1114.0, ""mlp.gate_proj"": 327.0, ""mlp.up_proj"": 850.0, ""self_attn.o_proj"": 518.0, ""self_attn.v_proj"": 278.0}","{""mlp.down_proj"": 1116.0, ""mlp.gate_proj"": 329.0, ""mlp.up_proj"": 852.0, ""self_attn.o_proj"": 520.0, ""self_attn.v_proj"": 278.0}","{""mlp.down_proj"": 2.0, ""mlp.gate_proj"": 2.0, ""mlp.up_proj"": 2.0, ""self_attn.o_proj"": 2.0, ""self_attn.v_proj"": 0.0}","{""mlp.down_proj"": -0.0017953321364452424, ""mlp.gate_proj"": -0.0061162079510703364, ""mlp.up_proj"": -0.002352941176470588, ""self_attn.o_proj"": -0.003861003861003861, ""self_attn.v_proj"": 0.0}",0.0008333333333333333,-0.0036584303583313384,7,equal7,True,"mlp.down_proj,mlp.gate_proj,mlp.up_proj,self_attn.k_proj,self_attn.o_proj,self_attn.q_proj,self_attn.v_proj",,451.7142857142857,450.42857142857144,451.7142857142857,1.2857142857142858,-0.0055893550178557185,-0.0028544243577545013,"{""mlp.down_proj"": 1114.0, ""mlp.gate_proj"": 327.0, ""mlp.up_proj"": 850.0, ""self_attn.k_proj"": 40.0, ""self_attn.o_proj"": 518.0, ""self_attn.q_proj"": 26.0, ""self_attn.v_proj"": 278.0}","{""mlp.down_proj"": 1116.0, ""mlp.gate_proj"": 329.0, ""mlp.up_proj"": 852.0, ""self_attn.k_proj"": 41.0, ""self_attn.o_proj"": 520.0, ""self_attn.q_proj"": 26.0, ""self_attn.v_proj"": 278.0}","{""mlp.down_proj"": 2.0, ""mlp.gate_proj"": 2.0, ""mlp.up_proj"": 2.0, ""self_attn.k_proj"": 1.0, ""self_attn.o_proj"": 2.0, ""self_attn.q_proj"": 0.0, ""self_attn.v_proj"": 0.0}","{""mlp.down_proj"": -0.0017953321364452424, ""mlp.gate_proj"": -0.0061162079510703364, ""mlp.up_proj"": -0.002352941176470588, ""self_attn.k_proj"": -0.025, ""self_attn.o_proj"": -0.003861003861003861, ""self_attn.q_proj"": 0.0, ""self_attn.v_proj"": 0.0}",0.002764257992857713,0.3142857142857143,167.28571428571428,False,True
qwen,offkd,10,E_general,E_general,0.01,18,5,equal5_non_qk,True,"mlp.down_proj,mlp.gate_proj,mlp.up_proj,self_attn.o_proj,self_attn.v_proj","self_attn.q_proj,self_attn.k_proj",1633.6,1634.4,1633.6,-0.8,0.00043946643612628066,0.0004894762604014818,"{""mlp.down_proj"": 2190.0, ""mlp.gate_proj"": 1641.0, ""mlp.up_proj"": 2064.0, ""self_attn.o_proj"": 1546.0, ""self_attn.v_proj"": 731.0}","{""mlp.down_proj"": 2189.0, ""mlp.gate_proj"": 1640.0, ""mlp.up_proj"": 2063.0, ""self_attn.o_proj"": 1545.0, ""self_attn.v_proj"": 731.0}","{""mlp.down_proj"": -1.0, ""mlp.gate_proj"": -1.0, ""mlp.up_proj"": -1.0, ""self_attn.o_proj"": -1.0, ""self_attn.v_proj"": 0.0}","{""mlp.down_proj"": 0.00045662100456621003, ""mlp.gate_proj"": 0.0006093845216331506, ""mlp.up_proj"": 0.00048449612403100775, ""self_attn.o_proj"": 0.000646830530401035, ""self_attn.v_proj"": 0.0}",0.00043946643612628066,0.0,7,equal7,True,"mlp.down_proj,mlp.gate_proj,mlp.up_proj,self_attn.k_proj,self_attn.o_proj,self_attn.q_proj,self_attn.v_proj",,1327.7142857142858,1328.4285714285713,1327.7142857142858,-0.7142857142857143,0.000510406857009045,0.0005376922249703047,"{""mlp.down_proj"": 2190.0, ""mlp.gate_proj"": 1641.0, ""mlp.up_proj"": 2064.0, ""self_attn.k_proj"": 400.0, ""self_attn.o_proj"": 1546.0, ""self_attn.q_proj"": 727.0, ""self_attn.v_proj"": 731.0}","{""mlp.down_proj"": 2189.0, ""mlp.gate_proj"": 1640.0, ""mlp.up_proj"": 2063.0, ""self_attn.k_proj"": 400.0, ""self_attn.o_proj"": 1545.0, ""self_attn.q_proj"": 726.0, ""self_attn.v_proj"": 731.0}","{""mlp.down_proj"": -1.0, ""mlp.gate_proj"": -1.0, ""mlp.up_proj"": -1.0, ""self_attn.k_proj"": 0.0, ""self_attn.o_proj"": -1.0, ""self_attn.q_proj"": -1.0, ""self_attn.v_proj"": 0.0}","{""mlp.down_proj"": 0.00045662100456621003, ""mlp.gate_proj"": 0.0006093845216331506, ""mlp.up_proj"": 0.00048449612403100775, ""self_attn.k_proj"": 0.0, ""self_attn.o_proj"": 0.000646830530401035, ""self_attn.q_proj"": 0.001375515818431912, ""self_attn.v_proj"": 0.0}",-7.094042088276437e-05,-0.08571428571428574,305.88571428571413,False,True
qwen,offkd,10,E_general,E_general,0.025,18,5,equal5_non_qk,True,"mlp.down_proj,mlp.gate_proj,mlp.up_proj,self_attn.o_proj,self_attn.v_proj","self_attn.q_proj,self_attn.k_proj",1298.8,1299.6,1298.8,-0.8,0.0006389123715757009,0.0006155740227762039,"{""mlp.down_proj"": 1900.0, ""mlp.gate_proj"": 1133.0, ""mlp.up_proj"": 1706.0, ""self_attn.o_proj"": 1186.0, ""self_attn.v_proj"": 573.0}","{""mlp.down_proj"": 1900.0, ""mlp.gate_proj"": 1131.0, ""mlp.up_proj"": 1705.0, ""self_attn.o_proj"": 1185.0, ""self_attn.v_proj"": 573.0}","{""mlp.down_proj"": 0.0, ""mlp.gate_proj"": -2.0, ""mlp.up_proj"": -1.0, ""self_attn.o_proj"": -1.0, ""self_attn.v_proj"": 0.0}","{""mlp.down_proj"": 0.0, ""mlp.gate_proj"": 0.00176522506619594, ""mlp.up_proj"": 0.0005861664712778429, ""self_attn.o_proj"": 0.0008431703204047217, ""self_attn.v_proj"": 0.0}",0.0006389123715757009,0.0,7,equal7,True,"mlp.down_proj,mlp.gate_proj,mlp.up_proj,self_attn.k_proj,self_attn.o_proj,self_attn.q_proj,self_attn.v_proj",,1010.7142857142857,1011.2857142857143,1010.7142857142857,-0.5714285714285714,0.00045636597969692924,0.0005650515609550335,"{""mlp.down_proj"": 1900.0, ""mlp.gate_proj"": 1133.0, ""mlp.up_proj"": 1706.0, ""self_attn.k_proj"": 227.0, ""self_attn.o_proj"": 1186.0, ""self_attn.q_proj"": 354.0, ""self_attn.v_proj"": 573.0}","{""mlp.down_proj"": 1900.0, ""mlp.gate_proj"": 1131.0, ""mlp.up_proj"": 1705.0, ""self_attn.k_proj"": 227.0, ""self_attn.o_proj"": 1185.0, ""self_attn.q_proj"": 354.0, ""self_attn.v_proj"": 573.0}","{""mlp.down_proj"": 0.0, ""mlp.gate_proj"": -2.0, ""mlp.up_proj"": -1.0, ""self_attn.k_proj"": 0.0, ""self_attn.o_proj"": -1.0, ""self_attn.q_proj"": 0.0, ""self_attn.v_proj"": 0.0}","{""mlp.down_proj"": 0.0, ""mlp.gate_proj"": 0.00176522506619594, ""mlp.up_proj"": 0.0005861664712778429, ""self_attn.k_proj"": 0.0, ""self_attn.o_proj"": 0.0008431703204047217, ""self_attn.q_proj"": 0.0, ""self_attn.v_proj"": 0.0}",0.00018254639187877168,-0.22857142857142865,288.0857142857143,False,True
qwen,offkd,10,E_general,E_general,0.05,18,5,equal5_non_qk,True,"mlp.down_proj,mlp.gate_proj,mlp.up_proj,self_attn.o_proj,self_attn.v_proj","self_attn.q_proj,self_attn.k_proj",990.0,991.2,990.0,-1.2,0.0015339653208400908,0.0012106537530266802,"{""mlp.down_proj"": 1590.0, ""mlp.gate_proj"": 701.0, ""mlp.up_proj"": 1344.0, ""self_attn.o_proj"": 890.0, ""self_attn.v_proj"": 431.0}","{""mlp.down_proj"": 1589.0, ""mlp.gate_proj"": 699.0, ""mlp.up_proj"": 1343.0, ""self_attn.o_proj"": 889.0, ""self_attn.v_proj"": 430.0}","{""mlp.down_proj"": -1.0, ""mlp.gate_proj"": -2.0, ""mlp.up_proj"": -1.0, ""self_attn.o_proj"": -1.0, ""self_attn.v_proj"": -1.0}","{""mlp.down_proj"": 0.0006289308176100629, ""mlp.gate_proj"": 0.0028530670470756064, ""mlp.up_proj"": 0.000744047619047619, ""self_attn.o_proj"": 0.0011235955056179776, ""self_attn.v_proj"": 0.002320185614849188}",0.0015339653208400908,0.0,7,equal7,True,"mlp.down_proj,mlp.gate_proj,mlp.up_proj,self_attn.k_proj,self_attn.o_proj,self_attn.q_proj,self_attn.v_proj",,743.8571428571429,744.7142857142857,743.8571428571429,-0.8571428571428571,0.0010956895148857791,0.0011509687320160045,"{""mlp.down_proj"": 1590.0, ""mlp.gate_proj"": 701.0, ""mlp.up_proj"": 1344.0, ""self_attn.k_proj"": 113.0, ""self_attn.o_proj"": 890.0, ""self_attn.q_proj"": 144.0, ""self_attn.v_proj"": 431.0}","{""mlp.down_proj"": 1589.0, ""mlp.gate_proj"": 699.0, ""mlp.up_proj"": 1343.0, ""self_attn.k_proj"": 113.0, ""self_attn.o_proj"": 889.0, ""self_attn.q_proj"": 144.0, ""self_attn.v_proj"": 430.0}","{""mlp.down_proj"": -1.0, ""mlp.gate_proj"": -2.0, ""mlp.up_proj"": -1.0, ""self_attn.k_proj"": 0.0, ""self_attn.o_proj"": -1.0, ""self_attn.q_proj"": 0.0, ""self_attn.v_proj"": -1.0}","{""mlp.down_proj"": 0.0006289308176100629, ""mlp.gate_proj"": 0.0028530670470756064, ""mlp.up_proj"": 0.000744047619047619, ""self_attn.k_proj"": 0.0, ""self_attn.o_proj"": 0.0011235955056179776, ""self_attn.q_proj"": 0.0, ""self_attn.v_proj"": 0.002320185614849188}",0.00043827580595431166,-0.34285714285714286,246.1428571428571,False,True
qwen,offkd,10,E_general,E_general,0.1,18,5,equal5_non_qk,True,"mlp.down_proj,mlp.gate_proj,mlp.up_proj,self_attn.o_proj,self_attn.v_proj","self_attn.q_proj,self_attn.k_proj",656.4,657.2,656.4,-0.8,0.0013902832115351492,0.001217285453438935,"{""mlp.down_proj"": 1200.0, ""mlp.gate_proj"": 300.0, ""mlp.up_proj"": 920.0, ""self_attn.o_proj"": 589.0, ""self_attn.v_proj"": 277.0}","{""mlp.down_proj"": 1199.0, ""mlp.gate_proj"": 299.0, ""mlp.up_proj"": 919.0, ""self_attn.o_proj"": 588.0, ""self_attn.v_proj"": 277.0}","{""mlp.down_proj"": -1.0, ""mlp.gate_proj"": -1.0, ""mlp.up_proj"": -1.0, ""self_attn.o_proj"": -1.0, ""self_attn.v_proj"": 0.0}","{""mlp.down_proj"": 0.0008333333333333334, ""mlp.gate_proj"": 0.0033333333333333335, ""mlp.up_proj"": 0.0010869565217391304, ""self_attn.o_proj"": 0.001697792869269949, ""self_attn.v_proj"": 0.0}",0.0013902832115351492,0.0,7,equal7,True,"mlp.down_proj,mlp.gate_proj,mlp.up_proj,self_attn.k_proj,self_attn.o_proj,self_attn.q_proj,self_attn.v_proj",,479.14285714285717,479.7142857142857,479.14285714285717,-0.5714285714285714,0.000993059436810821,0.0011911852293031227,"{""mlp.down_proj"": 1200.0, ""mlp.gate_proj"": 300.0, ""mlp.up_proj"": 920.0, ""self_attn.k_proj"": 39.0, ""self_attn.o_proj"": 589.0, ""self_attn.q_proj"": 33.0, ""self_attn.v_proj"": 277.0}","{""mlp.down_proj"": 1199.0, ""mlp.gate_proj"": 299.0, ""mlp.up_proj"": 919.0, ""self_attn.k_proj"": 39.0, ""self_attn.o_proj"": 588.0, ""self_attn.q_proj"": 33.0, ""self_attn.v_proj"": 277.0}","{""mlp.down_proj"": -1.0, ""mlp.gate_proj"": -1.0, ""mlp.up_proj"": -1.0, ""self_attn.k_proj"": 0.0, ""self_attn.o_proj"": -1.0, ""self_attn.q_proj"": 0.0, ""self_attn.v_proj"": 0.0}","{""mlp.down_proj"": 0.0008333333333333334, ""mlp.gate_proj"": 0.0033333333333333335, ""mlp.up_proj"": 0.0010869565217391304, ""self_attn.k_proj"": 0.0, ""self_attn.o_proj"": 0.001697792869269949, ""self_attn.q_proj"": 0.0, ""self_attn.v_proj"": 0.0}",0.00039722377472432824,-0.22857142857142865,177.2571428571428,False,True
qwen,offkd,10,E_if,E_ifeval,0.01,18,5,equal5_non_qk,True,"mlp.down_proj,mlp.gate_proj,mlp.up_proj,self_attn.o_proj,self_attn.v_proj","self_attn.q_proj,self_attn.k_proj",1486.4,1484.2,1486.4,2.2,-0.001582223717555831,-0.0014822800161703581,"{""mlp.down_proj"": 2024.0, ""mlp.gate_proj"": 1528.0, ""mlp.up_proj"": 1933.0, ""self_attn.o_proj"": 1347.0, ""self_attn.v_proj"": 589.0}","{""mlp.down_proj"": 2026.0, ""mlp.gate_proj"": 1531.0, ""mlp.up_proj"": 1935.0, ""self_attn.o_proj"": 1350.0, ""self_attn.v_proj"": 590.0}","{""mlp.down_proj"": 2.0, ""mlp.gate_proj"": 3.0, ""mlp.up_proj"": 2.0, ""self_attn.o_proj"": 3.0, ""self_attn.v_proj"": 1.0}","{""mlp.down_proj"": -0.0009881422924901185, ""mlp.gate_proj"": -0.001963350785340314, ""mlp.up_proj"": -0.0010346611484738748, ""self_attn.o_proj"": -0.0022271714922048997, ""self_attn.v_proj"": -0.001697792869269949}",0.00043946643612628066,-0.0020216901536821118,7,equal7,True,"mlp.down_proj,mlp.gate_proj,mlp.up_proj,self_attn.k_proj,self_attn.o_proj,self_attn.q_proj,self_attn.v_proj",,1176.0,1174.0,1176.0,2.0,-0.0019480442039248303,-0.0017035775127768314,"{""mlp.down_proj"": 2024.0, ""mlp.gate_proj"": 1528.0, ""mlp.up_proj"": 1933.0, ""self_attn.k_proj"": 273.0, ""self_attn.o_proj"": 1347.0, ""self_attn.q_proj"": 524.0, ""self_attn.v_proj"": 589.0}","{""mlp.down_proj"": 2026.0, ""mlp.gate_proj"": 1531.0, ""mlp.up_proj"": 1935.0, ""self_attn.k_proj"": 273.0, ""self_attn.o_proj"": 1350.0, ""self_attn.q_proj"": 527.0, ""self_attn.v_proj"": 590.0}","{""mlp.down_proj"": 2.0, ""mlp.gate_proj"": 3.0, ""mlp.up_proj"": 2.0, ""self_attn.k_proj"": 0.0, ""self_attn.o_proj"": 3.0, ""self_attn.q_proj"": 3.0, ""self_attn.v_proj"": 1.0}","{""mlp.down_proj"": -0.0009881422924901185, ""mlp.gate_proj"": -0.001963350785340314, ""mlp.up_proj"": -0.0010346611484738748, ""self_attn.k_proj"": 0.0, ""self_attn.o_proj"": -0.0022271714922048997, ""self_attn.q_proj"": -0.0057251908396946565, ""self_attn.v_proj"": -0.001697792869269949}",0.0003658204863689993,0.20000000000000018,310.4000000000001,False,True
qwen,offkd,10,E_if,E_ifeval,0.025,18,5,equal5_non_qk,True,"mlp.down_proj,mlp.gate_proj,mlp.up_proj,self_attn.o_proj,self_attn.v_proj","self_attn.q_proj,self_attn.k_proj",1111.8,1109.6,1111.8,2.2,-0.0017755391972019946,-0.001982696467195427,"{""mlp.down_proj"": 1649.0, ""mlp.gate_proj"": 1005.0, ""mlp.up_proj"": 1521.0, ""self_attn.o_proj"": 969.0, ""self_attn.v_proj"": 404.0}","{""mlp.down_proj"": 1652.0, ""mlp.gate_proj"": 1007.0, ""mlp.up_proj"": 1524.0, ""self_attn.o_proj"": 972.0, ""self_attn.v_proj"": 404.0}","{""mlp.down_proj"": 3.0, ""mlp.gate_proj"": 2.0, ""mlp.up_proj"": 3.0, ""self_attn.o_proj"": 3.0, ""self_attn.v_proj"": 0.0}","{""mlp.down_proj"": -0.0018192844147968466, ""mlp.gate_proj"": -0.001990049751243781, ""mlp.up_proj"": -0.0019723865877712033, ""self_attn.o_proj"": -0.0030959752321981426, ""self_attn.v_proj"": 0.0}",0.0006389123715757009,-0.0024144515687776957,7,equal7,True,"mlp.down_proj,mlp.gate_proj,mlp.up_proj,self_attn.k_proj,self_attn.o_proj,self_attn.q_proj,self_attn.v_proj",,842.0,840.0,842.0,2.0,-0.0037967364681790864,-0.002380952380952381,"{""mlp.down_proj"": 1649.0, ""mlp.gate_proj"": 1005.0, ""mlp.up_proj"": 1521.0, ""self_attn.k_proj"": 123.0, ""self_attn.o_proj"": 969.0, ""self_attn.q_proj"": 209.0, ""self_attn.v_proj"": 404.0}","{""mlp.down_proj"": 1652.0, ""mlp.gate_proj"": 1007.0, ""mlp.up_proj"": 1524.0, ""self_attn.k_proj"": 124.0, ""self_attn.o_proj"": 972.0, ""self_attn.q_proj"": 211.0, ""self_attn.v_proj"": 404.0}","{""mlp.down_proj"": 3.0, ""mlp.gate_proj"": 2.0, ""mlp.up_proj"": 3.0, ""self_attn.k_proj"": 1.0, ""self_attn.o_proj"": 3.0, ""self_attn.q_proj"": 2.0, ""self_attn.v_proj"": 0.0}","{""mlp.down_proj"": -0.0018192844147968466, ""mlp.gate_proj"": -0.001990049751243781, ""mlp.up_proj"": -0.0019723865877712033, ""self_attn.k_proj"": -0.008130081300813009, ""self_attn.o_proj"": -0.0030959752321981426, ""self_attn.q_proj"": -0.009569377990430622, ""self_attn.v_proj"": 0.0}",0.002021197270977092,0.20000000000000018,269.79999999999995,False,True
qwen,offkd,10,E_if,E_ifeval,0.05,18,5,equal5_non_qk,True,"mlp.down_proj,mlp.gate_proj,mlp.up_proj,self_attn.o_proj,self_attn.v_proj","self_attn.q_proj,self_attn.k_proj",784.2,782.0,784.2,2.2,-0.003074027917684856,-0.002813299232736631,"{""mlp.down_proj"": 1274.0, ""mlp.gate_proj"": 584.0, ""mlp.up_proj"": 1127.0, ""self_attn.o_proj"": 672.0, ""self_attn.v_proj"": 253.0}","{""mlp.down_proj"": 1277.0, ""mlp.gate_proj"": 586.0, ""mlp.up_proj"": 1130.0, ""self_attn.o_proj"": 674.0, ""self_attn.v_proj"": 254.0}","{""mlp.down_proj"": 3.0, ""mlp.gate_proj"": 2.0, ""mlp.up_proj"": 3.0, ""self_attn.o_proj"": 2.0, ""self_attn.v_proj"": 1.0}","{""mlp.down_proj"": -0.002354788069073783, ""mlp.gate_proj"": -0.003424657534246575, ""mlp.up_proj"": -0.0026619343389529724, ""self_attn.o_proj"": -0.002976190476190476, ""self_attn.v_proj"": -0.003952569169960474}",0.0015339653208400908,-0.004607993238524947,7,equal7,True,"mlp.down_proj,mlp.gate_proj,mlp.up_proj,self_attn.k_proj,self_attn.o_proj,self_attn.q_proj,self_attn.v_proj",,577.2857142857143,575.7142857142857,577.2857142857143,1.5714285714285714,-0.0021957342269177545,-0.0027295285359803185,"{""mlp.down_proj"": 1274.0, ""mlp.gate_proj"": 584.0, ""mlp.up_proj"": 1127.0, ""self_attn.k_proj"": 50.0, ""self_attn.o_proj"": 672.0, ""self_attn.q_proj"": 70.0, ""self_attn.v_proj"": 253.0}","{""mlp.down_proj"": 1277.0, ""mlp.gate_proj"": 586.0, ""mlp.up_proj"": 1130.0, ""self_attn.k_proj"": 50.0, ""self_attn.o_proj"": 674.0, ""self_attn.q_proj"": 70.0, ""self_attn.v_proj"": 254.0}","{""mlp.down_proj"": 3.0, ""mlp.gate_proj"": 2.0, ""mlp.up_proj"": 3.0, ""self_attn.k_proj"": 0.0, ""self_attn.o_proj"": 2.0, ""self_attn.q_proj"": 0.0, ""self_attn.v_proj"": 1.0}","{""mlp.down_proj"": -0.002354788069073783, ""mlp.gate_proj"": -0.003424657534246575, ""mlp.up_proj"": -0.0026619343389529724, ""self_attn.k_proj"": 0.0, ""self_attn.o_proj"": -0.002976190476190476, ""self_attn.q_proj"": 0.0, ""self_attn.v_proj"": -0.003952569169960474}",-0.0008782936907671015,0.6285714285714288,206.9142857142857,False,True
qwen,offkd,10,E_if,E_ifeval,0.1,18,5,equal5_non_qk,True,"mlp.down_proj,mlp.gate_proj,mlp.up_proj,self_attn.o_proj,self_attn.v_proj","self_attn.q_proj,self_attn.k_proj",454.8,453.0,454.8,1.8,-0.004696573199579705,-0.00397350993377486,"{""mlp.down_proj"": 839.0, ""mlp.gate_proj"": 228.0, ""mlp.up_proj"": 695.0, ""self_attn.o_proj"": 387.0, ""self_attn.v_proj"": 116.0}","{""mlp.down_proj"": 842.0, ""mlp.gate_proj"": 229.0, ""mlp.up_proj"": 698.0, ""self_attn.o_proj"": 388.0, ""self_attn.v_proj"": 117.0}","{""mlp.down_proj"": 3.0, ""mlp.gate_proj"": 1.0, ""mlp.up_proj"": 3.0, ""self_attn.o_proj"": 1.0, ""self_attn.v_proj"": 1.0}","{""mlp.down_proj"": -0.003575685339690107, ""mlp.gate_proj"": -0.0043859649122807015, ""mlp.up_proj"": -0.004316546762589928, ""self_attn.o_proj"": -0.002583979328165375, ""self_attn.v_proj"": -0.008620689655172414}",0.0013902832115351492,-0.006086856411114854,7,equal7,True,"mlp.down_proj,mlp.gate_proj,mlp.up_proj,self_attn.k_proj,self_attn.o_proj,self_attn.q_proj,self_attn.v_proj",,328.7142857142857,327.42857142857144,328.7142857142857,1.2857142857142858,-0.0033546951425569324,-0.003926701570680603,"{""mlp.down_proj"": 839.0, ""mlp.gate_proj"": 228.0, ""mlp.up_proj"": 695.0, ""self_attn.k_proj"": 16.0, ""self_attn.o_proj"": 387.0, ""self_attn.q_proj"": 11.0, ""self_attn.v_proj"": 116.0}","{""mlp.down_proj"": 842.0, ""mlp.gate_proj"": 229.0, ""mlp.up_proj"": 698.0, ""self_attn.k_proj"": 16.0, ""self_attn.o_proj"": 388.0, ""self_attn.q_proj"": 11.0, ""self_attn.v_proj"": 117.0}","{""mlp.down_proj"": 3.0, ""mlp.gate_proj"": 1.0, ""mlp.up_proj"": 3.0, ""self_attn.k_proj"": 0.0, ""self_attn.o_proj"": 1.0, ""self_attn.q_proj"": 0.0, ""self_attn.v_proj"": 1.0}","{""mlp.down_proj"": -0.003575685339690107, ""mlp.gate_proj"": -0.0043859649122807015, ""mlp.up_proj"": -0.004316546762589928, ""self_attn.k_proj"": 0.0, ""self_attn.o_proj"": -0.002583979328165375, ""self_attn.q_proj"": 0.0, ""self_attn.v_proj"": -0.008620689655172414}",-0.0013418780570227727,0.5142857142857142,126.08571428571429,False,True
qwen,offkd,10,E_math,E_mathHeld,0.01,18,5,equal5_non_qk,True,"mlp.down_proj,mlp.gate_proj,mlp.up_proj,self_attn.o_proj,self_attn.v_proj","self_attn.q_proj,self_attn.k_proj",1651.4,1649.6,1651.4,1.8,-0.0011715454626858221,-0.001091173617846861,"{""mlp.down_proj"": 2176.0, ""mlp.gate_proj"": 1819.0, ""mlp.up_proj"": 2046.0, ""self_attn.o_proj"": 1520.0, ""self_attn.v_proj"": 687.0}","{""mlp.down_proj"": 2177.0, ""mlp.gate_proj"": 1822.0, ""mlp.up_proj"": 2048.0, ""self_attn.o_proj"": 1522.0, ""self_attn.v_proj"": 688.0}","{""mlp.down_proj"": 1.0, ""mlp.gate_proj"": 3.0, ""mlp.up_proj"": 2.0, ""self_attn.o_proj"": 2.0, ""self_attn.v_proj"": 1.0}","{""mlp.down_proj"": -0.00045955882352941176, ""mlp.gate_proj"": -0.0016492578339747114, ""mlp.up_proj"": -0.0009775171065493646, ""self_attn.o_proj"": -0.0013157894736842105, ""self_attn.v_proj"": -0.001455604075691412}",0.00043946643612628066,-0.0016110118988121027,7,equal7,True,"mlp.down_proj,mlp.gate_proj,mlp.up_proj,self_attn.k_proj,self_attn.o_proj,self_attn.q_proj,self_attn.v_proj",,1340.7142857142858,1339.0,1340.7142857142858,1.7142857142857142,-0.0016053171665826754,-0.0012802731249333676,"{""mlp.down_proj"": 2176.0, ""mlp.gate_proj"": 1819.0, ""mlp.up_proj"": 2046.0, ""self_attn.k_proj"": 363.0, ""self_attn.o_proj"": 1520.0, ""self_attn.q_proj"": 762.0, ""self_attn.v_proj"": 687.0}","{""mlp.down_proj"": 2177.0, ""mlp.gate_proj"": 1822.0, ""mlp.up_proj"": 2048.0, ""self_attn.k_proj"": 364.0, ""self_attn.o_proj"": 1522.0, ""self_attn.q_proj"": 764.0, ""self_attn.v_proj"": 688.0}","{""mlp.down_proj"": 1.0, ""mlp.gate_proj"": 3.0, ""mlp.up_proj"": 2.0, ""self_attn.k_proj"": 1.0, ""self_attn.o_proj"": 2.0, ""self_attn.q_proj"": 2.0, ""self_attn.v_proj"": 1.0}","{""mlp.down_proj"": -0.00045955882352941176, ""mlp.gate_proj"": -0.0016492578339747114, ""mlp.up_proj"": -0.0009775171065493646, ""self_attn.k_proj"": -0.0027548209366391185, ""self_attn.o_proj"": -0.0013157894736842105, ""self_attn.q_proj"": -0.0026246719160104987, ""self_attn.v_proj"": -0.001455604075691412}",0.00043377170389685324,0.08571428571428585,310.6857142857143,False,True
qwen,offkd,10,E_math,E_mathHeld,0.025,18,5,equal5_non_qk,True,"mlp.down_proj,mlp.gate_proj,mlp.up_proj,self_attn.o_proj,self_attn.v_proj","self_attn.q_proj,self_attn.k_proj",1324.2,1322.2,1324.2,2.0,-0.0016192340182774039,-0.0015126304643775525,"{""mlp.down_proj"": 1875.0, ""mlp.gate_proj"": 1369.0, ""mlp.up_proj"": 1691.0, ""self_attn.o_proj"": 1157.0, ""self_attn.v_proj"": 519.0}","{""mlp.down_proj"": 1877.0, ""mlp.gate_proj"": 1372.0, ""mlp.up_proj"": 1693.0, ""self_attn.o_proj"": 1159.0, ""self_attn.v_proj"": 520.0}","{""mlp.down_proj"": 2.0, ""mlp.gate_proj"": 3.0, ""mlp.up_proj"": 2.0, ""self_attn.o_proj"": 2.0, ""self_attn.v_proj"": 1.0}","{""mlp.down_proj"": -0.0010666666666666667, ""mlp.gate_proj"": -0.002191380569758948, ""mlp.up_proj"": -0.0011827321111768185, ""self_attn.o_proj"": -0.001728608470181504, ""self_attn.v_proj"": -0.0019267822736030828}",0.0006389123715757009,-0.0022581463898531046,7,equal7,True,"mlp.down_proj,mlp.gate_proj,mlp.up_proj,self_attn.k_proj,self_attn.o_proj,self_attn.q_proj,self_attn.v_proj",,1027.2857142857142,1025.5714285714287,1027.2857142857142,1.7142857142857142,-0.002289385401404706,-0.0016715419974925286,"{""mlp.down_proj"": 1875.0, ""mlp.gate_proj"": 1369.0, ""mlp.up_proj"": 1691.0, ""self_attn.k_proj"": 189.0, ""self_attn.o_proj"": 1157.0, ""self_attn.q_proj"": 379.0, ""self_attn.v_proj"": 519.0}","{""mlp.down_proj"": 1877.0, ""mlp.gate_proj"": 1372.0, ""mlp.up_proj"": 1693.0, ""self_attn.k_proj"": 190.0, ""self_attn.o_proj"": 1159.0, ""self_attn.q_proj"": 380.0, ""self_attn.v_proj"": 520.0}","{""mlp.down_proj"": 2.0, ""mlp.gate_proj"": 3.0, ""mlp.up_proj"": 2.0, ""self_attn.k_proj"": 1.0, ""self_attn.o_proj"": 2.0, ""self_attn.q_proj"": 1.0, ""self_attn.v_proj"": 1.0}","{""mlp.down_proj"": -0.0010666666666666667, ""mlp.gate_proj"": -0.002191380569758948, ""mlp.up_proj"": -0.0011827321111768185, ""self_attn.k_proj"": -0.005291005291005291, ""self_attn.o_proj"": -0.001728608470181504, ""self_attn.q_proj"": -0.002638522427440633, ""self_attn.v_proj"": -0.0019267822736030828}",0.0006701513831273021,0.2857142857142858,296.9142857142858,False,True
qwen,offkd,10,E_math,E_mathHeld,0.05,18,5,equal5_non_qk,True,"mlp.down_proj,mlp.gate_proj,mlp.up_proj,self_attn.o_proj,self_attn.v_proj","self_attn.q_proj,self_attn.k_proj",1016.4,1014.2,1016.4,2.2,-0.002010118771965113,-0.0021691973969630565,"{""mlp.down_proj"": 1552.0, ""mlp.gate_proj"": 956.0, ""mlp.up_proj"": 1332.0, ""self_attn.o_proj"": 860.0, ""self_attn.v_proj"": 371.0}","{""mlp.down_proj"": 1554.0, ""mlp.gate_proj"": 960.0, ""mlp.up_proj"": 1335.0, ""self_attn.o_proj"": 862.0, ""self_attn.v_proj"": 371.0}","{""mlp.down_proj"": 2.0, ""mlp.gate_proj"": 4.0, ""mlp.up_proj"": 3.0, ""self_attn.o_proj"": 2.0, ""self_attn.v_proj"": 0.0}","{""mlp.down_proj"": -0.001288659793814433, ""mlp.gate_proj"": -0.0041841004184100415, ""mlp.up_proj"": -0.0022522522522522522, ""self_attn.o_proj"": -0.002325581395348837, ""self_attn.v_proj"": 0.0}",0.0015339653208400908,-0.003544084092805204,7,equal7,True,"mlp.down_proj,mlp.gate_proj,mlp.up_proj,self_attn.k_proj,self_attn.o_proj,self_attn.q_proj,self_attn.v_proj",,760.0,758.1428571428571,760.0,1.8571428571428572,-0.00410560318636451,-0.0024495948746938436,"{""mlp.down_proj"": 1552.0, ""mlp.gate_proj"": 956.0, ""mlp.up_proj"": 1332.0, ""self_attn.k_proj"": 82.0, ""self_attn.o_proj"": 860.0, ""self_attn.q_proj"": 154.0, ""self_attn.v_proj"": 371.0}","{""mlp.down_proj"": 1554.0, ""mlp.gate_proj"": 960.0, ""mlp.up_proj"": 1335.0, ""self_attn.k_proj"": 83.0, ""self_attn.o_proj"": 862.0, ""self_attn.q_proj"": 155.0, ""self_attn.v_proj"": 371.0}","{""mlp.down_proj"": 2.0, ""mlp.gate_proj"": 4.0, ""mlp.up_proj"": 3.0, ""self_attn.k_proj"": 1.0, ""self_attn.o_proj"": 2.0, ""self_attn.q_proj"": 1.0, ""self_attn.v_proj"": 0.0}","{""mlp.down_proj"": -0.001288659793814433, ""mlp.gate_proj"": -0.0041841004184100415, ""mlp.up_proj"": -0.0022522522522522522, ""self_attn.k_proj"": -0.012195121951219513, ""self_attn.o_proj"": -0.002325581395348837, ""self_attn.q_proj"": -0.006493506493506494, ""self_attn.v_proj"": 0.0}",0.002095484414399397,0.34285714285714297,256.4,False,True
qwen,offkd,10,E_math,E_mathHeld,0.1,18,5,equal5_non_qk,True,"mlp.down_proj,mlp.gate_proj,mlp.up_proj,self_attn.o_proj,self_attn.v_proj","self_attn.q_proj,self_attn.k_proj",675.4,673.2,675.4,2.2,-0.003596925565790541,-0.003267973856209049,"{""mlp.down_proj"": 1147.0, ""mlp.gate_proj"": 529.0, ""mlp.up_proj"": 913.0, ""self_attn.o_proj"": 561.0, ""self_attn.v_proj"": 216.0}","{""mlp.down_proj"": 1150.0, ""mlp.gate_proj"": 532.0, ""mlp.up_proj"": 916.0, ""self_attn.o_proj"": 562.0, ""self_attn.v_proj"": 217.0}","{""mlp.down_proj"": 3.0, ""mlp.gate_proj"": 3.0, ""mlp.up_proj"": 3.0, ""self_attn.o_proj"": 1.0, ""self_attn.v_proj"": 1.0}","{""mlp.down_proj"": -0.0026155187445510027, ""mlp.gate_proj"": -0.005671077504725898, ""mlp.up_proj"": -0.0032858707557502738, ""self_attn.o_proj"": -0.0017825311942959, ""self_attn.v_proj"": -0.004629629629629629}",0.0013902832115351492,-0.00498720877732569,7,equal7,True,"mlp.down_proj,mlp.gate_proj,mlp.up_proj,self_attn.k_proj,self_attn.o_proj,self_attn.q_proj,self_attn.v_proj",,490.2857142857143,488.7142857142857,490.2857142857143,1.5714285714285714,-0.0025692325469932435,-0.0032154340836012527,"{""mlp.down_proj"": 1147.0, ""mlp.gate_proj"": 529.0, ""mlp.up_proj"": 913.0, ""self_attn.k_proj"": 24.0, ""self_attn.o_proj"": 561.0, ""self_attn.q_proj"": 31.0, ""self_attn.v_proj"": 216.0}","{""mlp.down_proj"": 1150.0, ""mlp.gate_proj"": 532.0, ""mlp.up_proj"": 916.0, ""self_attn.k_proj"": 24.0, ""self_attn.o_proj"": 562.0, ""self_attn.q_proj"": 31.0, ""self_attn.v_proj"": 217.0}","{""mlp.down_proj"": 3.0, ""mlp.gate_proj"": 3.0, ""mlp.up_proj"": 3.0, ""self_attn.k_proj"": 0.0, ""self_attn.o_proj"": 1.0, ""self_attn.q_proj"": 0.0, ""self_attn.v_proj"": 1.0}","{""mlp.down_proj"": -0.0026155187445510027, ""mlp.gate_proj"": -0.005671077504725898, ""mlp.up_proj"": -0.0032858707557502738, ""self_attn.k_proj"": 0.0, ""self_attn.o_proj"": -0.0017825311942959, ""self_attn.q_proj"": 0.0, ""self_attn.v_proj"": -0.004629629629629629}",-0.0010276930187972976,0.6285714285714288,185.1142857142857,False,True
qwen,offkd,10,E_ood,E_mmluPro,0.01,18,5,equal5_non_qk,True,"mlp.down_proj,mlp.gate_proj,mlp.up_proj,self_attn.o_proj,self_attn.v_proj","self_attn.q_proj,self_attn.k_proj",1612.8,1610.4,1612.8,2.4,-0.001560794365478331,-0.001490312965722717,"{""mlp.down_proj"": 2156.0, ""mlp.gate_proj"": 1667.0, ""mlp.up_proj"": 2029.0, ""self_attn.o_proj"": 1471.0, ""self_attn.v_proj"": 729.0}","{""mlp.down_proj"": 2158.0, ""mlp.gate_proj"": 1670.0, ""mlp.up_proj"": 2031.0, ""self_attn.o_proj"": 1475.0, ""self_attn.v_proj"": 730.0}","{""mlp.down_proj"": 2.0, ""mlp.gate_proj"": 3.0, ""mlp.up_proj"": 2.0, ""self_attn.o_proj"": 4.0, ""self_attn.v_proj"": 1.0}","{""mlp.down_proj"": -0.0009276437847866419, ""mlp.gate_proj"": -0.001799640071985603, ""mlp.up_proj"": -0.0009857072449482504, ""self_attn.o_proj"": -0.002719238613188307, ""self_attn.v_proj"": -0.0013717421124828531}",0.00043946643612628066,-0.002000260801604612,7,equal7,True,"mlp.down_proj,mlp.gate_proj,mlp.up_proj,self_attn.k_proj,self_attn.o_proj,self_attn.q_proj,self_attn.v_proj",,1308.142857142857,1305.5714285714287,1308.142857142857,2.5714285714285716,-0.0025129720127770117,-0.001969580916949238,"{""mlp.down_proj"": 2156.0, ""mlp.gate_proj"": 1667.0, ""mlp.up_proj"": 2029.0, ""self_attn.k_proj"": 402.0, ""self_attn.o_proj"": 1471.0, ""self_attn.q_proj"": 685.0, ""self_attn.v_proj"": 729.0}","{""mlp.down_proj"": 2158.0, ""mlp.gate_proj"": 1670.0, ""mlp.up_proj"": 2031.0, ""self_attn.k_proj"": 403.0, ""self_attn.o_proj"": 1475.0, ""self_attn.q_proj"": 690.0, ""self_attn.v_proj"": 730.0}","{""mlp.down_proj"": 2.0, ""mlp.gate_proj"": 3.0, ""mlp.up_proj"": 2.0, ""self_attn.k_proj"": 1.0, ""self_attn.o_proj"": 4.0, ""self_attn.q_proj"": 5.0, ""self_attn.v_proj"": 1.0}","{""mlp.down_proj"": -0.0009276437847866419, ""mlp.gate_proj"": -0.001799640071985603, ""mlp.up_proj"": -0.0009857072449482504, ""self_attn.k_proj"": -0.0024875621890547263, ""self_attn.o_proj"": -0.002719238613188307, ""self_attn.q_proj"": -0.0072992700729927005, ""self_attn.v_proj"": -0.0013717421124828531}",0.0009521776472986806,-0.1714285714285717,304.65714285714284,False,True
qwen,offkd,10,E_ood,E_mmluPro,0.025,18,5,equal5_non_qk,True,"mlp.down_proj,mlp.gate_proj,mlp.up_proj,self_attn.o_proj,self_attn.v_proj","self_attn.q_proj,self_attn.k_proj",1271.4,1268.4,1271.4,3.0,-0.002512582648917583,-0.0023651844843897824,"{""mlp.down_proj"": 1847.0, ""mlp.gate_proj"": 1163.0, ""mlp.up_proj"": 1655.0, ""self_attn.o_proj"": 1105.0, ""self_attn.v_proj"": 572.0}","{""mlp.down_proj"": 1849.0, ""mlp.gate_proj"": 1168.0, ""mlp.up_proj"": 1658.0, ""self_attn.o_proj"": 1109.0, ""self_attn.v_proj"": 573.0}","{""mlp.down_proj"": 2.0, ""mlp.gate_proj"": 5.0, ""mlp.up_proj"": 3.0, ""self_attn.o_proj"": 4.0, ""self_attn.v_proj"": 1.0}","{""mlp.down_proj"": -0.0010828370330265296, ""mlp.gate_proj"": -0.004299226139294927, ""mlp.up_proj"": -0.0018126888217522659, ""self_attn.o_proj"": -0.0036199095022624436, ""self_attn.v_proj"": -0.0017482517482517483}",0.0006389123715757009,-0.003151495020493284,7,equal7,True,"mlp.down_proj,mlp.gate_proj,mlp.up_proj,self_attn.k_proj,self_attn.o_proj,self_attn.q_proj,self_attn.v_proj",,987.1428571428571,984.2857142857143,987.1428571428571,2.857142857142857,-0.004212765097677956,-0.002902757619738669,"{""mlp.down_proj"": 1847.0, ""mlp.gate_proj"": 1163.0, ""mlp.up_proj"": 1655.0, ""self_attn.k_proj"": 230.0, ""self_attn.o_proj"": 1105.0, ""self_attn.q_proj"": 318.0, ""self_attn.v_proj"": 572.0}","{""mlp.down_proj"": 1849.0, ""mlp.gate_proj"": 1168.0, ""mlp.up_proj"": 1658.0, ""self_attn.k_proj"": 231.0, ""self_attn.o_proj"": 1109.0, ""self_attn.q_proj"": 322.0, ""self_attn.v_proj"": 573.0}","{""mlp.down_proj"": 2.0, ""mlp.gate_proj"": 5.0, ""mlp.up_proj"": 3.0, ""self_attn.k_proj"": 1.0, ""self_attn.o_proj"": 4.0, ""self_attn.q_proj"": 4.0, ""self_attn.v_proj"": 1.0}","{""mlp.down_proj"": -0.0010828370330265296, ""mlp.gate_proj"": -0.004299226139294927, ""mlp.up_proj"": -0.0018126888217522659, ""self_attn.k_proj"": -0.004347826086956522, ""self_attn.o_proj"": -0.0036199095022624436, ""self_attn.q_proj"": -0.012578616352201259, ""self_attn.v_proj"": -0.0017482517482517483}",0.0017001824487603732,0.1428571428571428,284.257142857143,False,True
qwen,offkd,10,E_ood,E_mmluPro,0.05,18,5,equal5_non_qk,True,"mlp.down_proj,mlp.gate_proj,mlp.up_proj,self_attn.o_proj,self_attn.v_proj","self_attn.q_proj,self_attn.k_proj",957.6,954.4,957.6,3.2,-0.003683061283347258,-0.003352891869237265,"{""mlp.down_proj"": 1519.0, ""mlp.gate_proj"": 731.0, ""mlp.up_proj"": 1281.0, ""self_attn.o_proj"": 810.0, ""self_attn.v_proj"": 431.0}","{""mlp.down_proj"": 1522.0, ""mlp.gate_proj"": 736.0, ""mlp.up_proj"": 1284.0, ""self_attn.o_proj"": 814.0, ""self_attn.v_proj"": 432.0}","{""mlp.down_proj"": 3.0, ""mlp.gate_proj"": 5.0, ""mlp.up_proj"": 3.0, ""self_attn.o_proj"": 4.0, ""self_attn.v_proj"": 1.0}","{""mlp.down_proj"": -0.0019749835418038184, ""mlp.gate_proj"": -0.006839945280437756, ""mlp.up_proj"": -0.00234192037470726, ""self_attn.o_proj"": -0.0049382716049382715, ""self_attn.v_proj"": -0.002320185614849188}",0.0015339653208400908,-0.005217026604187349,7,equal7,True,"mlp.down_proj,mlp.gate_proj,mlp.up_proj,self_attn.k_proj,self_attn.o_proj,self_attn.q_proj,self_attn.v_proj",,718.2857142857143,715.5714285714286,718.2857142857143,2.7142857142857144,-0.006223560241677631,-0.00379317228987831,"{""mlp.down_proj"": 1519.0, ""mlp.gate_proj"": 731.0, ""mlp.up_proj"": 1281.0, ""self_attn.k_proj"": 116.0, ""self_attn.o_proj"": 810.0, ""self_attn.q_proj"": 121.0, ""self_attn.v_proj"": 431.0}","{""mlp.down_proj"": 1522.0, ""mlp.gate_proj"": 736.0, ""mlp.up_proj"": 1284.0, ""self_attn.k_proj"": 117.0, ""self_attn.o_proj"": 814.0, ""self_attn.q_proj"": 123.0, ""self_attn.v_proj"": 432.0}","{""mlp.down_proj"": 3.0, ""mlp.gate_proj"": 5.0, ""mlp.up_proj"": 3.0, ""self_attn.k_proj"": 1.0, ""self_attn.o_proj"": 4.0, ""self_attn.q_proj"": 2.0, ""self_attn.v_proj"": 1.0}","{""mlp.down_proj"": -0.0019749835418038184, ""mlp.gate_proj"": -0.006839945280437756, ""mlp.up_proj"": -0.00234192037470726, ""self_attn.k_proj"": -0.008620689655172414, ""self_attn.o_proj"": -0.0049382716049382715, ""self_attn.q_proj"": -0.01652892561983471, ""self_attn.v_proj"": -0.002320185614849188}",0.0025404989583303734,0.48571428571428577,239.3142857142857,False,True
qwen,offkd,10,E_ood,E_mmluPro,0.1,18,5,equal5_non_qk,True,"mlp.down_proj,mlp.gate_proj,mlp.up_proj,self_attn.o_proj,self_attn.v_proj","self_attn.q_proj,self_attn.k_proj",620.4,617.4,620.4,3.0,-0.005371897329220247,-0.004859086491739553,"{""mlp.down_proj"": 1114.0, ""mlp.gate_proj"": 327.0, ""mlp.up_proj"": 850.0, ""self_attn.o_proj"": 518.0, ""self_attn.v_proj"": 278.0}","{""mlp.down_proj"": 1118.0, ""mlp.gate_proj"": 330.0, ""mlp.up_proj"": 854.0, ""self_attn.o_proj"": 521.0, ""self_attn.v_proj"": 279.0}","{""mlp.down_proj"": 4.0, ""mlp.gate_proj"": 3.0, ""mlp.up_proj"": 4.0, ""self_attn.o_proj"": 3.0, ""self_attn.v_proj"": 1.0}","{""mlp.down_proj"": -0.003590664272890485, ""mlp.gate_proj"": -0.009174311926605505, ""mlp.up_proj"": -0.004705882352941176, ""self_attn.o_proj"": -0.005791505791505791, ""self_attn.v_proj"": -0.0035971223021582736}",0.0013902832115351492,-0.006762180540755397,7,equal7,True,"mlp.down_proj,mlp.gate_proj,mlp.up_proj,self_attn.k_proj,self_attn.o_proj,self_attn.q_proj,self_attn.v_proj",,452.7142857142857,450.42857142857144,452.7142857142857,2.2857142857142856,-0.0074084980923001765,-0.005074532191563572,"{""mlp.down_proj"": 1114.0, ""mlp.gate_proj"": 327.0, ""mlp.up_proj"": 850.0, ""self_attn.k_proj"": 40.0, ""self_attn.o_proj"": 518.0, ""self_attn.q_proj"": 26.0, ""self_attn.v_proj"": 278.0}","{""mlp.down_proj"": 1118.0, ""mlp.gate_proj"": 330.0, ""mlp.up_proj"": 854.0, ""self_attn.k_proj"": 41.0, ""self_attn.o_proj"": 521.0, ""self_attn.q_proj"": 26.0, ""self_attn.v_proj"": 279.0}","{""mlp.down_proj"": 4.0, ""mlp.gate_proj"": 3.0, ""mlp.up_proj"": 4.0, ""self_attn.k_proj"": 1.0, ""self_attn.o_proj"": 3.0, ""self_attn.q_proj"": 0.0, ""self_attn.v_proj"": 1.0}","{""mlp.down_proj"": -0.003590664272890485, ""mlp.gate_proj"": -0.009174311926605505, ""mlp.up_proj"": -0.004705882352941176, ""self_attn.k_proj"": -0.025, ""self_attn.o_proj"": -0.005791505791505791, ""self_attn.q_proj"": 0.0, ""self_attn.v_proj"": -0.0035971223021582736}",0.0020366007630799295,0.7142857142857144,167.68571428571425,False,True
qwen,offkd,20,E_general,E_general,0.01,18,5,equal5_non_qk,True,"mlp.down_proj,mlp.gate_proj,mlp.up_proj,self_attn.o_proj,self_attn.v_proj","self_attn.q_proj,self_attn.k_proj",1632.8,1634.4,1632.8,-1.6,0.0010612064825568294,0.0009789525208028244,"{""mlp.down_proj"": 2190.0, ""mlp.gate_proj"": 1641.0, ""mlp.up_proj"": 2064.0, ""self_attn.o_proj"": 1546.0, ""self_attn.v_proj"": 731.0}","{""mlp.down_proj"": 2189.0, ""mlp.gate_proj"": 1639.0, ""mlp.up_proj"": 2062.0, ""self_attn.o_proj"": 1544.0, ""self_attn.v_proj"": 730.0}","{""mlp.down_proj"": -1.0, ""mlp.gate_proj"": -2.0, ""mlp.up_proj"": -2.0, ""self_attn.o_proj"": -2.0, ""self_attn.v_proj"": -1.0}","{""mlp.down_proj"": 0.00045662100456621003, ""mlp.gate_proj"": 0.001218769043266301, ""mlp.up_proj"": 0.0009689922480620155, ""self_attn.o_proj"": 0.00129366106080207, ""self_attn.v_proj"": 0.0013679890560875513}",0.0010612064825568294,0.0,7,equal7,True,"mlp.down_proj,mlp.gate_proj,mlp.up_proj,self_attn.k_proj,self_attn.o_proj,self_attn.q_proj,self_attn.v_proj",,1327.142857142857,1328.4285714285713,1327.142857142857,-1.2857142857142858,0.0009545068901737229,0.0009678460049467196,"{""mlp.down_proj"": 2190.0, ""mlp.gate_proj"": 1641.0, ""mlp.up_proj"": 2064.0, ""self_attn.k_proj"": 400.0, ""self_attn.o_proj"": 1546.0, ""self_attn.q_proj"": 727.0, ""self_attn.v_proj"": 731.0}","{""mlp.down_proj"": 2189.0, ""mlp.gate_proj"": 1639.0, ""mlp.up_proj"": 2062.0, ""self_attn.k_proj"": 400.0, ""self_attn.o_proj"": 1544.0, ""self_attn.q_proj"": 726.0, ""self_attn.v_proj"": 730.0}","{""mlp.down_proj"": -1.0, ""mlp.gate_proj"": -2.0, ""mlp.up_proj"": -2.0, ""self_attn.k_proj"": 0.0, ""self_attn.o_proj"": -2.0, ""self_attn.q_proj"": -1.0, ""self_attn.v_proj"": -1.0}","{""mlp.down_proj"": 0.00045662100456621003, ""mlp.gate_proj"": 0.001218769043266301, ""mlp.up_proj"": 0.0009689922480620155, ""self_attn.k_proj"": 0.0, ""self_attn.o_proj"": 0.00129366106080207, ""self_attn.q_proj"": 0.001375515818431912, ""self_attn.v_proj"": 0.0013679890560875513}",0.00010669959238310657,-0.3142857142857143,305.65714285714284,False,True
qwen,offkd,20,E_general,E_general,0.025,18,5,equal5_non_qk,True,"mlp.down_proj,mlp.gate_proj,mlp.up_proj,self_attn.o_proj,self_attn.v_proj","self_attn.q_proj,self_attn.k_proj",1298.0,1299.6,1298.0,-1.6,0.0014503423761478638,0.0012311480455524078,"{""mlp.down_proj"": 1900.0, ""mlp.gate_proj"": 1133.0, ""mlp.up_proj"": 1706.0, ""self_attn.o_proj"": 1186.0, ""self_attn.v_proj"": 573.0}","{""mlp.down_proj"": 1900.0, ""mlp.gate_proj"": 1130.0, ""mlp.up_proj"": 1704.0, ""self_attn.o_proj"": 1184.0, ""self_attn.v_proj"": 572.0}","{""mlp.down_proj"": 0.0, ""mlp.gate_proj"": -3.0, ""mlp.up_proj"": -2.0, ""self_attn.o_proj"": -2.0, ""self_attn.v_proj"": -1.0}","{""mlp.down_proj"": 0.0, ""mlp.gate_proj"": 0.00264783759929391, ""mlp.up_proj"": 0.0011723329425556857, ""self_attn.o_proj"": 0.0016863406408094434, ""self_attn.v_proj"": 0.0017452006980802793}",0.0014503423761478638,0.0,7,equal7,True,"mlp.down_proj,mlp.gate_proj,mlp.up_proj,self_attn.k_proj,self_attn.o_proj,self_attn.q_proj,self_attn.v_proj",,1010.1428571428571,1011.2857142857143,1010.1428571428571,-1.1428571428571428,0.001035958840105617,0.0011301031219099545,"{""mlp.down_proj"": 1900.0, ""mlp.gate_proj"": 1133.0, ""mlp.up_proj"": 1706.0, ""self_attn.k_proj"": 227.0, ""self_attn.o_proj"": 1186.0, ""self_attn.q_proj"": 354.0, ""self_attn.v_proj"": 573.0}","{""mlp.down_proj"": 1900.0, ""mlp.gate_proj"": 1130.0, ""mlp.up_proj"": 1704.0, ""self_attn.k_proj"": 227.0, ""self_attn.o_proj"": 1184.0, ""self_attn.q_proj"": 354.0, ""self_attn.v_proj"": 572.0}","{""mlp.down_proj"": 0.0, ""mlp.gate_proj"": -3.0, ""mlp.up_proj"": -2.0, ""self_attn.k_proj"": 0.0, ""self_attn.o_proj"": -2.0, ""self_attn.q_proj"": 0.0, ""self_attn.v_proj"": -1.0}","{""mlp.down_proj"": 0.0, ""mlp.gate_proj"": 0.00264783759929391, ""mlp.up_proj"": 0.0011723329425556857, ""self_attn.k_proj"": 0.0, ""self_attn.o_proj"": 0.0016863406408094434, ""self_attn.q_proj"": 0.0, ""self_attn.v_proj"": 0.0017452006980802793}",0.00041438353604224677,-0.4571428571428573,287.8571428571429,False,True
qwen,offkd,20,E_general,E_general,0.05,18,5,equal5_non_qk,True,"mlp.down_proj,mlp.gate_proj,mlp.up_proj,self_attn.o_proj,self_attn.v_proj","self_attn.q_proj,self_attn.k_proj",989.2,991.2,989.2,-2.0,0.002341610174290294,0.0020177562550443904,"{""mlp.down_proj"": 1590.0, ""mlp.gate_proj"": 701.0, ""mlp.up_proj"": 1344.0, ""self_attn.o_proj"": 890.0, ""self_attn.v_proj"": 431.0}","{""mlp.down_proj"": 1589.0, ""mlp.gate_proj"": 698.0, ""mlp.up_proj"": 1341.0, ""self_attn.o_proj"": 888.0, ""self_attn.v_proj"": 430.0}","{""mlp.down_proj"": -1.0, ""mlp.gate_proj"": -3.0, ""mlp.up_proj"": -3.0, ""self_attn.o_proj"": -2.0, ""self_attn.v_proj"": -1.0}","{""mlp.down_proj"": 0.0006289308176100629, ""mlp.gate_proj"": 0.0042796005706134095, ""mlp.up_proj"": 0.002232142857142857, ""self_attn.o_proj"": 0.0022471910112359553, ""self_attn.v_proj"": 0.002320185614849188}",0.002341610174290294,0.0,7,equal7,True,"mlp.down_proj,mlp.gate_proj,mlp.up_proj,self_attn.k_proj,self_attn.o_proj,self_attn.q_proj,self_attn.v_proj",,743.2857142857143,744.7142857142857,743.2857142857143,-1.4285714285714286,0.0016725786959216388,0.0019182812200267251,"{""mlp.down_proj"": 1590.0, ""mlp.gate_proj"": 701.0, ""mlp.up_proj"": 1344.0, ""self_attn.k_proj"": 113.0, ""self_attn.o_proj"": 890.0, ""self_attn.q_proj"": 144.0, ""self_attn.v_proj"": 431.0}","{""mlp.down_proj"": 1589.0, ""mlp.gate_proj"": 698.0, ""mlp.up_proj"": 1341.0, ""self_attn.k_proj"": 113.0, ""self_attn.o_proj"": 888.0, ""self_attn.q_proj"": 144.0, ""self_attn.v_proj"": 430.0}","{""mlp.down_proj"": -1.0, ""mlp.gate_proj"": -3.0, ""mlp.up_proj"": -3.0, ""self_attn.k_proj"": 0.0, ""self_attn.o_proj"": -2.0, ""self_attn.q_proj"": 0.0, ""self_attn.v_proj"": -1.0}","{""mlp.down_proj"": 0.0006289308176100629, ""mlp.gate_proj"": 0.0042796005706134095, ""mlp.up_proj"": 0.002232142857142857, ""self_attn.k_proj"": 0.0, ""self_attn.o_proj"": 0.0022471910112359553, ""self_attn.q_proj"": 0.0, ""self_attn.v_proj"": 0.002320185614849188}",0.0006690314783686553,-0.5714285714285714,245.9142857142857,False,True
qwen,offkd,20,E_general,E_general,0.1,18,5,equal5_non_qk,True,"mlp.down_proj,mlp.gate_proj,mlp.up_proj,self_attn.o_proj,self_attn.v_proj","self_attn.q_proj,self_attn.k_proj",655.6,657.2,655.6,-1.6,0.0033359214170534516,0.002434570906877697,"{""mlp.down_proj"": 1200.0, ""mlp.gate_proj"": 300.0, ""mlp.up_proj"": 920.0, ""self_attn.o_proj"": 589.0, ""self_attn.v_proj"": 277.0}","{""mlp.down_proj"": 1199.0, ""mlp.gate_proj"": 298.0, ""mlp.up_proj"": 918.0, ""self_attn.o_proj"": 587.0, ""self_attn.v_proj"": 276.0}","{""mlp.down_proj"": -1.0, ""mlp.gate_proj"": -2.0, ""mlp.up_proj"": -2.0, ""self_attn.o_proj"": -2.0, ""self_attn.v_proj"": -1.0}","{""mlp.down_proj"": 0.0008333333333333334, ""mlp.gate_proj"": 0.006666666666666667, ""mlp.up_proj"": 0.002173913043478261, ""self_attn.o_proj"": 0.003395585738539898, ""self_attn.v_proj"": 0.0036101083032490976}",0.0033359214170534516,0.0,7,equal7,True,"mlp.down_proj,mlp.gate_proj,mlp.up_proj,self_attn.k_proj,self_attn.o_proj,self_attn.q_proj,self_attn.v_proj",,478.57142857142856,479.7142857142857,478.57142857142856,-1.1428571428571428,0.002382801012181037,0.0023823704586063642,"{""mlp.down_proj"": 1200.0, ""mlp.gate_proj"": 300.0, ""mlp.up_proj"": 920.0, ""self_attn.k_proj"": 39.0, ""self_attn.o_proj"": 589.0, ""self_attn.q_proj"": 33.0, ""self_attn.v_proj"": 277.0}","{""mlp.down_proj"": 1199.0, ""mlp.gate_proj"": 298.0, ""mlp.up_proj"": 918.0, ""self_attn.k_proj"": 39.0, ""self_attn.o_proj"": 587.0, ""self_attn.q_proj"": 33.0, ""self_attn.v_proj"": 276.0}","{""mlp.down_proj"": -1.0, ""mlp.gate_proj"": -2.0, ""mlp.up_proj"": -2.0, ""self_attn.k_proj"": 0.0, ""self_attn.o_proj"": -2.0, ""self_attn.q_proj"": 0.0, ""self_attn.v_proj"": -1.0}","{""mlp.down_proj"": 0.0008333333333333334, ""mlp.gate_proj"": 0.006666666666666667, ""mlp.up_proj"": 0.002173913043478261, ""self_attn.k_proj"": 0.0, ""self_attn.o_proj"": 0.003395585738539898, ""self_attn.q_proj"": 0.0, ""self_attn.v_proj"": 0.0036101083032490976}",0.0009531204048724147,-0.4571428571428573,177.02857142857147,False,True
qwen,offkd,20,E_if,E_ifeval,0.01,18,5,equal5_non_qk,True,"mlp.down_proj,mlp.gate_proj,mlp.up_proj,self_attn.o_proj,self_attn.v_proj","self_attn.q_proj,self_attn.k_proj",1487.4,1484.2,1487.4,3.2,-0.00216268644273759,-0.0021560436598841433,"{""mlp.down_proj"": 2024.0, ""mlp.gate_proj"": 1528.0, ""mlp.up_proj"": 1933.0, ""self_attn.o_proj"": 1347.0, ""self_attn.v_proj"": 589.0}","{""mlp.down_proj"": 2028.0, ""mlp.gate_proj"": 1532.0, ""mlp.up_proj"": 1936.0, ""self_attn.o_proj"": 1351.0, ""self_attn.v_proj"": 590.0}","{""mlp.down_proj"": 4.0, ""mlp.gate_proj"": 4.0, ""mlp.up_proj"": 3.0, ""self_attn.o_proj"": 4.0, ""self_attn.v_proj"": 1.0}","{""mlp.down_proj"": -0.001976284584980237, ""mlp.gate_proj"": -0.002617801047120419, ""mlp.up_proj"": -0.0015519917227108122, ""self_attn.o_proj"": -0.002969561989606533, ""self_attn.v_proj"": -0.001697792869269949}",0.0010612064825568294,-0.0032238929252944195,7,equal7,True,"mlp.down_proj,mlp.gate_proj,mlp.up_proj,self_attn.k_proj,self_attn.o_proj,self_attn.q_proj,self_attn.v_proj",,1177.142857142857,1174.0,1177.142857142857,3.142857142857143,-0.003431202944216577,-0.002677050377220707,"{""mlp.down_proj"": 2024.0, ""mlp.gate_proj"": 1528.0, ""mlp.up_proj"": 1933.0, ""self_attn.k_proj"": 273.0, ""self_attn.o_proj"": 1347.0, ""self_attn.q_proj"": 524.0, ""self_attn.v_proj"": 589.0}","{""mlp.down_proj"": 2028.0, ""mlp.gate_proj"": 1532.0, ""mlp.up_proj"": 1936.0, ""self_attn.k_proj"": 274.0, ""self_attn.o_proj"": 1351.0, ""self_attn.q_proj"": 529.0, ""self_attn.v_proj"": 590.0}","{""mlp.down_proj"": 4.0, ""mlp.gate_proj"": 4.0, ""mlp.up_proj"": 3.0, ""self_attn.k_proj"": 1.0, ""self_attn.o_proj"": 4.0, ""self_attn.q_proj"": 5.0, ""self_attn.v_proj"": 1.0}","{""mlp.down_proj"": -0.001976284584980237, ""mlp.gate_proj"": -0.002617801047120419, ""mlp.up_proj"": -0.0015519917227108122, ""self_attn.k_proj"": -0.003663003663003663, ""self_attn.o_proj"": -0.002969561989606533, ""self_attn.q_proj"": -0.009541984732824428, ""self_attn.v_proj"": -0.001697792869269949}",0.0012685165014789867,0.057142857142857384,310.257142857143,False,True
qwen,offkd,20,E_if,E_ifeval,0.025,18,5,equal5_non_qk,True,"mlp.down_proj,mlp.gate_proj,mlp.up_proj,self_attn.o_proj,self_attn.v_proj","self_attn.q_proj,self_attn.k_proj",1113.2,1109.6,1113.2,3.6,-0.0032490606957054488,-0.0032444124008653,"{""mlp.down_proj"": 1649.0, ""mlp.gate_proj"": 1005.0, ""mlp.up_proj"": 1521.0, ""self_attn.o_proj"": 969.0, ""self_attn.v_proj"": 404.0}","{""mlp.down_proj"": 1654.0, ""mlp.gate_proj"": 1009.0, ""mlp.up_proj"": 1525.0, ""self_attn.o_proj"": 973.0, ""self_attn.v_proj"": 405.0}","{""mlp.down_proj"": 5.0, ""mlp.gate_proj"": 4.0, ""mlp.up_proj"": 4.0, ""self_attn.o_proj"": 4.0, ""self_attn.v_proj"": 1.0}","{""mlp.down_proj"": -0.0030321406913280777, ""mlp.gate_proj"": -0.003980099502487562, ""mlp.up_proj"": -0.0026298487836949377, ""self_attn.o_proj"": -0.0041279669762641896, ""self_attn.v_proj"": -0.0024752475247524753}",0.0014503423761478638,-0.004699403071853313,7,equal7,True,"mlp.down_proj,mlp.gate_proj,mlp.up_proj,self_attn.k_proj,self_attn.o_proj,self_attn.q_proj,self_attn.v_proj",,843.2857142857143,840.0,843.2857142857143,3.2857142857142856,-0.006216305822885927,-0.003911564625850398,"{""mlp.down_proj"": 1649.0, ""mlp.gate_proj"": 1005.0, ""mlp.up_proj"": 1521.0, ""self_attn.k_proj"": 123.0, ""self_attn.o_proj"": 969.0, ""self_attn.q_proj"": 209.0, ""self_attn.v_proj"": 404.0}","{""mlp.down_proj"": 1654.0, ""mlp.gate_proj"": 1009.0, ""mlp.up_proj"": 1525.0, ""self_attn.k_proj"": 124.0, ""self_attn.o_proj"": 973.0, ""self_attn.q_proj"": 213.0, ""self_attn.v_proj"": 405.0}","{""mlp.down_proj"": 5.0, ""mlp.gate_proj"": 4.0, ""mlp.up_proj"": 4.0, ""self_attn.k_proj"": 1.0, ""self_attn.o_proj"": 4.0, ""self_attn.q_proj"": 4.0, ""self_attn.v_proj"": 1.0}","{""mlp.down_proj"": -0.0030321406913280777, ""mlp.gate_proj"": -0.003980099502487562, ""mlp.up_proj"": -0.0026298487836949377, ""self_attn.k_proj"": -0.008130081300813009, ""self_attn.o_proj"": -0.0041279669762641896, ""self_attn.q_proj"": -0.019138755980861243, ""self_attn.v_proj"": -0.0024752475247524753}",0.0029672451271804783,0.3142857142857145,269.9142857142857,False,True
qwen,offkd,20,E_if,E_ifeval,0.05,18,5,equal5_non_qk,True,"mlp.down_proj,mlp.gate_proj,mlp.up_proj,self_attn.o_proj,self_attn.v_proj","self_attn.q_proj,self_attn.k_proj",785.8,782.0,785.8,3.8,-0.005495512209223602,-0.004859335038363113,"{""mlp.down_proj"": 1274.0, ""mlp.gate_proj"": 584.0, ""mlp.up_proj"": 1127.0, ""self_attn.o_proj"": 672.0, ""self_attn.v_proj"": 253.0}","{""mlp.down_proj"": 1280.0, ""mlp.gate_proj"": 588.0, ""mlp.up_proj"": 1131.0, ""self_attn.o_proj"": 675.0, ""self_attn.v_proj"": 255.0}","{""mlp.down_proj"": 6.0, ""mlp.gate_proj"": 4.0, ""mlp.up_proj"": 4.0, ""self_attn.o_proj"": 3.0, ""self_attn.v_proj"": 2.0}","{""mlp.down_proj"": -0.004709576138147566, ""mlp.gate_proj"": -0.00684931506849315, ""mlp.up_proj"": -0.00354924578527063, ""self_attn.o_proj"": -0.004464285714285714, ""self_attn.v_proj"": -0.007905138339920948}",0.002341610174290294,-0.007837122383513896,7,equal7,True,"mlp.down_proj,mlp.gate_proj,mlp.up_proj,self_attn.k_proj,self_attn.o_proj,self_attn.q_proj,self_attn.v_proj",,578.7142857142857,575.7142857142857,578.7142857142857,3.0,-0.008823325047404615,-0.005210918114143921,"{""mlp.down_proj"": 1274.0, ""mlp.gate_proj"": 584.0, ""mlp.up_proj"": 1127.0, ""self_attn.k_proj"": 50.0, ""self_attn.o_proj"": 672.0, ""self_attn.q_proj"": 70.0, ""self_attn.v_proj"": 253.0}","{""mlp.down_proj"": 1280.0, ""mlp.gate_proj"": 588.0, ""mlp.up_proj"": 1131.0, ""self_attn.k_proj"": 51.0, ""self_attn.o_proj"": 675.0, ""self_attn.q_proj"": 71.0, ""self_attn.v_proj"": 255.0}","{""mlp.down_proj"": 6.0, ""mlp.gate_proj"": 4.0, ""mlp.up_proj"": 4.0, ""self_attn.k_proj"": 1.0, ""self_attn.o_proj"": 3.0, ""self_attn.q_proj"": 1.0, ""self_attn.v_proj"": 2.0}","{""mlp.down_proj"": -0.004709576138147566, ""mlp.gate_proj"": -0.00684931506849315, ""mlp.up_proj"": -0.00354924578527063, ""self_attn.k_proj"": -0.02, ""self_attn.o_proj"": -0.004464285714285714, ""self_attn.q_proj"": -0.014285714285714285, ""self_attn.v_proj"": -0.007905138339920948}",0.0033278128381810127,0.7999999999999998,207.0857142857143,False,True
qwen,offkd,20,E_if,E_ifeval,0.1,18,5,equal5_non_qk,True,"mlp.down_proj,mlp.gate_proj,mlp.up_proj,self_attn.o_proj,self_attn.v_proj","self_attn.q_proj,self_attn.k_proj",456.2,453.0,456.2,3.2,-0.0073812386839522655,-0.007064017660044125,"{""mlp.down_proj"": 839.0, ""mlp.gate_proj"": 228.0, ""mlp.up_proj"": 695.0, ""self_attn.o_proj"": 387.0, ""self_attn.v_proj"": 116.0}","{""mlp.down_proj"": 845.0, ""mlp.gate_proj"": 230.0, ""mlp.up_proj"": 700.0, ""self_attn.o_proj"": 389.0, ""self_attn.v_proj"": 117.0}","{""mlp.down_proj"": 6.0, ""mlp.gate_proj"": 2.0, ""mlp.up_proj"": 5.0, ""self_attn.o_proj"": 2.0, ""self_attn.v_proj"": 1.0}","{""mlp.down_proj"": -0.007151370679380214, ""mlp.gate_proj"": -0.008771929824561403, ""mlp.up_proj"": -0.007194244604316547, ""self_attn.o_proj"": -0.00516795865633075, ""self_attn.v_proj"": -0.008620689655172414}",0.0033359214170534516,-0.010717160101005718,7,equal7,True,"mlp.down_proj,mlp.gate_proj,mlp.up_proj,self_attn.k_proj,self_attn.o_proj,self_attn.q_proj,self_attn.v_proj",,329.7142857142857,327.42857142857144,329.7142857142857,2.2857142857142856,-0.005272313345680189,-0.006980802792321092,"{""mlp.down_proj"": 839.0, ""mlp.gate_proj"": 228.0, ""mlp.up_proj"": 695.0, ""self_attn.k_proj"": 16.0, ""self_attn.o_proj"": 387.0, ""self_attn.q_proj"": 11.0, ""self_attn.v_proj"": 116.0}","{""mlp.down_proj"": 845.0, ""mlp.gate_proj"": 230.0, ""mlp.up_proj"": 700.0, ""self_attn.k_proj"": 16.0, ""self_attn.o_proj"": 389.0, ""self_attn.q_proj"": 11.0, ""self_attn.v_proj"": 117.0}","{""mlp.down_proj"": 6.0, ""mlp.gate_proj"": 2.0, ""mlp.up_proj"": 5.0, ""self_attn.k_proj"": 0.0, ""self_attn.o_proj"": 2.0, ""self_attn.q_proj"": 0.0, ""self_attn.v_proj"": 1.0}","{""mlp.down_proj"": -0.007151370679380214, ""mlp.gate_proj"": -0.008771929824561403, ""mlp.up_proj"": -0.007194244604316547, ""self_attn.k_proj"": 0.0, ""self_attn.o_proj"": -0.00516795865633075, ""self_attn.q_proj"": 0.0, ""self_attn.v_proj"": -0.008620689655172414}",-0.0021089253382720764,0.9142857142857146,126.48571428571427,False,True
qwen,offkd,20,E_math,E_mathHeld,0.01,18,5,equal5_non_qk,True,"mlp.down_proj,mlp.gate_proj,mlp.up_proj,self_attn.o_proj,self_attn.v_proj","self_attn.q_proj,self_attn.k_proj",1652.0,1649.6,1652.0,2.4,-0.0015049866970251063,-0.0014548981571290561,"{""mlp.down_proj"": 2176.0, ""mlp.gate_proj"": 1819.0, ""mlp.up_proj"": 2046.0, ""self_attn.o_proj"": 1520.0, ""self_attn.v_proj"": 687.0}","{""mlp.down_proj"": 2178.0, ""mlp.gate_proj"": 1823.0, ""mlp.up_proj"": 2048.0, ""self_attn.o_proj"": 1523.0, ""self_attn.v_proj"": 688.0}","{""mlp.down_proj"": 2.0, ""mlp.gate_proj"": 4.0, ""mlp.up_proj"": 2.0, ""self_attn.o_proj"": 3.0, ""self_attn.v_proj"": 1.0}","{""mlp.down_proj"": -0.0009191176470588235, ""mlp.gate_proj"": -0.0021990104452996153, ""mlp.up_proj"": -0.0009775171065493646, ""self_attn.o_proj"": -0.001973684210526316, ""self_attn.v_proj"": -0.001455604075691412}",0.0010612064825568294,-0.0025661931795819357,7,equal7,True,"mlp.down_proj,mlp.gate_proj,mlp.up_proj,self_attn.k_proj,self_attn.o_proj,self_attn.q_proj,self_attn.v_proj",,1341.4285714285713,1339.0,1341.4285714285713,2.4285714285714284,-0.002218442607683664,-0.0018137202603221293,"{""mlp.down_proj"": 2176.0, ""mlp.gate_proj"": 1819.0, ""mlp.up_proj"": 2046.0, ""self_attn.k_proj"": 363.0, ""self_attn.o_proj"": 1520.0, ""self_attn.q_proj"": 762.0, ""self_attn.v_proj"": 687.0}","{""mlp.down_proj"": 2178.0, ""mlp.gate_proj"": 1823.0, ""mlp.up_proj"": 2048.0, ""self_attn.k_proj"": 364.0, ""self_attn.o_proj"": 1523.0, ""self_attn.q_proj"": 766.0, ""self_attn.v_proj"": 688.0}","{""mlp.down_proj"": 2.0, ""mlp.gate_proj"": 4.0, ""mlp.up_proj"": 2.0, ""self_attn.k_proj"": 1.0, ""self_attn.o_proj"": 3.0, ""self_attn.q_proj"": 4.0, ""self_attn.v_proj"": 1.0}","{""mlp.down_proj"": -0.0009191176470588235, ""mlp.gate_proj"": -0.0021990104452996153, ""mlp.up_proj"": -0.0009775171065493646, ""self_attn.k_proj"": -0.0027548209366391185, ""self_attn.o_proj"": -0.001973684210526316, ""self_attn.q_proj"": -0.005249343832020997, ""self_attn.v_proj"": -0.001455604075691412}",0.0007134559106585577,-0.02857142857142847,310.57142857142867,False,True
qwen,offkd,20,E_math,E_mathHeld,0.025,18,5,equal5_non_qk,True,"mlp.down_proj,mlp.gate_proj,mlp.up_proj,self_attn.o_proj,self_attn.v_proj","self_attn.q_proj,self_attn.k_proj",1325.2,1322.2,1325.2,3.0,-0.0023638064549482314,-0.0022689456965663286,"{""mlp.down_proj"": 1875.0, ""mlp.gate_proj"": 1369.0, ""mlp.up_proj"": 1691.0, ""self_attn.o_proj"": 1157.0, ""self_attn.v_proj"": 519.0}","{""mlp.down_proj"": 1878.0, ""mlp.gate_proj"": 1374.0, ""mlp.up_proj"": 1693.0, ""self_attn.o_proj"": 1161.0, ""self_attn.v_proj"": 520.0}","{""mlp.down_proj"": 3.0, ""mlp.gate_proj"": 5.0, ""mlp.up_proj"": 2.0, ""self_attn.o_proj"": 4.0, ""self_attn.v_proj"": 1.0}","{""mlp.down_proj"": -0.0016, ""mlp.gate_proj"": -0.003652300949598247, ""mlp.up_proj"": -0.0011827321111768185, ""self_attn.o_proj"": -0.003457216940363008, ""self_attn.v_proj"": -0.0019267822736030828}",0.0014503423761478638,-0.0038141488310960954,7,equal7,True,"mlp.down_proj,mlp.gate_proj,mlp.up_proj,self_attn.k_proj,self_attn.o_proj,self_attn.q_proj,self_attn.v_proj",,1028.2857142857142,1025.5714285714287,1028.2857142857142,2.7142857142857144,-0.0035750864068669072,-0.0026466081626965957,"{""mlp.down_proj"": 1875.0, ""mlp.gate_proj"": 1369.0, ""mlp.up_proj"": 1691.0, ""self_attn.k_proj"": 189.0, ""self_attn.o_proj"": 1157.0, ""self_attn.q_proj"": 379.0, ""self_attn.v_proj"": 519.0}","{""mlp.down_proj"": 1878.0, ""mlp.gate_proj"": 1374.0, ""mlp.up_proj"": 1693.0, ""self_attn.k_proj"": 190.0, ""self_attn.o_proj"": 1161.0, ""self_attn.q_proj"": 382.0, ""self_attn.v_proj"": 520.0}","{""mlp.down_proj"": 3.0, ""mlp.gate_proj"": 5.0, ""mlp.up_proj"": 2.0, ""self_attn.k_proj"": 1.0, ""self_attn.o_proj"": 4.0, ""self_attn.q_proj"": 3.0, ""self_attn.v_proj"": 1.0}","{""mlp.down_proj"": -0.0016, ""mlp.gate_proj"": -0.003652300949598247, ""mlp.up_proj"": -0.0011827321111768185, ""self_attn.k_proj"": -0.005291005291005291, ""self_attn.o_proj"": -0.003457216940363008, ""self_attn.q_proj"": -0.0079155672823219, ""self_attn.v_proj"": -0.0019267822736030828}",0.0012112799519186758,0.2857142857142856,296.9142857142858,False,True
qwen,offkd,20,E_math,E_mathHeld,0.05,18,5,equal5_non_qk,True,"mlp.down_proj,mlp.gate_proj,mlp.up_proj,self_attn.o_proj,self_attn.v_proj","self_attn.q_proj,self_attn.k_proj",1017.6,1014.2,1017.6,3.4,-0.0034791866408240765,-0.003352395977124805,"{""mlp.down_proj"": 1552.0, ""mlp.gate_proj"": 956.0, ""mlp.up_proj"": 1332.0, ""self_attn.o_proj"": 860.0, ""self_attn.v_proj"": 371.0}","{""mlp.down_proj"": 1555.0, ""mlp.gate_proj"": 962.0, ""mlp.up_proj"": 1336.0, ""self_attn.o_proj"": 863.0, ""self_attn.v_proj"": 372.0}","{""mlp.down_proj"": 3.0, ""mlp.gate_proj"": 6.0, ""mlp.up_proj"": 4.0, ""self_attn.o_proj"": 3.0, ""self_attn.v_proj"": 1.0}","{""mlp.down_proj"": -0.0019329896907216496, ""mlp.gate_proj"": -0.006276150627615063, ""mlp.up_proj"": -0.003003003003003003, ""self_attn.o_proj"": -0.0034883720930232558, ""self_attn.v_proj"": -0.0026954177897574125}",0.002341610174290294,-0.005820796815114371,7,equal7,True,"mlp.down_proj,mlp.gate_proj,mlp.up_proj,self_attn.k_proj,self_attn.o_proj,self_attn.q_proj,self_attn.v_proj",,761.0,758.1428571428571,761.0,2.857142857142857,-0.006082581163193269,-0.003768607499528967,"{""mlp.down_proj"": 1552.0, ""mlp.gate_proj"": 956.0, ""mlp.up_proj"": 1332.0, ""self_attn.k_proj"": 82.0, ""self_attn.o_proj"": 860.0, ""self_attn.q_proj"": 154.0, ""self_attn.v_proj"": 371.0}","{""mlp.down_proj"": 1555.0, ""mlp.gate_proj"": 962.0, ""mlp.up_proj"": 1336.0, ""self_attn.k_proj"": 83.0, ""self_attn.o_proj"": 863.0, ""self_attn.q_proj"": 156.0, ""self_attn.v_proj"": 372.0}","{""mlp.down_proj"": 3.0, ""mlp.gate_proj"": 6.0, ""mlp.up_proj"": 4.0, ""self_attn.k_proj"": 1.0, ""self_attn.o_proj"": 3.0, ""self_attn.q_proj"": 2.0, ""self_attn.v_proj"": 1.0}","{""mlp.down_proj"": -0.0019329896907216496, ""mlp.gate_proj"": -0.006276150627615063, ""mlp.up_proj"": -0.003003003003003003, ""self_attn.k_proj"": -0.012195121951219513, ""self_attn.o_proj"": -0.0034883720930232558, ""self_attn.q_proj"": -0.012987012987012988, ""self_attn.v_proj"": -0.0026954177897574125}",0.0026033945223691924,0.5428571428571427,256.6,False,True
qwen,offkd,20,E_math,E_mathHeld,0.1,18,5,equal5_non_qk,True,"mlp.down_proj,mlp.gate_proj,mlp.up_proj,self_attn.o_proj,self_attn.v_proj","self_attn.q_proj,self_attn.k_proj",676.4,673.2,676.4,3.2,-0.005103001438633259,-0.004753416518122298,"{""mlp.down_proj"": 1147.0, ""mlp.gate_proj"": 529.0, ""mlp.up_proj"": 913.0, ""self_attn.o_proj"": 561.0, ""self_attn.v_proj"": 216.0}","{""mlp.down_proj"": 1151.0, ""mlp.gate_proj"": 534.0, ""mlp.up_proj"": 917.0, ""self_attn.o_proj"": 563.0, ""self_attn.v_proj"": 217.0}","{""mlp.down_proj"": 4.0, ""mlp.gate_proj"": 5.0, ""mlp.up_proj"": 4.0, ""self_attn.o_proj"": 2.0, ""self_attn.v_proj"": 1.0}","{""mlp.down_proj"": -0.0034873583260680036, ""mlp.gate_proj"": -0.00945179584120983, ""mlp.up_proj"": -0.004381161007667032, ""self_attn.o_proj"": -0.0035650623885918, ""self_attn.v_proj"": -0.004629629629629629}",0.0033359214170534516,-0.00843892285568671,7,equal7,True,"mlp.down_proj,mlp.gate_proj,mlp.up_proj,self_attn.k_proj,self_attn.o_proj,self_attn.q_proj,self_attn.v_proj",,491.0,488.7142857142857,491.0,2.2857142857142856,-0.003645001027595185,-0.004676995030692763,"{""mlp.down_proj"": 1147.0, ""mlp.gate_proj"": 529.0, ""mlp.up_proj"": 913.0, ""self_attn.k_proj"": 24.0, ""self_attn.o_proj"": 561.0, ""self_attn.q_proj"": 31.0, ""self_attn.v_proj"": 216.0}","{""mlp.down_proj"": 1151.0, ""mlp.gate_proj"": 534.0, ""mlp.up_proj"": 917.0, ""self_attn.k_proj"": 24.0, ""self_attn.o_proj"": 563.0, ""self_attn.q_proj"": 31.0, ""self_attn.v_proj"": 217.0}","{""mlp.down_proj"": 4.0, ""mlp.gate_proj"": 5.0, ""mlp.up_proj"": 4.0, ""self_attn.k_proj"": 0.0, ""self_attn.o_proj"": 2.0, ""self_attn.q_proj"": 0.0, ""self_attn.v_proj"": 1.0}","{""mlp.down_proj"": -0.0034873583260680036, ""mlp.gate_proj"": -0.00945179584120983, ""mlp.up_proj"": -0.004381161007667032, ""self_attn.k_proj"": 0.0, ""self_attn.o_proj"": -0.0035650623885918, ""self_attn.q_proj"": 0.0, ""self_attn.v_proj"": -0.004629629629629629}",-0.0014580004110380743,0.9142857142857146,185.39999999999998,False,True
qwen,offkd,20,E_ood,E_mmluPro,0.01,18,5,equal5_non_qk,True,"mlp.down_proj,mlp.gate_proj,mlp.up_proj,self_attn.o_proj,self_attn.v_proj","self_attn.q_proj,self_attn.k_proj",1613.2,1610.4,1613.2,2.8,-0.0017735347487560355,-0.001738698460009907,"{""mlp.down_proj"": 2156.0, ""mlp.gate_proj"": 1667.0, ""mlp.up_proj"": 2029.0, ""self_attn.o_proj"": 1471.0, ""self_attn.v_proj"": 729.0}","{""mlp.down_proj"": 2159.0, ""mlp.gate_proj"": 1671.0, ""mlp.up_proj"": 2031.0, ""self_attn.o_proj"": 1475.0, ""self_attn.v_proj"": 730.0}","{""mlp.down_proj"": 3.0, ""mlp.gate_proj"": 4.0, ""mlp.up_proj"": 2.0, ""self_attn.o_proj"": 4.0, ""self_attn.v_proj"": 1.0}","{""mlp.down_proj"": -0.0013914656771799629, ""mlp.gate_proj"": -0.0023995200959808036, ""mlp.up_proj"": -0.0009857072449482504, ""self_attn.o_proj"": -0.002719238613188307, ""self_attn.v_proj"": -0.0013717421124828531}",0.0010612064825568294,-0.0028347412313128647,7,equal7,True,"mlp.down_proj,mlp.gate_proj,mlp.up_proj,self_attn.k_proj,self_attn.o_proj,self_attn.q_proj,self_attn.v_proj",,1308.7142857142858,1305.5714285714287,1308.7142857142858,3.142857142857143,-0.0032288460299258388,-0.002407265565160277,"{""mlp.down_proj"": 2156.0, ""mlp.gate_proj"": 1667.0, ""mlp.up_proj"": 2029.0, ""self_attn.k_proj"": 402.0, ""self_attn.o_proj"": 1471.0, ""self_attn.q_proj"": 685.0, ""self_attn.v_proj"": 729.0}","{""mlp.down_proj"": 2159.0, ""mlp.gate_proj"": 1671.0, ""mlp.up_proj"": 2031.0, ""self_attn.k_proj"": 404.0, ""self_attn.o_proj"": 1475.0, ""self_attn.q_proj"": 691.0, ""self_attn.v_proj"": 730.0}","{""mlp.down_proj"": 3.0, ""mlp.gate_proj"": 4.0, ""mlp.up_proj"": 2.0, ""self_attn.k_proj"": 2.0, ""self_attn.o_proj"": 4.0, ""self_attn.q_proj"": 6.0, ""self_attn.v_proj"": 1.0}","{""mlp.down_proj"": -0.0013914656771799629, ""mlp.gate_proj"": -0.0023995200959808036, ""mlp.up_proj"": -0.0009857072449482504, ""self_attn.k_proj"": -0.004975124378109453, ""self_attn.o_proj"": -0.002719238613188307, ""self_attn.q_proj"": -0.008759124087591242, ""self_attn.v_proj"": -0.0013717421124828531}",0.0014553112811698033,-0.34285714285714297,304.48571428571427,False,True
qwen,offkd,20,E_ood,E_mmluPro,0.025,18,5,equal5_non_qk,True,"mlp.down_proj,mlp.gate_proj,mlp.up_proj,self_attn.o_proj,self_attn.v_proj","self_attn.q_proj,self_attn.k_proj",1271.8,1268.4,1271.8,3.4,-0.002729150055522889,-0.002680542415641646,"{""mlp.down_proj"": 1847.0, ""mlp.gate_proj"": 1163.0, ""mlp.up_proj"": 1655.0, ""self_attn.o_proj"": 1105.0, ""self_attn.v_proj"": 572.0}","{""mlp.down_proj"": 1851.0, ""mlp.gate_proj"": 1168.0, ""mlp.up_proj"": 1658.0, ""self_attn.o_proj"": 1109.0, ""self_attn.v_proj"": 573.0}","{""mlp.down_proj"": 4.0, ""mlp.gate_proj"": 5.0, ""mlp.up_proj"": 3.0, ""self_attn.o_proj"": 4.0, ""self_attn.v_proj"": 1.0}","{""mlp.down_proj"": -0.002165674066053059, ""mlp.gate_proj"": -0.004299226139294927, ""mlp.up_proj"": -0.0018126888217522659, ""self_attn.o_proj"": -0.0036199095022624436, ""self_attn.v_proj"": -0.0017482517482517483}",0.0014503423761478638,-0.004179492431670753,7,equal7,True,"mlp.down_proj,mlp.gate_proj,mlp.up_proj,self_attn.k_proj,self_attn.o_proj,self_attn.q_proj,self_attn.v_proj",,987.7142857142857,984.2857142857143,987.7142857142857,3.4285714285714284,-0.0052659286989818355,-0.003483309143686403,"{""mlp.down_proj"": 1847.0, ""mlp.gate_proj"": 1163.0, ""mlp.up_proj"": 1655.0, ""self_attn.k_proj"": 230.0, ""self_attn.o_proj"": 1105.0, ""self_attn.q_proj"": 318.0, ""self_attn.v_proj"": 572.0}","{""mlp.down_proj"": 1851.0, ""mlp.gate_proj"": 1168.0, ""mlp.up_proj"": 1658.0, ""self_attn.k_proj"": 231.0, ""self_attn.o_proj"": 1109.0, ""self_attn.q_proj"": 324.0, ""self_attn.v_proj"": 573.0}","{""mlp.down_proj"": 4.0, ""mlp.gate_proj"": 5.0, ""mlp.up_proj"": 3.0, ""self_attn.k_proj"": 1.0, ""self_attn.o_proj"": 4.0, ""self_attn.q_proj"": 6.0, ""self_attn.v_proj"": 1.0}","{""mlp.down_proj"": -0.002165674066053059, ""mlp.gate_proj"": -0.004299226139294927, ""mlp.up_proj"": -0.0018126888217522659, ""self_attn.k_proj"": -0.004347826086956522, ""self_attn.o_proj"": -0.0036199095022624436, ""self_attn.q_proj"": -0.018867924528301886, ""self_attn.v_proj"": -0.0017482517482517483}",0.0025367786434589467,-0.02857142857142847,284.0857142857143,False,True
qwen,offkd,20,E_ood,E_mmluPro,0.05,18,5,equal5_non_qk,True,"mlp.down_proj,mlp.gate_proj,mlp.up_proj,self_attn.o_proj,self_attn.v_proj","self_attn.q_proj,self_attn.k_proj",958.4,954.4,958.4,4.0,-0.004376118258452429,-0.004191114836546521,"{""mlp.down_proj"": 1519.0, ""mlp.gate_proj"": 731.0, ""mlp.up_proj"": 1281.0, ""self_attn.o_proj"": 810.0, ""self_attn.v_proj"": 431.0}","{""mlp.down_proj"": 1524.0, ""mlp.gate_proj"": 737.0, ""mlp.up_proj"": 1285.0, ""self_attn.o_proj"": 814.0, ""self_attn.v_proj"": 432.0}","{""mlp.down_proj"": 5.0, ""mlp.gate_proj"": 6.0, ""mlp.up_proj"": 4.0, ""self_attn.o_proj"": 4.0, ""self_attn.v_proj"": 1.0}","{""mlp.down_proj"": -0.0032916392363396972, ""mlp.gate_proj"": -0.008207934336525308, ""mlp.up_proj"": -0.00312256049960968, ""self_attn.o_proj"": -0.0049382716049382715, ""self_attn.v_proj"": -0.002320185614849188}",0.002341610174290294,-0.006717728432742723,7,equal7,True,"mlp.down_proj,mlp.gate_proj,mlp.up_proj,self_attn.k_proj,self_attn.o_proj,self_attn.q_proj,self_attn.v_proj",,719.0,715.5714285714286,719.0,3.4285714285714284,-0.007899238482455233,-0.00479137552405672,"{""mlp.down_proj"": 1519.0, ""mlp.gate_proj"": 731.0, ""mlp.up_proj"": 1281.0, ""self_attn.k_proj"": 116.0, ""self_attn.o_proj"": 810.0, ""self_attn.q_proj"": 121.0, ""self_attn.v_proj"": 431.0}","{""mlp.down_proj"": 1524.0, ""mlp.gate_proj"": 737.0, ""mlp.up_proj"": 1285.0, ""self_attn.k_proj"": 117.0, ""self_attn.o_proj"": 814.0, ""self_attn.q_proj"": 124.0, ""self_attn.v_proj"": 432.0}","{""mlp.down_proj"": 5.0, ""mlp.gate_proj"": 6.0, ""mlp.up_proj"": 4.0, ""self_attn.k_proj"": 1.0, ""self_attn.o_proj"": 4.0, ""self_attn.q_proj"": 3.0, ""self_attn.v_proj"": 1.0}","{""mlp.down_proj"": -0.0032916392363396972, ""mlp.gate_proj"": -0.008207934336525308, ""mlp.up_proj"": -0.00312256049960968, ""self_attn.k_proj"": -0.008620689655172414, ""self_attn.o_proj"": -0.0049382716049382715, ""self_attn.q_proj"": -0.024793388429752067, ""self_attn.v_proj"": -0.002320185614849188}",0.0035231202240028044,0.5714285714285716,239.39999999999998,False,True
qwen,offkd,20,E_ood,E_mmluPro,0.1,18,5,equal5_non_qk,True,"mlp.down_proj,mlp.gate_proj,mlp.up_proj,self_attn.o_proj,self_attn.v_proj","self_attn.q_proj,self_attn.k_proj",621.0,617.4,621.0,3.6,-0.006342584551616329,-0.005830903790087501,"{""mlp.down_proj"": 1114.0, ""mlp.gate_proj"": 327.0, ""mlp.up_proj"": 850.0, ""self_attn.o_proj"": 518.0, ""self_attn.v_proj"": 278.0}","{""mlp.down_proj"": 1120.0, ""mlp.gate_proj"": 331.0, ""mlp.up_proj"": 854.0, ""self_attn.o_proj"": 521.0, ""self_attn.v_proj"": 279.0}","{""mlp.down_proj"": 6.0, ""mlp.gate_proj"": 4.0, ""mlp.up_proj"": 4.0, ""self_attn.o_proj"": 3.0, ""self_attn.v_proj"": 1.0}","{""mlp.down_proj"": -0.005385996409335727, ""mlp.gate_proj"": -0.012232415902140673, ""mlp.up_proj"": -0.004705882352941176, ""self_attn.o_proj"": -0.005791505791505791, ""self_attn.v_proj"": -0.0035971223021582736}",0.0033359214170534516,-0.00967850596866978,7,equal7,True,"mlp.down_proj,mlp.gate_proj,mlp.up_proj,self_attn.k_proj,self_attn.o_proj,self_attn.q_proj,self_attn.v_proj",,453.2857142857143,450.42857142857144,453.2857142857143,2.857142857142857,-0.013596351602802871,-0.006343165239454433,"{""mlp.down_proj"": 1114.0, ""mlp.gate_proj"": 327.0, ""mlp.up_proj"": 850.0, ""self_attn.k_proj"": 40.0, ""self_attn.o_proj"": 518.0, ""self_attn.q_proj"": 26.0, ""self_attn.v_proj"": 278.0}","{""mlp.down_proj"": 1120.0, ""mlp.gate_proj"": 331.0, ""mlp.up_proj"": 854.0, ""self_attn.k_proj"": 41.0, ""self_attn.o_proj"": 521.0, ""self_attn.q_proj"": 27.0, ""self_attn.v_proj"": 279.0}","{""mlp.down_proj"": 6.0, ""mlp.gate_proj"": 4.0, ""mlp.up_proj"": 4.0, ""self_attn.k_proj"": 1.0, ""self_attn.o_proj"": 3.0, ""self_attn.q_proj"": 1.0, ""self_attn.v_proj"": 1.0}","{""mlp.down_proj"": -0.005385996409335727, ""mlp.gate_proj"": -0.012232415902140673, ""mlp.up_proj"": -0.004705882352941176, ""self_attn.k_proj"": -0.025, ""self_attn.o_proj"": -0.005791505791505791, ""self_attn.q_proj"": -0.038461538461538464, ""self_attn.v_proj"": -0.0035971223021582736}",0.007253767051186542,0.7428571428571429,167.71428571428572,False,True
qwen,offkd,40,E_general,E_general,0.01,18,5,equal5_non_qk,True,"mlp.down_proj,mlp.gate_proj,mlp.up_proj,self_attn.o_proj,self_attn.v_proj","self_attn.q_proj,self_attn.k_proj",1631.8,1634.4,1631.8,-2.6,0.0017742707299006205,0.0015907978463045376,"{""mlp.down_proj"": 2190.0, ""mlp.gate_proj"": 1641.0, ""mlp.up_proj"": 2064.0, ""self_attn.o_proj"": 1546.0, ""self_attn.v_proj"": 731.0}","{""mlp.down_proj"": 2188.0, ""mlp.gate_proj"": 1638.0, ""mlp.up_proj"": 2061.0, ""self_attn.o_proj"": 1543.0, ""self_attn.v_proj"": 729.0}","{""mlp.down_proj"": -2.0, ""mlp.gate_proj"": -3.0, ""mlp.up_proj"": -3.0, ""self_attn.o_proj"": -3.0, ""self_attn.v_proj"": -2.0}","{""mlp.down_proj"": 0.0009132420091324201, ""mlp.gate_proj"": 0.0018281535648994515, ""mlp.up_proj"": 0.0014534883720930232, ""self_attn.o_proj"": 0.0019404915912031048, ""self_attn.v_proj"": 0.0027359781121751026}",0.0017742707299006205,0.0,7,equal7,True,"mlp.down_proj,mlp.gate_proj,mlp.up_proj,self_attn.k_proj,self_attn.o_proj,self_attn.q_proj,self_attn.v_proj",,1325.857142857143,1328.4285714285713,1325.857142857143,-2.5714285714285716,0.0024104881318901066,0.0019356920098934393,"{""mlp.down_proj"": 2190.0, ""mlp.gate_proj"": 1641.0, ""mlp.up_proj"": 2064.0, ""self_attn.k_proj"": 400.0, ""self_attn.o_proj"": 1546.0, ""self_attn.q_proj"": 727.0, ""self_attn.v_proj"": 731.0}","{""mlp.down_proj"": 2188.0, ""mlp.gate_proj"": 1638.0, ""mlp.up_proj"": 2061.0, ""self_attn.k_proj"": 399.0, ""self_attn.o_proj"": 1543.0, ""self_attn.q_proj"": 723.0, ""self_attn.v_proj"": 729.0}","{""mlp.down_proj"": -2.0, ""mlp.gate_proj"": -3.0, ""mlp.up_proj"": -3.0, ""self_attn.k_proj"": -1.0, ""self_attn.o_proj"": -3.0, ""self_attn.q_proj"": -4.0, ""self_attn.v_proj"": -2.0}","{""mlp.down_proj"": 0.0009132420091324201, ""mlp.gate_proj"": 0.0018281535648994515, ""mlp.up_proj"": 0.0014534883720930232, ""self_attn.k_proj"": 0.0025, ""self_attn.o_proj"": 0.0019404915912031048, ""self_attn.q_proj"": 0.005502063273727648, ""self_attn.v_proj"": 0.0027359781121751026}",-0.0006362174019894861,-0.02857142857142847,305.94285714285706,False,True
qwen,offkd,40,E_general,E_general,0.025,18,5,equal5_non_qk,True,"mlp.down_proj,mlp.gate_proj,mlp.up_proj,self_attn.o_proj,self_attn.v_proj","self_attn.q_proj,self_attn.k_proj",1296.6,1299.6,1296.6,-3.0,0.0025895319907650685,0.0023084025854108957,"{""mlp.down_proj"": 1900.0, ""mlp.gate_proj"": 1133.0, ""mlp.up_proj"": 1706.0, ""self_attn.o_proj"": 1186.0, ""self_attn.v_proj"": 573.0}","{""mlp.down_proj"": 1898.0, ""mlp.gate_proj"": 1129.0, ""mlp.up_proj"": 1702.0, ""self_attn.o_proj"": 1183.0, ""self_attn.v_proj"": 571.0}","{""mlp.down_proj"": -2.0, ""mlp.gate_proj"": -4.0, ""mlp.up_proj"": -4.0, ""self_attn.o_proj"": -3.0, ""self_attn.v_proj"": -2.0}","{""mlp.down_proj"": 0.0010526315789473684, ""mlp.gate_proj"": 0.00353045013239188, ""mlp.up_proj"": 0.0023446658851113715, ""self_attn.o_proj"": 0.002529510961214165, ""self_attn.v_proj"": 0.0034904013961605585}",0.0025895319907650685,0.0,7,equal7,True,"mlp.down_proj,mlp.gate_proj,mlp.up_proj,self_attn.k_proj,self_attn.o_proj,self_attn.q_proj,self_attn.v_proj",,1008.5714285714286,1011.2857142857143,1008.5714285714286,-2.7142857142857144,0.0036896460812320176,0.0026839949145360154,"{""mlp.down_proj"": 1900.0, ""mlp.gate_proj"": 1133.0, ""mlp.up_proj"": 1706.0, ""self_attn.k_proj"": 227.0, ""self_attn.o_proj"": 1186.0, ""self_attn.q_proj"": 354.0, ""self_attn.v_proj"": 573.0}","{""mlp.down_proj"": 1898.0, ""mlp.gate_proj"": 1129.0, ""mlp.up_proj"": 1702.0, ""self_attn.k_proj"": 226.0, ""self_attn.o_proj"": 1183.0, ""self_attn.q_proj"": 351.0, ""self_attn.v_proj"": 571.0}","{""mlp.down_proj"": -2.0, ""mlp.gate_proj"": -4.0, ""mlp.up_proj"": -4.0, ""self_attn.k_proj"": -1.0, ""self_attn.o_proj"": -3.0, ""self_attn.q_proj"": -3.0, ""self_attn.v_proj"": -2.0}","{""mlp.down_proj"": 0.0010526315789473684, ""mlp.gate_proj"": 0.00353045013239188, ""mlp.up_proj"": 0.0023446658851113715, ""self_attn.k_proj"": 0.004405286343612335, ""self_attn.o_proj"": 0.002529510961214165, ""self_attn.q_proj"": 0.00847457627118644, ""self_attn.v_proj"": 0.0034904013961605585}",-0.0011001140904669492,-0.2857142857142856,288.02857142857135,False,True
qwen,offkd,40,E_general,E_general,0.05,18,5,equal5_non_qk,True,"mlp.down_proj,mlp.gate_proj,mlp.up_proj,self_attn.o_proj,self_attn.v_proj","self_attn.q_proj,self_attn.k_proj",988.0,991.2,988.0,-3.2,0.003716054953944837,0.003228410008071071,"{""mlp.down_proj"": 1590.0, ""mlp.gate_proj"": 701.0, ""mlp.up_proj"": 1344.0, ""self_attn.o_proj"": 890.0, ""self_attn.v_proj"": 431.0}","{""mlp.down_proj"": 1587.0, ""mlp.gate_proj"": 697.0, ""mlp.up_proj"": 1340.0, ""self_attn.o_proj"": 887.0, ""self_attn.v_proj"": 429.0}","{""mlp.down_proj"": -3.0, ""mlp.gate_proj"": -4.0, ""mlp.up_proj"": -4.0, ""self_attn.o_proj"": -3.0, ""self_attn.v_proj"": -2.0}","{""mlp.down_proj"": 0.0018867924528301887, ""mlp.gate_proj"": 0.005706134094151213, ""mlp.up_proj"": 0.002976190476190476, ""self_attn.o_proj"": 0.0033707865168539327, ""self_attn.v_proj"": 0.004640371229698376}",0.003716054953944837,0.0,7,equal7,True,"mlp.down_proj,mlp.gate_proj,mlp.up_proj,self_attn.k_proj,self_attn.o_proj,self_attn.q_proj,self_attn.v_proj",,742.2857142857143,744.7142857142857,742.2857142857143,-2.4285714285714284,0.003646388459166947,0.0032610780740455246,"{""mlp.down_proj"": 1590.0, ""mlp.gate_proj"": 701.0, ""mlp.up_proj"": 1344.0, ""self_attn.k_proj"": 113.0, ""self_attn.o_proj"": 890.0, ""self_attn.q_proj"": 144.0, ""self_attn.v_proj"": 431.0}","{""mlp.down_proj"": 1587.0, ""mlp.gate_proj"": 697.0, ""mlp.up_proj"": 1340.0, ""self_attn.k_proj"": 113.0, ""self_attn.o_proj"": 887.0, ""self_attn.q_proj"": 143.0, ""self_attn.v_proj"": 429.0}","{""mlp.down_proj"": -3.0, ""mlp.gate_proj"": -4.0, ""mlp.up_proj"": -4.0, ""self_attn.k_proj"": 0.0, ""self_attn.o_proj"": -3.0, ""self_attn.q_proj"": -1.0, ""self_attn.v_proj"": -2.0}","{""mlp.down_proj"": 0.0018867924528301887, ""mlp.gate_proj"": 0.005706134094151213, ""mlp.up_proj"": 0.002976190476190476, ""self_attn.k_proj"": 0.0, ""self_attn.o_proj"": 0.0033707865168539327, ""self_attn.q_proj"": 0.006944444444444444, ""self_attn.v_proj"": 0.004640371229698376}",6.966649477789001e-05,-0.7714285714285718,245.71428571428567,False,True
qwen,offkd,40,E_general,E_general,0.1,18,5,equal5_non_qk,True,"mlp.down_proj,mlp.gate_proj,mlp.up_proj,self_attn.o_proj,self_attn.v_proj","self_attn.q_proj,self_attn.k_proj",654.8,657.2,654.8,-2.4,0.00460866771538443,0.003651856360316632,"{""mlp.down_proj"": 1200.0, ""mlp.gate_proj"": 300.0, ""mlp.up_proj"": 920.0, ""self_attn.o_proj"": 589.0, ""self_attn.v_proj"": 277.0}","{""mlp.down_proj"": 1197.0, ""mlp.gate_proj"": 298.0, ""mlp.up_proj"": 917.0, ""self_attn.o_proj"": 587.0, ""self_attn.v_proj"": 275.0}","{""mlp.down_proj"": -3.0, ""mlp.gate_proj"": -2.0, ""mlp.up_proj"": -3.0, ""self_attn.o_proj"": -2.0, ""self_attn.v_proj"": -2.0}","{""mlp.down_proj"": 0.0025, ""mlp.gate_proj"": 0.006666666666666667, ""mlp.up_proj"": 0.003260869565217391, ""self_attn.o_proj"": 0.003395585738539898, ""self_attn.v_proj"": 0.007220216606498195}",0.00460866771538443,0.0,7,equal7,True,"mlp.down_proj,mlp.gate_proj,mlp.up_proj,self_attn.k_proj,self_attn.o_proj,self_attn.q_proj,self_attn.v_proj",,478.0,479.7142857142857,478.0,-1.7142857142857142,0.0032919055109888783,0.0035735556879094867,"{""mlp.down_proj"": 1200.0, ""mlp.gate_proj"": 300.0, ""mlp.up_proj"": 920.0, ""self_attn.k_proj"": 39.0, ""self_attn.o_proj"": 589.0, ""self_attn.q_proj"": 33.0, ""self_attn.v_proj"": 277.0}","{""mlp.down_proj"": 1197.0, ""mlp.gate_proj"": 298.0, ""mlp.up_proj"": 917.0, ""self_attn.k_proj"": 39.0, ""self_attn.o_proj"": 587.0, ""self_attn.q_proj"": 33.0, ""self_attn.v_proj"": 275.0}","{""mlp.down_proj"": -3.0, ""mlp.gate_proj"": -2.0, ""mlp.up_proj"": -3.0, ""self_attn.k_proj"": 0.0, ""self_attn.o_proj"": -2.0, ""self_attn.q_proj"": 0.0, ""self_attn.v_proj"": -2.0}","{""mlp.down_proj"": 0.0025, ""mlp.gate_proj"": 0.006666666666666667, ""mlp.up_proj"": 0.003260869565217391, ""self_attn.k_proj"": 0.0, ""self_attn.o_proj"": 0.003395585738539898, ""self_attn.q_proj"": 0.0, ""self_attn.v_proj"": 0.007220216606498195}",0.0013167622043955517,-0.6857142857142857,176.79999999999995,False,True
qwen,offkd,40,E_if,E_ifeval,0.01,18,5,equal5_non_qk,True,"mlp.down_proj,mlp.gate_proj,mlp.up_proj,self_attn.o_proj,self_attn.v_proj","self_attn.q_proj,self_attn.k_proj",1485.8,1484.2,1485.8,1.6,-0.0009907209293741272,-0.001078021829941995,"{""mlp.down_proj"": 2024.0, ""mlp.gate_proj"": 1528.0, ""mlp.up_proj"": 1933.0, ""self_attn.o_proj"": 1347.0, ""self_attn.v_proj"": 589.0}","{""mlp.down_proj"": 2026.0, ""mlp.gate_proj"": 1531.0, ""mlp.up_proj"": 1934.0, ""self_attn.o_proj"": 1349.0, ""self_attn.v_proj"": 589.0}","{""mlp.down_proj"": 2.0, ""mlp.gate_proj"": 3.0, ""mlp.up_proj"": 1.0, ""self_attn.o_proj"": 2.0, ""self_attn.v_proj"": 0.0}","{""mlp.down_proj"": -0.0009881422924901185, ""mlp.gate_proj"": -0.001963350785340314, ""mlp.up_proj"": -0.0005173305742369374, ""self_attn.o_proj"": -0.0014847809948032665, ""self_attn.v_proj"": 0.0}",0.0017742707299006205,-0.0027649916592747477,7,equal7,True,"mlp.down_proj,mlp.gate_proj,mlp.up_proj,self_attn.k_proj,self_attn.o_proj,self_attn.q_proj,self_attn.v_proj",,1175.7142857142858,1174.0,1175.7142857142858,1.7142857142857142,-0.0017981703475900255,-0.0014602092966659109,"{""mlp.down_proj"": 2024.0, ""mlp.gate_proj"": 1528.0, ""mlp.up_proj"": 1933.0, ""self_attn.k_proj"": 273.0, ""self_attn.o_proj"": 1347.0, ""self_attn.q_proj"": 524.0, ""self_attn.v_proj"": 589.0}","{""mlp.down_proj"": 2026.0, ""mlp.gate_proj"": 1531.0, ""mlp.up_proj"": 1934.0, ""self_attn.k_proj"": 273.0, ""self_attn.o_proj"": 1349.0, ""self_attn.q_proj"": 528.0, ""self_attn.v_proj"": 589.0}","{""mlp.down_proj"": 2.0, ""mlp.gate_proj"": 3.0, ""mlp.up_proj"": 1.0, ""self_attn.k_proj"": 0.0, ""self_attn.o_proj"": 2.0, ""self_attn.q_proj"": 4.0, ""self_attn.v_proj"": 0.0}","{""mlp.down_proj"": -0.0009881422924901185, ""mlp.gate_proj"": -0.001963350785340314, ""mlp.up_proj"": -0.0005173305742369374, ""self_attn.k_proj"": 0.0, ""self_attn.o_proj"": -0.0014847809948032665, ""self_attn.q_proj"": -0.007633587786259542, ""self_attn.v_proj"": 0.0}",0.0008074494182158983,-0.1142857142857141,310.0857142857142,False,True
qwen,offkd,40,E_if,E_ifeval,0.025,18,5,equal5_non_qk,True,"mlp.down_proj,mlp.gate_proj,mlp.up_proj,self_attn.o_proj,self_attn.v_proj","self_attn.q_proj,self_attn.k_proj",1111.6,1109.6,1111.6,2.0,-0.0016366533843284164,-0.0018024513338139871,"{""mlp.down_proj"": 1649.0, ""mlp.gate_proj"": 1005.0, ""mlp.up_proj"": 1521.0, ""self_attn.o_proj"": 969.0, ""self_attn.v_proj"": 404.0}","{""mlp.down_proj"": 1652.0, ""mlp.gate_proj"": 1008.0, ""mlp.up_proj"": 1523.0, ""self_attn.o_proj"": 971.0, ""self_attn.v_proj"": 404.0}","{""mlp.down_proj"": 3.0, ""mlp.gate_proj"": 3.0, ""mlp.up_proj"": 2.0, ""self_attn.o_proj"": 2.0, ""self_attn.v_proj"": 0.0}","{""mlp.down_proj"": -0.0018192844147968466, ""mlp.gate_proj"": -0.0029850746268656717, ""mlp.up_proj"": -0.0013149243918474688, ""self_attn.o_proj"": -0.0020639834881320948, ""self_attn.v_proj"": 0.0}",0.0025895319907650685,-0.004226185375093484,7,equal7,True,"mlp.down_proj,mlp.gate_proj,mlp.up_proj,self_attn.k_proj,self_attn.o_proj,self_attn.q_proj,self_attn.v_proj",,842.0,840.0,842.0,2.0,-0.004381059315443004,-0.002380952380952381,"{""mlp.down_proj"": 1649.0, ""mlp.gate_proj"": 1005.0, ""mlp.up_proj"": 1521.0, ""self_attn.k_proj"": 123.0, ""self_attn.o_proj"": 969.0, ""self_attn.q_proj"": 209.0, ""self_attn.v_proj"": 404.0}","{""mlp.down_proj"": 1652.0, ""mlp.gate_proj"": 1008.0, ""mlp.up_proj"": 1523.0, ""self_attn.k_proj"": 124.0, ""self_attn.o_proj"": 971.0, ""self_attn.q_proj"": 212.0, ""self_attn.v_proj"": 404.0}","{""mlp.down_proj"": 3.0, ""mlp.gate_proj"": 3.0, ""mlp.up_proj"": 2.0, ""self_attn.k_proj"": 1.0, ""self_attn.o_proj"": 2.0, ""self_attn.q_proj"": 3.0, ""self_attn.v_proj"": 0.0}","{""mlp.down_proj"": -0.0018192844147968466, ""mlp.gate_proj"": -0.0029850746268656717, ""mlp.up_proj"": -0.0013149243918474688, ""self_attn.k_proj"": -0.008130081300813009, ""self_attn.o_proj"": -0.0020639834881320948, ""self_attn.q_proj"": -0.014354066985645933, ""self_attn.v_proj"": 0.0}",0.0027444059311145875,0.0,269.5999999999999,False,True
qwen,offkd,40,E_if,E_ifeval,0.05,18,5,equal5_non_qk,True,"mlp.down_proj,mlp.gate_proj,mlp.up_proj,self_attn.o_proj,self_attn.v_proj","self_attn.q_proj,self_attn.k_proj",784.0,782.0,784.0,2.0,-0.0029414123342269343,-0.0025575447570332483,"{""mlp.down_proj"": 1274.0, ""mlp.gate_proj"": 584.0, ""mlp.up_proj"": 1127.0, ""self_attn.o_proj"": 672.0, ""self_attn.v_proj"": 253.0}","{""mlp.down_proj"": 1277.0, ""mlp.gate_proj"": 587.0, ""mlp.up_proj"": 1129.0, ""self_attn.o_proj"": 673.0, ""self_attn.v_proj"": 254.0}","{""mlp.down_proj"": 3.0, ""mlp.gate_proj"": 3.0, ""mlp.up_proj"": 2.0, ""self_attn.o_proj"": 1.0, ""self_attn.v_proj"": 1.0}","{""mlp.down_proj"": -0.002354788069073783, ""mlp.gate_proj"": -0.005136986301369863, ""mlp.up_proj"": -0.001774622892635315, ""self_attn.o_proj"": -0.001488095238095238, ""self_attn.v_proj"": -0.003952569169960474}",0.003716054953944837,-0.006657467288171771,7,equal7,True,"mlp.down_proj,mlp.gate_proj,mlp.up_proj,self_attn.k_proj,self_attn.o_proj,self_attn.q_proj,self_attn.v_proj",,577.4285714285714,575.7142857142857,577.4285714285714,1.7142857142857142,-0.006998967993835566,-0.0029776674937966392,"{""mlp.down_proj"": 1274.0, ""mlp.gate_proj"": 584.0, ""mlp.up_proj"": 1127.0, ""self_attn.k_proj"": 50.0, ""self_attn.o_proj"": 672.0, ""self_attn.q_proj"": 70.0, ""self_attn.v_proj"": 253.0}","{""mlp.down_proj"": 1277.0, ""mlp.gate_proj"": 587.0, ""mlp.up_proj"": 1129.0, ""self_attn.k_proj"": 51.0, ""self_attn.o_proj"": 673.0, ""self_attn.q_proj"": 71.0, ""self_attn.v_proj"": 254.0}","{""mlp.down_proj"": 3.0, ""mlp.gate_proj"": 3.0, ""mlp.up_proj"": 2.0, ""self_attn.k_proj"": 1.0, ""self_attn.o_proj"": 1.0, ""self_attn.q_proj"": 1.0, ""self_attn.v_proj"": 1.0}","{""mlp.down_proj"": -0.002354788069073783, ""mlp.gate_proj"": -0.005136986301369863, ""mlp.up_proj"": -0.001774622892635315, ""self_attn.k_proj"": -0.02, ""self_attn.o_proj"": -0.001488095238095238, ""self_attn.q_proj"": -0.014285714285714285, ""self_attn.v_proj"": -0.003952569169960474}",0.004057555659608632,0.2857142857142858,206.57142857142856,False,True
qwen,offkd,40,E_if,E_ifeval,0.1,18,5,equal5_non_qk,True,"mlp.down_proj,mlp.gate_proj,mlp.up_proj,self_attn.o_proj,self_attn.v_proj","self_attn.q_proj,self_attn.k_proj",454.4,453.0,454.4,1.4,-0.003892007549773968,-0.0030905077262692654,"{""mlp.down_proj"": 839.0, ""mlp.gate_proj"": 228.0, ""mlp.up_proj"": 695.0, ""self_attn.o_proj"": 387.0, ""self_attn.v_proj"": 116.0}","{""mlp.down_proj"": 842.0, ""mlp.gate_proj"": 229.0, ""mlp.up_proj"": 697.0, ""self_attn.o_proj"": 387.0, ""self_attn.v_proj"": 117.0}","{""mlp.down_proj"": 3.0, ""mlp.gate_proj"": 1.0, ""mlp.up_proj"": 2.0, ""self_attn.o_proj"": 0.0, ""self_attn.v_proj"": 1.0}","{""mlp.down_proj"": -0.003575685339690107, ""mlp.gate_proj"": -0.0043859649122807015, ""mlp.up_proj"": -0.0028776978417266188, ""self_attn.o_proj"": 0.0, ""self_attn.v_proj"": -0.008620689655172414}",0.00460866771538443,-0.008500675265158398,7,equal7,True,"mlp.down_proj,mlp.gate_proj,mlp.up_proj,self_attn.k_proj,self_attn.o_proj,self_attn.q_proj,self_attn.v_proj",,328.42857142857144,327.42857142857144,328.42857142857144,1.0,-0.0027800053926956914,-0.0030541012216404886,"{""mlp.down_proj"": 839.0, ""mlp.gate_proj"": 228.0, ""mlp.up_proj"": 695.0, ""self_attn.k_proj"": 16.0, ""self_attn.o_proj"": 387.0, ""self_attn.q_proj"": 11.0, ""self_attn.v_proj"": 116.0}","{""mlp.down_proj"": 842.0, ""mlp.gate_proj"": 229.0, ""mlp.up_proj"": 697.0, ""self_attn.k_proj"": 16.0, ""self_attn.o_proj"": 387.0, ""self_attn.q_proj"": 11.0, ""self_attn.v_proj"": 117.0}","{""mlp.down_proj"": 3.0, ""mlp.gate_proj"": 1.0, ""mlp.up_proj"": 2.0, ""self_attn.k_proj"": 0.0, ""self_attn.o_proj"": 0.0, ""self_attn.q_proj"": 0.0, ""self_attn.v_proj"": 1.0}","{""mlp.down_proj"": -0.003575685339690107, ""mlp.gate_proj"": -0.0043859649122807015, ""mlp.up_proj"": -0.0028776978417266188, ""self_attn.k_proj"": 0.0, ""self_attn.o_proj"": 0.0, ""self_attn.q_proj"": 0.0, ""self_attn.v_proj"": -0.008620689655172414}",-0.0011120021570782766,0.3999999999999999,125.97142857142853,False,True
qwen,offkd,40,E_math,E_mathHeld,0.01,18,5,equal5_non_qk,True,"mlp.down_proj,mlp.gate_proj,mlp.up_proj,self_attn.o_proj,self_attn.v_proj","self_attn.q_proj,self_attn.k_proj",1651.0,1649.6,1651.0,1.4,-0.0007826729368926031,-0.0008486905916586391,"{""mlp.down_proj"": 2176.0, ""mlp.gate_proj"": 1819.0, ""mlp.up_proj"": 2046.0, ""self_attn.o_proj"": 1520.0, ""self_attn.v_proj"": 687.0}","{""mlp.down_proj"": 2177.0, ""mlp.gate_proj"": 1822.0, ""mlp.up_proj"": 2047.0, ""self_attn.o_proj"": 1522.0, ""self_attn.v_proj"": 687.0}","{""mlp.down_proj"": 1.0, ""mlp.gate_proj"": 3.0, ""mlp.up_proj"": 1.0, ""self_attn.o_proj"": 2.0, ""self_attn.v_proj"": 0.0}","{""mlp.down_proj"": -0.00045955882352941176, ""mlp.gate_proj"": -0.0016492578339747114, ""mlp.up_proj"": -0.0004887585532746823, ""self_attn.o_proj"": -0.0013157894736842105, ""self_attn.v_proj"": 0.0}",0.0017742707299006205,-0.002556943666793224,7,equal7,True,"mlp.down_proj,mlp.gate_proj,mlp.up_proj,self_attn.k_proj,self_attn.o_proj,self_attn.q_proj,self_attn.v_proj",,1340.142857142857,1339.0,1340.142857142857,1.1428571428571428,-0.0007465286632097523,-0.0008535154166221885,"{""mlp.down_proj"": 2176.0, ""mlp.gate_proj"": 1819.0, ""mlp.up_proj"": 2046.0, ""self_attn.k_proj"": 363.0, ""self_attn.o_proj"": 1520.0, ""self_attn.q_proj"": 762.0, ""self_attn.v_proj"": 687.0}","{""mlp.down_proj"": 2177.0, ""mlp.gate_proj"": 1822.0, ""mlp.up_proj"": 2047.0, ""self_attn.k_proj"": 363.0, ""self_attn.o_proj"": 1522.0, ""self_attn.q_proj"": 763.0, ""self_attn.v_proj"": 687.0}","{""mlp.down_proj"": 1.0, ""mlp.gate_proj"": 3.0, ""mlp.up_proj"": 1.0, ""self_attn.k_proj"": 0.0, ""self_attn.o_proj"": 2.0, ""self_attn.q_proj"": 1.0, ""self_attn.v_proj"": 0.0}","{""mlp.down_proj"": -0.00045955882352941176, ""mlp.gate_proj"": -0.0016492578339747114, ""mlp.up_proj"": -0.0004887585532746823, ""self_attn.k_proj"": 0.0, ""self_attn.o_proj"": -0.0013157894736842105, ""self_attn.q_proj"": -0.0013123359580052493, ""self_attn.v_proj"": 0.0}",-3.6144273682850794e-05,0.2571428571428571,310.8571428571429,False,True
qwen,offkd,40,E_math,E_mathHeld,0.025,18,5,equal5_non_qk,True,"mlp.down_proj,mlp.gate_proj,mlp.up_proj,self_attn.o_proj,self_attn.v_proj","self_attn.q_proj,self_attn.k_proj",1323.8,1322.2,1323.8,1.6,-0.0008763399357024189,-0.0012101043715019733,"{""mlp.down_proj"": 1875.0, ""mlp.gate_proj"": 1369.0, ""mlp.up_proj"": 1691.0, ""self_attn.o_proj"": 1157.0, ""self_attn.v_proj"": 519.0}","{""mlp.down_proj"": 1877.0, ""mlp.gate_proj"": 1373.0, ""mlp.up_proj"": 1692.0, ""self_attn.o_proj"": 1159.0, ""self_attn.v_proj"": 518.0}","{""mlp.down_proj"": 2.0, ""mlp.gate_proj"": 4.0, ""mlp.up_proj"": 1.0, ""self_attn.o_proj"": 2.0, ""self_attn.v_proj"": -1.0}","{""mlp.down_proj"": -0.0010666666666666667, ""mlp.gate_proj"": -0.0029218407596785976, ""mlp.up_proj"": -0.0005913660555884093, ""self_attn.o_proj"": -0.001728608470181504, ""self_attn.v_proj"": 0.0019267822736030828}",0.0025895319907650685,-0.0034658719264674875,7,equal7,True,"mlp.down_proj,mlp.gate_proj,mlp.up_proj,self_attn.k_proj,self_attn.o_proj,self_attn.q_proj,self_attn.v_proj",,1026.857142857143,1025.5714285714287,1026.857142857143,1.2857142857142858,-0.001002888872278961,-0.0012536564981194518,"{""mlp.down_proj"": 1875.0, ""mlp.gate_proj"": 1369.0, ""mlp.up_proj"": 1691.0, ""self_attn.k_proj"": 189.0, ""self_attn.o_proj"": 1157.0, ""self_attn.q_proj"": 379.0, ""self_attn.v_proj"": 519.0}","{""mlp.down_proj"": 1877.0, ""mlp.gate_proj"": 1373.0, ""mlp.up_proj"": 1692.0, ""self_attn.k_proj"": 189.0, ""self_attn.o_proj"": 1159.0, ""self_attn.q_proj"": 380.0, ""self_attn.v_proj"": 518.0}","{""mlp.down_proj"": 2.0, ""mlp.gate_proj"": 4.0, ""mlp.up_proj"": 1.0, ""self_attn.k_proj"": 0.0, ""self_attn.o_proj"": 2.0, ""self_attn.q_proj"": 1.0, ""self_attn.v_proj"": -1.0}","{""mlp.down_proj"": -0.0010666666666666667, ""mlp.gate_proj"": -0.0029218407596785976, ""mlp.up_proj"": -0.0005913660555884093, ""self_attn.k_proj"": 0.0, ""self_attn.o_proj"": -0.001728608470181504, ""self_attn.q_proj"": -0.002638522427440633, ""self_attn.v_proj"": 0.0019267822736030828}",0.0001265489365765421,0.3142857142857143,296.94285714285706,False,True
qwen,offkd,40,E_math,E_mathHeld,0.05,18,5,equal5_non_qk,True,"mlp.down_proj,mlp.gate_proj,mlp.up_proj,self_attn.o_proj,self_attn.v_proj","self_attn.q_proj,self_attn.k_proj",1016.2,1014.2,1016.2,2.0,-0.0015300900847839821,-0.0019719976336028395,"{""mlp.down_proj"": 1552.0, ""mlp.gate_proj"": 956.0, ""mlp.up_proj"": 1332.0, ""self_attn.o_proj"": 860.0, ""self_attn.v_proj"": 371.0}","{""mlp.down_proj"": 1554.0, ""mlp.gate_proj"": 961.0, ""mlp.up_proj"": 1334.0, ""self_attn.o_proj"": 862.0, ""self_attn.v_proj"": 370.0}","{""mlp.down_proj"": 2.0, ""mlp.gate_proj"": 5.0, ""mlp.up_proj"": 2.0, ""self_attn.o_proj"": 2.0, ""self_attn.v_proj"": -1.0}","{""mlp.down_proj"": -0.001288659793814433, ""mlp.gate_proj"": -0.005230125523012552, ""mlp.up_proj"": -0.0015015015015015015, ""self_attn.o_proj"": -0.002325581395348837, ""self_attn.v_proj"": 0.0026954177897574125}",0.003716054953944837,-0.005246145038728819,7,equal7,True,"mlp.down_proj,mlp.gate_proj,mlp.up_proj,self_attn.k_proj,self_attn.o_proj,self_attn.q_proj,self_attn.v_proj",,759.8571428571429,758.1428571428571,759.8571428571429,1.7142857142857142,-0.0037627255526637023,-0.00226116449971744,"{""mlp.down_proj"": 1552.0, ""mlp.gate_proj"": 956.0, ""mlp.up_proj"": 1332.0, ""self_attn.k_proj"": 82.0, ""self_attn.o_proj"": 860.0, ""self_attn.q_proj"": 154.0, ""self_attn.v_proj"": 371.0}","{""mlp.down_proj"": 1554.0, ""mlp.gate_proj"": 961.0, ""mlp.up_proj"": 1334.0, ""self_attn.k_proj"": 83.0, ""self_attn.o_proj"": 862.0, ""self_attn.q_proj"": 155.0, ""self_attn.v_proj"": 370.0}","{""mlp.down_proj"": 2.0, ""mlp.gate_proj"": 5.0, ""mlp.up_proj"": 2.0, ""self_attn.k_proj"": 1.0, ""self_attn.o_proj"": 2.0, ""self_attn.q_proj"": 1.0, ""self_attn.v_proj"": -1.0}","{""mlp.down_proj"": -0.001288659793814433, ""mlp.gate_proj"": -0.005230125523012552, ""mlp.up_proj"": -0.0015015015015015015, ""self_attn.k_proj"": -0.012195121951219513, ""self_attn.o_proj"": -0.002325581395348837, ""self_attn.q_proj"": -0.006493506493506494, ""self_attn.v_proj"": 0.0026954177897574125}",0.0022326354678797204,0.2857142857142858,256.34285714285716,False,True
qwen,offkd,40,E_math,E_mathHeld,0.1,18,5,equal5_non_qk,True,"mlp.down_proj,mlp.gate_proj,mlp.up_proj,self_attn.o_proj,self_attn.v_proj","self_attn.q_proj,self_attn.k_proj",675.0,673.2,675.0,1.8,-0.002655645506826256,-0.0026737967914437825,"{""mlp.down_proj"": 1147.0, ""mlp.gate_proj"": 529.0, ""mlp.up_proj"": 913.0, ""self_attn.o_proj"": 561.0, ""self_attn.v_proj"": 216.0}","{""mlp.down_proj"": 1149.0, ""mlp.gate_proj"": 533.0, ""mlp.up_proj"": 915.0, ""self_attn.o_proj"": 562.0, ""self_attn.v_proj"": 216.0}","{""mlp.down_proj"": 2.0, ""mlp.gate_proj"": 4.0, ""mlp.up_proj"": 2.0, ""self_attn.o_proj"": 1.0, ""self_attn.v_proj"": 0.0}","{""mlp.down_proj"": -0.0017436791630340018, ""mlp.gate_proj"": -0.007561436672967864, ""mlp.up_proj"": -0.002190580503833516, ""self_attn.o_proj"": -0.0017825311942959, ""self_attn.v_proj"": 0.0}",0.00460866771538443,-0.007264313222210686,7,equal7,True,"mlp.down_proj,mlp.gate_proj,mlp.up_proj,self_attn.k_proj,self_attn.o_proj,self_attn.q_proj,self_attn.v_proj",,490.0,488.7142857142857,490.0,1.2857142857142858,-0.00189688964773304,-0.002630809704764672,"{""mlp.down_proj"": 1147.0, ""mlp.gate_proj"": 529.0, ""mlp.up_proj"": 913.0, ""self_attn.k_proj"": 24.0, ""self_attn.o_proj"": 561.0, ""self_attn.q_proj"": 31.0, ""self_attn.v_proj"": 216.0}","{""mlp.down_proj"": 1149.0, ""mlp.gate_proj"": 533.0, ""mlp.up_proj"": 915.0, ""self_attn.k_proj"": 24.0, ""self_attn.o_proj"": 562.0, ""self_attn.q_proj"": 31.0, ""self_attn.v_proj"": 216.0}","{""mlp.down_proj"": 2.0, ""mlp.gate_proj"": 4.0, ""mlp.up_proj"": 2.0, ""self_attn.k_proj"": 0.0, ""self_attn.o_proj"": 1.0, ""self_attn.q_proj"": 0.0, ""self_attn.v_proj"": 0.0}","{""mlp.down_proj"": -0.0017436791630340018, ""mlp.gate_proj"": -0.007561436672967864, ""mlp.up_proj"": -0.002190580503833516, ""self_attn.k_proj"": 0.0, ""self_attn.o_proj"": -0.0017825311942959, ""self_attn.q_proj"": 0.0, ""self_attn.v_proj"": 0.0}",-0.0007587558590932161,0.5142857142857142,185.0,False,True
qwen,offkd,40,E_ood,E_mmluPro,0.01,18,5,equal5_non_qk,True,"mlp.down_proj,mlp.gate_proj,mlp.up_proj,self_attn.o_proj,self_attn.v_proj","self_attn.q_proj,self_attn.k_proj",1611.2,1610.4,1611.2,0.8,-0.00030308020057862864,-0.000496770988574239,"{""mlp.down_proj"": 2156.0, ""mlp.gate_proj"": 1667.0, ""mlp.up_proj"": 2029.0, ""self_attn.o_proj"": 1471.0, ""self_attn.v_proj"": 729.0}","{""mlp.down_proj"": 2158.0, ""mlp.gate_proj"": 1668.0, ""mlp.up_proj"": 2029.0, ""self_attn.o_proj"": 1473.0, ""self_attn.v_proj"": 728.0}","{""mlp.down_proj"": 2.0, ""mlp.gate_proj"": 1.0, ""mlp.up_proj"": 0.0, ""self_attn.o_proj"": 2.0, ""self_attn.v_proj"": -1.0}","{""mlp.down_proj"": -0.0009276437847866419, ""mlp.gate_proj"": -0.0005998800239952009, ""mlp.up_proj"": 0.0, ""self_attn.o_proj"": -0.0013596193065941536, ""self_attn.v_proj"": 0.0013717421124828531}",0.0017742707299006205,-0.002077350930479249,7,equal7,True,"mlp.down_proj,mlp.gate_proj,mlp.up_proj,self_attn.k_proj,self_attn.o_proj,self_attn.q_proj,self_attn.v_proj",,1306.5714285714287,1305.5714285714287,1306.5714285714287,1.0,-0.0009889530315921355,-0.0007659481343691869,"{""mlp.down_proj"": 2156.0, ""mlp.gate_proj"": 1667.0, ""mlp.up_proj"": 2029.0, ""self_attn.k_proj"": 402.0, ""self_attn.o_proj"": 1471.0, ""self_attn.q_proj"": 685.0, ""self_attn.v_proj"": 729.0}","{""mlp.down_proj"": 2158.0, ""mlp.gate_proj"": 1668.0, ""mlp.up_proj"": 2029.0, ""self_attn.k_proj"": 403.0, ""self_attn.o_proj"": 1473.0, ""self_attn.q_proj"": 687.0, ""self_attn.v_proj"": 728.0}","{""mlp.down_proj"": 2.0, ""mlp.gate_proj"": 1.0, ""mlp.up_proj"": 0.0, ""self_attn.k_proj"": 1.0, ""self_attn.o_proj"": 2.0, ""self_attn.q_proj"": 2.0, ""self_attn.v_proj"": -1.0}","{""mlp.down_proj"": -0.0009276437847866419, ""mlp.gate_proj"": -0.0005998800239952009, ""mlp.up_proj"": 0.0, ""self_attn.k_proj"": -0.0024875621890547263, ""self_attn.o_proj"": -0.0013596193065941536, ""self_attn.q_proj"": -0.00291970802919708, ""self_attn.v_proj"": 0.0013717421124828531}",0.0006858728310135068,-0.19999999999999996,304.6285714285714,False,True
qwen,offkd,40,E_ood,E_mmluPro,0.025,18,5,equal5_non_qk,True,"mlp.down_proj,mlp.gate_proj,mlp.up_proj,self_attn.o_proj,self_attn.v_proj","self_attn.q_proj,self_attn.k_proj",1270.0,1268.4,1270.0,1.6,-0.001034094322312367,-0.0012614317250078122,"{""mlp.down_proj"": 1847.0, ""mlp.gate_proj"": 1163.0, ""mlp.up_proj"": 1655.0, ""self_attn.o_proj"": 1105.0, ""self_attn.v_proj"": 572.0}","{""mlp.down_proj"": 1850.0, ""mlp.gate_proj"": 1166.0, ""mlp.up_proj"": 1655.0, ""self_attn.o_proj"": 1108.0, ""self_attn.v_proj"": 571.0}","{""mlp.down_proj"": 3.0, ""mlp.gate_proj"": 3.0, ""mlp.up_proj"": 0.0, ""self_attn.o_proj"": 3.0, ""self_attn.v_proj"": -1.0}","{""mlp.down_proj"": -0.0016242555495397943, ""mlp.gate_proj"": -0.0025795356835769563, ""mlp.up_proj"": 0.0, ""self_attn.o_proj"": -0.0027149321266968325, ""self_attn.v_proj"": 0.0017482517482517483}",0.0025895319907650685,-0.0036236263130774355,7,equal7,True,"mlp.down_proj,mlp.gate_proj,mlp.up_proj,self_attn.k_proj,self_attn.o_proj,self_attn.q_proj,self_attn.v_proj",,985.8571428571429,984.2857142857143,985.8571428571429,1.5714285714285714,-0.002258229410659855,-0.001596516690856297,"{""mlp.down_proj"": 1847.0, ""mlp.gate_proj"": 1163.0, ""mlp.up_proj"": 1655.0, ""self_attn.k_proj"": 230.0, ""self_attn.o_proj"": 1105.0, ""self_attn.q_proj"": 318.0, ""self_attn.v_proj"": 572.0}","{""mlp.down_proj"": 1850.0, ""mlp.gate_proj"": 1166.0, ""mlp.up_proj"": 1655.0, ""self_attn.k_proj"": 231.0, ""self_attn.o_proj"": 1108.0, ""self_attn.q_proj"": 320.0, ""self_attn.v_proj"": 571.0}","{""mlp.down_proj"": 3.0, ""mlp.gate_proj"": 3.0, ""mlp.up_proj"": 0.0, ""self_attn.k_proj"": 1.0, ""self_attn.o_proj"": 3.0, ""self_attn.q_proj"": 2.0, ""self_attn.v_proj"": -1.0}","{""mlp.down_proj"": -0.0016242555495397943, ""mlp.gate_proj"": -0.0025795356835769563, ""mlp.up_proj"": 0.0, ""self_attn.k_proj"": -0.004347826086956522, ""self_attn.o_proj"": -0.0027149321266968325, ""self_attn.q_proj"": -0.006289308176100629, ""self_attn.v_proj"": 0.0017482517482517483}",0.001224135088347488,0.028571428571428692,284.1428571428571,False,True
qwen,offkd,40,E_ood,E_mmluPro,0.05,18,5,equal5_non_qk,True,"mlp.down_proj,mlp.gate_proj,mlp.up_proj,self_attn.o_proj,self_attn.v_proj","self_attn.q_proj,self_attn.k_proj",956.4,954.4,956.4,2.0,-0.0017802873542182695,-0.0020955574182732607,"{""mlp.down_proj"": 1519.0, ""mlp.gate_proj"": 731.0, ""mlp.up_proj"": 1281.0, ""self_attn.o_proj"": 810.0, ""self_attn.v_proj"": 431.0}","{""mlp.down_proj"": 1523.0, ""mlp.gate_proj"": 734.0, ""mlp.up_proj"": 1282.0, ""self_attn.o_proj"": 813.0, ""self_attn.v_proj"": 430.0}","{""mlp.down_proj"": 4.0, ""mlp.gate_proj"": 3.0, ""mlp.up_proj"": 1.0, ""self_attn.o_proj"": 3.0, ""self_attn.v_proj"": -1.0}","{""mlp.down_proj"": -0.0026333113890717576, ""mlp.gate_proj"": -0.004103967168262654, ""mlp.up_proj"": -0.00078064012490242, ""self_attn.o_proj"": -0.003703703703703704, ""self_attn.v_proj"": 0.002320185614849188}",0.003716054953944837,-0.0054963423081631066,7,equal7,True,"mlp.down_proj,mlp.gate_proj,mlp.up_proj,self_attn.k_proj,self_attn.o_proj,self_attn.q_proj,self_attn.v_proj",,717.4285714285714,715.5714285714286,717.4285714285714,1.8571428571428572,-0.004864436006585497,-0.00259532840886409,"{""mlp.down_proj"": 1519.0, ""mlp.gate_proj"": 731.0, ""mlp.up_proj"": 1281.0, ""self_attn.k_proj"": 116.0, ""self_attn.o_proj"": 810.0, ""self_attn.q_proj"": 121.0, ""self_attn.v_proj"": 431.0}","{""mlp.down_proj"": 1523.0, ""mlp.gate_proj"": 734.0, ""mlp.up_proj"": 1282.0, ""self_attn.k_proj"": 117.0, ""self_attn.o_proj"": 813.0, ""self_attn.q_proj"": 123.0, ""self_attn.v_proj"": 430.0}","{""mlp.down_proj"": 4.0, ""mlp.gate_proj"": 3.0, ""mlp.up_proj"": 1.0, ""self_attn.k_proj"": 1.0, ""self_attn.o_proj"": 3.0, ""self_attn.q_proj"": 2.0, ""self_attn.v_proj"": -1.0}","{""mlp.down_proj"": -0.0026333113890717576, ""mlp.gate_proj"": -0.004103967168262654, ""mlp.up_proj"": -0.00078064012490242, ""self_attn.k_proj"": -0.008620689655172414, ""self_attn.o_proj"": -0.003703703703703704, ""self_attn.q_proj"": -0.01652892561983471, ""self_attn.v_proj"": 0.002320185614849188}",0.003084148652367227,0.1428571428571428,238.97142857142853,False,True
qwen,offkd,40,E_ood,E_mmluPro,0.1,18,5,equal5_non_qk,True,"mlp.down_proj,mlp.gate_proj,mlp.up_proj,self_attn.o_proj,self_attn.v_proj","self_attn.q_proj,self_attn.k_proj",619.6,617.4,619.6,2.2,-0.0032558930006069573,-0.0035633300939424124,"{""mlp.down_proj"": 1114.0, ""mlp.gate_proj"": 327.0, ""mlp.up_proj"": 850.0, ""self_attn.o_proj"": 518.0, ""self_attn.v_proj"": 278.0}","{""mlp.down_proj"": 1119.0, ""mlp.gate_proj"": 330.0, ""mlp.up_proj"": 852.0, ""self_attn.o_proj"": 520.0, ""self_attn.v_proj"": 277.0}","{""mlp.down_proj"": 5.0, ""mlp.gate_proj"": 3.0, ""mlp.up_proj"": 2.0, ""self_attn.o_proj"": 2.0, ""self_attn.v_proj"": -1.0}","{""mlp.down_proj"": -0.004488330341113106, ""mlp.gate_proj"": -0.009174311926605505, ""mlp.up_proj"": -0.002352941176470588, ""self_attn.o_proj"": -0.003861003861003861, ""self_attn.v_proj"": 0.0035971223021582736}",0.00460866771538443,-0.007864560715991387,7,equal7,True,"mlp.down_proj,mlp.gate_proj,mlp.up_proj,self_attn.k_proj,self_attn.o_proj,self_attn.q_proj,self_attn.v_proj",,452.14285714285717,450.42857142857144,452.14285714285717,1.7142857142857142,-0.00589706642900497,-0.0038058991436727106,"{""mlp.down_proj"": 1114.0, ""mlp.gate_proj"": 327.0, ""mlp.up_proj"": 850.0, ""self_attn.k_proj"": 40.0, ""self_attn.o_proj"": 518.0, ""self_attn.q_proj"": 26.0, ""self_attn.v_proj"": 278.0}","{""mlp.down_proj"": 1119.0, ""mlp.gate_proj"": 330.0, ""mlp.up_proj"": 852.0, ""self_attn.k_proj"": 41.0, ""self_attn.o_proj"": 520.0, ""self_attn.q_proj"": 26.0, ""self_attn.v_proj"": 277.0}","{""mlp.down_proj"": 5.0, ""mlp.gate_proj"": 3.0, ""mlp.up_proj"": 2.0, ""self_attn.k_proj"": 1.0, ""self_attn.o_proj"": 2.0, ""self_attn.q_proj"": 0.0, ""self_attn.v_proj"": -1.0}","{""mlp.down_proj"": -0.004488330341113106, ""mlp.gate_proj"": -0.009174311926605505, ""mlp.up_proj"": -0.002352941176470588, ""self_attn.k_proj"": -0.025, ""self_attn.o_proj"": -0.003861003861003861, ""self_attn.q_proj"": 0.0, ""self_attn.v_proj"": 0.0035971223021582736}",0.0026411734283980125,0.485714285714286,167.45714285714286,False,True
qwen,offkd,80,E_general,E_general,0.01,18,5,equal5_non_qk,True,"mlp.down_proj,mlp.gate_proj,mlp.up_proj,self_attn.o_proj,self_attn.v_proj","self_attn.q_proj,self_attn.k_proj",1630.2,1634.4,1630.2,-4.2,0.002892921773251884,0.002569750367107223,"{""mlp.down_proj"": 2190.0, ""mlp.gate_proj"": 1641.0, ""mlp.up_proj"": 2064.0, ""self_attn.o_proj"": 1546.0, ""self_attn.v_proj"": 731.0}","{""mlp.down_proj"": 2187.0, ""mlp.gate_proj"": 1635.0, ""mlp.up_proj"": 2061.0, ""self_attn.o_proj"": 1540.0, ""self_attn.v_proj"": 728.0}","{""mlp.down_proj"": -3.0, ""mlp.gate_proj"": -6.0, ""mlp.up_proj"": -3.0, ""self_attn.o_proj"": -6.0, ""self_attn.v_proj"": -3.0}","{""mlp.down_proj"": 0.0013698630136986301, ""mlp.gate_proj"": 0.003656307129798903, ""mlp.up_proj"": 0.0014534883720930232, ""self_attn.o_proj"": 0.0038809831824062097, ""self_attn.v_proj"": 0.004103967168262654}",0.002892921773251884,0.0,7,equal7,True,"mlp.down_proj,mlp.gate_proj,mlp.up_proj,self_attn.k_proj,self_attn.o_proj,self_attn.q_proj,self_attn.v_proj",,1323.5714285714287,1328.4285714285713,1323.5714285714287,-4.857142857142857,0.005102823864368363,0.0036563071297987565,"{""mlp.down_proj"": 2190.0, ""mlp.gate_proj"": 1641.0, ""mlp.up_proj"": 2064.0, ""self_attn.k_proj"": 400.0, ""self_attn.o_proj"": 1546.0, ""self_attn.q_proj"": 727.0, ""self_attn.v_proj"": 731.0}","{""mlp.down_proj"": 2187.0, ""mlp.gate_proj"": 1635.0, ""mlp.up_proj"": 2061.0, ""self_attn.k_proj"": 397.0, ""self_attn.o_proj"": 1540.0, ""self_attn.q_proj"": 717.0, ""self_attn.v_proj"": 728.0}","{""mlp.down_proj"": -3.0, ""mlp.gate_proj"": -6.0, ""mlp.up_proj"": -3.0, ""self_attn.k_proj"": -3.0, ""self_attn.o_proj"": -6.0, ""self_attn.q_proj"": -10.0, ""self_attn.v_proj"": -3.0}","{""mlp.down_proj"": 0.0013698630136986301, ""mlp.gate_proj"": 0.003656307129798903, ""mlp.up_proj"": 0.0014534883720930232, ""self_attn.k_proj"": 0.0075, ""self_attn.o_proj"": 0.0038809831824062097, ""self_attn.q_proj"": 0.013755158184319119, ""self_attn.v_proj"": 0.004103967168262654}",-0.0022099020911164786,0.6571428571428566,306.6285714285714,False,True
qwen,offkd,80,E_general,E_general,0.025,18,5,equal5_non_qk,True,"mlp.down_proj,mlp.gate_proj,mlp.up_proj,self_attn.o_proj,self_attn.v_proj","self_attn.q_proj,self_attn.k_proj",1294.2,1299.6,1294.2,-5.4,0.004827364098763431,0.0041551246537395075,"{""mlp.down_proj"": 1900.0, ""mlp.gate_proj"": 1133.0, ""mlp.up_proj"": 1706.0, ""self_attn.o_proj"": 1186.0, ""self_attn.v_proj"": 573.0}","{""mlp.down_proj"": 1896.0, ""mlp.gate_proj"": 1125.0, ""mlp.up_proj"": 1701.0, ""self_attn.o_proj"": 1180.0, ""self_attn.v_proj"": 569.0}","{""mlp.down_proj"": -4.0, ""mlp.gate_proj"": -8.0, ""mlp.up_proj"": -5.0, ""self_attn.o_proj"": -6.0, ""self_attn.v_proj"": -4.0}","{""mlp.down_proj"": 0.002105263157894737, ""mlp.gate_proj"": 0.00706090026478376, ""mlp.up_proj"": 0.0029308323563892145, ""self_attn.o_proj"": 0.00505902192242833, ""self_attn.v_proj"": 0.006980802792321117}",0.004827364098763431,0.0,7,equal7,True,"mlp.down_proj,mlp.gate_proj,mlp.up_proj,self_attn.k_proj,self_attn.o_proj,self_attn.q_proj,self_attn.v_proj",,1006.0,1011.2857142857143,1006.0,-5.285714285714286,0.008160955832012743,0.005226726938833216,"{""mlp.down_proj"": 1900.0, ""mlp.gate_proj"": 1133.0, ""mlp.up_proj"": 1706.0, ""self_attn.k_proj"": 227.0, ""self_attn.o_proj"": 1186.0, ""self_attn.q_proj"": 354.0, ""self_attn.v_proj"": 573.0}","{""mlp.down_proj"": 1896.0, ""mlp.gate_proj"": 1125.0, ""mlp.up_proj"": 1701.0, ""self_attn.k_proj"": 224.0, ""self_attn.o_proj"": 1180.0, ""self_attn.q_proj"": 347.0, ""self_attn.v_proj"": 569.0}","{""mlp.down_proj"": -4.0, ""mlp.gate_proj"": -8.0, ""mlp.up_proj"": -5.0, ""self_attn.k_proj"": -3.0, ""self_attn.o_proj"": -6.0, ""self_attn.q_proj"": -7.0, ""self_attn.v_proj"": -4.0}","{""mlp.down_proj"": 0.002105263157894737, ""mlp.gate_proj"": 0.00706090026478376, ""mlp.up_proj"": 0.0029308323563892145, ""self_attn.k_proj"": 0.013215859030837005, ""self_attn.o_proj"": 0.00505902192242833, ""self_attn.q_proj"": 0.01977401129943503, ""self_attn.v_proj"": 0.006980802792321117}",-0.0033335917332493114,-0.11428571428571477,288.20000000000005,False,True
qwen,offkd,80,E_general,E_general,0.05,18,5,equal5_non_qk,True,"mlp.down_proj,mlp.gate_proj,mlp.up_proj,self_attn.o_proj,self_attn.v_proj","self_attn.q_proj,self_attn.k_proj",985.4,991.2,985.4,-5.8,0.007164411754723379,0.005851493139628802,"{""mlp.down_proj"": 1590.0, ""mlp.gate_proj"": 701.0, ""mlp.up_proj"": 1344.0, ""self_attn.o_proj"": 890.0, ""self_attn.v_proj"": 431.0}","{""mlp.down_proj"": 1584.0, ""mlp.gate_proj"": 694.0, ""mlp.up_proj"": 1339.0, ""self_attn.o_proj"": 884.0, ""self_attn.v_proj"": 426.0}","{""mlp.down_proj"": -6.0, ""mlp.gate_proj"": -7.0, ""mlp.up_proj"": -5.0, ""self_attn.o_proj"": -6.0, ""self_attn.v_proj"": -5.0}","{""mlp.down_proj"": 0.0037735849056603774, ""mlp.gate_proj"": 0.009985734664764621, ""mlp.up_proj"": 0.003720238095238095, ""self_attn.o_proj"": 0.006741573033707865, ""self_attn.v_proj"": 0.01160092807424594}",0.007164411754723379,0.0,7,equal7,True,"mlp.down_proj,mlp.gate_proj,mlp.up_proj,self_attn.k_proj,self_attn.o_proj,self_attn.q_proj,self_attn.v_proj",,739.8571428571429,744.7142857142857,739.8571428571429,-4.857142857142857,0.010349913439074081,0.006522156148091202,"{""mlp.down_proj"": 1590.0, ""mlp.gate_proj"": 701.0, ""mlp.up_proj"": 1344.0, ""self_attn.k_proj"": 113.0, ""self_attn.o_proj"": 890.0, ""self_attn.q_proj"": 144.0, ""self_attn.v_proj"": 431.0}","{""mlp.down_proj"": 1584.0, ""mlp.gate_proj"": 694.0, ""mlp.up_proj"": 1339.0, ""self_attn.k_proj"": 112.0, ""self_attn.o_proj"": 884.0, ""self_attn.q_proj"": 140.0, ""self_attn.v_proj"": 426.0}","{""mlp.down_proj"": -6.0, ""mlp.gate_proj"": -7.0, ""mlp.up_proj"": -5.0, ""self_attn.k_proj"": -1.0, ""self_attn.o_proj"": -6.0, ""self_attn.q_proj"": -4.0, ""self_attn.v_proj"": -5.0}","{""mlp.down_proj"": 0.0037735849056603774, ""mlp.gate_proj"": 0.009985734664764621, ""mlp.up_proj"": 0.003720238095238095, ""self_attn.k_proj"": 0.008849557522123894, ""self_attn.o_proj"": 0.006741573033707865, ""self_attn.q_proj"": 0.027777777777777776, ""self_attn.v_proj"": 0.01160092807424594}",-0.0031855016843507023,-0.9428571428571431,245.5428571428571,False,True
qwen,offkd,80,E_general,E_general,0.1,18,5,equal5_non_qk,True,"mlp.down_proj,mlp.gate_proj,mlp.up_proj,self_attn.o_proj,self_attn.v_proj","self_attn.q_proj,self_attn.k_proj",652.2,657.2,652.2,-5.0,0.010006169366941691,0.007608034083992696,"{""mlp.down_proj"": 1200.0, ""mlp.gate_proj"": 300.0, ""mlp.up_proj"": 920.0, ""self_attn.o_proj"": 589.0, ""self_attn.v_proj"": 277.0}","{""mlp.down_proj"": 1194.0, ""mlp.gate_proj"": 295.0, ""mlp.up_proj"": 915.0, ""self_attn.o_proj"": 584.0, ""self_attn.v_proj"": 273.0}","{""mlp.down_proj"": -6.0, ""mlp.gate_proj"": -5.0, ""mlp.up_proj"": -5.0, ""self_attn.o_proj"": -5.0, ""self_attn.v_proj"": -4.0}","{""mlp.down_proj"": 0.005, ""mlp.gate_proj"": 0.016666666666666666, ""mlp.up_proj"": 0.005434782608695652, ""self_attn.o_proj"": 0.008488964346349746, ""self_attn.v_proj"": 0.01444043321299639}",0.010006169366941691,0.0,7,equal7,True,"mlp.down_proj,mlp.gate_proj,mlp.up_proj,self_attn.k_proj,self_attn.o_proj,self_attn.q_proj,self_attn.v_proj",,475.85714285714283,479.7142857142857,475.85714285714283,-3.857142857142857,0.015139271825537771,0.008040500297796375,"{""mlp.down_proj"": 1200.0, ""mlp.gate_proj"": 300.0, ""mlp.up_proj"": 920.0, ""self_attn.k_proj"": 39.0, ""self_attn.o_proj"": 589.0, ""self_attn.q_proj"": 33.0, ""self_attn.v_proj"": 277.0}","{""mlp.down_proj"": 1194.0, ""mlp.gate_proj"": 295.0, ""mlp.up_proj"": 915.0, ""self_attn.k_proj"": 38.0, ""self_attn.o_proj"": 584.0, ""self_attn.q_proj"": 32.0, ""self_attn.v_proj"": 273.0}","{""mlp.down_proj"": -6.0, ""mlp.gate_proj"": -5.0, ""mlp.up_proj"": -5.0, ""self_attn.k_proj"": -1.0, ""self_attn.o_proj"": -5.0, ""self_attn.q_proj"": -1.0, ""self_attn.v_proj"": -4.0}","{""mlp.down_proj"": 0.005, ""mlp.gate_proj"": 0.016666666666666666, ""mlp.up_proj"": 0.005434782608695652, ""self_attn.k_proj"": 0.02564102564102564, ""self_attn.o_proj"": 0.008488964346349746, ""self_attn.q_proj"": 0.030303030303030304, ""self_attn.v_proj"": 0.01444043321299639}",-0.00513310245859608,-1.1428571428571428,176.3428571428572,False,True
qwen,offkd,80,E_if,E_ifeval,0.01,18,5,equal5_non_qk,True,"mlp.down_proj,mlp.gate_proj,mlp.up_proj,self_attn.o_proj,self_attn.v_proj","self_attn.q_proj,self_attn.k_proj",1481.4,1484.2,1481.4,-2.8,0.0021690746201391596,0.0018865382023985678,"{""mlp.down_proj"": 2024.0, ""mlp.gate_proj"": 1528.0, ""mlp.up_proj"": 1933.0, ""self_attn.o_proj"": 1347.0, ""self_attn.v_proj"": 589.0}","{""mlp.down_proj"": 2021.0, ""mlp.gate_proj"": 1525.0, ""mlp.up_proj"": 1931.0, ""self_attn.o_proj"": 1343.0, ""self_attn.v_proj"": 587.0}","{""mlp.down_proj"": -3.0, ""mlp.gate_proj"": -3.0, ""mlp.up_proj"": -2.0, ""self_attn.o_proj"": -4.0, ""self_attn.v_proj"": -2.0}","{""mlp.down_proj"": 0.0014822134387351778, ""mlp.gate_proj"": 0.001963350785340314, ""mlp.up_proj"": 0.0010346611484738748, ""self_attn.o_proj"": 0.002969561989606533, ""self_attn.v_proj"": 0.003395585738539898}",0.002892921773251884,-0.0007238471531127244,7,equal7,True,"mlp.down_proj,mlp.gate_proj,mlp.up_proj,self_attn.k_proj,self_attn.o_proj,self_attn.q_proj,self_attn.v_proj",,1171.4285714285713,1174.0,1171.4285714285713,-2.5714285714285716,0.003141167759976127,0.002190313944998866,"{""mlp.down_proj"": 2024.0, ""mlp.gate_proj"": 1528.0, ""mlp.up_proj"": 1933.0, ""self_attn.k_proj"": 273.0, ""self_attn.o_proj"": 1347.0, ""self_attn.q_proj"": 524.0, ""self_attn.v_proj"": 589.0}","{""mlp.down_proj"": 2021.0, ""mlp.gate_proj"": 1525.0, ""mlp.up_proj"": 1931.0, ""self_attn.k_proj"": 271.0, ""self_attn.o_proj"": 1343.0, ""self_attn.q_proj"": 522.0, ""self_attn.v_proj"": 587.0}","{""mlp.down_proj"": -3.0, ""mlp.gate_proj"": -3.0, ""mlp.up_proj"": -2.0, ""self_attn.k_proj"": -2.0, ""self_attn.o_proj"": -4.0, ""self_attn.q_proj"": -2.0, ""self_attn.v_proj"": -2.0}","{""mlp.down_proj"": 0.0014822134387351778, ""mlp.gate_proj"": 0.001963350785340314, ""mlp.up_proj"": 0.0010346611484738748, ""self_attn.k_proj"": 0.007326007326007326, ""self_attn.o_proj"": 0.002969561989606533, ""self_attn.q_proj"": 0.003816793893129771, ""self_attn.v_proj"": 0.003395585738539898}",-0.0009720931398369674,-0.2285714285714282,309.97142857142876,False,True
qwen,offkd,80,E_if,E_ifeval,0.025,18,5,equal5_non_qk,True,"mlp.down_proj,mlp.gate_proj,mlp.up_proj,self_attn.o_proj,self_attn.v_proj","self_attn.q_proj,self_attn.k_proj",1106.0,1109.6,1106.0,-3.6,0.003986381638768568,0.003244412400865095,"{""mlp.down_proj"": 1649.0, ""mlp.gate_proj"": 1005.0, ""mlp.up_proj"": 1521.0, ""self_attn.o_proj"": 969.0, ""self_attn.v_proj"": 404.0}","{""mlp.down_proj"": 1645.0, ""mlp.gate_proj"": 1001.0, ""mlp.up_proj"": 1518.0, ""self_attn.o_proj"": 965.0, ""self_attn.v_proj"": 401.0}","{""mlp.down_proj"": -4.0, ""mlp.gate_proj"": -4.0, ""mlp.up_proj"": -3.0, ""self_attn.o_proj"": -4.0, ""self_attn.v_proj"": -3.0}","{""mlp.down_proj"": 0.002425712553062462, ""mlp.gate_proj"": 0.003980099502487562, ""mlp.up_proj"": 0.0019723865877712033, ""self_attn.o_proj"": 0.0041279669762641896, ""self_attn.v_proj"": 0.007425742574257425}",0.004827364098763431,-0.000840982459994863,7,equal7,True,"mlp.down_proj,mlp.gate_proj,mlp.up_proj,self_attn.k_proj,self_attn.o_proj,self_attn.q_proj,self_attn.v_proj",,837.2857142857143,840.0,837.2857142857143,-2.7142857142857144,0.003530942455579736,0.003231292517006745,"{""mlp.down_proj"": 1649.0, ""mlp.gate_proj"": 1005.0, ""mlp.up_proj"": 1521.0, ""self_attn.k_proj"": 123.0, ""self_attn.o_proj"": 969.0, ""self_attn.q_proj"": 209.0, ""self_attn.v_proj"": 404.0}","{""mlp.down_proj"": 1645.0, ""mlp.gate_proj"": 1001.0, ""mlp.up_proj"": 1518.0, ""self_attn.k_proj"": 123.0, ""self_attn.o_proj"": 965.0, ""self_attn.q_proj"": 208.0, ""self_attn.v_proj"": 401.0}","{""mlp.down_proj"": -4.0, ""mlp.gate_proj"": -4.0, ""mlp.up_proj"": -3.0, ""self_attn.k_proj"": 0.0, ""self_attn.o_proj"": -4.0, ""self_attn.q_proj"": -1.0, ""self_attn.v_proj"": -3.0}","{""mlp.down_proj"": 0.002425712553062462, ""mlp.gate_proj"": 0.003980099502487562, ""mlp.up_proj"": 0.0019723865877712033, ""self_attn.k_proj"": 0.0, ""self_attn.o_proj"": 0.0041279669762641896, ""self_attn.q_proj"": 0.004784688995215311, ""self_attn.v_proj"": 0.007425742574257425}",0.00045543918318883235,-0.8857142857142857,268.71428571428567,False,True
qwen,offkd,80,E_if,E_ifeval,0.05,18,5,equal5_non_qk,True,"mlp.down_proj,mlp.gate_proj,mlp.up_proj,self_attn.o_proj,self_attn.v_proj","self_attn.q_proj,self_attn.k_proj",778.4,782.0,778.4,-3.6,0.005458683096307532,0.004603580562659876,"{""mlp.down_proj"": 1274.0, ""mlp.gate_proj"": 584.0, ""mlp.up_proj"": 1127.0, ""self_attn.o_proj"": 672.0, ""self_attn.v_proj"": 253.0}","{""mlp.down_proj"": 1269.0, ""mlp.gate_proj"": 580.0, ""mlp.up_proj"": 1124.0, ""self_attn.o_proj"": 668.0, ""self_attn.v_proj"": 251.0}","{""mlp.down_proj"": -5.0, ""mlp.gate_proj"": -4.0, ""mlp.up_proj"": -3.0, ""self_attn.o_proj"": -4.0, ""self_attn.v_proj"": -2.0}","{""mlp.down_proj"": 0.003924646781789639, ""mlp.gate_proj"": 0.00684931506849315, ""mlp.up_proj"": 0.0026619343389529724, ""self_attn.o_proj"": 0.005952380952380952, ""self_attn.v_proj"": 0.007905138339920948}",0.007164411754723379,-0.0017057286584158471,7,equal7,True,"mlp.down_proj,mlp.gate_proj,mlp.up_proj,self_attn.k_proj,self_attn.o_proj,self_attn.q_proj,self_attn.v_proj",,573.0,575.7142857142857,573.0,-2.7142857142857144,0.005939875681035993,0.004714640198511082,"{""mlp.down_proj"": 1274.0, ""mlp.gate_proj"": 584.0, ""mlp.up_proj"": 1127.0, ""self_attn.k_proj"": 50.0, ""self_attn.o_proj"": 672.0, ""self_attn.q_proj"": 70.0, ""self_attn.v_proj"": 253.0}","{""mlp.down_proj"": 1269.0, ""mlp.gate_proj"": 580.0, ""mlp.up_proj"": 1124.0, ""self_attn.k_proj"": 50.0, ""self_attn.o_proj"": 668.0, ""self_attn.q_proj"": 69.0, ""self_attn.v_proj"": 251.0}","{""mlp.down_proj"": -5.0, ""mlp.gate_proj"": -4.0, ""mlp.up_proj"": -3.0, ""self_attn.k_proj"": 0.0, ""self_attn.o_proj"": -4.0, ""self_attn.q_proj"": -1.0, ""self_attn.v_proj"": -2.0}","{""mlp.down_proj"": 0.003924646781789639, ""mlp.gate_proj"": 0.00684931506849315, ""mlp.up_proj"": 0.0026619343389529724, ""self_attn.k_proj"": 0.0, ""self_attn.o_proj"": 0.005952380952380952, ""self_attn.q_proj"": 0.014285714285714285, ""self_attn.v_proj"": 0.007905138339920948}",-0.00048119258472846104,-0.8857142857142857,205.39999999999998,False,True
qwen,offkd,80,E_if,E_ifeval,0.1,18,5,equal5_non_qk,True,"mlp.down_proj,mlp.gate_proj,mlp.up_proj,self_attn.o_proj,self_attn.v_proj","self_attn.q_proj,self_attn.k_proj",450.0,453.0,450.0,-3.0,0.008190335022510563,0.006622516556291391,"{""mlp.down_proj"": 839.0, ""mlp.gate_proj"": 228.0, ""mlp.up_proj"": 695.0, ""self_attn.o_proj"": 387.0, ""self_attn.v_proj"": 116.0}","{""mlp.down_proj"": 834.0, ""mlp.gate_proj"": 225.0, ""mlp.up_proj"": 693.0, ""self_attn.o_proj"": 383.0, ""self_attn.v_proj"": 115.0}","{""mlp.down_proj"": -5.0, ""mlp.gate_proj"": -3.0, ""mlp.up_proj"": -2.0, ""self_attn.o_proj"": -4.0, ""self_attn.v_proj"": -1.0}","{""mlp.down_proj"": 0.0059594755661501785, ""mlp.gate_proj"": 0.013157894736842105, ""mlp.up_proj"": 0.0028776978417266188, ""self_attn.o_proj"": 0.0103359173126615, ""self_attn.v_proj"": 0.008620689655172414}",0.010006169366941691,-0.0018158343444311283,7,equal7,True,"mlp.down_proj,mlp.gate_proj,mlp.up_proj,self_attn.k_proj,self_attn.o_proj,self_attn.q_proj,self_attn.v_proj",,325.14285714285717,327.42857142857144,325.14285714285717,-2.2857142857142856,0.014778810730364687,0.006980802792321092,"{""mlp.down_proj"": 839.0, ""mlp.gate_proj"": 228.0, ""mlp.up_proj"": 695.0, ""self_attn.k_proj"": 16.0, ""self_attn.o_proj"": 387.0, ""self_attn.q_proj"": 11.0, ""self_attn.v_proj"": 116.0}","{""mlp.down_proj"": 834.0, ""mlp.gate_proj"": 225.0, ""mlp.up_proj"": 693.0, ""self_attn.k_proj"": 15.0, ""self_attn.o_proj"": 383.0, ""self_attn.q_proj"": 11.0, ""self_attn.v_proj"": 115.0}","{""mlp.down_proj"": -5.0, ""mlp.gate_proj"": -3.0, ""mlp.up_proj"": -2.0, ""self_attn.k_proj"": -1.0, ""self_attn.o_proj"": -4.0, ""self_attn.q_proj"": 0.0, ""self_attn.v_proj"": -1.0}","{""mlp.down_proj"": 0.0059594755661501785, ""mlp.gate_proj"": 0.013157894736842105, ""mlp.up_proj"": 0.0028776978417266188, ""self_attn.k_proj"": 0.0625, ""self_attn.o_proj"": 0.0103359173126615, ""self_attn.q_proj"": 0.0, ""self_attn.v_proj"": 0.008620689655172414}",-0.006588475707854124,-0.7142857142857144,124.85714285714283,False,True
qwen,offkd,80,E_math,E_mathHeld,0.01,18,5,equal5_non_qk,True,"mlp.down_proj,mlp.gate_proj,mlp.up_proj,self_attn.o_proj,self_attn.v_proj","self_attn.q_proj,self_attn.k_proj",1647.2,1649.6,1647.2,-2.4,0.0020606963872550556,0.0014548981571289184,"{""mlp.down_proj"": 2176.0, ""mlp.gate_proj"": 1819.0, ""mlp.up_proj"": 2046.0, ""self_attn.o_proj"": 1520.0, ""self_attn.v_proj"": 687.0}","{""mlp.down_proj"": 2174.0, ""mlp.gate_proj"": 1817.0, ""mlp.up_proj"": 2045.0, ""self_attn.o_proj"": 1517.0, ""self_attn.v_proj"": 683.0}","{""mlp.down_proj"": -2.0, ""mlp.gate_proj"": -2.0, ""mlp.up_proj"": -1.0, ""self_attn.o_proj"": -3.0, ""self_attn.v_proj"": -4.0}","{""mlp.down_proj"": 0.0009191176470588235, ""mlp.gate_proj"": 0.0010995052226498076, ""mlp.up_proj"": 0.0004887585532746823, ""self_attn.o_proj"": 0.001973684210526316, ""self_attn.v_proj"": 0.005822416302765648}",0.002892921773251884,-0.0008322253859968285,7,equal7,True,"mlp.down_proj,mlp.gate_proj,mlp.up_proj,self_attn.k_proj,self_attn.o_proj,self_attn.q_proj,self_attn.v_proj",,1335.5714285714287,1339.0,1335.5714285714287,-3.4285714285714284,0.004545921906696249,0.0025605462498665653,"{""mlp.down_proj"": 2176.0, ""mlp.gate_proj"": 1819.0, ""mlp.up_proj"": 2046.0, ""self_attn.k_proj"": 363.0, ""self_attn.o_proj"": 1520.0, ""self_attn.q_proj"": 762.0, ""self_attn.v_proj"": 687.0}","{""mlp.down_proj"": 2174.0, ""mlp.gate_proj"": 1817.0, ""mlp.up_proj"": 2045.0, ""self_attn.k_proj"": 359.0, ""self_attn.o_proj"": 1517.0, ""self_attn.q_proj"": 754.0, ""self_attn.v_proj"": 683.0}","{""mlp.down_proj"": -2.0, ""mlp.gate_proj"": -2.0, ""mlp.up_proj"": -1.0, ""self_attn.k_proj"": -4.0, ""self_attn.o_proj"": -3.0, ""self_attn.q_proj"": -8.0, ""self_attn.v_proj"": -4.0}","{""mlp.down_proj"": 0.0009191176470588235, ""mlp.gate_proj"": 0.0010995052226498076, ""mlp.up_proj"": 0.0004887585532746823, ""self_attn.k_proj"": 0.011019283746556474, ""self_attn.o_proj"": 0.001973684210526316, ""self_attn.q_proj"": 0.010498687664041995, ""self_attn.v_proj"": 0.005822416302765648}",-0.0024852255194411934,1.0285714285714285,311.6285714285714,False,True
qwen,offkd,80,E_math,E_mathHeld,0.025,18,5,equal5_non_qk,True,"mlp.down_proj,mlp.gate_proj,mlp.up_proj,self_attn.o_proj,self_attn.v_proj","self_attn.q_proj,self_attn.k_proj",1319.2,1322.2,1319.2,-3.0,0.003294095312860757,0.0022689456965663286,"{""mlp.down_proj"": 1875.0, ""mlp.gate_proj"": 1369.0, ""mlp.up_proj"": 1691.0, ""self_attn.o_proj"": 1157.0, ""self_attn.v_proj"": 519.0}","{""mlp.down_proj"": 1872.0, ""mlp.gate_proj"": 1367.0, ""mlp.up_proj"": 1689.0, ""self_attn.o_proj"": 1154.0, ""self_attn.v_proj"": 514.0}","{""mlp.down_proj"": -3.0, ""mlp.gate_proj"": -2.0, ""mlp.up_proj"": -2.0, ""self_attn.o_proj"": -3.0, ""self_attn.v_proj"": -5.0}","{""mlp.down_proj"": 0.0016, ""mlp.gate_proj"": 0.0014609203798392988, ""mlp.up_proj"": 0.0011827321111768185, ""self_attn.o_proj"": 0.0025929127052722557, ""self_attn.v_proj"": 0.009633911368015413}",0.004827364098763431,-0.001533268785902674,7,equal7,True,"mlp.down_proj,mlp.gate_proj,mlp.up_proj,self_attn.k_proj,self_attn.o_proj,self_attn.q_proj,self_attn.v_proj",,1022.1428571428571,1025.5714285714287,1022.1428571428571,-3.4285714285714284,0.006882089571709064,0.0033430839949855004,"{""mlp.down_proj"": 1875.0, ""mlp.gate_proj"": 1369.0, ""mlp.up_proj"": 1691.0, ""self_attn.k_proj"": 189.0, ""self_attn.o_proj"": 1157.0, ""self_attn.q_proj"": 379.0, ""self_attn.v_proj"": 519.0}","{""mlp.down_proj"": 1872.0, ""mlp.gate_proj"": 1367.0, ""mlp.up_proj"": 1689.0, ""self_attn.k_proj"": 186.0, ""self_attn.o_proj"": 1154.0, ""self_attn.q_proj"": 373.0, ""self_attn.v_proj"": 514.0}","{""mlp.down_proj"": -3.0, ""mlp.gate_proj"": -2.0, ""mlp.up_proj"": -2.0, ""self_attn.k_proj"": -3.0, ""self_attn.o_proj"": -3.0, ""self_attn.q_proj"": -6.0, ""self_attn.v_proj"": -5.0}","{""mlp.down_proj"": 0.0016, ""mlp.gate_proj"": 0.0014609203798392988, ""mlp.up_proj"": 0.0011827321111768185, ""self_attn.k_proj"": 0.015873015873015872, ""self_attn.o_proj"": 0.0025929127052722557, ""self_attn.q_proj"": 0.0158311345646438, ""self_attn.v_proj"": 0.009633911368015413}",-0.0035879942588483067,0.4285714285714284,297.05714285714294,False,True
qwen,offkd,80,E_math,E_mathHeld,0.05,18,5,equal5_non_qk,True,"mlp.down_proj,mlp.gate_proj,mlp.up_proj,self_attn.o_proj,self_attn.v_proj","self_attn.q_proj,self_attn.k_proj",1010.8,1014.2,1010.8,-3.4,0.005166350025980624,0.0033523959771249168,"{""mlp.down_proj"": 1552.0, ""mlp.gate_proj"": 956.0, ""mlp.up_proj"": 1332.0, ""self_attn.o_proj"": 860.0, ""self_attn.v_proj"": 371.0}","{""mlp.down_proj"": 1548.0, ""mlp.gate_proj"": 954.0, ""mlp.up_proj"": 1330.0, ""self_attn.o_proj"": 857.0, ""self_attn.v_proj"": 365.0}","{""mlp.down_proj"": -4.0, ""mlp.gate_proj"": -2.0, ""mlp.up_proj"": -2.0, ""self_attn.o_proj"": -3.0, ""self_attn.v_proj"": -6.0}","{""mlp.down_proj"": 0.002577319587628866, ""mlp.gate_proj"": 0.0020920502092050207, ""mlp.up_proj"": 0.0015015015015015015, ""self_attn.o_proj"": 0.0034883720930232558, ""self_attn.v_proj"": 0.016172506738544475}",0.007164411754723379,-0.001998061728742755,7,equal7,True,"mlp.down_proj,mlp.gate_proj,mlp.up_proj,self_attn.k_proj,self_attn.o_proj,self_attn.q_proj,self_attn.v_proj",,754.8571428571429,758.1428571428571,754.8571428571429,-3.2857142857142856,0.010885145715195447,0.004333898624458177,"{""mlp.down_proj"": 1552.0, ""mlp.gate_proj"": 956.0, ""mlp.up_proj"": 1332.0, ""self_attn.k_proj"": 82.0, ""self_attn.o_proj"": 860.0, ""self_attn.q_proj"": 154.0, ""self_attn.v_proj"": 371.0}","{""mlp.down_proj"": 1548.0, ""mlp.gate_proj"": 954.0, ""mlp.up_proj"": 1330.0, ""self_attn.k_proj"": 80.0, ""self_attn.o_proj"": 857.0, ""self_attn.q_proj"": 150.0, ""self_attn.v_proj"": 365.0}","{""mlp.down_proj"": -4.0, ""mlp.gate_proj"": -2.0, ""mlp.up_proj"": -2.0, ""self_attn.k_proj"": -2.0, ""self_attn.o_proj"": -3.0, ""self_attn.q_proj"": -4.0, ""self_attn.v_proj"": -6.0}","{""mlp.down_proj"": 0.002577319587628866, ""mlp.gate_proj"": 0.0020920502092050207, ""mlp.up_proj"": 0.0015015015015015015, ""self_attn.k_proj"": 0.024390243902439025, ""self_attn.o_proj"": 0.0034883720930232558, ""self_attn.q_proj"": 0.025974025974025976, ""self_attn.v_proj"": 0.016172506738544475}",-0.005718795689214823,-0.11428571428571432,255.94285714285706,False,True
qwen,offkd,80,E_math,E_mathHeld,0.1,18,5,equal5_non_qk,True,"mlp.down_proj,mlp.gate_proj,mlp.up_proj,self_attn.o_proj,self_attn.v_proj","self_attn.q_proj,self_attn.k_proj",670.0,673.2,670.0,-3.2,0.007590879779484259,0.0047534165181224676,"{""mlp.down_proj"": 1147.0, ""mlp.gate_proj"": 529.0, ""mlp.up_proj"": 913.0, ""self_attn.o_proj"": 561.0, ""self_attn.v_proj"": 216.0}","{""mlp.down_proj"": 1143.0, ""mlp.gate_proj"": 527.0, ""mlp.up_proj"": 911.0, ""self_attn.o_proj"": 558.0, ""self_attn.v_proj"": 211.0}","{""mlp.down_proj"": -4.0, ""mlp.gate_proj"": -2.0, ""mlp.up_proj"": -2.0, ""self_attn.o_proj"": -3.0, ""self_attn.v_proj"": -5.0}","{""mlp.down_proj"": 0.0034873583260680036, ""mlp.gate_proj"": 0.003780718336483932, ""mlp.up_proj"": 0.002190580503833516, ""self_attn.o_proj"": 0.0053475935828877, ""self_attn.v_proj"": 0.023148148148148147}",0.010006169366941691,-0.002415289587457432,7,equal7,True,"mlp.down_proj,mlp.gate_proj,mlp.up_proj,self_attn.k_proj,self_attn.o_proj,self_attn.q_proj,self_attn.v_proj",,486.0,488.7142857142857,486.0,-2.7142857142857144,0.020591027799478002,0.0055539315989476925,"{""mlp.down_proj"": 1147.0, ""mlp.gate_proj"": 529.0, ""mlp.up_proj"": 913.0, ""self_attn.k_proj"": 24.0, ""self_attn.o_proj"": 561.0, ""self_attn.q_proj"": 31.0, ""self_attn.v_proj"": 216.0}","{""mlp.down_proj"": 1143.0, ""mlp.gate_proj"": 527.0, ""mlp.up_proj"": 911.0, ""self_attn.k_proj"": 23.0, ""self_attn.o_proj"": 558.0, ""self_attn.q_proj"": 29.0, ""self_attn.v_proj"": 211.0}","{""mlp.down_proj"": -4.0, ""mlp.gate_proj"": -2.0, ""mlp.up_proj"": -2.0, ""self_attn.k_proj"": -1.0, ""self_attn.o_proj"": -3.0, ""self_attn.q_proj"": -2.0, ""self_attn.v_proj"": -5.0}","{""mlp.down_proj"": 0.0034873583260680036, ""mlp.gate_proj"": 0.003780718336483932, ""mlp.up_proj"": 0.002190580503833516, ""self_attn.k_proj"": 0.041666666666666664, ""self_attn.o_proj"": 0.0053475935828877, ""self_attn.q_proj"": 0.06451612903225806, ""self_attn.v_proj"": 0.023148148148148147}",-0.013000148019993742,-0.48571428571428577,184.0,False,True
qwen,offkd,80,E_ood,E_mmluPro,0.01,18,5,equal5_non_qk,True,"mlp.down_proj,mlp.gate_proj,mlp.up_proj,self_attn.o_proj,self_attn.v_proj","self_attn.q_proj,self_attn.k_proj",1608.0,1610.4,1608.0,-2.4,0.0019239624535141438,0.0014903129657228582,"{""mlp.down_proj"": 2156.0, ""mlp.gate_proj"": 1667.0, ""mlp.up_proj"": 2029.0, ""self_attn.o_proj"": 1471.0, ""self_attn.v_proj"": 729.0}","{""mlp.down_proj"": 2156.0, ""mlp.gate_proj"": 1664.0, ""mlp.up_proj"": 2027.0, ""self_attn.o_proj"": 1467.0, ""self_attn.v_proj"": 726.0}","{""mlp.down_proj"": 0.0, ""mlp.gate_proj"": -3.0, ""mlp.up_proj"": -2.0, ""self_attn.o_proj"": -4.0, ""self_attn.v_proj"": -3.0}","{""mlp.down_proj"": 0.0, ""mlp.gate_proj"": 0.001799640071985603, ""mlp.up_proj"": 0.0009857072449482504, ""self_attn.o_proj"": 0.002719238613188307, ""self_attn.v_proj"": 0.00411522633744856}",0.002892921773251884,-0.0009689593197377403,7,equal7,True,"mlp.down_proj,mlp.gate_proj,mlp.up_proj,self_attn.k_proj,self_attn.o_proj,self_attn.q_proj,self_attn.v_proj",,1302.5714285714287,1305.5714285714287,1302.5714285714287,-3.0,0.003544844963981422,0.0022978444031075606,"{""mlp.down_proj"": 2156.0, ""mlp.gate_proj"": 1667.0, ""mlp.up_proj"": 2029.0, ""self_attn.k_proj"": 402.0, ""self_attn.o_proj"": 1471.0, ""self_attn.q_proj"": 685.0, ""self_attn.v_proj"": 729.0}","{""mlp.down_proj"": 2156.0, ""mlp.gate_proj"": 1664.0, ""mlp.up_proj"": 2027.0, ""self_attn.k_proj"": 400.0, ""self_attn.o_proj"": 1467.0, ""self_attn.q_proj"": 678.0, ""self_attn.v_proj"": 726.0}","{""mlp.down_proj"": 0.0, ""mlp.gate_proj"": -3.0, ""mlp.up_proj"": -2.0, ""self_attn.k_proj"": -2.0, ""self_attn.o_proj"": -4.0, ""self_attn.q_proj"": -7.0, ""self_attn.v_proj"": -3.0}","{""mlp.down_proj"": 0.0, ""mlp.gate_proj"": 0.001799640071985603, ""mlp.up_proj"": 0.0009857072449482504, ""self_attn.k_proj"": 0.004975124378109453, ""self_attn.o_proj"": 0.002719238613188307, ""self_attn.q_proj"": 0.010218978102189781, ""self_attn.v_proj"": 0.00411522633744856}",-0.0016208825104672784,0.6000000000000001,305.42857142857133,False,True
qwen,offkd,80,E_ood,E_mmluPro,0.025,18,5,equal5_non_qk,True,"mlp.down_proj,mlp.gate_proj,mlp.up_proj,self_attn.o_proj,self_attn.v_proj","self_attn.q_proj,self_attn.k_proj",1265.8,1268.4,1265.8,-2.6,0.0028074705068591114,0.002049826553137919,"{""mlp.down_proj"": 1847.0, ""mlp.gate_proj"": 1163.0, ""mlp.up_proj"": 1655.0, ""self_attn.o_proj"": 1105.0, ""self_attn.v_proj"": 572.0}","{""mlp.down_proj"": 1846.0, ""mlp.gate_proj"": 1160.0, ""mlp.up_proj"": 1653.0, ""self_attn.o_proj"": 1102.0, ""self_attn.v_proj"": 568.0}","{""mlp.down_proj"": -1.0, ""mlp.gate_proj"": -3.0, ""mlp.up_proj"": -2.0, ""self_attn.o_proj"": -3.0, ""self_attn.v_proj"": -4.0}","{""mlp.down_proj"": 0.0005414185165132648, ""mlp.gate_proj"": 0.0025795356835769563, ""mlp.up_proj"": 0.0012084592145015106, ""self_attn.o_proj"": 0.0027149321266968325, ""self_attn.v_proj"": 0.006993006993006993}",0.004827364098763431,-0.00201989359190432,7,equal7,True,"mlp.down_proj,mlp.gate_proj,mlp.up_proj,self_attn.k_proj,self_attn.o_proj,self_attn.q_proj,self_attn.v_proj",,981.4285714285714,984.2857142857143,981.4285714285714,-2.857142857142857,0.005493753592637167,0.0029027576197387848,"{""mlp.down_proj"": 1847.0, ""mlp.gate_proj"": 1163.0, ""mlp.up_proj"": 1655.0, ""self_attn.k_proj"": 230.0, ""self_attn.o_proj"": 1105.0, ""self_attn.q_proj"": 318.0, ""self_attn.v_proj"": 572.0}","{""mlp.down_proj"": 1846.0, ""mlp.gate_proj"": 1160.0, ""mlp.up_proj"": 1653.0, ""self_attn.k_proj"": 228.0, ""self_attn.o_proj"": 1102.0, ""self_attn.q_proj"": 313.0, ""self_attn.v_proj"": 568.0}","{""mlp.down_proj"": -1.0, ""mlp.gate_proj"": -3.0, ""mlp.up_proj"": -2.0, ""self_attn.k_proj"": -2.0, ""self_attn.o_proj"": -3.0, ""self_attn.q_proj"": -5.0, ""self_attn.v_proj"": -4.0}","{""mlp.down_proj"": 0.0005414185165132648, ""mlp.gate_proj"": 0.0025795356835769563, ""mlp.up_proj"": 0.0012084592145015106, ""self_attn.k_proj"": 0.008695652173913044, ""self_attn.o_proj"": 0.0027149321266968325, ""self_attn.q_proj"": 0.015723270440251572, ""self_attn.v_proj"": 0.006993006993006993}",-0.002686283085778056,0.2571428571428571,284.3714285714285,False,True
qwen,offkd,80,E_ood,E_mmluPro,0.05,18,5,equal5_non_qk,True,"mlp.down_proj,mlp.gate_proj,mlp.up_proj,self_attn.o_proj,self_attn.v_proj","self_attn.q_proj,self_attn.k_proj",952.0,954.4,952.0,-2.4,0.0035880064744696675,0.002514668901927889,"{""mlp.down_proj"": 1519.0, ""mlp.gate_proj"": 731.0, ""mlp.up_proj"": 1281.0, ""self_attn.o_proj"": 810.0, ""self_attn.v_proj"": 431.0}","{""mlp.down_proj"": 1518.0, ""mlp.gate_proj"": 729.0, ""mlp.up_proj"": 1279.0, ""self_attn.o_proj"": 807.0, ""self_attn.v_proj"": 427.0}","{""mlp.down_proj"": -1.0, ""mlp.gate_proj"": -2.0, ""mlp.up_proj"": -2.0, ""self_attn.o_proj"": -3.0, ""self_attn.v_proj"": -4.0}","{""mlp.down_proj"": 0.0006583278472679394, ""mlp.gate_proj"": 0.0027359781121751026, ""mlp.up_proj"": 0.00156128024980484, ""self_attn.o_proj"": 0.003703703703703704, ""self_attn.v_proj"": 0.009280742459396751}",0.007164411754723379,-0.0035764052802537117,7,equal7,True,"mlp.down_proj,mlp.gate_proj,mlp.up_proj,self_attn.k_proj,self_attn.o_proj,self_attn.q_proj,self_attn.v_proj",,713.4285714285714,715.5714285714286,713.4285714285714,-2.142857142857143,0.006155663949622209,0.002994609702535391,"{""mlp.down_proj"": 1519.0, ""mlp.gate_proj"": 731.0, ""mlp.up_proj"": 1281.0, ""self_attn.k_proj"": 116.0, ""self_attn.o_proj"": 810.0, ""self_attn.q_proj"": 121.0, ""self_attn.v_proj"": 431.0}","{""mlp.down_proj"": 1518.0, ""mlp.gate_proj"": 729.0, ""mlp.up_proj"": 1279.0, ""self_attn.k_proj"": 115.0, ""self_attn.o_proj"": 807.0, ""self_attn.q_proj"": 119.0, ""self_attn.v_proj"": 427.0}","{""mlp.down_proj"": -1.0, ""mlp.gate_proj"": -2.0, ""mlp.up_proj"": -2.0, ""self_attn.k_proj"": -1.0, ""self_attn.o_proj"": -3.0, ""self_attn.q_proj"": -2.0, ""self_attn.v_proj"": -4.0}","{""mlp.down_proj"": 0.0006583278472679394, ""mlp.gate_proj"": 0.0027359781121751026, ""mlp.up_proj"": 0.00156128024980484, ""self_attn.k_proj"": 0.008620689655172414, ""self_attn.o_proj"": 0.003703703703703704, ""self_attn.q_proj"": 0.01652892561983471, ""self_attn.v_proj"": 0.009280742459396751}",-0.002567657475152541,-0.2571428571428571,238.57142857142856,False,True
qwen,offkd,80,E_ood,E_mmluPro,0.1,18,5,equal5_non_qk,True,"mlp.down_proj,mlp.gate_proj,mlp.up_proj,self_attn.o_proj,self_attn.v_proj","self_attn.q_proj,self_attn.k_proj",615.4,617.4,615.4,-2.0,0.005494534707888903,0.0032393909944930356,"{""mlp.down_proj"": 1114.0, ""mlp.gate_proj"": 327.0, ""mlp.up_proj"": 850.0, ""self_attn.o_proj"": 518.0, ""self_attn.v_proj"": 278.0}","{""mlp.down_proj"": 1114.0, ""mlp.gate_proj"": 325.0, ""mlp.up_proj"": 849.0, ""self_attn.o_proj"": 515.0, ""self_attn.v_proj"": 274.0}","{""mlp.down_proj"": 0.0, ""mlp.gate_proj"": -2.0, ""mlp.up_proj"": -1.0, ""self_attn.o_proj"": -3.0, ""self_attn.v_proj"": -4.0}","{""mlp.down_proj"": 0.0, ""mlp.gate_proj"": 0.0061162079510703364, ""mlp.up_proj"": 0.001176470588235294, ""self_attn.o_proj"": 0.005791505791505791, ""self_attn.v_proj"": 0.014388489208633094}",0.010006169366941691,-0.0045116346590527885,7,equal7,True,"mlp.down_proj,mlp.gate_proj,mlp.up_proj,self_attn.k_proj,self_attn.o_proj,self_attn.q_proj,self_attn.v_proj",,449.0,450.42857142857144,449.0,-1.4285714285714286,0.005847744571568997,0.00317158261972728,"{""mlp.down_proj"": 1114.0, ""mlp.gate_proj"": 327.0, ""mlp.up_proj"": 850.0, ""self_attn.k_proj"": 40.0, ""self_attn.o_proj"": 518.0, ""self_attn.q_proj"": 26.0, ""self_attn.v_proj"": 278.0}","{""mlp.down_proj"": 1114.0, ""mlp.gate_proj"": 325.0, ""mlp.up_proj"": 849.0, ""self_attn.k_proj"": 41.0, ""self_attn.o_proj"": 515.0, ""self_attn.q_proj"": 25.0, ""self_attn.v_proj"": 274.0}","{""mlp.down_proj"": 0.0, ""mlp.gate_proj"": -2.0, ""mlp.up_proj"": -1.0, ""self_attn.k_proj"": 1.0, ""self_attn.o_proj"": -3.0, ""self_attn.q_proj"": -1.0, ""self_attn.v_proj"": -4.0}","{""mlp.down_proj"": 0.0, ""mlp.gate_proj"": 0.0061162079510703364, ""mlp.up_proj"": 0.001176470588235294, ""self_attn.k_proj"": -0.025, ""self_attn.o_proj"": 0.005791505791505791, ""self_attn.q_proj"": 0.038461538461538464, ""self_attn.v_proj"": 0.014388489208633094}",-0.0003532098636800946,-0.5714285714285714,166.39999999999998,False,True
qwen,offkd,160,E_general,E_general,0.01,18,5,equal5_non_qk,True,"mlp.down_proj,mlp.gate_proj,mlp.up_proj,self_attn.o_proj,self_attn.v_proj","self_attn.q_proj,self_attn.k_proj",1626.4,1634.4,1626.4,-8.0,0.005567067417370937,0.004894762604013705,"{""mlp.down_proj"": 2190.0, ""mlp.gate_proj"": 1641.0, ""mlp.up_proj"": 2064.0, ""self_attn.o_proj"": 1546.0, ""self_attn.v_proj"": 731.0}","{""mlp.down_proj"": 2184.0, ""mlp.gate_proj"": 1630.0, ""mlp.up_proj"": 2059.0, ""self_attn.o_proj"": 1534.0, ""self_attn.v_proj"": 725.0}","{""mlp.down_proj"": -6.0, ""mlp.gate_proj"": -11.0, ""mlp.up_proj"": -5.0, ""self_attn.o_proj"": -12.0, ""self_attn.v_proj"": -6.0}","{""mlp.down_proj"": 0.0027397260273972603, ""mlp.gate_proj"": 0.006703229737964655, ""mlp.up_proj"": 0.0024224806201550387, ""self_attn.o_proj"": 0.007761966364812419, ""self_attn.v_proj"": 0.008207934336525308}",0.005567067417370937,0.0,7,equal7,True,"mlp.down_proj,mlp.gate_proj,mlp.up_proj,self_attn.k_proj,self_attn.o_proj,self_attn.q_proj,self_attn.v_proj",,1319.142857142857,1328.4285714285713,1319.142857142857,-9.285714285714286,0.010013517402661301,0.006989998924615502,"{""mlp.down_proj"": 2190.0, ""mlp.gate_proj"": 1641.0, ""mlp.up_proj"": 2064.0, ""self_attn.k_proj"": 400.0, ""self_attn.o_proj"": 1546.0, ""self_attn.q_proj"": 727.0, ""self_attn.v_proj"": 731.0}","{""mlp.down_proj"": 2184.0, ""mlp.gate_proj"": 1630.0, ""mlp.up_proj"": 2059.0, ""self_attn.k_proj"": 393.0, ""self_attn.o_proj"": 1534.0, ""self_attn.q_proj"": 709.0, ""self_attn.v_proj"": 725.0}","{""mlp.down_proj"": -6.0, ""mlp.gate_proj"": -11.0, ""mlp.up_proj"": -5.0, ""self_attn.k_proj"": -7.0, ""self_attn.o_proj"": -12.0, ""self_attn.q_proj"": -18.0, ""self_attn.v_proj"": -6.0}","{""mlp.down_proj"": 0.0027397260273972603, ""mlp.gate_proj"": 0.006703229737964655, ""mlp.up_proj"": 0.0024224806201550387, ""self_attn.k_proj"": 0.0175, ""self_attn.o_proj"": 0.007761966364812419, ""self_attn.q_proj"": 0.024759284731774415, ""self_attn.v_proj"": 0.008207934336525308}",-0.004446449985290365,1.2857142857142865,307.257142857143,False,True
qwen,offkd,160,E_general,E_general,0.025,18,5,equal5_non_qk,True,"mlp.down_proj,mlp.gate_proj,mlp.up_proj,self_attn.o_proj,self_attn.v_proj","self_attn.q_proj,self_attn.k_proj",1289.4,1299.6,1289.4,-10.2,0.009172479753671275,0.007848568790396906,"{""mlp.down_proj"": 1900.0, ""mlp.gate_proj"": 1133.0, ""mlp.up_proj"": 1706.0, ""self_attn.o_proj"": 1186.0, ""self_attn.v_proj"": 573.0}","{""mlp.down_proj"": 1891.0, ""mlp.gate_proj"": 1119.0, ""mlp.up_proj"": 1698.0, ""self_attn.o_proj"": 1174.0, ""self_attn.v_proj"": 565.0}","{""mlp.down_proj"": -9.0, ""mlp.gate_proj"": -14.0, ""mlp.up_proj"": -8.0, ""self_attn.o_proj"": -12.0, ""self_attn.v_proj"": -8.0}","{""mlp.down_proj"": 0.004736842105263158, ""mlp.gate_proj"": 0.01235657546337158, ""mlp.up_proj"": 0.004689331770222743, ""self_attn.o_proj"": 0.01011804384485666, ""self_attn.v_proj"": 0.013961605584642234}",0.009172479753671275,0.0,7,equal7,True,"mlp.down_proj,mlp.gate_proj,mlp.up_proj,self_attn.k_proj,self_attn.o_proj,self_attn.q_proj,self_attn.v_proj",,1001.1428571428571,1011.2857142857143,1001.1428571428571,-10.142857142857142,0.015977448489842925,0.010029665206950214,"{""mlp.down_proj"": 1900.0, ""mlp.gate_proj"": 1133.0, ""mlp.up_proj"": 1706.0, ""self_attn.k_proj"": 227.0, ""self_attn.o_proj"": 1186.0, ""self_attn.q_proj"": 354.0, ""self_attn.v_proj"": 573.0}","{""mlp.down_proj"": 1891.0, ""mlp.gate_proj"": 1119.0, ""mlp.up_proj"": 1698.0, ""self_attn.k_proj"": 221.0, ""self_attn.o_proj"": 1174.0, ""self_attn.q_proj"": 340.0, ""self_attn.v_proj"": 565.0}","{""mlp.down_proj"": -9.0, ""mlp.gate_proj"": -14.0, ""mlp.up_proj"": -8.0, ""self_attn.k_proj"": -6.0, ""self_attn.o_proj"": -12.0, ""self_attn.q_proj"": -14.0, ""self_attn.v_proj"": -8.0}","{""mlp.down_proj"": 0.004736842105263158, ""mlp.gate_proj"": 0.01235657546337158, ""mlp.up_proj"": 0.004689331770222743, ""self_attn.k_proj"": 0.02643171806167401, ""self_attn.o_proj"": 0.01011804384485666, ""self_attn.q_proj"": 0.03954802259887006, ""self_attn.v_proj"": 0.013961605584642234}",-0.0068049687361716495,-0.05714285714285694,288.257142857143,False,True
qwen,offkd,160,E_general,E_general,0.05,18,5,equal5_non_qk,True,"mlp.down_proj,mlp.gate_proj,mlp.up_proj,self_attn.o_proj,self_attn.v_proj","self_attn.q_proj,self_attn.k_proj",979.8,991.2,979.8,-11.4,0.013940695963790994,0.011501210653753117,"{""mlp.down_proj"": 1590.0, ""mlp.gate_proj"": 701.0, ""mlp.up_proj"": 1344.0, ""self_attn.o_proj"": 890.0, ""self_attn.v_proj"": 431.0}","{""mlp.down_proj"": 1578.0, ""mlp.gate_proj"": 687.0, ""mlp.up_proj"": 1335.0, ""self_attn.o_proj"": 877.0, ""self_attn.v_proj"": 422.0}","{""mlp.down_proj"": -12.0, ""mlp.gate_proj"": -14.0, ""mlp.up_proj"": -9.0, ""self_attn.o_proj"": -13.0, ""self_attn.v_proj"": -9.0}","{""mlp.down_proj"": 0.007547169811320755, ""mlp.gate_proj"": 0.019971469329529243, ""mlp.up_proj"": 0.006696428571428571, ""self_attn.o_proj"": 0.014606741573033709, ""self_attn.v_proj"": 0.02088167053364269}",0.013940695963790994,0.0,7,equal7,True,"mlp.down_proj,mlp.gate_proj,mlp.up_proj,self_attn.k_proj,self_attn.o_proj,self_attn.q_proj,self_attn.v_proj",,734.8571428571429,744.7142857142857,734.8571428571429,-9.857142857142858,0.022951037923286587,0.013236140418185197,"{""mlp.down_proj"": 1590.0, ""mlp.gate_proj"": 701.0, ""mlp.up_proj"": 1344.0, ""self_attn.k_proj"": 113.0, ""self_attn.o_proj"": 890.0, ""self_attn.q_proj"": 144.0, ""self_attn.v_proj"": 431.0}","{""mlp.down_proj"": 1578.0, ""mlp.gate_proj"": 687.0, ""mlp.up_proj"": 1335.0, ""self_attn.k_proj"": 109.0, ""self_attn.o_proj"": 877.0, ""self_attn.q_proj"": 136.0, ""self_attn.v_proj"": 422.0}","{""mlp.down_proj"": -12.0, ""mlp.gate_proj"": -14.0, ""mlp.up_proj"": -9.0, ""self_attn.k_proj"": -4.0, ""self_attn.o_proj"": -13.0, ""self_attn.q_proj"": -8.0, ""self_attn.v_proj"": -9.0}","{""mlp.down_proj"": 0.007547169811320755, ""mlp.gate_proj"": 0.019971469329529243, ""mlp.up_proj"": 0.006696428571428571, ""self_attn.k_proj"": 0.035398230088495575, ""self_attn.o_proj"": 0.014606741573033709, ""self_attn.q_proj"": 0.05555555555555555, ""self_attn.v_proj"": 0.02088167053364269}",-0.009010341959495592,-1.5428571428571427,244.94285714285706,False,True
qwen,offkd,160,E_general,E_general,0.1,18,5,equal5_non_qk,True,"mlp.down_proj,mlp.gate_proj,mlp.up_proj,self_attn.o_proj,self_attn.v_proj","self_attn.q_proj,self_attn.k_proj",647.0,657.2,647.0,-10.2,0.02030117267005621,0.015520389531345168,"{""mlp.down_proj"": 1200.0, ""mlp.gate_proj"": 300.0, ""mlp.up_proj"": 920.0, ""self_attn.o_proj"": 589.0, ""self_attn.v_proj"": 277.0}","{""mlp.down_proj"": 1187.0, ""mlp.gate_proj"": 290.0, ""mlp.up_proj"": 911.0, ""self_attn.o_proj"": 578.0, ""self_attn.v_proj"": 269.0}","{""mlp.down_proj"": -13.0, ""mlp.gate_proj"": -10.0, ""mlp.up_proj"": -9.0, ""self_attn.o_proj"": -11.0, ""self_attn.v_proj"": -8.0}","{""mlp.down_proj"": 0.010833333333333334, ""mlp.gate_proj"": 0.03333333333333333, ""mlp.up_proj"": 0.009782608695652175, ""self_attn.o_proj"": 0.01867572156196944, ""self_attn.v_proj"": 0.02888086642599278}",0.02030117267005621,0.0,7,equal7,True,"mlp.down_proj,mlp.gate_proj,mlp.up_proj,self_attn.k_proj,self_attn.o_proj,self_attn.q_proj,self_attn.v_proj",,472.0,479.7142857142857,472.0,-7.714285714285714,0.026821849942481043,0.016081000595592632,"{""mlp.down_proj"": 1200.0, ""mlp.gate_proj"": 300.0, ""mlp.up_proj"": 920.0, ""self_attn.k_proj"": 39.0, ""self_attn.o_proj"": 589.0, ""self_attn.q_proj"": 33.0, ""self_attn.v_proj"": 277.0}","{""mlp.down_proj"": 1187.0, ""mlp.gate_proj"": 290.0, ""mlp.up_proj"": 911.0, ""self_attn.k_proj"": 38.0, ""self_attn.o_proj"": 578.0, ""self_attn.q_proj"": 31.0, ""self_attn.v_proj"": 269.0}","{""mlp.down_proj"": -13.0, ""mlp.gate_proj"": -10.0, ""mlp.up_proj"": -9.0, ""self_attn.k_proj"": -1.0, ""self_attn.o_proj"": -11.0, ""self_attn.q_proj"": -2.0, ""self_attn.v_proj"": -8.0}","{""mlp.down_proj"": 0.010833333333333334, ""mlp.gate_proj"": 0.03333333333333333, ""mlp.up_proj"": 0.009782608695652175, ""self_attn.k_proj"": 0.02564102564102564, ""self_attn.o_proj"": 0.01867572156196944, ""self_attn.q_proj"": 0.06060606060606061, ""self_attn.v_proj"": 0.02888086642599278}",-0.006520677272424832,-2.485714285714285,175.0,False,True
qwen,offkd,160,E_if,E_ifeval,0.01,18,5,equal5_non_qk,True,"mlp.down_proj,mlp.gate_proj,mlp.up_proj,self_attn.o_proj,self_attn.v_proj","self_attn.q_proj,self_attn.k_proj",1475.2,1484.2,1475.2,-9.0,0.0070811386014748776,0.0060638727934240666,"{""mlp.down_proj"": 2024.0, ""mlp.gate_proj"": 1528.0, ""mlp.up_proj"": 1933.0, ""self_attn.o_proj"": 1347.0, ""self_attn.v_proj"": 589.0}","{""mlp.down_proj"": 2015.0, ""mlp.gate_proj"": 1518.0, ""mlp.up_proj"": 1926.0, ""self_attn.o_proj"": 1335.0, ""self_attn.v_proj"": 582.0}","{""mlp.down_proj"": -9.0, ""mlp.gate_proj"": -10.0, ""mlp.up_proj"": -7.0, ""self_attn.o_proj"": -12.0, ""self_attn.v_proj"": -7.0}","{""mlp.down_proj"": 0.004446640316205534, ""mlp.gate_proj"": 0.006544502617801047, ""mlp.up_proj"": 0.0036213140196585617, ""self_attn.o_proj"": 0.008908685968819599, ""self_attn.v_proj"": 0.011884550084889643}",0.005567067417370937,0.001514071184103941,7,equal7,True,"mlp.down_proj,mlp.gate_proj,mlp.up_proj,self_attn.k_proj,self_attn.o_proj,self_attn.q_proj,self_attn.v_proj",,1165.142857142857,1174.0,1165.142857142857,-8.857142857142858,0.011196583056801443,0.007544414699440281,"{""mlp.down_proj"": 2024.0, ""mlp.gate_proj"": 1528.0, ""mlp.up_proj"": 1933.0, ""self_attn.k_proj"": 273.0, ""self_attn.o_proj"": 1347.0, ""self_attn.q_proj"": 524.0, ""self_attn.v_proj"": 589.0}","{""mlp.down_proj"": 2015.0, ""mlp.gate_proj"": 1518.0, ""mlp.up_proj"": 1926.0, ""self_attn.k_proj"": 267.0, ""self_attn.o_proj"": 1335.0, ""self_attn.q_proj"": 513.0, ""self_attn.v_proj"": 582.0}","{""mlp.down_proj"": -9.0, ""mlp.gate_proj"": -10.0, ""mlp.up_proj"": -7.0, ""self_attn.k_proj"": -6.0, ""self_attn.o_proj"": -12.0, ""self_attn.q_proj"": -11.0, ""self_attn.v_proj"": -7.0}","{""mlp.down_proj"": 0.004446640316205534, ""mlp.gate_proj"": 0.006544502617801047, ""mlp.up_proj"": 0.0036213140196585617, ""self_attn.k_proj"": 0.02197802197802198, ""self_attn.o_proj"": 0.008908685968819599, ""self_attn.q_proj"": 0.02099236641221374, ""self_attn.v_proj"": 0.011884550084889643}",-0.004115444455326566,-0.14285714285714235,310.05714285714294,False,True
qwen,offkd,160,E_if,E_ifeval,0.025,18,5,equal5_non_qk,True,"mlp.down_proj,mlp.gate_proj,mlp.up_proj,self_attn.o_proj,self_attn.v_proj","self_attn.q_proj,self_attn.k_proj",1099.4,1109.6,1099.4,-10.2,0.010770040931280339,0.00919250180245117,"{""mlp.down_proj"": 1649.0, ""mlp.gate_proj"": 1005.0, ""mlp.up_proj"": 1521.0, ""self_attn.o_proj"": 969.0, ""self_attn.v_proj"": 404.0}","{""mlp.down_proj"": 1637.0, ""mlp.gate_proj"": 994.0, ""mlp.up_proj"": 1512.0, ""self_attn.o_proj"": 957.0, ""self_attn.v_proj"": 397.0}","{""mlp.down_proj"": -12.0, ""mlp.gate_proj"": -11.0, ""mlp.up_proj"": -9.0, ""self_attn.o_proj"": -12.0, ""self_attn.v_proj"": -7.0}","{""mlp.down_proj"": 0.0072771376591873865, ""mlp.gate_proj"": 0.010945273631840797, ""mlp.up_proj"": 0.005917159763313609, ""self_attn.o_proj"": 0.01238390092879257, ""self_attn.v_proj"": 0.017326732673267328}",0.009172479753671275,0.0015975611776090637,7,equal7,True,"mlp.down_proj,mlp.gate_proj,mlp.up_proj,self_attn.k_proj,self_attn.o_proj,self_attn.q_proj,self_attn.v_proj",,831.4285714285714,840.0,831.4285714285714,-8.571428571428571,0.015278368932876084,0.010204081632653041,"{""mlp.down_proj"": 1649.0, ""mlp.gate_proj"": 1005.0, ""mlp.up_proj"": 1521.0, ""self_attn.k_proj"": 123.0, ""self_attn.o_proj"": 969.0, ""self_attn.q_proj"": 209.0, ""self_attn.v_proj"": 404.0}","{""mlp.down_proj"": 1637.0, ""mlp.gate_proj"": 994.0, ""mlp.up_proj"": 1512.0, ""self_attn.k_proj"": 120.0, ""self_attn.o_proj"": 957.0, ""self_attn.q_proj"": 203.0, ""self_attn.v_proj"": 397.0}","{""mlp.down_proj"": -12.0, ""mlp.gate_proj"": -11.0, ""mlp.up_proj"": -9.0, ""self_attn.k_proj"": -3.0, ""self_attn.o_proj"": -12.0, ""self_attn.q_proj"": -6.0, ""self_attn.v_proj"": -7.0}","{""mlp.down_proj"": 0.0072771376591873865, ""mlp.gate_proj"": 0.010945273631840797, ""mlp.up_proj"": 0.005917159763313609, ""self_attn.k_proj"": 0.024390243902439025, ""self_attn.o_proj"": 0.01238390092879257, ""self_attn.q_proj"": 0.028708133971291867, ""self_attn.v_proj"": 0.017326732673267328}",-0.004508328001595745,-1.6285714285714281,267.97142857142865,False,True
qwen,offkd,160,E_if,E_ifeval,0.05,18,5,equal5_non_qk,True,"mlp.down_proj,mlp.gate_proj,mlp.up_proj,self_attn.o_proj,self_attn.v_proj","self_attn.q_proj,self_attn.k_proj",771.2,782.0,771.2,-10.8,0.016166199118955858,0.013810741687979482,"{""mlp.down_proj"": 1274.0, ""mlp.gate_proj"": 584.0, ""mlp.up_proj"": 1127.0, ""self_attn.o_proj"": 672.0, ""self_attn.v_proj"": 253.0}","{""mlp.down_proj"": 1259.0, ""mlp.gate_proj"": 574.0, ""mlp.up_proj"": 1117.0, ""self_attn.o_proj"": 659.0, ""self_attn.v_proj"": 247.0}","{""mlp.down_proj"": -15.0, ""mlp.gate_proj"": -10.0, ""mlp.up_proj"": -10.0, ""self_attn.o_proj"": -13.0, ""self_attn.v_proj"": -6.0}","{""mlp.down_proj"": 0.011773940345368918, ""mlp.gate_proj"": 0.017123287671232876, ""mlp.up_proj"": 0.008873114463176575, ""self_attn.o_proj"": 0.019345238095238096, ""self_attn.v_proj"": 0.023715415019762844}",0.013940695963790994,0.002225503155164864,7,equal7,True,"mlp.down_proj,mlp.gate_proj,mlp.up_proj,self_attn.k_proj,self_attn.o_proj,self_attn.q_proj,self_attn.v_proj",,567.4285714285714,575.7142857142857,567.4285714285714,-8.285714285714286,0.020526876921703165,0.014392059553349764,"{""mlp.down_proj"": 1274.0, ""mlp.gate_proj"": 584.0, ""mlp.up_proj"": 1127.0, ""self_attn.k_proj"": 50.0, ""self_attn.o_proj"": 672.0, ""self_attn.q_proj"": 70.0, ""self_attn.v_proj"": 253.0}","{""mlp.down_proj"": 1259.0, ""mlp.gate_proj"": 574.0, ""mlp.up_proj"": 1117.0, ""self_attn.k_proj"": 49.0, ""self_attn.o_proj"": 659.0, ""self_attn.q_proj"": 67.0, ""self_attn.v_proj"": 247.0}","{""mlp.down_proj"": -15.0, ""mlp.gate_proj"": -10.0, ""mlp.up_proj"": -10.0, ""self_attn.k_proj"": -1.0, ""self_attn.o_proj"": -13.0, ""self_attn.q_proj"": -3.0, ""self_attn.v_proj"": -6.0}","{""mlp.down_proj"": 0.011773940345368918, ""mlp.gate_proj"": 0.017123287671232876, ""mlp.up_proj"": 0.008873114463176575, ""self_attn.k_proj"": 0.02, ""self_attn.o_proj"": 0.019345238095238096, ""self_attn.q_proj"": 0.04285714285714286, ""self_attn.v_proj"": 0.023715415019762844}",-0.004360677802747306,-2.5142857142857142,203.7714285714286,False,True
qwen,offkd,160,E_if,E_ifeval,0.1,18,5,equal5_non_qk,True,"mlp.down_proj,mlp.gate_proj,mlp.up_proj,self_attn.o_proj,self_attn.v_proj","self_attn.q_proj,self_attn.k_proj",443.4,453.0,443.4,-9.6,0.02684978747421929,0.0211920529801325,"{""mlp.down_proj"": 839.0, ""mlp.gate_proj"": 228.0, ""mlp.up_proj"": 695.0, ""self_attn.o_proj"": 387.0, ""self_attn.v_proj"": 116.0}","{""mlp.down_proj"": 823.0, ""mlp.gate_proj"": 221.0, ""mlp.up_proj"": 686.0, ""self_attn.o_proj"": 376.0, ""self_attn.v_proj"": 111.0}","{""mlp.down_proj"": -16.0, ""mlp.gate_proj"": -7.0, ""mlp.up_proj"": -9.0, ""self_attn.o_proj"": -11.0, ""self_attn.v_proj"": -5.0}","{""mlp.down_proj"": 0.01907032181168057, ""mlp.gate_proj"": 0.03070175438596491, ""mlp.up_proj"": 0.012949640287769784, ""self_attn.o_proj"": 0.028423772609819122, ""self_attn.v_proj"": 0.04310344827586207}",0.02030117267005621,0.006548614804163078,7,equal7,True,"mlp.down_proj,mlp.gate_proj,mlp.up_proj,self_attn.k_proj,self_attn.o_proj,self_attn.q_proj,self_attn.v_proj",,320.2857142857143,327.42857142857144,320.2857142857143,-7.142857142857143,0.04109400404002677,0.021815008726003563,"{""mlp.down_proj"": 839.0, ""mlp.gate_proj"": 228.0, ""mlp.up_proj"": 695.0, ""self_attn.k_proj"": 16.0, ""self_attn.o_proj"": 387.0, ""self_attn.q_proj"": 11.0, ""self_attn.v_proj"": 116.0}","{""mlp.down_proj"": 823.0, ""mlp.gate_proj"": 221.0, ""mlp.up_proj"": 686.0, ""self_attn.k_proj"": 15.0, ""self_attn.o_proj"": 376.0, ""self_attn.q_proj"": 10.0, ""self_attn.v_proj"": 111.0}","{""mlp.down_proj"": -16.0, ""mlp.gate_proj"": -7.0, ""mlp.up_proj"": -9.0, ""self_attn.k_proj"": -1.0, ""self_attn.o_proj"": -11.0, ""self_attn.q_proj"": -1.0, ""self_attn.v_proj"": -5.0}","{""mlp.down_proj"": 0.01907032181168057, ""mlp.gate_proj"": 0.03070175438596491, ""mlp.up_proj"": 0.012949640287769784, ""self_attn.k_proj"": 0.0625, ""self_attn.o_proj"": 0.028423772609819122, ""self_attn.q_proj"": 0.09090909090909091, ""self_attn.v_proj"": 0.04310344827586207}",-0.014244216565807481,-2.4571428571428564,123.1142857142857,False,True
qwen,offkd,160,E_math,E_mathHeld,0.01,18,5,equal5_non_qk,True,"mlp.down_proj,mlp.gate_proj,mlp.up_proj,self_attn.o_proj,self_attn.v_proj","self_attn.q_proj,self_attn.k_proj",1640.8,1649.6,1640.8,-8.8,0.006687974411956059,0.005334626576139643,"{""mlp.down_proj"": 2176.0, ""mlp.gate_proj"": 1819.0, ""mlp.up_proj"": 2046.0, ""self_attn.o_proj"": 1520.0, ""self_attn.v_proj"": 687.0}","{""mlp.down_proj"": 2169.0, ""mlp.gate_proj"": 1809.0, ""mlp.up_proj"": 2040.0, ""self_attn.o_proj"": 1509.0, ""self_attn.v_proj"": 677.0}","{""mlp.down_proj"": -7.0, ""mlp.gate_proj"": -10.0, ""mlp.up_proj"": -6.0, ""self_attn.o_proj"": -11.0, ""self_attn.v_proj"": -10.0}","{""mlp.down_proj"": 0.003216911764705882, ""mlp.gate_proj"": 0.005497526113249038, ""mlp.up_proj"": 0.002932551319648094, ""self_attn.o_proj"": 0.007236842105263158, ""self_attn.v_proj"": 0.01455604075691412}",0.005567067417370937,0.0011209069945851222,7,equal7,True,"mlp.down_proj,mlp.gate_proj,mlp.up_proj,self_attn.k_proj,self_attn.o_proj,self_attn.q_proj,self_attn.v_proj",,1328.0,1339.0,1328.0,-11.0,0.01323061334841801,0.008215085884988798,"{""mlp.down_proj"": 2176.0, ""mlp.gate_proj"": 1819.0, ""mlp.up_proj"": 2046.0, ""self_attn.k_proj"": 363.0, ""self_attn.o_proj"": 1520.0, ""self_attn.q_proj"": 762.0, ""self_attn.v_proj"": 687.0}","{""mlp.down_proj"": 2169.0, ""mlp.gate_proj"": 1809.0, ""mlp.up_proj"": 2040.0, ""self_attn.k_proj"": 352.0, ""self_attn.o_proj"": 1509.0, ""self_attn.q_proj"": 740.0, ""self_attn.v_proj"": 677.0}","{""mlp.down_proj"": -7.0, ""mlp.gate_proj"": -10.0, ""mlp.up_proj"": -6.0, ""self_attn.k_proj"": -11.0, ""self_attn.o_proj"": -11.0, ""self_attn.q_proj"": -22.0, ""self_attn.v_proj"": -10.0}","{""mlp.down_proj"": 0.003216911764705882, ""mlp.gate_proj"": 0.005497526113249038, ""mlp.up_proj"": 0.002932551319648094, ""self_attn.k_proj"": 0.030303030303030304, ""self_attn.o_proj"": 0.007236842105263158, ""self_attn.q_proj"": 0.028871391076115485, ""self_attn.v_proj"": 0.01455604075691412}",-0.006542638936461951,2.1999999999999993,312.79999999999995,False,True
qwen,offkd,160,E_math,E_mathHeld,0.025,18,5,equal5_non_qk,True,"mlp.down_proj,mlp.gate_proj,mlp.up_proj,self_attn.o_proj,self_attn.v_proj","self_attn.q_proj,self_attn.k_proj",1310.6,1322.2,1310.6,-11.6,0.011194183993735158,0.008773256693389908,"{""mlp.down_proj"": 1875.0, ""mlp.gate_proj"": 1369.0, ""mlp.up_proj"": 1691.0, ""self_attn.o_proj"": 1157.0, ""self_attn.v_proj"": 519.0}","{""mlp.down_proj"": 1864.0, ""mlp.gate_proj"": 1355.0, ""mlp.up_proj"": 1682.0, ""self_attn.o_proj"": 1146.0, ""self_attn.v_proj"": 506.0}","{""mlp.down_proj"": -11.0, ""mlp.gate_proj"": -14.0, ""mlp.up_proj"": -9.0, ""self_attn.o_proj"": -11.0, ""self_attn.v_proj"": -13.0}","{""mlp.down_proj"": 0.005866666666666667, ""mlp.gate_proj"": 0.010226442658875092, ""mlp.up_proj"": 0.005322294500295683, ""self_attn.o_proj"": 0.00950734658599827, ""self_attn.v_proj"": 0.025048169556840076}",0.009172479753671275,0.002021704240063883,7,equal7,True,"mlp.down_proj,mlp.gate_proj,mlp.up_proj,self_attn.k_proj,self_attn.o_proj,self_attn.q_proj,self_attn.v_proj",,1013.5714285714286,1025.5714285714287,1013.5714285714286,-12.0,0.02120640697917345,0.011700793982448918,"{""mlp.down_proj"": 1875.0, ""mlp.gate_proj"": 1369.0, ""mlp.up_proj"": 1691.0, ""self_attn.k_proj"": 189.0, ""self_attn.o_proj"": 1157.0, ""self_attn.q_proj"": 379.0, ""self_attn.v_proj"": 519.0}","{""mlp.down_proj"": 1864.0, ""mlp.gate_proj"": 1355.0, ""mlp.up_proj"": 1682.0, ""self_attn.k_proj"": 180.0, ""self_attn.o_proj"": 1146.0, ""self_attn.q_proj"": 362.0, ""self_attn.v_proj"": 506.0}","{""mlp.down_proj"": -11.0, ""mlp.gate_proj"": -14.0, ""mlp.up_proj"": -9.0, ""self_attn.k_proj"": -9.0, ""self_attn.o_proj"": -11.0, ""self_attn.q_proj"": -17.0, ""self_attn.v_proj"": -13.0}","{""mlp.down_proj"": 0.005866666666666667, ""mlp.gate_proj"": 0.010226442658875092, ""mlp.up_proj"": 0.005322294500295683, ""self_attn.k_proj"": 0.047619047619047616, ""self_attn.o_proj"": 0.00950734658599827, ""self_attn.q_proj"": 0.044854881266490766, ""self_attn.v_proj"": 0.025048169556840076}",-0.010012222985438293,0.40000000000000036,297.02857142857135,False,True
qwen,offkd,160,E_math,E_mathHeld,0.05,18,5,equal5_non_qk,True,"mlp.down_proj,mlp.gate_proj,mlp.up_proj,self_attn.o_proj,self_attn.v_proj","self_attn.q_proj,self_attn.k_proj",1001.4,1014.2,1001.4,-12.8,0.016549009872853713,0.01262078485505824,"{""mlp.down_proj"": 1552.0, ""mlp.gate_proj"": 956.0, ""mlp.up_proj"": 1332.0, ""self_attn.o_proj"": 860.0, ""self_attn.v_proj"": 371.0}","{""mlp.down_proj"": 1538.0, ""mlp.gate_proj"": 941.0, ""mlp.up_proj"": 1322.0, ""self_attn.o_proj"": 849.0, ""self_attn.v_proj"": 357.0}","{""mlp.down_proj"": -14.0, ""mlp.gate_proj"": -15.0, ""mlp.up_proj"": -10.0, ""self_attn.o_proj"": -11.0, ""self_attn.v_proj"": -14.0}","{""mlp.down_proj"": 0.00902061855670103, ""mlp.gate_proj"": 0.015690376569037656, ""mlp.up_proj"": 0.0075075075075075074, ""self_attn.o_proj"": 0.012790697674418604, ""self_attn.v_proj"": 0.03773584905660377}",0.013940695963790994,0.0026083139090627185,7,equal7,True,"mlp.down_proj,mlp.gate_proj,mlp.up_proj,self_attn.k_proj,self_attn.o_proj,self_attn.q_proj,self_attn.v_proj",,746.8571428571429,758.1428571428571,746.8571428571429,-11.285714285714286,0.02980796057934729,0.014885999623139166,"{""mlp.down_proj"": 1552.0, ""mlp.gate_proj"": 956.0, ""mlp.up_proj"": 1332.0, ""self_attn.k_proj"": 82.0, ""self_attn.o_proj"": 860.0, ""self_attn.q_proj"": 154.0, ""self_attn.v_proj"": 371.0}","{""mlp.down_proj"": 1538.0, ""mlp.gate_proj"": 941.0, ""mlp.up_proj"": 1322.0, ""self_attn.k_proj"": 77.0, ""self_attn.o_proj"": 849.0, ""self_attn.q_proj"": 144.0, ""self_attn.v_proj"": 357.0}","{""mlp.down_proj"": -14.0, ""mlp.gate_proj"": -15.0, ""mlp.up_proj"": -10.0, ""self_attn.k_proj"": -5.0, ""self_attn.o_proj"": -11.0, ""self_attn.q_proj"": -10.0, ""self_attn.v_proj"": -14.0}","{""mlp.down_proj"": 0.00902061855670103, ""mlp.gate_proj"": 0.015690376569037656, ""mlp.up_proj"": 0.0075075075075075074, ""self_attn.k_proj"": 0.06097560975609756, ""self_attn.o_proj"": 0.012790697674418604, ""self_attn.q_proj"": 0.06493506493506493, ""self_attn.v_proj"": 0.03773584905660377}",-0.013258950706493577,-1.5142857142857142,254.5428571428571,False,True
qwen,offkd,160,E_math,E_mathHeld,0.1,18,5,equal5_non_qk,True,"mlp.down_proj,mlp.gate_proj,mlp.up_proj,self_attn.o_proj,self_attn.v_proj","self_attn.q_proj,self_attn.k_proj",660.8,673.2,660.8,-12.4,0.02479063255220329,0.018419489007724436,"{""mlp.down_proj"": 1147.0, ""mlp.gate_proj"": 529.0, ""mlp.up_proj"": 913.0, ""self_attn.o_proj"": 561.0, ""self_attn.v_proj"": 216.0}","{""mlp.down_proj"": 1131.0, ""mlp.gate_proj"": 516.0, ""mlp.up_proj"": 902.0, ""self_attn.o_proj"": 551.0, ""self_attn.v_proj"": 204.0}","{""mlp.down_proj"": -16.0, ""mlp.gate_proj"": -13.0, ""mlp.up_proj"": -11.0, ""self_attn.o_proj"": -10.0, ""self_attn.v_proj"": -12.0}","{""mlp.down_proj"": 0.013949433304272014, ""mlp.gate_proj"": 0.024574669187145556, ""mlp.up_proj"": 0.012048192771084338, ""self_attn.o_proj"": 0.017825311942959002, ""self_attn.v_proj"": 0.05555555555555555}",0.02030117267005621,0.004489459882147079,7,equal7,True,"mlp.down_proj,mlp.gate_proj,mlp.up_proj,self_attn.k_proj,self_attn.o_proj,self_attn.q_proj,self_attn.v_proj",,479.0,488.7142857142857,479.0,-9.714285714285714,0.04804553630840941,0.019877228880444332,"{""mlp.down_proj"": 1147.0, ""mlp.gate_proj"": 529.0, ""mlp.up_proj"": 913.0, ""self_attn.k_proj"": 24.0, ""self_attn.o_proj"": 561.0, ""self_attn.q_proj"": 31.0, ""self_attn.v_proj"": 216.0}","{""mlp.down_proj"": 1131.0, ""mlp.gate_proj"": 516.0, ""mlp.up_proj"": 902.0, ""self_attn.k_proj"": 22.0, ""self_attn.o_proj"": 551.0, ""self_attn.q_proj"": 27.0, ""self_attn.v_proj"": 204.0}","{""mlp.down_proj"": -16.0, ""mlp.gate_proj"": -13.0, ""mlp.up_proj"": -11.0, ""self_attn.k_proj"": -2.0, ""self_attn.o_proj"": -10.0, ""self_attn.q_proj"": -4.0, ""self_attn.v_proj"": -12.0}","{""mlp.down_proj"": 0.013949433304272014, ""mlp.gate_proj"": 0.024574669187145556, ""mlp.up_proj"": 0.012048192771084338, ""self_attn.k_proj"": 0.08333333333333333, ""self_attn.o_proj"": 0.017825311942959002, ""self_attn.q_proj"": 0.12903225806451613, ""self_attn.v_proj"": 0.05555555555555555}",-0.02325490375620612,-2.685714285714287,181.79999999999995,False,True
qwen,offkd,160,E_ood,E_mmluPro,0.01,18,5,equal5_non_qk,True,"mlp.down_proj,mlp.gate_proj,mlp.up_proj,self_attn.o_proj,self_attn.v_proj","self_attn.q_proj,self_attn.k_proj",1600.2,1610.4,1600.2,-10.2,0.007259032473880944,0.006333830104321935,"{""mlp.down_proj"": 2156.0, ""mlp.gate_proj"": 1667.0, ""mlp.up_proj"": 2029.0, ""self_attn.o_proj"": 1471.0, ""self_attn.v_proj"": 729.0}","{""mlp.down_proj"": 2150.0, ""mlp.gate_proj"": 1653.0, ""mlp.up_proj"": 2021.0, ""self_attn.o_proj"": 1456.0, ""self_attn.v_proj"": 721.0}","{""mlp.down_proj"": -6.0, ""mlp.gate_proj"": -14.0, ""mlp.up_proj"": -8.0, ""self_attn.o_proj"": -15.0, ""self_attn.v_proj"": -8.0}","{""mlp.down_proj"": 0.0027829313543599257, ""mlp.gate_proj"": 0.008398320335932814, ""mlp.up_proj"": 0.003942828979793002, ""self_attn.o_proj"": 0.010197144799456152, ""self_attn.v_proj"": 0.010973936899862825}",0.005567067417370937,0.0016919650565100077,7,equal7,True,"mlp.down_proj,mlp.gate_proj,mlp.up_proj,self_attn.k_proj,self_attn.o_proj,self_attn.q_proj,self_attn.v_proj",,1293.7142857142858,1305.5714285714287,1293.7142857142858,-11.857142857142858,0.013033165176029645,0.009081956450377527,"{""mlp.down_proj"": 2156.0, ""mlp.gate_proj"": 1667.0, ""mlp.up_proj"": 2029.0, ""self_attn.k_proj"": 402.0, ""self_attn.o_proj"": 1471.0, ""self_attn.q_proj"": 685.0, ""self_attn.v_proj"": 729.0}","{""mlp.down_proj"": 2150.0, ""mlp.gate_proj"": 1653.0, ""mlp.up_proj"": 2021.0, ""self_attn.k_proj"": 394.0, ""self_attn.o_proj"": 1456.0, ""self_attn.q_proj"": 661.0, ""self_attn.v_proj"": 721.0}","{""mlp.down_proj"": -6.0, ""mlp.gate_proj"": -14.0, ""mlp.up_proj"": -8.0, ""self_attn.k_proj"": -8.0, ""self_attn.o_proj"": -15.0, ""self_attn.q_proj"": -24.0, ""self_attn.v_proj"": -8.0}","{""mlp.down_proj"": 0.0027829313543599257, ""mlp.gate_proj"": 0.008398320335932814, ""mlp.up_proj"": 0.003942828979793002, ""self_attn.k_proj"": 0.01990049751243781, ""self_attn.o_proj"": 0.010197144799456152, ""self_attn.q_proj"": 0.035036496350364967, ""self_attn.v_proj"": 0.010973936899862825}",-0.005774132702148701,1.6571428571428584,306.48571428571427,False,True
qwen,offkd,160,E_ood,E_mmluPro,0.025,18,5,equal5_non_qk,True,"mlp.down_proj,mlp.gate_proj,mlp.up_proj,self_attn.o_proj,self_attn.v_proj","self_attn.q_proj,self_attn.k_proj",1256.2,1268.4,1256.2,-12.2,0.01126679881802462,0.009618416903185151,"{""mlp.down_proj"": 1847.0, ""mlp.gate_proj"": 1163.0, ""mlp.up_proj"": 1655.0, ""self_attn.o_proj"": 1105.0, ""self_attn.v_proj"": 572.0}","{""mlp.down_proj"": 1838.0, ""mlp.gate_proj"": 1147.0, ""mlp.up_proj"": 1644.0, ""self_attn.o_proj"": 1090.0, ""self_attn.v_proj"": 562.0}","{""mlp.down_proj"": -9.0, ""mlp.gate_proj"": -16.0, ""mlp.up_proj"": -11.0, ""self_attn.o_proj"": -15.0, ""self_attn.v_proj"": -10.0}","{""mlp.down_proj"": 0.004872766648619383, ""mlp.gate_proj"": 0.013757523645743766, ""mlp.up_proj"": 0.006646525679758308, ""self_attn.o_proj"": 0.013574660633484163, ""self_attn.v_proj"": 0.017482517482517484}",0.009172479753671275,0.0020943190643533446,7,equal7,True,"mlp.down_proj,mlp.gate_proj,mlp.up_proj,self_attn.k_proj,self_attn.o_proj,self_attn.q_proj,self_attn.v_proj",,972.2857142857143,984.2857142857143,972.2857142857143,-12.0,0.019411438586959654,0.012191582002902757,"{""mlp.down_proj"": 1847.0, ""mlp.gate_proj"": 1163.0, ""mlp.up_proj"": 1655.0, ""self_attn.k_proj"": 230.0, ""self_attn.o_proj"": 1105.0, ""self_attn.q_proj"": 318.0, ""self_attn.v_proj"": 572.0}","{""mlp.down_proj"": 1838.0, ""mlp.gate_proj"": 1147.0, ""mlp.up_proj"": 1644.0, ""self_attn.k_proj"": 224.0, ""self_attn.o_proj"": 1090.0, ""self_attn.q_proj"": 301.0, ""self_attn.v_proj"": 562.0}","{""mlp.down_proj"": -9.0, ""mlp.gate_proj"": -16.0, ""mlp.up_proj"": -11.0, ""self_attn.k_proj"": -6.0, ""self_attn.o_proj"": -15.0, ""self_attn.q_proj"": -17.0, ""self_attn.v_proj"": -10.0}","{""mlp.down_proj"": 0.004872766648619383, ""mlp.gate_proj"": 0.013757523645743766, ""mlp.up_proj"": 0.006646525679758308, ""self_attn.k_proj"": 0.02608695652173913, ""self_attn.o_proj"": 0.013574660633484163, ""self_attn.q_proj"": 0.05345911949685535, ""self_attn.v_proj"": 0.017482517482517484}",-0.008144639768935034,-0.1999999999999993,283.9142857142857,False,True
qwen,offkd,160,E_ood,E_mmluPro,0.05,18,5,equal5_non_qk,True,"mlp.down_proj,mlp.gate_proj,mlp.up_proj,self_attn.o_proj,self_attn.v_proj","self_attn.q_proj,self_attn.k_proj",941.4,954.4,941.4,-13.0,0.01639228658881403,0.013621123218776194,"{""mlp.down_proj"": 1519.0, ""mlp.gate_proj"": 731.0, ""mlp.up_proj"": 1281.0, ""self_attn.o_proj"": 810.0, ""self_attn.v_proj"": 431.0}","{""mlp.down_proj"": 1507.0, ""mlp.gate_proj"": 715.0, ""mlp.up_proj"": 1269.0, ""self_attn.o_proj"": 796.0, ""self_attn.v_proj"": 420.0}","{""mlp.down_proj"": -12.0, ""mlp.gate_proj"": -16.0, ""mlp.up_proj"": -12.0, ""self_attn.o_proj"": -14.0, ""self_attn.v_proj"": -11.0}","{""mlp.down_proj"": 0.007899934167215274, ""mlp.gate_proj"": 0.02188782489740082, ""mlp.up_proj"": 0.00936768149882904, ""self_attn.o_proj"": 0.01728395061728395, ""self_attn.v_proj"": 0.025522041763341066}",0.013940695963790994,0.002451590625023037,7,equal7,True,"mlp.down_proj,mlp.gate_proj,mlp.up_proj,self_attn.k_proj,self_attn.o_proj,self_attn.q_proj,self_attn.v_proj",,704.4285714285714,715.5714285714286,704.4285714285714,-11.142857142857142,0.02726062240771657,0.015571970453184224,"{""mlp.down_proj"": 1519.0, ""mlp.gate_proj"": 731.0, ""mlp.up_proj"": 1281.0, ""self_attn.k_proj"": 116.0, ""self_attn.o_proj"": 810.0, ""self_attn.q_proj"": 121.0, ""self_attn.v_proj"": 431.0}","{""mlp.down_proj"": 1507.0, ""mlp.gate_proj"": 715.0, ""mlp.up_proj"": 1269.0, ""self_attn.k_proj"": 112.0, ""self_attn.o_proj"": 796.0, ""self_attn.q_proj"": 112.0, ""self_attn.v_proj"": 420.0}","{""mlp.down_proj"": -12.0, ""mlp.gate_proj"": -16.0, ""mlp.up_proj"": -12.0, ""self_attn.k_proj"": -4.0, ""self_attn.o_proj"": -14.0, ""self_attn.q_proj"": -9.0, ""self_attn.v_proj"": -11.0}","{""mlp.down_proj"": 0.007899934167215274, ""mlp.gate_proj"": 0.02188782489740082, ""mlp.up_proj"": 0.00936768149882904, ""self_attn.k_proj"": 0.034482758620689655, ""self_attn.o_proj"": 0.01728395061728395, ""self_attn.q_proj"": 0.0743801652892562, ""self_attn.v_proj"": 0.025522041763341066}",-0.01086833581890254,-1.8571428571428577,236.97142857142853,False,True
qwen,offkd,160,E_ood,E_mmluPro,0.1,18,5,equal5_non_qk,True,"mlp.down_proj,mlp.gate_proj,mlp.up_proj,self_attn.o_proj,self_attn.v_proj","self_attn.q_proj,self_attn.k_proj",605.0,617.4,605.0,-12.4,0.02581598520058153,0.020084224165856784,"{""mlp.down_proj"": 1114.0, ""mlp.gate_proj"": 327.0, ""mlp.up_proj"": 850.0, ""self_attn.o_proj"": 518.0, ""self_attn.v_proj"": 278.0}","{""mlp.down_proj"": 1101.0, ""mlp.gate_proj"": 315.0, ""mlp.up_proj"": 838.0, ""self_attn.o_proj"": 504.0, ""self_attn.v_proj"": 267.0}","{""mlp.down_proj"": -13.0, ""mlp.gate_proj"": -12.0, ""mlp.up_proj"": -12.0, ""self_attn.o_proj"": -14.0, ""self_attn.v_proj"": -11.0}","{""mlp.down_proj"": 0.011669658886894075, ""mlp.gate_proj"": 0.03669724770642202, ""mlp.up_proj"": 0.01411764705882353, ""self_attn.o_proj"": 0.02702702702702703, ""self_attn.v_proj"": 0.039568345323741004}",0.02030117267005621,0.005514812530525319,7,equal7,True,"mlp.down_proj,mlp.gate_proj,mlp.up_proj,self_attn.k_proj,self_attn.o_proj,self_attn.q_proj,self_attn.v_proj",,441.0,450.42857142857144,441.0,-9.428571428571429,0.03849493448393187,0.020932445290199844,"{""mlp.down_proj"": 1114.0, ""mlp.gate_proj"": 327.0, ""mlp.up_proj"": 850.0, ""self_attn.k_proj"": 40.0, ""self_attn.o_proj"": 518.0, ""self_attn.q_proj"": 26.0, ""self_attn.v_proj"": 278.0}","{""mlp.down_proj"": 1101.0, ""mlp.gate_proj"": 315.0, ""mlp.up_proj"": 838.0, ""self_attn.k_proj"": 39.0, ""self_attn.o_proj"": 504.0, ""self_attn.q_proj"": 23.0, ""self_attn.v_proj"": 267.0}","{""mlp.down_proj"": -13.0, ""mlp.gate_proj"": -12.0, ""mlp.up_proj"": -12.0, ""self_attn.k_proj"": -1.0, ""self_attn.o_proj"": -14.0, ""self_attn.q_proj"": -3.0, ""self_attn.v_proj"": -11.0}","{""mlp.down_proj"": 0.011669658886894075, ""mlp.gate_proj"": 0.03669724770642202, ""mlp.up_proj"": 0.01411764705882353, ""self_attn.k_proj"": 0.025, ""self_attn.o_proj"": 0.02702702702702703, ""self_attn.q_proj"": 0.11538461538461539, ""self_attn.v_proj"": 0.039568345323741004}",-0.012678949283350338,-2.9714285714285715,164.0,False,True
qwen,offkd,320,E_general,E_general,0.01,18,5,equal5_non_qk,True,"mlp.down_proj,mlp.gate_proj,mlp.up_proj,self_attn.o_proj,self_attn.v_proj","self_attn.q_proj,self_attn.k_proj",1622.6,1634.4,1622.6,-11.8,0.00823372385973641,0.007219774840920326,"{""mlp.down_proj"": 2190.0, ""mlp.gate_proj"": 1641.0, ""mlp.up_proj"": 2064.0, ""self_attn.o_proj"": 1546.0, ""self_attn.v_proj"": 731.0}","{""mlp.down_proj"": 2181.0, ""mlp.gate_proj"": 1624.0, ""mlp.up_proj"": 2057.0, ""self_attn.o_proj"": 1529.0, ""self_attn.v_proj"": 722.0}","{""mlp.down_proj"": -9.0, ""mlp.gate_proj"": -17.0, ""mlp.up_proj"": -7.0, ""self_attn.o_proj"": -17.0, ""self_attn.v_proj"": -9.0}","{""mlp.down_proj"": 0.00410958904109589, ""mlp.gate_proj"": 0.010359536867763558, ""mlp.up_proj"": 0.003391472868217054, ""self_attn.o_proj"": 0.010996119016817595, ""self_attn.v_proj"": 0.012311901504787962}",0.00823372385973641,0.0,7,equal7,True,"mlp.down_proj,mlp.gate_proj,mlp.up_proj,self_attn.k_proj,self_attn.o_proj,self_attn.q_proj,self_attn.v_proj",,1314.857142857143,1328.4285714285713,1314.857142857143,-13.571428571428571,0.014561718653987395,0.010216152274438015,"{""mlp.down_proj"": 2190.0, ""mlp.gate_proj"": 1641.0, ""mlp.up_proj"": 2064.0, ""self_attn.k_proj"": 400.0, ""self_attn.o_proj"": 1546.0, ""self_attn.q_proj"": 727.0, ""self_attn.v_proj"": 731.0}","{""mlp.down_proj"": 2181.0, ""mlp.gate_proj"": 1624.0, ""mlp.up_proj"": 2057.0, ""self_attn.k_proj"": 390.0, ""self_attn.o_proj"": 1529.0, ""self_attn.q_proj"": 701.0, ""self_attn.v_proj"": 722.0}","{""mlp.down_proj"": -9.0, ""mlp.gate_proj"": -17.0, ""mlp.up_proj"": -7.0, ""self_attn.k_proj"": -10.0, ""self_attn.o_proj"": -17.0, ""self_attn.q_proj"": -26.0, ""self_attn.v_proj"": -9.0}","{""mlp.down_proj"": 0.00410958904109589, ""mlp.gate_proj"": 0.010359536867763558, ""mlp.up_proj"": 0.003391472868217054, ""self_attn.k_proj"": 0.025, ""self_attn.o_proj"": 0.010996119016817595, ""self_attn.q_proj"": 0.03576341127922971, ""self_attn.v_proj"": 0.012311901504787962}",-0.006327994794250984,1.7714285714285705,307.742857142857,False,True
qwen,offkd,320,E_general,E_general,0.025,18,5,equal5_non_qk,True,"mlp.down_proj,mlp.gate_proj,mlp.up_proj,self_attn.o_proj,self_attn.v_proj","self_attn.q_proj,self_attn.k_proj",1284.8,1299.6,1284.8,-14.8,0.01341233225068438,0.011388119421360384,"{""mlp.down_proj"": 1900.0, ""mlp.gate_proj"": 1133.0, ""mlp.up_proj"": 1706.0, ""self_attn.o_proj"": 1186.0, ""self_attn.v_proj"": 573.0}","{""mlp.down_proj"": 1887.0, ""mlp.gate_proj"": 1113.0, ""mlp.up_proj"": 1695.0, ""self_attn.o_proj"": 1168.0, ""self_attn.v_proj"": 561.0}","{""mlp.down_proj"": -13.0, ""mlp.gate_proj"": -20.0, ""mlp.up_proj"": -11.0, ""self_attn.o_proj"": -18.0, ""self_attn.v_proj"": -12.0}","{""mlp.down_proj"": 0.006842105263157895, ""mlp.gate_proj"": 0.0176522506619594, ""mlp.up_proj"": 0.006447831184056272, ""self_attn.o_proj"": 0.01517706576728499, ""self_attn.v_proj"": 0.020942408376963352}",0.01341233225068438,0.0,7,equal7,True,"mlp.down_proj,mlp.gate_proj,mlp.up_proj,self_attn.k_proj,self_attn.o_proj,self_attn.q_proj,self_attn.v_proj",,996.7142857142857,1011.2857142857143,996.7142857142857,-14.571428571428571,0.022685875306223367,0.014408814804350993,"{""mlp.down_proj"": 1900.0, ""mlp.gate_proj"": 1133.0, ""mlp.up_proj"": 1706.0, ""self_attn.k_proj"": 227.0, ""self_attn.o_proj"": 1186.0, ""self_attn.q_proj"": 354.0, ""self_attn.v_proj"": 573.0}","{""mlp.down_proj"": 1887.0, ""mlp.gate_proj"": 1113.0, ""mlp.up_proj"": 1695.0, ""self_attn.k_proj"": 219.0, ""self_attn.o_proj"": 1168.0, ""self_attn.q_proj"": 334.0, ""self_attn.v_proj"": 561.0}","{""mlp.down_proj"": -13.0, ""mlp.gate_proj"": -20.0, ""mlp.up_proj"": -11.0, ""self_attn.k_proj"": -8.0, ""self_attn.o_proj"": -18.0, ""self_attn.q_proj"": -20.0, ""self_attn.v_proj"": -12.0}","{""mlp.down_proj"": 0.006842105263157895, ""mlp.gate_proj"": 0.0176522506619594, ""mlp.up_proj"": 0.006447831184056272, ""self_attn.k_proj"": 0.03524229074889868, ""self_attn.o_proj"": 0.01517706576728499, ""self_attn.q_proj"": 0.05649717514124294, ""self_attn.v_proj"": 0.020942408376963352}",-0.009273543055538987,-0.22857142857142954,288.0857142857143,False,True
qwen,offkd,320,E_general,E_general,0.05,18,5,equal5_non_qk,True,"mlp.down_proj,mlp.gate_proj,mlp.up_proj,self_attn.o_proj,self_attn.v_proj","self_attn.q_proj,self_attn.k_proj",974.8,991.2,974.8,-16.4,0.01998223526590386,0.016545601291364093,"{""mlp.down_proj"": 1590.0, ""mlp.gate_proj"": 701.0, ""mlp.up_proj"": 1344.0, ""self_attn.o_proj"": 890.0, ""self_attn.v_proj"": 431.0}","{""mlp.down_proj"": 1572.0, ""mlp.gate_proj"": 681.0, ""mlp.up_proj"": 1331.0, ""self_attn.o_proj"": 872.0, ""self_attn.v_proj"": 418.0}","{""mlp.down_proj"": -18.0, ""mlp.gate_proj"": -20.0, ""mlp.up_proj"": -13.0, ""self_attn.o_proj"": -18.0, ""self_attn.v_proj"": -13.0}","{""mlp.down_proj"": 0.011320754716981131, ""mlp.gate_proj"": 0.028530670470756064, ""mlp.up_proj"": 0.009672619047619048, ""self_attn.o_proj"": 0.020224719101123594, ""self_attn.v_proj"": 0.030162412993039442}",0.01998223526590386,0.0,7,equal7,True,"mlp.down_proj,mlp.gate_proj,mlp.up_proj,self_attn.k_proj,self_attn.o_proj,self_attn.q_proj,self_attn.v_proj",,730.4285714285714,744.7142857142857,730.4285714285714,-14.285714285714286,0.03376312211365657,0.019182812200268472,"{""mlp.down_proj"": 1590.0, ""mlp.gate_proj"": 701.0, ""mlp.up_proj"": 1344.0, ""self_attn.k_proj"": 113.0, ""self_attn.o_proj"": 890.0, ""self_attn.q_proj"": 144.0, ""self_attn.v_proj"": 431.0}","{""mlp.down_proj"": 1572.0, ""mlp.gate_proj"": 681.0, ""mlp.up_proj"": 1331.0, ""self_attn.k_proj"": 107.0, ""self_attn.o_proj"": 872.0, ""self_attn.q_proj"": 132.0, ""self_attn.v_proj"": 418.0}","{""mlp.down_proj"": -18.0, ""mlp.gate_proj"": -20.0, ""mlp.up_proj"": -13.0, ""self_attn.k_proj"": -6.0, ""self_attn.o_proj"": -18.0, ""self_attn.q_proj"": -12.0, ""self_attn.v_proj"": -13.0}","{""mlp.down_proj"": 0.011320754716981131, ""mlp.gate_proj"": 0.028530670470756064, ""mlp.up_proj"": 0.009672619047619048, ""self_attn.k_proj"": 0.05309734513274336, ""self_attn.o_proj"": 0.020224719101123594, ""self_attn.q_proj"": 0.08333333333333333, ""self_attn.v_proj"": 0.030162412993039442}",-0.013780886847752711,-2.114285714285712,244.3714285714285,False,True
qwen,offkd,320,E_general,E_general,0.1,18,5,equal5_non_qk,True,"mlp.down_proj,mlp.gate_proj,mlp.up_proj,self_attn.o_proj,self_attn.v_proj","self_attn.q_proj,self_attn.k_proj",642.0,657.2,642.0,-15.2,0.030311972393299896,0.023128423615337863,"{""mlp.down_proj"": 1200.0, ""mlp.gate_proj"": 300.0, ""mlp.up_proj"": 920.0, ""self_attn.o_proj"": 589.0, ""self_attn.v_proj"": 277.0}","{""mlp.down_proj"": 1180.0, ""mlp.gate_proj"": 286.0, ""mlp.up_proj"": 907.0, ""self_attn.o_proj"": 573.0, ""self_attn.v_proj"": 264.0}","{""mlp.down_proj"": -20.0, ""mlp.gate_proj"": -14.0, ""mlp.up_proj"": -13.0, ""self_attn.o_proj"": -16.0, ""self_attn.v_proj"": -13.0}","{""mlp.down_proj"": 0.016666666666666666, ""mlp.gate_proj"": 0.04666666666666667, ""mlp.up_proj"": 0.014130434782608696, ""self_attn.o_proj"": 0.027164685908319185, ""self_attn.v_proj"": 0.04693140794223827}",0.030311972393299896,0.0,7,equal7,True,"mlp.down_proj,mlp.gate_proj,mlp.up_proj,self_attn.k_proj,self_attn.o_proj,self_attn.q_proj,self_attn.v_proj",,468.0,479.7142857142857,468.0,-11.714285714285714,0.046293433494381704,0.02441929720071473,"{""mlp.down_proj"": 1200.0, ""mlp.gate_proj"": 300.0, ""mlp.up_proj"": 920.0, ""self_attn.k_proj"": 39.0, ""self_attn.o_proj"": 589.0, ""self_attn.q_proj"": 33.0, ""self_attn.v_proj"": 277.0}","{""mlp.down_proj"": 1180.0, ""mlp.gate_proj"": 286.0, ""mlp.up_proj"": 907.0, ""self_attn.k_proj"": 37.0, ""self_attn.o_proj"": 573.0, ""self_attn.q_proj"": 29.0, ""self_attn.v_proj"": 264.0}","{""mlp.down_proj"": -20.0, ""mlp.gate_proj"": -14.0, ""mlp.up_proj"": -13.0, ""self_attn.k_proj"": -2.0, ""self_attn.o_proj"": -16.0, ""self_attn.q_proj"": -4.0, ""self_attn.v_proj"": -13.0}","{""mlp.down_proj"": 0.016666666666666666, ""mlp.gate_proj"": 0.04666666666666667, ""mlp.up_proj"": 0.014130434782608696, ""self_attn.k_proj"": 0.05128205128205128, ""self_attn.o_proj"": 0.027164685908319185, ""self_attn.q_proj"": 0.12121212121212122, ""self_attn.v_proj"": 0.04693140794223827}",-0.01598146110108181,-3.4857142857142858,174.0,False,True
qwen,offkd,320,E_if,E_ifeval,0.01,18,5,equal5_non_qk,True,"mlp.down_proj,mlp.gate_proj,mlp.up_proj,self_attn.o_proj,self_attn.v_proj","self_attn.q_proj,self_attn.k_proj",1471.2,1484.2,1471.2,-13.0,0.010183170682175715,0.008758927368279207,"{""mlp.down_proj"": 2024.0, ""mlp.gate_proj"": 1528.0, ""mlp.up_proj"": 1933.0, ""self_attn.o_proj"": 1347.0, ""self_attn.v_proj"": 589.0}","{""mlp.down_proj"": 2009.0, ""mlp.gate_proj"": 1515.0, ""mlp.up_proj"": 1924.0, ""self_attn.o_proj"": 1329.0, ""self_attn.v_proj"": 579.0}","{""mlp.down_proj"": -15.0, ""mlp.gate_proj"": -13.0, ""mlp.up_proj"": -9.0, ""self_attn.o_proj"": -18.0, ""self_attn.v_proj"": -10.0}","{""mlp.down_proj"": 0.007411067193675889, ""mlp.gate_proj"": 0.008507853403141362, ""mlp.up_proj"": 0.0046559751681324365, ""self_attn.o_proj"": 0.013363028953229399, ""self_attn.v_proj"": 0.01697792869269949}",0.00823372385973641,0.0019494468224393047,7,equal7,True,"mlp.down_proj,mlp.gate_proj,mlp.up_proj,self_attn.k_proj,self_attn.o_proj,self_attn.q_proj,self_attn.v_proj",,1161.0,1174.0,1161.0,-13.0,0.016617947781359225,0.011073253833049404,"{""mlp.down_proj"": 2024.0, ""mlp.gate_proj"": 1528.0, ""mlp.up_proj"": 1933.0, ""self_attn.k_proj"": 273.0, ""self_attn.o_proj"": 1347.0, ""self_attn.q_proj"": 524.0, ""self_attn.v_proj"": 589.0}","{""mlp.down_proj"": 2009.0, ""mlp.gate_proj"": 1515.0, ""mlp.up_proj"": 1924.0, ""self_attn.k_proj"": 264.0, ""self_attn.o_proj"": 1329.0, ""self_attn.q_proj"": 507.0, ""self_attn.v_proj"": 579.0}","{""mlp.down_proj"": -15.0, ""mlp.gate_proj"": -13.0, ""mlp.up_proj"": -9.0, ""self_attn.k_proj"": -9.0, ""self_attn.o_proj"": -18.0, ""self_attn.q_proj"": -17.0, ""self_attn.v_proj"": -10.0}","{""mlp.down_proj"": 0.007411067193675889, ""mlp.gate_proj"": 0.008507853403141362, ""mlp.up_proj"": 0.0046559751681324365, ""self_attn.k_proj"": 0.03296703296703297, ""self_attn.o_proj"": 0.013363028953229399, ""self_attn.q_proj"": 0.03244274809160305, ""self_attn.v_proj"": 0.01697792869269949}",-0.0064347770991835095,0.0,310.20000000000005,False,True
qwen,offkd,320,E_if,E_ifeval,0.025,18,5,equal5_non_qk,True,"mlp.down_proj,mlp.gate_proj,mlp.up_proj,self_attn.o_proj,self_attn.v_proj","self_attn.q_proj,self_attn.k_proj",1094.0,1109.6,1094.0,-15.6,0.01676574641584193,0.014059120403749018,"{""mlp.down_proj"": 1649.0, ""mlp.gate_proj"": 1005.0, ""mlp.up_proj"": 1521.0, ""self_attn.o_proj"": 969.0, ""self_attn.v_proj"": 404.0}","{""mlp.down_proj"": 1628.0, ""mlp.gate_proj"": 990.0, ""mlp.up_proj"": 1509.0, ""self_attn.o_proj"": 951.0, ""self_attn.v_proj"": 392.0}","{""mlp.down_proj"": -21.0, ""mlp.gate_proj"": -15.0, ""mlp.up_proj"": -12.0, ""self_attn.o_proj"": -18.0, ""self_attn.v_proj"": -12.0}","{""mlp.down_proj"": 0.012734990903577926, ""mlp.gate_proj"": 0.014925373134328358, ""mlp.up_proj"": 0.007889546351084813, ""self_attn.o_proj"": 0.018575851393188854, ""self_attn.v_proj"": 0.0297029702970297}",0.01341233225068438,0.003353414165157548,7,equal7,True,"mlp.down_proj,mlp.gate_proj,mlp.up_proj,self_attn.k_proj,self_attn.o_proj,self_attn.q_proj,self_attn.v_proj",,826.7142857142857,840.0,826.7142857142857,-13.285714285714286,0.024618004076489685,0.015816326530612303,"{""mlp.down_proj"": 1649.0, ""mlp.gate_proj"": 1005.0, ""mlp.up_proj"": 1521.0, ""self_attn.k_proj"": 123.0, ""self_attn.o_proj"": 969.0, ""self_attn.q_proj"": 209.0, ""self_attn.v_proj"": 404.0}","{""mlp.down_proj"": 1628.0, ""mlp.gate_proj"": 990.0, ""mlp.up_proj"": 1509.0, ""self_attn.k_proj"": 118.0, ""self_attn.o_proj"": 951.0, ""self_attn.q_proj"": 199.0, ""self_attn.v_proj"": 392.0}","{""mlp.down_proj"": -21.0, ""mlp.gate_proj"": -15.0, ""mlp.up_proj"": -12.0, ""self_attn.k_proj"": -5.0, ""self_attn.o_proj"": -18.0, ""self_attn.q_proj"": -10.0, ""self_attn.v_proj"": -12.0}","{""mlp.down_proj"": 0.012734990903577926, ""mlp.gate_proj"": 0.014925373134328358, ""mlp.up_proj"": 0.007889546351084813, ""self_attn.k_proj"": 0.04065040650406504, ""self_attn.o_proj"": 0.018575851393188854, ""self_attn.q_proj"": 0.04784688995215311, ""self_attn.v_proj"": 0.0297029702970297}",-0.007852257660647757,-2.314285714285713,267.28571428571433,False,True
qwen,offkd,320,E_if,E_ifeval,0.05,18,5,equal5_non_qk,True,"mlp.down_proj,mlp.gate_proj,mlp.up_proj,self_attn.o_proj,self_attn.v_proj","self_attn.q_proj,self_attn.k_proj",765.8,782.0,765.8,-16.2,0.02458607733484361,0.020716112531969366,"{""mlp.down_proj"": 1274.0, ""mlp.gate_proj"": 584.0, ""mlp.up_proj"": 1127.0, ""self_attn.o_proj"": 672.0, ""self_attn.v_proj"": 253.0}","{""mlp.down_proj"": 1249.0, ""mlp.gate_proj"": 570.0, ""mlp.up_proj"": 1114.0, ""self_attn.o_proj"": 653.0, ""self_attn.v_proj"": 243.0}","{""mlp.down_proj"": -25.0, ""mlp.gate_proj"": -14.0, ""mlp.up_proj"": -13.0, ""self_attn.o_proj"": -19.0, ""self_attn.v_proj"": -10.0}","{""mlp.down_proj"": 0.019623233908948195, ""mlp.gate_proj"": 0.023972602739726026, ""mlp.up_proj"": 0.011535048802129548, ""self_attn.o_proj"": 0.028273809523809524, ""self_attn.v_proj"": 0.039525691699604744}",0.01998223526590386,0.00460384206893975,7,equal7,True,"mlp.down_proj,mlp.gate_proj,mlp.up_proj,self_attn.k_proj,self_attn.o_proj,self_attn.q_proj,self_attn.v_proj",,563.0,575.7142857142857,563.0,-12.714285714285714,0.03633699401468421,0.022084367245657485,"{""mlp.down_proj"": 1274.0, ""mlp.gate_proj"": 584.0, ""mlp.up_proj"": 1127.0, ""self_attn.k_proj"": 50.0, ""self_attn.o_proj"": 672.0, ""self_attn.q_proj"": 70.0, ""self_attn.v_proj"": 253.0}","{""mlp.down_proj"": 1249.0, ""mlp.gate_proj"": 570.0, ""mlp.up_proj"": 1114.0, ""self_attn.k_proj"": 47.0, ""self_attn.o_proj"": 653.0, ""self_attn.q_proj"": 65.0, ""self_attn.v_proj"": 243.0}","{""mlp.down_proj"": -25.0, ""mlp.gate_proj"": -14.0, ""mlp.up_proj"": -13.0, ""self_attn.k_proj"": -3.0, ""self_attn.o_proj"": -19.0, ""self_attn.q_proj"": -5.0, ""self_attn.v_proj"": -10.0}","{""mlp.down_proj"": 0.019623233908948195, ""mlp.gate_proj"": 0.023972602739726026, ""mlp.up_proj"": 0.011535048802129548, ""self_attn.k_proj"": 0.06, ""self_attn.o_proj"": 0.028273809523809524, ""self_attn.q_proj"": 0.07142857142857142, ""self_attn.v_proj"": 0.039525691699604744}",-0.0117509166798406,-3.4857142857142858,202.79999999999995,False,True
qwen,offkd,320,E_if,E_ifeval,0.1,18,5,equal5_non_qk,True,"mlp.down_proj,mlp.gate_proj,mlp.up_proj,self_attn.o_proj,self_attn.v_proj","self_attn.q_proj,self_attn.k_proj",438.2,453.0,438.2,-14.8,0.0406506108118302,0.03267108167770422,"{""mlp.down_proj"": 839.0, ""mlp.gate_proj"": 228.0, ""mlp.up_proj"": 695.0, ""self_attn.o_proj"": 387.0, ""self_attn.v_proj"": 116.0}","{""mlp.down_proj"": 812.0, ""mlp.gate_proj"": 219.0, ""mlp.up_proj"": 682.0, ""self_attn.o_proj"": 370.0, ""self_attn.v_proj"": 108.0}","{""mlp.down_proj"": -27.0, ""mlp.gate_proj"": -9.0, ""mlp.up_proj"": -13.0, ""self_attn.o_proj"": -17.0, ""self_attn.v_proj"": -8.0}","{""mlp.down_proj"": 0.03218116805721097, ""mlp.gate_proj"": 0.039473684210526314, ""mlp.up_proj"": 0.01870503597122302, ""self_attn.o_proj"": 0.04392764857881137, ""self_attn.v_proj"": 0.06896551724137931}",0.030311972393299896,0.010338638418530301,7,equal7,True,"mlp.down_proj,mlp.gate_proj,mlp.up_proj,self_attn.k_proj,self_attn.o_proj,self_attn.q_proj,self_attn.v_proj",,316.57142857142856,327.42857142857144,316.57142857142856,-10.857142857142858,0.05095173499546313,0.033158813263525405,"{""mlp.down_proj"": 839.0, ""mlp.gate_proj"": 228.0, ""mlp.up_proj"": 695.0, ""self_attn.k_proj"": 16.0, ""self_attn.o_proj"": 387.0, ""self_attn.q_proj"": 11.0, ""self_attn.v_proj"": 116.0}","{""mlp.down_proj"": 812.0, ""mlp.gate_proj"": 219.0, ""mlp.up_proj"": 682.0, ""self_attn.k_proj"": 15.0, ""self_attn.o_proj"": 370.0, ""self_attn.q_proj"": 10.0, ""self_attn.v_proj"": 108.0}","{""mlp.down_proj"": -27.0, ""mlp.gate_proj"": -9.0, ""mlp.up_proj"": -13.0, ""self_attn.k_proj"": -1.0, ""self_attn.o_proj"": -17.0, ""self_attn.q_proj"": -1.0, ""self_attn.v_proj"": -8.0}","{""mlp.down_proj"": 0.03218116805721097, ""mlp.gate_proj"": 0.039473684210526314, ""mlp.up_proj"": 0.01870503597122302, ""self_attn.k_proj"": 0.0625, ""self_attn.o_proj"": 0.04392764857881137, ""self_attn.q_proj"": 0.09090909090909091, ""self_attn.v_proj"": 0.06896551724137931}",-0.01030112418363293,-3.942857142857143,121.62857142857143,False,True
qwen,offkd,320,E_math,E_mathHeld,0.01,18,5,equal5_non_qk,True,"mlp.down_proj,mlp.gate_proj,mlp.up_proj,self_attn.o_proj,self_attn.v_proj","self_attn.q_proj,self_attn.k_proj",1637.4,1649.6,1637.4,-12.2,0.009228518658704336,0.007395732298738978,"{""mlp.down_proj"": 2176.0, ""mlp.gate_proj"": 1819.0, ""mlp.up_proj"": 2046.0, ""self_attn.o_proj"": 1520.0, ""self_attn.v_proj"": 687.0}","{""mlp.down_proj"": 2165.0, ""mlp.gate_proj"": 1804.0, ""mlp.up_proj"": 2038.0, ""self_attn.o_proj"": 1507.0, ""self_attn.v_proj"": 673.0}","{""mlp.down_proj"": -11.0, ""mlp.gate_proj"": -15.0, ""mlp.up_proj"": -8.0, ""self_attn.o_proj"": -13.0, ""self_attn.v_proj"": -14.0}","{""mlp.down_proj"": 0.00505514705882353, ""mlp.gate_proj"": 0.008246289169873557, ""mlp.up_proj"": 0.0039100684261974585, ""self_attn.o_proj"": 0.008552631578947369, ""self_attn.v_proj"": 0.020378457059679767}",0.00823372385973641,0.000994794798967925,7,equal7,True,"mlp.down_proj,mlp.gate_proj,mlp.up_proj,self_attn.k_proj,self_attn.o_proj,self_attn.q_proj,self_attn.v_proj",,1323.857142857143,1339.0,1323.857142857143,-15.142857142857142,0.018119283726180848,0.011309079270244295,"{""mlp.down_proj"": 2176.0, ""mlp.gate_proj"": 1819.0, ""mlp.up_proj"": 2046.0, ""self_attn.k_proj"": 363.0, ""self_attn.o_proj"": 1520.0, ""self_attn.q_proj"": 762.0, ""self_attn.v_proj"": 687.0}","{""mlp.down_proj"": 2165.0, ""mlp.gate_proj"": 1804.0, ""mlp.up_proj"": 2038.0, ""self_attn.k_proj"": 348.0, ""self_attn.o_proj"": 1507.0, ""self_attn.q_proj"": 732.0, ""self_attn.v_proj"": 673.0}","{""mlp.down_proj"": -11.0, ""mlp.gate_proj"": -15.0, ""mlp.up_proj"": -8.0, ""self_attn.k_proj"": -15.0, ""self_attn.o_proj"": -13.0, ""self_attn.q_proj"": -30.0, ""self_attn.v_proj"": -14.0}","{""mlp.down_proj"": 0.00505514705882353, ""mlp.gate_proj"": 0.008246289169873557, ""mlp.up_proj"": 0.0039100684261974585, ""self_attn.k_proj"": 0.04132231404958678, ""self_attn.o_proj"": 0.008552631578947369, ""self_attn.q_proj"": 0.03937007874015748, ""self_attn.v_proj"": 0.020378457059679767}",-0.008890765067476512,2.942857142857143,313.5428571428572,False,True
qwen,offkd,320,E_math,E_mathHeld,0.025,18,5,equal5_non_qk,True,"mlp.down_proj,mlp.gate_proj,mlp.up_proj,self_attn.o_proj,self_attn.v_proj","self_attn.q_proj,self_attn.k_proj",1306.0,1322.2,1306.0,-16.2,0.01521706861701216,0.01225230676145821,"{""mlp.down_proj"": 1875.0, ""mlp.gate_proj"": 1369.0, ""mlp.up_proj"": 1691.0, ""self_attn.o_proj"": 1157.0, ""self_attn.v_proj"": 519.0}","{""mlp.down_proj"": 1858.0, ""mlp.gate_proj"": 1348.0, ""mlp.up_proj"": 1678.0, ""self_attn.o_proj"": 1144.0, ""self_attn.v_proj"": 502.0}","{""mlp.down_proj"": -17.0, ""mlp.gate_proj"": -21.0, ""mlp.up_proj"": -13.0, ""self_attn.o_proj"": -13.0, ""self_attn.v_proj"": -17.0}","{""mlp.down_proj"": 0.009066666666666667, ""mlp.gate_proj"": 0.015339663988312637, ""mlp.up_proj"": 0.00768775872264932, ""self_attn.o_proj"": 0.011235955056179775, ""self_attn.v_proj"": 0.03275529865125241}",0.01341233225068438,0.00180473636632778,7,equal7,True,"mlp.down_proj,mlp.gate_proj,mlp.up_proj,self_attn.k_proj,self_attn.o_proj,self_attn.q_proj,self_attn.v_proj",,1008.8571428571429,1025.5714285714287,1008.8571428571429,-16.714285714285715,0.02898599211938564,0.01629753447555376,"{""mlp.down_proj"": 1875.0, ""mlp.gate_proj"": 1369.0, ""mlp.up_proj"": 1691.0, ""self_attn.k_proj"": 189.0, ""self_attn.o_proj"": 1157.0, ""self_attn.q_proj"": 379.0, ""self_attn.v_proj"": 519.0}","{""mlp.down_proj"": 1858.0, ""mlp.gate_proj"": 1348.0, ""mlp.up_proj"": 1678.0, ""self_attn.k_proj"": 177.0, ""self_attn.o_proj"": 1144.0, ""self_attn.q_proj"": 355.0, ""self_attn.v_proj"": 502.0}","{""mlp.down_proj"": -17.0, ""mlp.gate_proj"": -21.0, ""mlp.up_proj"": -13.0, ""self_attn.k_proj"": -12.0, ""self_attn.o_proj"": -13.0, ""self_attn.q_proj"": -24.0, ""self_attn.v_proj"": -17.0}","{""mlp.down_proj"": 0.009066666666666667, ""mlp.gate_proj"": 0.015339663988312637, ""mlp.up_proj"": 0.00768775872264932, ""self_attn.k_proj"": 0.06349206349206349, ""self_attn.o_proj"": 0.011235955056179775, ""self_attn.q_proj"": 0.0633245382585752, ""self_attn.v_proj"": 0.03275529865125241}",-0.013768923502373479,0.514285714285716,297.1428571428571,False,True
qwen,offkd,320,E_math,E_mathHeld,0.05,18,5,equal5_non_qk,True,"mlp.down_proj,mlp.gate_proj,mlp.up_proj,self_attn.o_proj,self_attn.v_proj","self_attn.q_proj,self_attn.k_proj",996.2,1014.2,996.2,-18.0,0.02280550752377656,0.017747978702425556,"{""mlp.down_proj"": 1552.0, ""mlp.gate_proj"": 956.0, ""mlp.up_proj"": 1332.0, ""self_attn.o_proj"": 860.0, ""self_attn.v_proj"": 371.0}","{""mlp.down_proj"": 1530.0, ""mlp.gate_proj"": 934.0, ""mlp.up_proj"": 1318.0, ""self_attn.o_proj"": 847.0, ""self_attn.v_proj"": 352.0}","{""mlp.down_proj"": -22.0, ""mlp.gate_proj"": -22.0, ""mlp.up_proj"": -14.0, ""self_attn.o_proj"": -13.0, ""self_attn.v_proj"": -19.0}","{""mlp.down_proj"": 0.014175257731958763, ""mlp.gate_proj"": 0.02301255230125523, ""mlp.up_proj"": 0.010510510510510511, ""self_attn.o_proj"": 0.015116279069767442, ""self_attn.v_proj"": 0.05121293800539083}",0.01998223526590386,0.0028232722578727006,7,equal7,True,"mlp.down_proj,mlp.gate_proj,mlp.up_proj,self_attn.k_proj,self_attn.o_proj,self_attn.q_proj,self_attn.v_proj",,742.2857142857143,758.1428571428571,742.2857142857143,-15.857142857142858,0.04147178316950147,0.02091577162238542,"{""mlp.down_proj"": 1552.0, ""mlp.gate_proj"": 956.0, ""mlp.up_proj"": 1332.0, ""self_attn.k_proj"": 82.0, ""self_attn.o_proj"": 860.0, ""self_attn.q_proj"": 154.0, ""self_attn.v_proj"": 371.0}","{""mlp.down_proj"": 1530.0, ""mlp.gate_proj"": 934.0, ""mlp.up_proj"": 1318.0, ""self_attn.k_proj"": 75.0, ""self_attn.o_proj"": 847.0, ""self_attn.q_proj"": 140.0, ""self_attn.v_proj"": 352.0}","{""mlp.down_proj"": -22.0, ""mlp.gate_proj"": -22.0, ""mlp.up_proj"": -14.0, ""self_attn.k_proj"": -7.0, ""self_attn.o_proj"": -13.0, ""self_attn.q_proj"": -14.0, ""self_attn.v_proj"": -19.0}","{""mlp.down_proj"": 0.014175257731958763, ""mlp.gate_proj"": 0.02301255230125523, ""mlp.up_proj"": 0.010510510510510511, ""self_attn.k_proj"": 0.08536585365853659, ""self_attn.o_proj"": 0.015116279069767442, ""self_attn.q_proj"": 0.09090909090909091, ""self_attn.v_proj"": 0.05121293800539083}",-0.018666275645724907,-2.1428571428571423,253.9142857142857,False,True
qwen,offkd,320,E_math,E_mathHeld,0.1,18,5,equal5_non_qk,True,"mlp.down_proj,mlp.gate_proj,mlp.up_proj,self_attn.o_proj,self_attn.v_proj","self_attn.q_proj,self_attn.k_proj",655.8,673.2,655.8,-17.4,0.03392132318377973,0.025846702317290686,"{""mlp.down_proj"": 1147.0, ""mlp.gate_proj"": 529.0, ""mlp.up_proj"": 913.0, ""self_attn.o_proj"": 561.0, ""self_attn.v_proj"": 216.0}","{""mlp.down_proj"": 1122.0, ""mlp.gate_proj"": 510.0, ""mlp.up_proj"": 898.0, ""self_attn.o_proj"": 549.0, ""self_attn.v_proj"": 200.0}","{""mlp.down_proj"": -25.0, ""mlp.gate_proj"": -19.0, ""mlp.up_proj"": -15.0, ""self_attn.o_proj"": -12.0, ""self_attn.v_proj"": -16.0}","{""mlp.down_proj"": 0.021795989537925022, ""mlp.gate_proj"": 0.035916824196597356, ""mlp.up_proj"": 0.01642935377875137, ""self_attn.o_proj"": 0.0213903743315508, ""self_attn.v_proj"": 0.07407407407407407}",0.030311972393299896,0.003609350790479835,7,equal7,True,"mlp.down_proj,mlp.gate_proj,mlp.up_proj,self_attn.k_proj,self_attn.o_proj,self_attn.q_proj,self_attn.v_proj",,475.2857142857143,488.7142857142857,475.2857142857143,-13.428571428571429,0.05917575311898244,0.027477345805320113,"{""mlp.down_proj"": 1147.0, ""mlp.gate_proj"": 529.0, ""mlp.up_proj"": 913.0, ""self_attn.k_proj"": 24.0, ""self_attn.o_proj"": 561.0, ""self_attn.q_proj"": 31.0, ""self_attn.v_proj"": 216.0}","{""mlp.down_proj"": 1122.0, ""mlp.gate_proj"": 510.0, ""mlp.up_proj"": 898.0, ""self_attn.k_proj"": 22.0, ""self_attn.o_proj"": 549.0, ""self_attn.q_proj"": 26.0, ""self_attn.v_proj"": 200.0}","{""mlp.down_proj"": -25.0, ""mlp.gate_proj"": -19.0, ""mlp.up_proj"": -15.0, ""self_attn.k_proj"": -2.0, ""self_attn.o_proj"": -12.0, ""self_attn.q_proj"": -5.0, ""self_attn.v_proj"": -16.0}","{""mlp.down_proj"": 0.021795989537925022, ""mlp.gate_proj"": 0.035916824196597356, ""mlp.up_proj"": 0.01642935377875137, ""self_attn.k_proj"": 0.08333333333333333, ""self_attn.o_proj"": 0.0213903743315508, ""self_attn.q_proj"": 0.16129032258064516, ""self_attn.v_proj"": 0.07407407407407407}",-0.02525442993520271,-3.9714285714285698,180.51428571428568,False,True
qwen,offkd,320,E_ood,E_mmluPro,0.01,18,5,equal5_non_qk,True,"mlp.down_proj,mlp.gate_proj,mlp.up_proj,self_attn.o_proj,self_attn.v_proj","self_attn.q_proj,self_attn.k_proj",1596.6,1610.4,1596.6,-13.8,0.009827022423244363,0.008569299552906223,"{""mlp.down_proj"": 2156.0, ""mlp.gate_proj"": 1667.0, ""mlp.up_proj"": 2029.0, ""self_attn.o_proj"": 1471.0, ""self_attn.v_proj"": 729.0}","{""mlp.down_proj"": 2148.0, ""mlp.gate_proj"": 1647.0, ""mlp.up_proj"": 2018.0, ""self_attn.o_proj"": 1452.0, ""self_attn.v_proj"": 718.0}","{""mlp.down_proj"": -8.0, ""mlp.gate_proj"": -20.0, ""mlp.up_proj"": -11.0, ""self_attn.o_proj"": -19.0, ""self_attn.v_proj"": -11.0}","{""mlp.down_proj"": 0.0037105751391465678, ""mlp.gate_proj"": 0.01199760047990402, ""mlp.up_proj"": 0.005421389847215377, ""self_attn.o_proj"": 0.01291638341264446, ""self_attn.v_proj"": 0.015089163237311385}",0.00823372385973641,0.001593298563507952,7,equal7,True,"mlp.down_proj,mlp.gate_proj,mlp.up_proj,self_attn.k_proj,self_attn.o_proj,self_attn.q_proj,self_attn.v_proj",,1289.2857142857142,1305.5714285714287,1289.2857142857142,-16.285714285714285,0.018019047527453452,0.012474012474012598,"{""mlp.down_proj"": 2156.0, ""mlp.gate_proj"": 1667.0, ""mlp.up_proj"": 2029.0, ""self_attn.k_proj"": 402.0, ""self_attn.o_proj"": 1471.0, ""self_attn.q_proj"": 685.0, ""self_attn.v_proj"": 729.0}","{""mlp.down_proj"": 2148.0, ""mlp.gate_proj"": 1647.0, ""mlp.up_proj"": 2018.0, ""self_attn.k_proj"": 391.0, ""self_attn.o_proj"": 1452.0, ""self_attn.q_proj"": 651.0, ""self_attn.v_proj"": 718.0}","{""mlp.down_proj"": -8.0, ""mlp.gate_proj"": -20.0, ""mlp.up_proj"": -11.0, ""self_attn.k_proj"": -11.0, ""self_attn.o_proj"": -19.0, ""self_attn.q_proj"": -34.0, ""self_attn.v_proj"": -11.0}","{""mlp.down_proj"": 0.0037105751391465678, ""mlp.gate_proj"": 0.01199760047990402, ""mlp.up_proj"": 0.005421389847215377, ""self_attn.k_proj"": 0.02736318407960199, ""self_attn.o_proj"": 0.01291638341264446, ""self_attn.q_proj"": 0.049635036496350364, ""self_attn.v_proj"": 0.015089163237311385}",-0.00819202510420909,2.485714285714284,307.3142857142857,False,True
qwen,offkd,320,E_ood,E_mmluPro,0.025,18,5,equal5_non_qk,True,"mlp.down_proj,mlp.gate_proj,mlp.up_proj,self_attn.o_proj,self_attn.v_proj","self_attn.q_proj,self_attn.k_proj",1251.2,1268.4,1251.2,-17.2,0.01586264845577722,0.013560391043834788,"{""mlp.down_proj"": 1847.0, ""mlp.gate_proj"": 1163.0, ""mlp.up_proj"": 1655.0, ""self_attn.o_proj"": 1105.0, ""self_attn.v_proj"": 572.0}","{""mlp.down_proj"": 1834.0, ""mlp.gate_proj"": 1139.0, ""mlp.up_proj"": 1640.0, ""self_attn.o_proj"": 1085.0, ""self_attn.v_proj"": 558.0}","{""mlp.down_proj"": -13.0, ""mlp.gate_proj"": -24.0, ""mlp.up_proj"": -15.0, ""self_attn.o_proj"": -20.0, ""self_attn.v_proj"": -14.0}","{""mlp.down_proj"": 0.007038440714672442, ""mlp.gate_proj"": 0.02063628546861565, ""mlp.up_proj"": 0.00906344410876133, ""self_attn.o_proj"": 0.01809954751131222, ""self_attn.v_proj"": 0.024475524475524476}",0.01341233225068438,0.0024503162050928413,7,equal7,True,"mlp.down_proj,mlp.gate_proj,mlp.up_proj,self_attn.k_proj,self_attn.o_proj,self_attn.q_proj,self_attn.v_proj",,967.1428571428571,984.2857142857143,967.1428571428571,-17.142857142857142,0.028323314465951266,0.017416545718432593,"{""mlp.down_proj"": 1847.0, ""mlp.gate_proj"": 1163.0, ""mlp.up_proj"": 1655.0, ""self_attn.k_proj"": 230.0, ""self_attn.o_proj"": 1105.0, ""self_attn.q_proj"": 318.0, ""self_attn.v_proj"": 572.0}","{""mlp.down_proj"": 1834.0, ""mlp.gate_proj"": 1139.0, ""mlp.up_proj"": 1640.0, ""self_attn.k_proj"": 220.0, ""self_attn.o_proj"": 1085.0, ""self_attn.q_proj"": 294.0, ""self_attn.v_proj"": 558.0}","{""mlp.down_proj"": -13.0, ""mlp.gate_proj"": -24.0, ""mlp.up_proj"": -15.0, ""self_attn.k_proj"": -10.0, ""self_attn.o_proj"": -20.0, ""self_attn.q_proj"": -24.0, ""self_attn.v_proj"": -14.0}","{""mlp.down_proj"": 0.007038440714672442, ""mlp.gate_proj"": 0.02063628546861565, ""mlp.up_proj"": 0.00906344410876133, ""self_attn.k_proj"": 0.043478260869565216, ""self_attn.o_proj"": 0.01809954751131222, ""self_attn.q_proj"": 0.07547169811320754, ""self_attn.v_proj"": 0.024475524475524476}",-0.012460666010174044,-0.05714285714285694,284.05714285714294,False,True
qwen,offkd,320,E_ood,E_mmluPro,0.05,18,5,equal5_non_qk,True,"mlp.down_proj,mlp.gate_proj,mlp.up_proj,self_attn.o_proj,self_attn.v_proj","self_attn.q_proj,self_attn.k_proj",936.4,954.4,936.4,-18.0,0.022705490063167293,0.018860016764459347,"{""mlp.down_proj"": 1519.0, ""mlp.gate_proj"": 731.0, ""mlp.up_proj"": 1281.0, ""self_attn.o_proj"": 810.0, ""self_attn.v_proj"": 431.0}","{""mlp.down_proj"": 1503.0, ""mlp.gate_proj"": 708.0, ""mlp.up_proj"": 1264.0, ""self_attn.o_proj"": 791.0, ""self_attn.v_proj"": 416.0}","{""mlp.down_proj"": -16.0, ""mlp.gate_proj"": -23.0, ""mlp.up_proj"": -17.0, ""self_attn.o_proj"": -19.0, ""self_attn.v_proj"": -15.0}","{""mlp.down_proj"": 0.01053324555628703, ""mlp.gate_proj"": 0.03146374829001368, ""mlp.up_proj"": 0.01327088212334114, ""self_attn.o_proj"": 0.02345679012345679, ""self_attn.v_proj"": 0.03480278422273782}",0.01998223526590386,0.0027232547972634337,7,equal7,True,"mlp.down_proj,mlp.gate_proj,mlp.up_proj,self_attn.k_proj,self_attn.o_proj,self_attn.q_proj,self_attn.v_proj",,700.0,715.5714285714286,700.0,-15.571428571428571,0.0389556578251138,0.021760830505090815,"{""mlp.down_proj"": 1519.0, ""mlp.gate_proj"": 731.0, ""mlp.up_proj"": 1281.0, ""self_attn.k_proj"": 116.0, ""self_attn.o_proj"": 810.0, ""self_attn.q_proj"": 121.0, ""self_attn.v_proj"": 431.0}","{""mlp.down_proj"": 1503.0, ""mlp.gate_proj"": 708.0, ""mlp.up_proj"": 1264.0, ""self_attn.k_proj"": 110.0, ""self_attn.o_proj"": 791.0, ""self_attn.q_proj"": 108.0, ""self_attn.v_proj"": 416.0}","{""mlp.down_proj"": -16.0, ""mlp.gate_proj"": -23.0, ""mlp.up_proj"": -17.0, ""self_attn.k_proj"": -6.0, ""self_attn.o_proj"": -19.0, ""self_attn.q_proj"": -13.0, ""self_attn.v_proj"": -15.0}","{""mlp.down_proj"": 0.01053324555628703, ""mlp.gate_proj"": 0.03146374829001368, ""mlp.up_proj"": 0.01327088212334114, ""self_attn.k_proj"": 0.05172413793103448, ""self_attn.o_proj"": 0.02345679012345679, ""self_attn.q_proj"": 0.10743801652892562, ""self_attn.v_proj"": 0.03480278422273782}",-0.01625016776194651,-2.428571428571429,236.39999999999998,False,True
qwen,offkd,320,E_ood,E_mmluPro,0.1,18,5,equal5_non_qk,True,"mlp.down_proj,mlp.gate_proj,mlp.up_proj,self_attn.o_proj,self_attn.v_proj","self_attn.q_proj,self_attn.k_proj",600.6,617.4,600.6,-16.8,0.035135031101055716,0.027210884353741423,"{""mlp.down_proj"": 1114.0, ""mlp.gate_proj"": 327.0, ""mlp.up_proj"": 850.0, ""self_attn.o_proj"": 518.0, ""self_attn.v_proj"": 278.0}","{""mlp.down_proj"": 1096.0, ""mlp.gate_proj"": 310.0, ""mlp.up_proj"": 834.0, ""self_attn.o_proj"": 500.0, ""self_attn.v_proj"": 263.0}","{""mlp.down_proj"": -18.0, ""mlp.gate_proj"": -17.0, ""mlp.up_proj"": -16.0, ""self_attn.o_proj"": -18.0, ""self_attn.v_proj"": -15.0}","{""mlp.down_proj"": 0.01615798922800718, ""mlp.gate_proj"": 0.05198776758409786, ""mlp.up_proj"": 0.018823529411764704, ""self_attn.o_proj"": 0.03474903474903475, ""self_attn.v_proj"": 0.0539568345323741}",0.030311972393299896,0.004823058707755821,7,equal7,True,"mlp.down_proj,mlp.gate_proj,mlp.up_proj,self_attn.k_proj,self_attn.o_proj,self_attn.q_proj,self_attn.v_proj",,437.57142857142856,450.42857142857144,437.57142857142856,-12.857142857142858,0.05421732990734748,0.028544243577545265,"{""mlp.down_proj"": 1114.0, ""mlp.gate_proj"": 327.0, ""mlp.up_proj"": 850.0, ""self_attn.k_proj"": 40.0, ""self_attn.o_proj"": 518.0, ""self_attn.q_proj"": 26.0, ""self_attn.v_proj"": 278.0}","{""mlp.down_proj"": 1096.0, ""mlp.gate_proj"": 310.0, ""mlp.up_proj"": 834.0, ""self_attn.k_proj"": 38.0, ""self_attn.o_proj"": 500.0, ""self_attn.q_proj"": 22.0, ""self_attn.v_proj"": 263.0}","{""mlp.down_proj"": -18.0, ""mlp.gate_proj"": -17.0, ""mlp.up_proj"": -16.0, ""self_attn.k_proj"": -2.0, ""self_attn.o_proj"": -18.0, ""self_attn.q_proj"": -4.0, ""self_attn.v_proj"": -15.0}","{""mlp.down_proj"": 0.01615798922800718, ""mlp.gate_proj"": 0.05198776758409786, ""mlp.up_proj"": 0.018823529411764704, ""self_attn.k_proj"": 0.05, ""self_attn.o_proj"": 0.03474903474903475, ""self_attn.q_proj"": 0.15384615384615385, ""self_attn.v_proj"": 0.0539568345323741}",-0.01908229880629176,-3.942857142857143,163.02857142857147,False,True
qwen,offkd,480,E_general,E_general,0.01,18,5,equal5_non_qk,True,"mlp.down_proj,mlp.gate_proj,mlp.up_proj,self_attn.o_proj,self_attn.v_proj","self_attn.q_proj,self_attn.k_proj",1620.6,1634.4,1620.6,-13.8,0.009692319235697999,0.008443465491923752,"{""mlp.down_proj"": 2190.0, ""mlp.gate_proj"": 1641.0, ""mlp.up_proj"": 2064.0, ""self_attn.o_proj"": 1546.0, ""self_attn.v_proj"": 731.0}","{""mlp.down_proj"": 2179.0, ""mlp.gate_proj"": 1622.0, ""mlp.up_proj"": 2056.0, ""self_attn.o_proj"": 1526.0, ""self_attn.v_proj"": 720.0}","{""mlp.down_proj"": -11.0, ""mlp.gate_proj"": -19.0, ""mlp.up_proj"": -8.0, ""self_attn.o_proj"": -20.0, ""self_attn.v_proj"": -11.0}","{""mlp.down_proj"": 0.00502283105022831, ""mlp.gate_proj"": 0.01157830591102986, ""mlp.up_proj"": 0.003875968992248062, ""self_attn.o_proj"": 0.0129366106080207, ""self_attn.v_proj"": 0.015047879616963064}",0.009692319235697999,0.0,7,equal7,True,"mlp.down_proj,mlp.gate_proj,mlp.up_proj,self_attn.k_proj,self_attn.o_proj,self_attn.q_proj,self_attn.v_proj",,1312.4285714285713,1328.4285714285713,1312.4285714285713,-16.0,0.017300369507125612,0.012044305839337565,"{""mlp.down_proj"": 2190.0, ""mlp.gate_proj"": 1641.0, ""mlp.up_proj"": 2064.0, ""self_attn.k_proj"": 400.0, ""self_attn.o_proj"": 1546.0, ""self_attn.q_proj"": 727.0, ""self_attn.v_proj"": 731.0}","{""mlp.down_proj"": 2179.0, ""mlp.gate_proj"": 1622.0, ""mlp.up_proj"": 2056.0, ""self_attn.k_proj"": 388.0, ""self_attn.o_proj"": 1526.0, ""self_attn.q_proj"": 696.0, ""self_attn.v_proj"": 720.0}","{""mlp.down_proj"": -11.0, ""mlp.gate_proj"": -19.0, ""mlp.up_proj"": -8.0, ""self_attn.k_proj"": -12.0, ""self_attn.o_proj"": -20.0, ""self_attn.q_proj"": -31.0, ""self_attn.v_proj"": -11.0}","{""mlp.down_proj"": 0.00502283105022831, ""mlp.gate_proj"": 0.01157830591102986, ""mlp.up_proj"": 0.003875968992248062, ""self_attn.k_proj"": 0.03, ""self_attn.o_proj"": 0.0129366106080207, ""self_attn.q_proj"": 0.04264099037138927, ""self_attn.v_proj"": 0.015047879616963064}",-0.007608050271427613,2.1999999999999993,308.1714285714286,False,True
qwen,offkd,480,E_general,E_general,0.025,18,5,equal5_non_qk,True,"mlp.down_proj,mlp.gate_proj,mlp.up_proj,self_attn.o_proj,self_attn.v_proj","self_attn.q_proj,self_attn.k_proj",1282.2,1299.6,1282.2,-17.4,0.01569613830421346,0.013388734995383091,"{""mlp.down_proj"": 1900.0, ""mlp.gate_proj"": 1133.0, ""mlp.up_proj"": 1706.0, ""self_attn.o_proj"": 1186.0, ""self_attn.v_proj"": 573.0}","{""mlp.down_proj"": 1884.0, ""mlp.gate_proj"": 1110.0, ""mlp.up_proj"": 1693.0, ""self_attn.o_proj"": 1165.0, ""self_attn.v_proj"": 559.0}","{""mlp.down_proj"": -16.0, ""mlp.gate_proj"": -23.0, ""mlp.up_proj"": -13.0, ""self_attn.o_proj"": -21.0, ""self_attn.v_proj"": -14.0}","{""mlp.down_proj"": 0.008421052631578947, ""mlp.gate_proj"": 0.02030008826125331, ""mlp.up_proj"": 0.0076201641266119575, ""self_attn.o_proj"": 0.01770657672849916, ""self_attn.v_proj"": 0.02443280977312391}",0.01569613830421346,0.0,7,equal7,True,"mlp.down_proj,mlp.gate_proj,mlp.up_proj,self_attn.k_proj,self_attn.o_proj,self_attn.q_proj,self_attn.v_proj",,994.0,1011.2857142857143,994.0,-17.285714285714285,0.02719002358952602,0.017092809718886895,"{""mlp.down_proj"": 1900.0, ""mlp.gate_proj"": 1133.0, ""mlp.up_proj"": 1706.0, ""self_attn.k_proj"": 227.0, ""self_attn.o_proj"": 1186.0, ""self_attn.q_proj"": 354.0, ""self_attn.v_proj"": 573.0}","{""mlp.down_proj"": 1884.0, ""mlp.gate_proj"": 1110.0, ""mlp.up_proj"": 1693.0, ""self_attn.k_proj"": 217.0, ""self_attn.o_proj"": 1165.0, ""self_attn.q_proj"": 330.0, ""self_attn.v_proj"": 559.0}","{""mlp.down_proj"": -16.0, ""mlp.gate_proj"": -23.0, ""mlp.up_proj"": -13.0, ""self_attn.k_proj"": -10.0, ""self_attn.o_proj"": -21.0, ""self_attn.q_proj"": -24.0, ""self_attn.v_proj"": -14.0}","{""mlp.down_proj"": 0.008421052631578947, ""mlp.gate_proj"": 0.02030008826125331, ""mlp.up_proj"": 0.0076201641266119575, ""self_attn.k_proj"": 0.04405286343612335, ""self_attn.o_proj"": 0.01770657672849916, ""self_attn.q_proj"": 0.06779661016949153, ""self_attn.v_proj"": 0.02443280977312391}",-0.01149388528531256,-0.11428571428571388,288.20000000000005,False,True
qwen,offkd,480,E_general,E_general,0.05,18,5,equal5_non_qk,True,"mlp.down_proj,mlp.gate_proj,mlp.up_proj,self_attn.o_proj,self_attn.v_proj","self_attn.q_proj,self_attn.k_proj",972.2,991.2,972.2,-19.0,0.023115364467522083,0.01916868442292171,"{""mlp.down_proj"": 1590.0, ""mlp.gate_proj"": 701.0, ""mlp.up_proj"": 1344.0, ""self_attn.o_proj"": 890.0, ""self_attn.v_proj"": 431.0}","{""mlp.down_proj"": 1569.0, ""mlp.gate_proj"": 678.0, ""mlp.up_proj"": 1329.0, ""self_attn.o_proj"": 869.0, ""self_attn.v_proj"": 416.0}","{""mlp.down_proj"": -21.0, ""mlp.gate_proj"": -23.0, ""mlp.up_proj"": -15.0, ""self_attn.o_proj"": -21.0, ""self_attn.v_proj"": -15.0}","{""mlp.down_proj"": 0.013207547169811321, ""mlp.gate_proj"": 0.03281027104136947, ""mlp.up_proj"": 0.011160714285714286, ""self_attn.o_proj"": 0.02359550561797753, ""self_attn.v_proj"": 0.03480278422273782}",0.023115364467522083,0.0,7,equal7,True,"mlp.down_proj,mlp.gate_proj,mlp.up_proj,self_attn.k_proj,self_attn.o_proj,self_attn.q_proj,self_attn.v_proj",,728.1428571428571,744.7142857142857,728.1428571428571,-16.571428571428573,0.039249421030671416,0.02225206215231151,"{""mlp.down_proj"": 1590.0, ""mlp.gate_proj"": 701.0, ""mlp.up_proj"": 1344.0, ""self_attn.k_proj"": 113.0, ""self_attn.o_proj"": 890.0, ""self_attn.q_proj"": 144.0, ""self_attn.v_proj"": 431.0}","{""mlp.down_proj"": 1569.0, ""mlp.gate_proj"": 678.0, ""mlp.up_proj"": 1329.0, ""self_attn.k_proj"": 106.0, ""self_attn.o_proj"": 869.0, ""self_attn.q_proj"": 130.0, ""self_attn.v_proj"": 416.0}","{""mlp.down_proj"": -21.0, ""mlp.gate_proj"": -23.0, ""mlp.up_proj"": -15.0, ""self_attn.k_proj"": -7.0, ""self_attn.o_proj"": -21.0, ""self_attn.q_proj"": -14.0, ""self_attn.v_proj"": -15.0}","{""mlp.down_proj"": 0.013207547169811321, ""mlp.gate_proj"": 0.03281027104136947, ""mlp.up_proj"": 0.011160714285714286, ""self_attn.k_proj"": 0.061946902654867256, ""self_attn.o_proj"": 0.02359550561797753, ""self_attn.q_proj"": 0.09722222222222222, ""self_attn.v_proj"": 0.03480278422273782}",-0.016134056563149334,-2.428571428571427,244.05714285714294,False,True
qwen,offkd,480,E_general,E_general,0.1,18,5,equal5_non_qk,True,"mlp.down_proj,mlp.gate_proj,mlp.up_proj,self_attn.o_proj,self_attn.v_proj","self_attn.q_proj,self_attn.k_proj",639.4,657.2,639.4,-17.8,0.03520947404485715,0.0270846013390141,"{""mlp.down_proj"": 1200.0, ""mlp.gate_proj"": 300.0, ""mlp.up_proj"": 920.0, ""self_attn.o_proj"": 589.0, ""self_attn.v_proj"": 277.0}","{""mlp.down_proj"": 1176.0, ""mlp.gate_proj"": 284.0, ""mlp.up_proj"": 905.0, ""self_attn.o_proj"": 570.0, ""self_attn.v_proj"": 262.0}","{""mlp.down_proj"": -24.0, ""mlp.gate_proj"": -16.0, ""mlp.up_proj"": -15.0, ""self_attn.o_proj"": -19.0, ""self_attn.v_proj"": -15.0}","{""mlp.down_proj"": 0.02, ""mlp.gate_proj"": 0.05333333333333334, ""mlp.up_proj"": 0.016304347826086956, ""self_attn.o_proj"": 0.03225806451612903, ""self_attn.v_proj"": 0.05415162454873646}",0.03520947404485715,0.0,7,equal7,True,"mlp.down_proj,mlp.gate_proj,mlp.up_proj,self_attn.k_proj,self_attn.o_proj,self_attn.q_proj,self_attn.v_proj",,466.0,479.7142857142857,466.0,-13.714285714285714,0.05345465262278343,0.028588445503275776,"{""mlp.down_proj"": 1200.0, ""mlp.gate_proj"": 300.0, ""mlp.up_proj"": 920.0, ""self_attn.k_proj"": 39.0, ""self_attn.o_proj"": 589.0, ""self_attn.q_proj"": 33.0, ""self_attn.v_proj"": 277.0}","{""mlp.down_proj"": 1176.0, ""mlp.gate_proj"": 284.0, ""mlp.up_proj"": 905.0, ""self_attn.k_proj"": 36.0, ""self_attn.o_proj"": 570.0, ""self_attn.q_proj"": 29.0, ""self_attn.v_proj"": 262.0}","{""mlp.down_proj"": -24.0, ""mlp.gate_proj"": -16.0, ""mlp.up_proj"": -15.0, ""self_attn.k_proj"": -3.0, ""self_attn.o_proj"": -19.0, ""self_attn.q_proj"": -4.0, ""self_attn.v_proj"": -15.0}","{""mlp.down_proj"": 0.02, ""mlp.gate_proj"": 0.05333333333333334, ""mlp.up_proj"": 0.016304347826086956, ""self_attn.k_proj"": 0.07692307692307693, ""self_attn.o_proj"": 0.03225806451612903, ""self_attn.q_proj"": 0.12121212121212122, ""self_attn.v_proj"": 0.05415162454873646}",-0.018245178577926277,-4.085714285714287,173.39999999999998,False,True
qwen,offkd,480,E_if,E_ifeval,0.01,18,5,equal5_non_qk,True,"mlp.down_proj,mlp.gate_proj,mlp.up_proj,self_attn.o_proj,self_attn.v_proj","self_attn.q_proj,self_attn.k_proj",1468.2,1484.2,1468.2,-16.0,0.012637488120339175,0.010780218299420562,"{""mlp.down_proj"": 2024.0, ""mlp.gate_proj"": 1528.0, ""mlp.up_proj"": 1933.0, ""self_attn.o_proj"": 1347.0, ""self_attn.v_proj"": 589.0}","{""mlp.down_proj"": 2004.0, ""mlp.gate_proj"": 1512.0, ""mlp.up_proj"": 1923.0, ""self_attn.o_proj"": 1326.0, ""self_attn.v_proj"": 576.0}","{""mlp.down_proj"": -20.0, ""mlp.gate_proj"": -16.0, ""mlp.up_proj"": -10.0, ""self_attn.o_proj"": -21.0, ""self_attn.v_proj"": -13.0}","{""mlp.down_proj"": 0.009881422924901186, ""mlp.gate_proj"": 0.010471204188481676, ""mlp.up_proj"": 0.005173305742369374, ""self_attn.o_proj"": 0.015590200445434299, ""self_attn.v_proj"": 0.022071307300509338}",0.009692319235697999,0.002945168884641176,7,equal7,True,"mlp.down_proj,mlp.gate_proj,mlp.up_proj,self_attn.k_proj,self_attn.o_proj,self_attn.q_proj,self_attn.v_proj",,1157.857142857143,1174.0,1157.857142857143,-16.142857142857142,0.02078074481702338,0.013750304210270112,"{""mlp.down_proj"": 2024.0, ""mlp.gate_proj"": 1528.0, ""mlp.up_proj"": 1933.0, ""self_attn.k_proj"": 273.0, ""self_attn.o_proj"": 1347.0, ""self_attn.q_proj"": 524.0, ""self_attn.v_proj"": 589.0}","{""mlp.down_proj"": 2004.0, ""mlp.gate_proj"": 1512.0, ""mlp.up_proj"": 1923.0, ""self_attn.k_proj"": 262.0, ""self_attn.o_proj"": 1326.0, ""self_attn.q_proj"": 502.0, ""self_attn.v_proj"": 576.0}","{""mlp.down_proj"": -20.0, ""mlp.gate_proj"": -16.0, ""mlp.up_proj"": -10.0, ""self_attn.k_proj"": -11.0, ""self_attn.o_proj"": -21.0, ""self_attn.q_proj"": -22.0, ""self_attn.v_proj"": -13.0}","{""mlp.down_proj"": 0.009881422924901186, ""mlp.gate_proj"": 0.010471204188481676, ""mlp.up_proj"": 0.005173305742369374, ""self_attn.k_proj"": 0.040293040293040296, ""self_attn.o_proj"": 0.015590200445434299, ""self_attn.q_proj"": 0.04198473282442748, ""self_attn.v_proj"": 0.022071307300509338}",-0.008143256696684205,0.14285714285714235,310.34285714285716,False,True
qwen,offkd,480,E_if,E_ifeval,0.025,18,5,equal5_non_qk,True,"mlp.down_proj,mlp.gate_proj,mlp.up_proj,self_attn.o_proj,self_attn.v_proj","self_attn.q_proj,self_attn.k_proj",1090.2,1109.6,1090.2,-19.4,0.020785487523260742,0.01748377793799555,"{""mlp.down_proj"": 1649.0, ""mlp.gate_proj"": 1005.0, ""mlp.up_proj"": 1521.0, ""self_attn.o_proj"": 969.0, ""self_attn.v_proj"": 404.0}","{""mlp.down_proj"": 1621.0, ""mlp.gate_proj"": 987.0, ""mlp.up_proj"": 1507.0, ""self_attn.o_proj"": 947.0, ""self_attn.v_proj"": 389.0}","{""mlp.down_proj"": -28.0, ""mlp.gate_proj"": -18.0, ""mlp.up_proj"": -14.0, ""self_attn.o_proj"": -22.0, ""self_attn.v_proj"": -15.0}","{""mlp.down_proj"": 0.016979987871437233, ""mlp.gate_proj"": 0.01791044776119403, ""mlp.up_proj"": 0.009204470742932281, ""self_attn.o_proj"": 0.022703818369453045, ""self_attn.v_proj"": 0.03712871287128713}",0.01569613830421346,0.005089349219047284,7,equal7,True,"mlp.down_proj,mlp.gate_proj,mlp.up_proj,self_attn.k_proj,self_attn.o_proj,self_attn.q_proj,self_attn.v_proj",,823.2857142857143,840.0,823.2857142857143,-16.714285714285715,0.03186270909425626,0.019897959183673413,"{""mlp.down_proj"": 1649.0, ""mlp.gate_proj"": 1005.0, ""mlp.up_proj"": 1521.0, ""self_attn.k_proj"": 123.0, ""self_attn.o_proj"": 969.0, ""self_attn.q_proj"": 209.0, ""self_attn.v_proj"": 404.0}","{""mlp.down_proj"": 1621.0, ""mlp.gate_proj"": 987.0, ""mlp.up_proj"": 1507.0, ""self_attn.k_proj"": 116.0, ""self_attn.o_proj"": 947.0, ""self_attn.q_proj"": 196.0, ""self_attn.v_proj"": 389.0}","{""mlp.down_proj"": -28.0, ""mlp.gate_proj"": -18.0, ""mlp.up_proj"": -14.0, ""self_attn.k_proj"": -7.0, ""self_attn.o_proj"": -22.0, ""self_attn.q_proj"": -13.0, ""self_attn.v_proj"": -15.0}","{""mlp.down_proj"": 0.016979987871437233, ""mlp.gate_proj"": 0.01791044776119403, ""mlp.up_proj"": 0.009204470742932281, ""self_attn.k_proj"": 0.056910569105691054, ""self_attn.o_proj"": 0.022703818369453045, ""self_attn.q_proj"": 0.06220095693779904, ""self_attn.v_proj"": 0.03712871287128713}",-0.011077221570995516,-2.6857142857142833,266.9142857142857,False,True
qwen,offkd,480,E_if,E_ifeval,0.05,18,5,equal5_non_qk,True,"mlp.down_proj,mlp.gate_proj,mlp.up_proj,self_attn.o_proj,self_attn.v_proj","self_attn.q_proj,self_attn.k_proj",762.0,782.0,762.0,-20.0,0.030488684788650754,0.02557544757033248,"{""mlp.down_proj"": 1274.0, ""mlp.gate_proj"": 584.0, ""mlp.up_proj"": 1127.0, ""self_attn.o_proj"": 672.0, ""self_attn.v_proj"": 253.0}","{""mlp.down_proj"": 1241.0, ""mlp.gate_proj"": 567.0, ""mlp.up_proj"": 1112.0, ""self_attn.o_proj"": 650.0, ""self_attn.v_proj"": 240.0}","{""mlp.down_proj"": -33.0, ""mlp.gate_proj"": -17.0, ""mlp.up_proj"": -15.0, ""self_attn.o_proj"": -22.0, ""self_attn.v_proj"": -13.0}","{""mlp.down_proj"": 0.025902668759811617, ""mlp.gate_proj"": 0.02910958904109589, ""mlp.up_proj"": 0.013309671694764862, ""self_attn.o_proj"": 0.03273809523809524, ""self_attn.v_proj"": 0.05138339920948617}",0.023115364467522083,0.0073733203211286714,7,equal7,True,"mlp.down_proj,mlp.gate_proj,mlp.up_proj,self_attn.k_proj,self_attn.o_proj,self_attn.q_proj,self_attn.v_proj",,560.1428571428571,575.7142857142857,560.1428571428571,-15.571428571428571,0.042593958522505644,0.027047146401985085,"{""mlp.down_proj"": 1274.0, ""mlp.gate_proj"": 584.0, ""mlp.up_proj"": 1127.0, ""self_attn.k_proj"": 50.0, ""self_attn.o_proj"": 672.0, ""self_attn.q_proj"": 70.0, ""self_attn.v_proj"": 253.0}","{""mlp.down_proj"": 1241.0, ""mlp.gate_proj"": 567.0, ""mlp.up_proj"": 1112.0, ""self_attn.k_proj"": 47.0, ""self_attn.o_proj"": 650.0, ""self_attn.q_proj"": 64.0, ""self_attn.v_proj"": 240.0}","{""mlp.down_proj"": -33.0, ""mlp.gate_proj"": -17.0, ""mlp.up_proj"": -15.0, ""self_attn.k_proj"": -3.0, ""self_attn.o_proj"": -22.0, ""self_attn.q_proj"": -6.0, ""self_attn.v_proj"": -13.0}","{""mlp.down_proj"": 0.025902668759811617, ""mlp.gate_proj"": 0.02910958904109589, ""mlp.up_proj"": 0.013309671694764862, ""self_attn.k_proj"": 0.06, ""self_attn.o_proj"": 0.03273809523809524, ""self_attn.q_proj"": 0.08571428571428572, ""self_attn.v_proj"": 0.05138339920948617}",-0.01210527373385489,-4.428571428571429,201.8571428571429,False,True
qwen,offkd,480,E_if,E_ifeval,0.1,18,5,equal5_non_qk,True,"mlp.down_proj,mlp.gate_proj,mlp.up_proj,self_attn.o_proj,self_attn.v_proj","self_attn.q_proj,self_attn.k_proj",435.0,453.0,435.0,-18.0,0.04959846220105139,0.039735099337748346,"{""mlp.down_proj"": 839.0, ""mlp.gate_proj"": 228.0, ""mlp.up_proj"": 695.0, ""self_attn.o_proj"": 387.0, ""self_attn.v_proj"": 116.0}","{""mlp.down_proj"": 804.0, ""mlp.gate_proj"": 217.0, ""mlp.up_proj"": 681.0, ""self_attn.o_proj"": 367.0, ""self_attn.v_proj"": 106.0}","{""mlp.down_proj"": -35.0, ""mlp.gate_proj"": -11.0, ""mlp.up_proj"": -14.0, ""self_attn.o_proj"": -20.0, ""self_attn.v_proj"": -10.0}","{""mlp.down_proj"": 0.041716328963051254, ""mlp.gate_proj"": 0.04824561403508772, ""mlp.up_proj"": 0.02014388489208633, ""self_attn.o_proj"": 0.05167958656330749, ""self_attn.v_proj"": 0.08620689655172414}",0.03520947404485715,0.014388988156194236,7,equal7,True,"mlp.down_proj,mlp.gate_proj,mlp.up_proj,self_attn.k_proj,self_attn.o_proj,self_attn.q_proj,self_attn.v_proj",,314.14285714285717,327.42857142857144,314.14285714285717,-13.285714285714286,0.06627162884490684,0.040575916230366466,"{""mlp.down_proj"": 839.0, ""mlp.gate_proj"": 228.0, ""mlp.up_proj"": 695.0, ""self_attn.k_proj"": 16.0, ""self_attn.o_proj"": 387.0, ""self_attn.q_proj"": 11.0, ""self_attn.v_proj"": 116.0}","{""mlp.down_proj"": 804.0, ""mlp.gate_proj"": 217.0, ""mlp.up_proj"": 681.0, ""self_attn.k_proj"": 14.0, ""self_attn.o_proj"": 367.0, ""self_attn.q_proj"": 10.0, ""self_attn.v_proj"": 106.0}","{""mlp.down_proj"": -35.0, ""mlp.gate_proj"": -11.0, ""mlp.up_proj"": -14.0, ""self_attn.k_proj"": -2.0, ""self_attn.o_proj"": -20.0, ""self_attn.q_proj"": -1.0, ""self_attn.v_proj"": -10.0}","{""mlp.down_proj"": 0.041716328963051254, ""mlp.gate_proj"": 0.04824561403508772, ""mlp.up_proj"": 0.02014388489208633, ""self_attn.k_proj"": 0.125, ""self_attn.o_proj"": 0.05167958656330749, ""self_attn.q_proj"": 0.09090909090909091, ""self_attn.v_proj"": 0.08620689655172414}",-0.01667316664385545,-4.7142857142857135,120.85714285714283,False,True
qwen,offkd,480,E_math,E_mathHeld,0.01,18,5,equal5_non_qk,True,"mlp.down_proj,mlp.gate_proj,mlp.up_proj,self_attn.o_proj,self_attn.v_proj","self_attn.q_proj,self_attn.k_proj",1633.2,1649.6,1633.2,-16.4,0.012239923033109373,0.009941804073714759,"{""mlp.down_proj"": 2176.0, ""mlp.gate_proj"": 1819.0, ""mlp.up_proj"": 2046.0, ""self_attn.o_proj"": 1520.0, ""self_attn.v_proj"": 687.0}","{""mlp.down_proj"": 2161.0, ""mlp.gate_proj"": 1798.0, ""mlp.up_proj"": 2035.0, ""self_attn.o_proj"": 1503.0, ""self_attn.v_proj"": 669.0}","{""mlp.down_proj"": -15.0, ""mlp.gate_proj"": -21.0, ""mlp.up_proj"": -11.0, ""self_attn.o_proj"": -17.0, ""self_attn.v_proj"": -18.0}","{""mlp.down_proj"": 0.006893382352941176, ""mlp.gate_proj"": 0.01154480483782298, ""mlp.up_proj"": 0.005376344086021506, ""self_attn.o_proj"": 0.01118421052631579, ""self_attn.v_proj"": 0.026200873362445413}",0.009692319235697999,0.0025476037974113738,7,equal7,True,"mlp.down_proj,mlp.gate_proj,mlp.up_proj,self_attn.k_proj,self_attn.o_proj,self_attn.q_proj,self_attn.v_proj",,1319.0,1339.0,1319.0,-20.0,0.023531759331984977,0.014936519790888723,"{""mlp.down_proj"": 2176.0, ""mlp.gate_proj"": 1819.0, ""mlp.up_proj"": 2046.0, ""self_attn.k_proj"": 363.0, ""self_attn.o_proj"": 1520.0, ""self_attn.q_proj"": 762.0, ""self_attn.v_proj"": 687.0}","{""mlp.down_proj"": 2161.0, ""mlp.gate_proj"": 1798.0, ""mlp.up_proj"": 2035.0, ""self_attn.k_proj"": 344.0, ""self_attn.o_proj"": 1503.0, ""self_attn.q_proj"": 723.0, ""self_attn.v_proj"": 669.0}","{""mlp.down_proj"": -15.0, ""mlp.gate_proj"": -21.0, ""mlp.up_proj"": -11.0, ""self_attn.k_proj"": -19.0, ""self_attn.o_proj"": -17.0, ""self_attn.q_proj"": -39.0, ""self_attn.v_proj"": -18.0}","{""mlp.down_proj"": 0.006893382352941176, ""mlp.gate_proj"": 0.01154480483782298, ""mlp.up_proj"": 0.005376344086021506, ""self_attn.k_proj"": 0.05234159779614325, ""self_attn.o_proj"": 0.01118421052631579, ""self_attn.q_proj"": 0.051181102362204724, ""self_attn.v_proj"": 0.026200873362445413}",-0.011291836298875604,3.6000000000000014,314.20000000000005,False,True
qwen,offkd,480,E_math,E_mathHeld,0.025,18,5,equal5_non_qk,True,"mlp.down_proj,mlp.gate_proj,mlp.up_proj,self_attn.o_proj,self_attn.v_proj","self_attn.q_proj,self_attn.k_proj",1300.4,1322.2,1300.4,-21.8,0.02028998427404816,0.016487672061715287,"{""mlp.down_proj"": 1875.0, ""mlp.gate_proj"": 1369.0, ""mlp.up_proj"": 1691.0, ""self_attn.o_proj"": 1157.0, ""self_attn.v_proj"": 519.0}","{""mlp.down_proj"": 1852.0, ""mlp.gate_proj"": 1340.0, ""mlp.up_proj"": 1674.0, ""self_attn.o_proj"": 1139.0, ""self_attn.v_proj"": 497.0}","{""mlp.down_proj"": -23.0, ""mlp.gate_proj"": -29.0, ""mlp.up_proj"": -17.0, ""self_attn.o_proj"": -18.0, ""self_attn.v_proj"": -22.0}","{""mlp.down_proj"": 0.012266666666666667, ""mlp.gate_proj"": 0.021183345507669833, ""mlp.up_proj"": 0.010053222945002957, ""self_attn.o_proj"": 0.015557476231633534, ""self_attn.v_proj"": 0.04238921001926782}",0.01569613830421346,0.004593845969834701,7,equal7,True,"mlp.down_proj,mlp.gate_proj,mlp.up_proj,self_attn.k_proj,self_attn.o_proj,self_attn.q_proj,self_attn.v_proj",,1003.5714285714286,1025.5714285714287,1003.5714285714286,-22.0,0.037138667651219884,0.02145145563448959,"{""mlp.down_proj"": 1875.0, ""mlp.gate_proj"": 1369.0, ""mlp.up_proj"": 1691.0, ""self_attn.k_proj"": 189.0, ""self_attn.o_proj"": 1157.0, ""self_attn.q_proj"": 379.0, ""self_attn.v_proj"": 519.0}","{""mlp.down_proj"": 1852.0, ""mlp.gate_proj"": 1340.0, ""mlp.up_proj"": 1674.0, ""self_attn.k_proj"": 174.0, ""self_attn.o_proj"": 1139.0, ""self_attn.q_proj"": 349.0, ""self_attn.v_proj"": 497.0}","{""mlp.down_proj"": -23.0, ""mlp.gate_proj"": -29.0, ""mlp.up_proj"": -17.0, ""self_attn.k_proj"": -15.0, ""self_attn.o_proj"": -18.0, ""self_attn.q_proj"": -30.0, ""self_attn.v_proj"": -22.0}","{""mlp.down_proj"": 0.012266666666666667, ""mlp.gate_proj"": 0.021183345507669833, ""mlp.up_proj"": 0.010053222945002957, ""self_attn.k_proj"": 0.07936507936507936, ""self_attn.o_proj"": 0.015557476231633534, ""self_attn.q_proj"": 0.079155672823219, ""self_attn.v_proj"": 0.04238921001926782}",-0.016848683377171724,0.1999999999999993,296.82857142857154,False,True
qwen,offkd,480,E_math,E_mathHeld,0.05,18,5,equal5_non_qk,True,"mlp.down_proj,mlp.gate_proj,mlp.up_proj,self_attn.o_proj,self_attn.v_proj","self_attn.q_proj,self_attn.k_proj",990.0,1014.2,990.0,-24.2,0.03011903476437471,0.023861171366594405,"{""mlp.down_proj"": 1552.0, ""mlp.gate_proj"": 956.0, ""mlp.up_proj"": 1332.0, ""self_attn.o_proj"": 860.0, ""self_attn.v_proj"": 371.0}","{""mlp.down_proj"": 1522.0, ""mlp.gate_proj"": 926.0, ""mlp.up_proj"": 1313.0, ""self_attn.o_proj"": 842.0, ""self_attn.v_proj"": 347.0}","{""mlp.down_proj"": -30.0, ""mlp.gate_proj"": -30.0, ""mlp.up_proj"": -19.0, ""self_attn.o_proj"": -18.0, ""self_attn.v_proj"": -24.0}","{""mlp.down_proj"": 0.019329896907216496, ""mlp.gate_proj"": 0.03138075313807531, ""mlp.up_proj"": 0.014264264264264264, ""self_attn.o_proj"": 0.020930232558139535, ""self_attn.v_proj"": 0.0646900269541779}",0.023115364467522083,0.007003670296852626,7,equal7,True,"mlp.down_proj,mlp.gate_proj,mlp.up_proj,self_attn.k_proj,self_attn.o_proj,self_attn.q_proj,self_attn.v_proj",,737.0,758.1428571428571,737.0,-21.142857142857142,0.053890626895137995,0.027887695496513997,"{""mlp.down_proj"": 1552.0, ""mlp.gate_proj"": 956.0, ""mlp.up_proj"": 1332.0, ""self_attn.k_proj"": 82.0, ""self_attn.o_proj"": 860.0, ""self_attn.q_proj"": 154.0, ""self_attn.v_proj"": 371.0}","{""mlp.down_proj"": 1522.0, ""mlp.gate_proj"": 926.0, ""mlp.up_proj"": 1313.0, ""self_attn.k_proj"": 73.0, ""self_attn.o_proj"": 842.0, ""self_attn.q_proj"": 136.0, ""self_attn.v_proj"": 347.0}","{""mlp.down_proj"": -30.0, ""mlp.gate_proj"": -30.0, ""mlp.up_proj"": -19.0, ""self_attn.k_proj"": -9.0, ""self_attn.o_proj"": -18.0, ""self_attn.q_proj"": -18.0, ""self_attn.v_proj"": -24.0}","{""mlp.down_proj"": 0.019329896907216496, ""mlp.gate_proj"": 0.03138075313807531, ""mlp.up_proj"": 0.014264264264264264, ""self_attn.k_proj"": 0.10975609756097561, ""self_attn.o_proj"": 0.020930232558139535, ""self_attn.q_proj"": 0.11688311688311688, ""self_attn.v_proj"": 0.0646900269541779}",-0.023771592130763287,-3.057142857142857,253.0,False,True
qwen,offkd,480,E_math,E_mathHeld,0.1,18,5,equal5_non_qk,True,"mlp.down_proj,mlp.gate_proj,mlp.up_proj,self_attn.o_proj,self_attn.v_proj","self_attn.q_proj,self_attn.k_proj",649.8,673.2,649.8,-23.4,0.04528808210303219,0.034759358288770185,"{""mlp.down_proj"": 1147.0, ""mlp.gate_proj"": 529.0, ""mlp.up_proj"": 913.0, ""self_attn.o_proj"": 561.0, ""self_attn.v_proj"": 216.0}","{""mlp.down_proj"": 1113.0, ""mlp.gate_proj"": 503.0, ""mlp.up_proj"": 893.0, ""self_attn.o_proj"": 545.0, ""self_attn.v_proj"": 195.0}","{""mlp.down_proj"": -34.0, ""mlp.gate_proj"": -26.0, ""mlp.up_proj"": -20.0, ""self_attn.o_proj"": -16.0, ""self_attn.v_proj"": -21.0}","{""mlp.down_proj"": 0.02964254577157803, ""mlp.gate_proj"": 0.04914933837429111, ""mlp.up_proj"": 0.02190580503833516, ""self_attn.o_proj"": 0.0285204991087344, ""self_attn.v_proj"": 0.09722222222222222}",0.03520947404485715,0.010078608058175037,7,equal7,True,"mlp.down_proj,mlp.gate_proj,mlp.up_proj,self_attn.k_proj,self_attn.o_proj,self_attn.q_proj,self_attn.v_proj",,470.7142857142857,488.7142857142857,470.7142857142857,-18.0,0.07785554251599072,0.03683133586670564,"{""mlp.down_proj"": 1147.0, ""mlp.gate_proj"": 529.0, ""mlp.up_proj"": 913.0, ""self_attn.k_proj"": 24.0, ""self_attn.o_proj"": 561.0, ""self_attn.q_proj"": 31.0, ""self_attn.v_proj"": 216.0}","{""mlp.down_proj"": 1113.0, ""mlp.gate_proj"": 503.0, ""mlp.up_proj"": 893.0, ""self_attn.k_proj"": 21.0, ""self_attn.o_proj"": 545.0, ""self_attn.q_proj"": 25.0, ""self_attn.v_proj"": 195.0}","{""mlp.down_proj"": -34.0, ""mlp.gate_proj"": -26.0, ""mlp.up_proj"": -20.0, ""self_attn.k_proj"": -3.0, ""self_attn.o_proj"": -16.0, ""self_attn.q_proj"": -6.0, ""self_attn.v_proj"": -21.0}","{""mlp.down_proj"": 0.02964254577157803, ""mlp.gate_proj"": 0.04914933837429111, ""mlp.up_proj"": 0.02190580503833516, ""self_attn.k_proj"": 0.125, ""self_attn.o_proj"": 0.0285204991087344, ""self_attn.q_proj"": 0.1935483870967742, ""self_attn.v_proj"": 0.09722222222222222}",-0.032567460412958535,-5.399999999999999,179.08571428571423,False,True
qwen,offkd,480,E_ood,E_mmluPro,0.01,18,5,equal5_non_qk,True,"mlp.down_proj,mlp.gate_proj,mlp.up_proj,self_attn.o_proj,self_attn.v_proj","self_attn.q_proj,self_attn.k_proj",1594.0,1610.4,1594.0,-16.4,0.011821956983360634,0.010183805265772535,"{""mlp.down_proj"": 2156.0, ""mlp.gate_proj"": 1667.0, ""mlp.up_proj"": 2029.0, ""self_attn.o_proj"": 1471.0, ""self_attn.v_proj"": 729.0}","{""mlp.down_proj"": 2146.0, ""mlp.gate_proj"": 1643.0, ""mlp.up_proj"": 2017.0, ""self_attn.o_proj"": 1449.0, ""self_attn.v_proj"": 715.0}","{""mlp.down_proj"": -10.0, ""mlp.gate_proj"": -24.0, ""mlp.up_proj"": -12.0, ""self_attn.o_proj"": -22.0, ""self_attn.v_proj"": -14.0}","{""mlp.down_proj"": 0.00463821892393321, ""mlp.gate_proj"": 0.014397120575884824, ""mlp.up_proj"": 0.005914243469689502, ""self_attn.o_proj"": 0.01495581237253569, ""self_attn.v_proj"": 0.019204389574759947}",0.009692319235697999,0.002129637747662635,7,equal7,True,"mlp.down_proj,mlp.gate_proj,mlp.up_proj,self_attn.k_proj,self_attn.o_proj,self_attn.q_proj,self_attn.v_proj",,1286.142857142857,1305.5714285714287,1286.142857142857,-19.428571428571427,0.021761402306787275,0.014881278039172875,"{""mlp.down_proj"": 2156.0, ""mlp.gate_proj"": 1667.0, ""mlp.up_proj"": 2029.0, ""self_attn.k_proj"": 402.0, ""self_attn.o_proj"": 1471.0, ""self_attn.q_proj"": 685.0, ""self_attn.v_proj"": 729.0}","{""mlp.down_proj"": 2146.0, ""mlp.gate_proj"": 1643.0, ""mlp.up_proj"": 2017.0, ""self_attn.k_proj"": 388.0, ""self_attn.o_proj"": 1449.0, ""self_attn.q_proj"": 645.0, ""self_attn.v_proj"": 715.0}","{""mlp.down_proj"": -10.0, ""mlp.gate_proj"": -24.0, ""mlp.up_proj"": -12.0, ""self_attn.k_proj"": -14.0, ""self_attn.o_proj"": -22.0, ""self_attn.q_proj"": -40.0, ""self_attn.v_proj"": -14.0}","{""mlp.down_proj"": 0.00463821892393321, ""mlp.gate_proj"": 0.014397120575884824, ""mlp.up_proj"": 0.005914243469689502, ""self_attn.k_proj"": 0.03482587064676617, ""self_attn.o_proj"": 0.01495581237253569, ""self_attn.q_proj"": 0.058394160583941604, ""self_attn.v_proj"": 0.019204389574759947}",-0.009939445323426641,3.0285714285714285,307.8571428571429,False,True
qwen,offkd,480,E_ood,E_mmluPro,0.025,18,5,equal5_non_qk,True,"mlp.down_proj,mlp.gate_proj,mlp.up_proj,self_attn.o_proj,self_attn.v_proj","self_attn.q_proj,self_attn.k_proj",1248.4,1268.4,1248.4,-20.0,0.018528009590049965,0.015767896562598548,"{""mlp.down_proj"": 1847.0, ""mlp.gate_proj"": 1163.0, ""mlp.up_proj"": 1655.0, ""self_attn.o_proj"": 1105.0, ""self_attn.v_proj"": 572.0}","{""mlp.down_proj"": 1831.0, ""mlp.gate_proj"": 1135.0, ""mlp.up_proj"": 1638.0, ""self_attn.o_proj"": 1083.0, ""self_attn.v_proj"": 555.0}","{""mlp.down_proj"": -16.0, ""mlp.gate_proj"": -28.0, ""mlp.up_proj"": -17.0, ""self_attn.o_proj"": -22.0, ""self_attn.v_proj"": -17.0}","{""mlp.down_proj"": 0.008662696264212236, ""mlp.gate_proj"": 0.02407566638005159, ""mlp.up_proj"": 0.01027190332326284, ""self_attn.o_proj"": 0.019909502262443438, ""self_attn.v_proj"": 0.02972027972027972}",0.01569613830421346,0.002831871285836507,7,equal7,True,"mlp.down_proj,mlp.gate_proj,mlp.up_proj,self_attn.k_proj,self_attn.o_proj,self_attn.q_proj,self_attn.v_proj",,964.1428571428571,984.2857142857143,964.1428571428571,-20.142857142857142,0.03371556136388388,0.02046444121915828,"{""mlp.down_proj"": 1847.0, ""mlp.gate_proj"": 1163.0, ""mlp.up_proj"": 1655.0, ""self_attn.k_proj"": 230.0, ""self_attn.o_proj"": 1105.0, ""self_attn.q_proj"": 318.0, ""self_attn.v_proj"": 572.0}","{""mlp.down_proj"": 1831.0, ""mlp.gate_proj"": 1135.0, ""mlp.up_proj"": 1638.0, ""self_attn.k_proj"": 218.0, ""self_attn.o_proj"": 1083.0, ""self_attn.q_proj"": 289.0, ""self_attn.v_proj"": 555.0}","{""mlp.down_proj"": -16.0, ""mlp.gate_proj"": -28.0, ""mlp.up_proj"": -17.0, ""self_attn.k_proj"": -12.0, ""self_attn.o_proj"": -22.0, ""self_attn.q_proj"": -29.0, ""self_attn.v_proj"": -17.0}","{""mlp.down_proj"": 0.008662696264212236, ""mlp.gate_proj"": 0.02407566638005159, ""mlp.up_proj"": 0.01027190332326284, ""self_attn.k_proj"": 0.05217391304347826, ""self_attn.o_proj"": 0.019909502262443438, ""self_attn.q_proj"": 0.09119496855345911, ""self_attn.v_proj"": 0.02972027972027972}",-0.015187551773833914,0.14285714285714235,284.257142857143,False,True
qwen,offkd,480,E_ood,E_mmluPro,0.05,18,5,equal5_non_qk,True,"mlp.down_proj,mlp.gate_proj,mlp.up_proj,self_attn.o_proj,self_attn.v_proj","self_attn.q_proj,self_attn.k_proj",933.4,954.4,933.4,-21.0,0.026639986176009316,0.02200335289186924,"{""mlp.down_proj"": 1519.0, ""mlp.gate_proj"": 731.0, ""mlp.up_proj"": 1281.0, ""self_attn.o_proj"": 810.0, ""self_attn.v_proj"": 431.0}","{""mlp.down_proj"": 1500.0, ""mlp.gate_proj"": 704.0, ""mlp.up_proj"": 1262.0, ""self_attn.o_proj"": 788.0, ""self_attn.v_proj"": 413.0}","{""mlp.down_proj"": -19.0, ""mlp.gate_proj"": -27.0, ""mlp.up_proj"": -19.0, ""self_attn.o_proj"": -22.0, ""self_attn.v_proj"": -18.0}","{""mlp.down_proj"": 0.012508229098090849, ""mlp.gate_proj"": 0.036935704514363885, ""mlp.up_proj"": 0.01483216237314598, ""self_attn.o_proj"": 0.027160493827160494, ""self_attn.v_proj"": 0.04176334106728538}",0.023115364467522083,0.0035246217084872328,7,equal7,True,"mlp.down_proj,mlp.gate_proj,mlp.up_proj,self_attn.k_proj,self_attn.o_proj,self_attn.q_proj,self_attn.v_proj",,697.2857142857143,715.5714285714286,697.2857142857143,-18.285714285714285,0.04659034146716946,0.025554002794968965,"{""mlp.down_proj"": 1519.0, ""mlp.gate_proj"": 731.0, ""mlp.up_proj"": 1281.0, ""self_attn.k_proj"": 116.0, ""self_attn.o_proj"": 810.0, ""self_attn.q_proj"": 121.0, ""self_attn.v_proj"": 431.0}","{""mlp.down_proj"": 1500.0, ""mlp.gate_proj"": 704.0, ""mlp.up_proj"": 1262.0, ""self_attn.k_proj"": 108.0, ""self_attn.o_proj"": 788.0, ""self_attn.q_proj"": 106.0, ""self_attn.v_proj"": 413.0}","{""mlp.down_proj"": -19.0, ""mlp.gate_proj"": -27.0, ""mlp.up_proj"": -19.0, ""self_attn.k_proj"": -8.0, ""self_attn.o_proj"": -22.0, ""self_attn.q_proj"": -15.0, ""self_attn.v_proj"": -18.0}","{""mlp.down_proj"": 0.012508229098090849, ""mlp.gate_proj"": 0.036935704514363885, ""mlp.up_proj"": 0.01483216237314598, ""self_attn.k_proj"": 0.06896551724137931, ""self_attn.o_proj"": 0.027160493827160494, ""self_attn.q_proj"": 0.12396694214876033, ""self_attn.v_proj"": 0.04176334106728538}",-0.019950355291160148,-2.7142857142857153,236.11428571428564,False,True
qwen,offkd,480,E_ood,E_mmluPro,0.1,18,5,equal5_non_qk,True,"mlp.down_proj,mlp.gate_proj,mlp.up_proj,self_attn.o_proj,self_attn.v_proj","self_attn.q_proj,self_attn.k_proj",597.6,617.4,597.6,-19.8,0.04132438284739183,0.03206997084548098,"{""mlp.down_proj"": 1114.0, ""mlp.gate_proj"": 327.0, ""mlp.up_proj"": 850.0, ""self_attn.o_proj"": 518.0, ""self_attn.v_proj"": 278.0}","{""mlp.down_proj"": 1092.0, ""mlp.gate_proj"": 307.0, ""mlp.up_proj"": 831.0, ""self_attn.o_proj"": 498.0, ""self_attn.v_proj"": 260.0}","{""mlp.down_proj"": -22.0, ""mlp.gate_proj"": -20.0, ""mlp.up_proj"": -19.0, ""self_attn.o_proj"": -20.0, ""self_attn.v_proj"": -18.0}","{""mlp.down_proj"": 0.019748653500897665, ""mlp.gate_proj"": 0.06116207951070336, ""mlp.up_proj"": 0.02235294117647059, ""self_attn.o_proj"": 0.03861003861003861, ""self_attn.v_proj"": 0.06474820143884892}",0.03520947404485715,0.00611490880253468,7,equal7,True,"mlp.down_proj,mlp.gate_proj,mlp.up_proj,self_attn.k_proj,self_attn.o_proj,self_attn.q_proj,self_attn.v_proj",,435.2857142857143,450.42857142857144,435.2857142857143,-15.142857142857142,0.0641328009349502,0.033618775769108836,"{""mlp.down_proj"": 1114.0, ""mlp.gate_proj"": 327.0, ""mlp.up_proj"": 850.0, ""self_attn.k_proj"": 40.0, ""self_attn.o_proj"": 518.0, ""self_attn.q_proj"": 26.0, ""self_attn.v_proj"": 278.0}","{""mlp.down_proj"": 1092.0, ""mlp.gate_proj"": 307.0, ""mlp.up_proj"": 831.0, ""self_attn.k_proj"": 38.0, ""self_attn.o_proj"": 498.0, ""self_attn.q_proj"": 21.0, ""self_attn.v_proj"": 260.0}","{""mlp.down_proj"": -22.0, ""mlp.gate_proj"": -20.0, ""mlp.up_proj"": -19.0, ""self_attn.k_proj"": -2.0, ""self_attn.o_proj"": -20.0, ""self_attn.q_proj"": -5.0, ""self_attn.v_proj"": -18.0}","{""mlp.down_proj"": 0.019748653500897665, ""mlp.gate_proj"": 0.06116207951070336, ""mlp.up_proj"": 0.02235294117647059, ""self_attn.k_proj"": 0.05, ""self_attn.o_proj"": 0.03861003861003861, ""self_attn.q_proj"": 0.19230769230769232, ""self_attn.v_proj"": 0.06474820143884892}",-0.022808418087558374,-4.657142857142858,162.31428571428575,False,True
qwen,offkd,624,E_general,E_general,0.01,18,5,equal5_non_qk,True,"mlp.down_proj,mlp.gate_proj,mlp.up_proj,self_attn.o_proj,self_attn.v_proj","self_attn.q_proj,self_attn.k_proj",1622.2,1634.4,1622.2,-12.2,0.008752280956618662,0.007464512971120928,"{""mlp.down_proj"": 2190.0, ""mlp.gate_proj"": 1641.0, ""mlp.up_proj"": 2064.0, ""self_attn.o_proj"": 1546.0, ""self_attn.v_proj"": 731.0}","{""mlp.down_proj"": 2179.0, ""mlp.gate_proj"": 1626.0, ""mlp.up_proj"": 2058.0, ""self_attn.o_proj"": 1528.0, ""self_attn.v_proj"": 720.0}","{""mlp.down_proj"": -11.0, ""mlp.gate_proj"": -15.0, ""mlp.up_proj"": -6.0, ""self_attn.o_proj"": -18.0, ""self_attn.v_proj"": -11.0}","{""mlp.down_proj"": 0.00502283105022831, ""mlp.gate_proj"": 0.009140767824497258, ""mlp.up_proj"": 0.0029069767441860465, ""self_attn.o_proj"": 0.01164294954721863, ""self_attn.v_proj"": 0.015047879616963064}",0.008752280956618662,0.0,7,equal7,True,"mlp.down_proj,mlp.gate_proj,mlp.up_proj,self_attn.k_proj,self_attn.o_proj,self_attn.q_proj,self_attn.v_proj",,1314.0,1328.4285714285713,1314.0,-14.428571428571429,0.01587876621680268,0.010861382944402552,"{""mlp.down_proj"": 2190.0, ""mlp.gate_proj"": 1641.0, ""mlp.up_proj"": 2064.0, ""self_attn.k_proj"": 400.0, ""self_attn.o_proj"": 1546.0, ""self_attn.q_proj"": 727.0, ""self_attn.v_proj"": 731.0}","{""mlp.down_proj"": 2179.0, ""mlp.gate_proj"": 1626.0, ""mlp.up_proj"": 2058.0, ""self_attn.k_proj"": 389.0, ""self_attn.o_proj"": 1528.0, ""self_attn.q_proj"": 698.0, ""self_attn.v_proj"": 720.0}","{""mlp.down_proj"": -11.0, ""mlp.gate_proj"": -15.0, ""mlp.up_proj"": -6.0, ""self_attn.k_proj"": -11.0, ""self_attn.o_proj"": -18.0, ""self_attn.q_proj"": -29.0, ""self_attn.v_proj"": -11.0}","{""mlp.down_proj"": 0.00502283105022831, ""mlp.gate_proj"": 0.009140767824497258, ""mlp.up_proj"": 0.0029069767441860465, ""self_attn.k_proj"": 0.0275, ""self_attn.o_proj"": 0.01164294954721863, ""self_attn.q_proj"": 0.039889958734525444, ""self_attn.v_proj"": 0.015047879616963064}",-0.007126485260184017,2.2285714285714295,308.20000000000005,False,True
qwen,offkd,624,E_general,E_general,0.025,18,5,equal5_non_qk,True,"mlp.down_proj,mlp.gate_proj,mlp.up_proj,self_attn.o_proj,self_attn.v_proj","self_attn.q_proj,self_attn.k_proj",1284.0,1299.6,1284.0,-15.6,0.01435248103663186,0.012003693444136588,"{""mlp.down_proj"": 1900.0, ""mlp.gate_proj"": 1133.0, ""mlp.up_proj"": 1706.0, ""self_attn.o_proj"": 1186.0, ""self_attn.v_proj"": 573.0}","{""mlp.down_proj"": 1884.0, ""mlp.gate_proj"": 1114.0, ""mlp.up_proj"": 1697.0, ""self_attn.o_proj"": 1166.0, ""self_attn.v_proj"": 559.0}","{""mlp.down_proj"": -16.0, ""mlp.gate_proj"": -19.0, ""mlp.up_proj"": -9.0, ""self_attn.o_proj"": -20.0, ""self_attn.v_proj"": -14.0}","{""mlp.down_proj"": 0.008421052631578947, ""mlp.gate_proj"": 0.01676963812886143, ""mlp.up_proj"": 0.005275498241500586, ""self_attn.o_proj"": 0.016863406408094434, ""self_attn.v_proj"": 0.02443280977312391}",0.01435248103663186,0.0,7,equal7,True,"mlp.down_proj,mlp.gate_proj,mlp.up_proj,self_attn.k_proj,self_attn.o_proj,self_attn.q_proj,self_attn.v_proj",,995.4285714285714,1011.2857142857143,995.4285714285714,-15.857142857142858,0.02582671714738743,0.015680180816499537,"{""mlp.down_proj"": 1900.0, ""mlp.gate_proj"": 1133.0, ""mlp.up_proj"": 1706.0, ""self_attn.k_proj"": 227.0, ""self_attn.o_proj"": 1186.0, ""self_attn.q_proj"": 354.0, ""self_attn.v_proj"": 573.0}","{""mlp.down_proj"": 1884.0, ""mlp.gate_proj"": 1114.0, ""mlp.up_proj"": 1697.0, ""self_attn.k_proj"": 217.0, ""self_attn.o_proj"": 1166.0, ""self_attn.q_proj"": 331.0, ""self_attn.v_proj"": 559.0}","{""mlp.down_proj"": -16.0, ""mlp.gate_proj"": -19.0, ""mlp.up_proj"": -9.0, ""self_attn.k_proj"": -10.0, ""self_attn.o_proj"": -20.0, ""self_attn.q_proj"": -23.0, ""self_attn.v_proj"": -14.0}","{""mlp.down_proj"": 0.008421052631578947, ""mlp.gate_proj"": 0.01676963812886143, ""mlp.up_proj"": 0.005275498241500586, ""self_attn.k_proj"": 0.04405286343612335, ""self_attn.o_proj"": 0.016863406408094434, ""self_attn.q_proj"": 0.06497175141242938, ""self_attn.v_proj"": 0.02443280977312391}",-0.011474236110755572,0.257142857142858,288.57142857142856,False,True
qwen,offkd,624,E_general,E_general,0.05,18,5,equal5_non_qk,True,"mlp.down_proj,mlp.gate_proj,mlp.up_proj,self_attn.o_proj,self_attn.v_proj","self_attn.q_proj,self_attn.k_proj",974.0,991.2,974.0,-17.2,0.02115418045233015,0.017352703793381805,"{""mlp.down_proj"": 1590.0, ""mlp.gate_proj"": 701.0, ""mlp.up_proj"": 1344.0, ""self_attn.o_proj"": 890.0, ""self_attn.v_proj"": 431.0}","{""mlp.down_proj"": 1569.0, ""mlp.gate_proj"": 682.0, ""mlp.up_proj"": 1333.0, ""self_attn.o_proj"": 870.0, ""self_attn.v_proj"": 416.0}","{""mlp.down_proj"": -21.0, ""mlp.gate_proj"": -19.0, ""mlp.up_proj"": -11.0, ""self_attn.o_proj"": -20.0, ""self_attn.v_proj"": -15.0}","{""mlp.down_proj"": 0.013207547169811321, ""mlp.gate_proj"": 0.02710413694721826, ""mlp.up_proj"": 0.00818452380952381, ""self_attn.o_proj"": 0.02247191011235955, ""self_attn.v_proj"": 0.03480278422273782}",0.02115418045233015,0.0,7,equal7,True,"mlp.down_proj,mlp.gate_proj,mlp.up_proj,self_attn.k_proj,self_attn.o_proj,self_attn.q_proj,self_attn.v_proj",,729.4285714285714,744.7142857142857,729.4285714285714,-15.285714285714286,0.03784857530553432,0.020525609054287273,"{""mlp.down_proj"": 1590.0, ""mlp.gate_proj"": 701.0, ""mlp.up_proj"": 1344.0, ""self_attn.k_proj"": 113.0, ""self_attn.o_proj"": 890.0, ""self_attn.q_proj"": 144.0, ""self_attn.v_proj"": 431.0}","{""mlp.down_proj"": 1569.0, ""mlp.gate_proj"": 682.0, ""mlp.up_proj"": 1333.0, ""self_attn.k_proj"": 106.0, ""self_attn.o_proj"": 870.0, ""self_attn.q_proj"": 130.0, ""self_attn.v_proj"": 416.0}","{""mlp.down_proj"": -21.0, ""mlp.gate_proj"": -19.0, ""mlp.up_proj"": -11.0, ""self_attn.k_proj"": -7.0, ""self_attn.o_proj"": -20.0, ""self_attn.q_proj"": -14.0, ""self_attn.v_proj"": -15.0}","{""mlp.down_proj"": 0.013207547169811321, ""mlp.gate_proj"": 0.02710413694721826, ""mlp.up_proj"": 0.00818452380952381, ""self_attn.k_proj"": 0.061946902654867256, ""self_attn.o_proj"": 0.02247191011235955, ""self_attn.q_proj"": 0.09722222222222222, ""self_attn.v_proj"": 0.03480278422273782}",-0.016694394853204172,-1.9142857142857128,244.57142857142856,False,True
qwen,offkd,624,E_general,E_general,0.1,18,5,equal5_non_qk,True,"mlp.down_proj,mlp.gate_proj,mlp.up_proj,self_attn.o_proj,self_attn.v_proj","self_attn.q_proj,self_attn.k_proj",640.4,657.2,640.4,-16.8,0.033223966798480345,0.02556299452221556,"{""mlp.down_proj"": 1200.0, ""mlp.gate_proj"": 300.0, ""mlp.up_proj"": 920.0, ""self_attn.o_proj"": 589.0, ""self_attn.v_proj"": 277.0}","{""mlp.down_proj"": 1176.0, ""mlp.gate_proj"": 286.0, ""mlp.up_proj"": 908.0, ""self_attn.o_proj"": 570.0, ""self_attn.v_proj"": 262.0}","{""mlp.down_proj"": -24.0, ""mlp.gate_proj"": -14.0, ""mlp.up_proj"": -12.0, ""self_attn.o_proj"": -19.0, ""self_attn.v_proj"": -15.0}","{""mlp.down_proj"": 0.02, ""mlp.gate_proj"": 0.04666666666666667, ""mlp.up_proj"": 0.013043478260869565, ""self_attn.o_proj"": 0.03225806451612903, ""self_attn.v_proj"": 0.05415162454873646}",0.033223966798480345,0.0,7,equal7,True,"mlp.down_proj,mlp.gate_proj,mlp.up_proj,self_attn.k_proj,self_attn.o_proj,self_attn.q_proj,self_attn.v_proj",,466.7142857142857,479.7142857142857,466.7142857142857,-13.0,0.0520364331610857,0.027099463966646812,"{""mlp.down_proj"": 1200.0, ""mlp.gate_proj"": 300.0, ""mlp.up_proj"": 920.0, ""self_attn.k_proj"": 39.0, ""self_attn.o_proj"": 589.0, ""self_attn.q_proj"": 33.0, ""self_attn.v_proj"": 277.0}","{""mlp.down_proj"": 1176.0, ""mlp.gate_proj"": 286.0, ""mlp.up_proj"": 908.0, ""self_attn.k_proj"": 36.0, ""self_attn.o_proj"": 570.0, ""self_attn.q_proj"": 29.0, ""self_attn.v_proj"": 262.0}","{""mlp.down_proj"": -24.0, ""mlp.gate_proj"": -14.0, ""mlp.up_proj"": -12.0, ""self_attn.k_proj"": -3.0, ""self_attn.o_proj"": -19.0, ""self_attn.q_proj"": -4.0, ""self_attn.v_proj"": -15.0}","{""mlp.down_proj"": 0.02, ""mlp.gate_proj"": 0.04666666666666667, ""mlp.up_proj"": 0.013043478260869565, ""self_attn.k_proj"": 0.07692307692307693, ""self_attn.o_proj"": 0.03225806451612903, ""self_attn.q_proj"": 0.12121212121212122, ""self_attn.v_proj"": 0.05415162454873646}",-0.018812466362605355,-3.8000000000000007,173.68571428571425,False,True
qwen,offkd,624,E_if,E_ifeval,0.01,18,5,equal5_non_qk,True,"mlp.down_proj,mlp.gate_proj,mlp.up_proj,self_attn.o_proj,self_attn.v_proj","self_attn.q_proj,self_attn.k_proj",1468.8,1484.2,1468.8,-15.4,0.01228982994790405,0.010375960113192353,"{""mlp.down_proj"": 2024.0, ""mlp.gate_proj"": 1528.0, ""mlp.up_proj"": 1933.0, ""self_attn.o_proj"": 1347.0, ""self_attn.v_proj"": 589.0}","{""mlp.down_proj"": 2004.0, ""mlp.gate_proj"": 1515.0, ""mlp.up_proj"": 1924.0, ""self_attn.o_proj"": 1325.0, ""self_attn.v_proj"": 576.0}","{""mlp.down_proj"": -20.0, ""mlp.gate_proj"": -13.0, ""mlp.up_proj"": -9.0, ""self_attn.o_proj"": -22.0, ""self_attn.v_proj"": -13.0}","{""mlp.down_proj"": 0.009881422924901186, ""mlp.gate_proj"": 0.008507853403141362, ""mlp.up_proj"": 0.0046559751681324365, ""self_attn.o_proj"": 0.016332590942835932, ""self_attn.v_proj"": 0.022071307300509338}",0.008752280956618662,0.0035375489912853886,7,equal7,True,"mlp.down_proj,mlp.gate_proj,mlp.up_proj,self_attn.k_proj,self_attn.o_proj,self_attn.q_proj,self_attn.v_proj",,1158.4285714285713,1174.0,1158.4285714285713,-15.571428571428571,0.02025978941577473,0.01326356777804827,"{""mlp.down_proj"": 2024.0, ""mlp.gate_proj"": 1528.0, ""mlp.up_proj"": 1933.0, ""self_attn.k_proj"": 273.0, ""self_attn.o_proj"": 1347.0, ""self_attn.q_proj"": 524.0, ""self_attn.v_proj"": 589.0}","{""mlp.down_proj"": 2004.0, ""mlp.gate_proj"": 1515.0, ""mlp.up_proj"": 1924.0, ""self_attn.k_proj"": 262.0, ""self_attn.o_proj"": 1325.0, ""self_attn.q_proj"": 503.0, ""self_attn.v_proj"": 576.0}","{""mlp.down_proj"": -20.0, ""mlp.gate_proj"": -13.0, ""mlp.up_proj"": -9.0, ""self_attn.k_proj"": -11.0, ""self_attn.o_proj"": -22.0, ""self_attn.q_proj"": -21.0, ""self_attn.v_proj"": -13.0}","{""mlp.down_proj"": 0.009881422924901186, ""mlp.gate_proj"": 0.008507853403141362, ""mlp.up_proj"": 0.0046559751681324365, ""self_attn.k_proj"": 0.040293040293040296, ""self_attn.o_proj"": 0.016332590942835932, ""self_attn.q_proj"": 0.04007633587786259, ""self_attn.v_proj"": 0.022071307300509338}",-0.00796995946787068,0.17142857142857082,310.3714285714286,False,True
qwen,offkd,624,E_if,E_ifeval,0.025,18,5,equal5_non_qk,True,"mlp.down_proj,mlp.gate_proj,mlp.up_proj,self_attn.o_proj,self_attn.v_proj","self_attn.q_proj,self_attn.k_proj",1090.8,1109.6,1090.8,-18.8,0.020338284417144532,0.01694304253785144,"{""mlp.down_proj"": 1649.0, ""mlp.gate_proj"": 1005.0, ""mlp.up_proj"": 1521.0, ""self_attn.o_proj"": 969.0, ""self_attn.v_proj"": 404.0}","{""mlp.down_proj"": 1621.0, ""mlp.gate_proj"": 990.0, ""mlp.up_proj"": 1509.0, ""self_attn.o_proj"": 945.0, ""self_attn.v_proj"": 389.0}","{""mlp.down_proj"": -28.0, ""mlp.gate_proj"": -15.0, ""mlp.up_proj"": -12.0, ""self_attn.o_proj"": -24.0, ""self_attn.v_proj"": -15.0}","{""mlp.down_proj"": 0.016979987871437233, ""mlp.gate_proj"": 0.014925373134328358, ""mlp.up_proj"": 0.007889546351084813, ""self_attn.o_proj"": 0.02476780185758514, ""self_attn.v_proj"": 0.03712871287128713}",0.01435248103663186,0.005985803380512673,7,equal7,True,"mlp.down_proj,mlp.gate_proj,mlp.up_proj,self_attn.k_proj,self_attn.o_proj,self_attn.q_proj,self_attn.v_proj",,823.7142857142857,840.0,823.7142857142857,-16.285714285714285,0.03154327830417326,0.019387755102040875,"{""mlp.down_proj"": 1649.0, ""mlp.gate_proj"": 1005.0, ""mlp.up_proj"": 1521.0, ""self_attn.k_proj"": 123.0, ""self_attn.o_proj"": 969.0, ""self_attn.q_proj"": 209.0, ""self_attn.v_proj"": 404.0}","{""mlp.down_proj"": 1621.0, ""mlp.gate_proj"": 990.0, ""mlp.up_proj"": 1509.0, ""self_attn.k_proj"": 116.0, ""self_attn.o_proj"": 945.0, ""self_attn.q_proj"": 196.0, ""self_attn.v_proj"": 389.0}","{""mlp.down_proj"": -28.0, ""mlp.gate_proj"": -15.0, ""mlp.up_proj"": -12.0, ""self_attn.k_proj"": -7.0, ""self_attn.o_proj"": -24.0, ""self_attn.q_proj"": -13.0, ""self_attn.v_proj"": -15.0}","{""mlp.down_proj"": 0.016979987871437233, ""mlp.gate_proj"": 0.014925373134328358, ""mlp.up_proj"": 0.007889546351084813, ""self_attn.k_proj"": 0.056910569105691054, ""self_attn.o_proj"": 0.02476780185758514, ""self_attn.q_proj"": 0.06220095693779904, ""self_attn.v_proj"": 0.03712871287128713}",-0.011204993887028725,-2.514285714285716,267.0857142857143,False,True
qwen,offkd,624,E_if,E_ifeval,0.05,18,5,equal5_non_qk,True,"mlp.down_proj,mlp.gate_proj,mlp.up_proj,self_attn.o_proj,self_attn.v_proj","self_attn.q_proj,self_attn.k_proj",762.4,782.0,762.4,-19.6,0.029858586916359398,0.02506393861892586,"{""mlp.down_proj"": 1274.0, ""mlp.gate_proj"": 584.0, ""mlp.up_proj"": 1127.0, ""self_attn.o_proj"": 672.0, ""self_attn.v_proj"": 253.0}","{""mlp.down_proj"": 1240.0, ""mlp.gate_proj"": 570.0, ""mlp.up_proj"": 1114.0, ""self_attn.o_proj"": 648.0, ""self_attn.v_proj"": 240.0}","{""mlp.down_proj"": -34.0, ""mlp.gate_proj"": -14.0, ""mlp.up_proj"": -13.0, ""self_attn.o_proj"": -24.0, ""self_attn.v_proj"": -13.0}","{""mlp.down_proj"": 0.026687598116169546, ""mlp.gate_proj"": 0.023972602739726026, ""mlp.up_proj"": 0.011535048802129548, ""self_attn.o_proj"": 0.03571428571428571, ""self_attn.v_proj"": 0.05138339920948617}",0.02115418045233015,0.008704406464029247,7,equal7,True,"mlp.down_proj,mlp.gate_proj,mlp.up_proj,self_attn.k_proj,self_attn.o_proj,self_attn.q_proj,self_attn.v_proj",,560.2857142857143,575.7142857142857,560.2857142857143,-15.428571428571429,0.04500103147086896,0.026799007444168566,"{""mlp.down_proj"": 1274.0, ""mlp.gate_proj"": 584.0, ""mlp.up_proj"": 1127.0, ""self_attn.k_proj"": 50.0, ""self_attn.o_proj"": 672.0, ""self_attn.q_proj"": 70.0, ""self_attn.v_proj"": 253.0}","{""mlp.down_proj"": 1240.0, ""mlp.gate_proj"": 570.0, ""mlp.up_proj"": 1114.0, ""self_attn.k_proj"": 46.0, ""self_attn.o_proj"": 648.0, ""self_attn.q_proj"": 64.0, ""self_attn.v_proj"": 240.0}","{""mlp.down_proj"": -34.0, ""mlp.gate_proj"": -14.0, ""mlp.up_proj"": -13.0, ""self_attn.k_proj"": -4.0, ""self_attn.o_proj"": -24.0, ""self_attn.q_proj"": -6.0, ""self_attn.v_proj"": -13.0}","{""mlp.down_proj"": 0.026687598116169546, ""mlp.gate_proj"": 0.023972602739726026, ""mlp.up_proj"": 0.011535048802129548, ""self_attn.k_proj"": 0.08, ""self_attn.o_proj"": 0.03571428571428571, ""self_attn.q_proj"": 0.08571428571428572, ""self_attn.v_proj"": 0.05138339920948617}",-0.015142444554509561,-4.171428571428573,202.11428571428564,False,True
qwen,offkd,624,E_if,E_ifeval,0.1,18,5,equal5_non_qk,True,"mlp.down_proj,mlp.gate_proj,mlp.up_proj,self_attn.o_proj,self_attn.v_proj","self_attn.q_proj,self_attn.k_proj",435.2,453.0,435.2,-17.8,0.04831148134024553,0.03929359823399561,"{""mlp.down_proj"": 839.0, ""mlp.gate_proj"": 228.0, ""mlp.up_proj"": 695.0, ""self_attn.o_proj"": 387.0, ""self_attn.v_proj"": 116.0}","{""mlp.down_proj"": 803.0, ""mlp.gate_proj"": 219.0, ""mlp.up_proj"": 682.0, ""self_attn.o_proj"": 366.0, ""self_attn.v_proj"": 106.0}","{""mlp.down_proj"": -36.0, ""mlp.gate_proj"": -9.0, ""mlp.up_proj"": -13.0, ""self_attn.o_proj"": -21.0, ""self_attn.v_proj"": -10.0}","{""mlp.down_proj"": 0.04290822407628129, ""mlp.gate_proj"": 0.039473684210526314, ""mlp.up_proj"": 0.01870503597122302, ""self_attn.o_proj"": 0.05426356589147287, ""self_attn.v_proj"": 0.08620689655172414}",0.033223966798480345,0.015087514541765185,7,equal7,True,"mlp.down_proj,mlp.gate_proj,mlp.up_proj,self_attn.k_proj,self_attn.o_proj,self_attn.q_proj,self_attn.v_proj",,314.2857142857143,327.42857142857144,314.2857142857143,-13.142857142857142,0.06535235680147408,0.0401396160558465,"{""mlp.down_proj"": 839.0, ""mlp.gate_proj"": 228.0, ""mlp.up_proj"": 695.0, ""self_attn.k_proj"": 16.0, ""self_attn.o_proj"": 387.0, ""self_attn.q_proj"": 11.0, ""self_attn.v_proj"": 116.0}","{""mlp.down_proj"": 803.0, ""mlp.gate_proj"": 219.0, ""mlp.up_proj"": 682.0, ""self_attn.k_proj"": 14.0, ""self_attn.o_proj"": 366.0, ""self_attn.q_proj"": 10.0, ""self_attn.v_proj"": 106.0}","{""mlp.down_proj"": -36.0, ""mlp.gate_proj"": -9.0, ""mlp.up_proj"": -13.0, ""self_attn.k_proj"": -2.0, ""self_attn.o_proj"": -21.0, ""self_attn.q_proj"": -1.0, ""self_attn.v_proj"": -10.0}","{""mlp.down_proj"": 0.04290822407628129, ""mlp.gate_proj"": 0.039473684210526314, ""mlp.up_proj"": 0.01870503597122302, ""self_attn.k_proj"": 0.125, ""self_attn.o_proj"": 0.05426356589147287, ""self_attn.q_proj"": 0.09090909090909091, ""self_attn.v_proj"": 0.08620689655172414}",-0.017040875461228552,-4.657142857142858,120.91428571428571,False,True
qwen,offkd,624,E_math,E_mathHeld,0.01,18,5,equal5_non_qk,True,"mlp.down_proj,mlp.gate_proj,mlp.up_proj,self_attn.o_proj,self_attn.v_proj","self_attn.q_proj,self_attn.k_proj",1634.4,1649.6,1634.4,-15.2,0.011561360672532698,0.00921435499515023,"{""mlp.down_proj"": 2176.0, ""mlp.gate_proj"": 1819.0, ""mlp.up_proj"": 2046.0, ""self_attn.o_proj"": 1520.0, ""self_attn.v_proj"": 687.0}","{""mlp.down_proj"": 2161.0, ""mlp.gate_proj"": 1800.0, ""mlp.up_proj"": 2037.0, ""self_attn.o_proj"": 1505.0, ""self_attn.v_proj"": 669.0}","{""mlp.down_proj"": -15.0, ""mlp.gate_proj"": -19.0, ""mlp.up_proj"": -9.0, ""self_attn.o_proj"": -15.0, ""self_attn.v_proj"": -18.0}","{""mlp.down_proj"": 0.006893382352941176, ""mlp.gate_proj"": 0.010445299615173173, ""mlp.up_proj"": 0.004398826979472141, ""self_attn.o_proj"": 0.009868421052631578, ""self_attn.v_proj"": 0.026200873362445413}",0.008752280956618662,0.0028090797159140354,7,equal7,True,"mlp.down_proj,mlp.gate_proj,mlp.up_proj,self_attn.k_proj,self_attn.o_proj,self_attn.q_proj,self_attn.v_proj",,1320.4285714285713,1339.0,1320.4285714285713,-18.571428571428573,0.022297165669855783,0.01386962552011103,"{""mlp.down_proj"": 2176.0, ""mlp.gate_proj"": 1819.0, ""mlp.up_proj"": 2046.0, ""self_attn.k_proj"": 363.0, ""self_attn.o_proj"": 1520.0, ""self_attn.q_proj"": 762.0, ""self_attn.v_proj"": 687.0}","{""mlp.down_proj"": 2161.0, ""mlp.gate_proj"": 1800.0, ""mlp.up_proj"": 2037.0, ""self_attn.k_proj"": 344.0, ""self_attn.o_proj"": 1505.0, ""self_attn.q_proj"": 727.0, ""self_attn.v_proj"": 669.0}","{""mlp.down_proj"": -15.0, ""mlp.gate_proj"": -19.0, ""mlp.up_proj"": -9.0, ""self_attn.k_proj"": -19.0, ""self_attn.o_proj"": -15.0, ""self_attn.q_proj"": -35.0, ""self_attn.v_proj"": -18.0}","{""mlp.down_proj"": 0.006893382352941176, ""mlp.gate_proj"": 0.010445299615173173, ""mlp.up_proj"": 0.004398826979472141, ""self_attn.k_proj"": 0.05234159779614325, ""self_attn.o_proj"": 0.009868421052631578, ""self_attn.q_proj"": 0.045931758530183726, ""self_attn.v_proj"": 0.026200873362445413}",-0.010735804997323085,3.3714285714285737,313.97142857142876,False,True
qwen,offkd,624,E_math,E_mathHeld,0.025,18,5,equal5_non_qk,True,"mlp.down_proj,mlp.gate_proj,mlp.up_proj,self_attn.o_proj,self_attn.v_proj","self_attn.q_proj,self_attn.k_proj",1302.2,1322.2,1302.2,-20.0,0.019005074794723097,0.015126304643775524,"{""mlp.down_proj"": 1875.0, ""mlp.gate_proj"": 1369.0, ""mlp.up_proj"": 1691.0, ""self_attn.o_proj"": 1157.0, ""self_attn.v_proj"": 519.0}","{""mlp.down_proj"": 1852.0, ""mlp.gate_proj"": 1344.0, ""mlp.up_proj"": 1677.0, ""self_attn.o_proj"": 1141.0, ""self_attn.v_proj"": 497.0}","{""mlp.down_proj"": -23.0, ""mlp.gate_proj"": -25.0, ""mlp.up_proj"": -14.0, ""self_attn.o_proj"": -16.0, ""self_attn.v_proj"": -22.0}","{""mlp.down_proj"": 0.012266666666666667, ""mlp.gate_proj"": 0.018261504747991233, ""mlp.up_proj"": 0.00827912477823773, ""self_attn.o_proj"": 0.013828867761452032, ""self_attn.v_proj"": 0.04238921001926782}",0.01435248103663186,0.004652593758091237,7,equal7,True,"mlp.down_proj,mlp.gate_proj,mlp.up_proj,self_attn.k_proj,self_attn.o_proj,self_attn.q_proj,self_attn.v_proj",,1005.1428571428571,1025.5714285714287,1005.1428571428571,-20.428571428571427,0.03546701161529037,0.019919208803454644,"{""mlp.down_proj"": 1875.0, ""mlp.gate_proj"": 1369.0, ""mlp.up_proj"": 1691.0, ""self_attn.k_proj"": 189.0, ""self_attn.o_proj"": 1157.0, ""self_attn.q_proj"": 379.0, ""self_attn.v_proj"": 519.0}","{""mlp.down_proj"": 1852.0, ""mlp.gate_proj"": 1344.0, ""mlp.up_proj"": 1677.0, ""self_attn.k_proj"": 174.0, ""self_attn.o_proj"": 1141.0, ""self_attn.q_proj"": 351.0, ""self_attn.v_proj"": 497.0}","{""mlp.down_proj"": -23.0, ""mlp.gate_proj"": -25.0, ""mlp.up_proj"": -14.0, ""self_attn.k_proj"": -15.0, ""self_attn.o_proj"": -16.0, ""self_attn.q_proj"": -28.0, ""self_attn.v_proj"": -22.0}","{""mlp.down_proj"": 0.012266666666666667, ""mlp.gate_proj"": 0.018261504747991233, ""mlp.up_proj"": 0.00827912477823773, ""self_attn.k_proj"": 0.07936507936507936, ""self_attn.o_proj"": 0.013828867761452032, ""self_attn.q_proj"": 0.07387862796833773, ""self_attn.v_proj"": 0.04238921001926782}",-0.01646193682056727,0.42857142857142705,297.05714285714294,False,True
qwen,offkd,624,E_math,E_mathHeld,0.05,18,5,equal5_non_qk,True,"mlp.down_proj,mlp.gate_proj,mlp.up_proj,self_attn.o_proj,self_attn.v_proj","self_attn.q_proj,self_attn.k_proj",992.2,1014.2,992.2,-22.0,0.027675345295225168,0.021691973969631236,"{""mlp.down_proj"": 1552.0, ""mlp.gate_proj"": 956.0, ""mlp.up_proj"": 1332.0, ""self_attn.o_proj"": 860.0, ""self_attn.v_proj"": 371.0}","{""mlp.down_proj"": 1523.0, ""mlp.gate_proj"": 929.0, ""mlp.up_proj"": 1316.0, ""self_attn.o_proj"": 845.0, ""self_attn.v_proj"": 348.0}","{""mlp.down_proj"": -29.0, ""mlp.gate_proj"": -27.0, ""mlp.up_proj"": -16.0, ""self_attn.o_proj"": -15.0, ""self_attn.v_proj"": -23.0}","{""mlp.down_proj"": 0.018685567010309278, ""mlp.gate_proj"": 0.028242677824267783, ""mlp.up_proj"": 0.012012012012012012, ""self_attn.o_proj"": 0.01744186046511628, ""self_attn.v_proj"": 0.06199460916442048}",0.02115418045233015,0.006521164842895017,7,equal7,True,"mlp.down_proj,mlp.gate_proj,mlp.up_proj,self_attn.k_proj,self_attn.o_proj,self_attn.q_proj,self_attn.v_proj",,738.7142857142857,758.1428571428571,738.7142857142857,-19.428571428571427,0.0512174906323874,0.025626530996796706,"{""mlp.down_proj"": 1552.0, ""mlp.gate_proj"": 956.0, ""mlp.up_proj"": 1332.0, ""self_attn.k_proj"": 82.0, ""self_attn.o_proj"": 860.0, ""self_attn.q_proj"": 154.0, ""self_attn.v_proj"": 371.0}","{""mlp.down_proj"": 1523.0, ""mlp.gate_proj"": 929.0, ""mlp.up_proj"": 1316.0, ""self_attn.k_proj"": 73.0, ""self_attn.o_proj"": 845.0, ""self_attn.q_proj"": 137.0, ""self_attn.v_proj"": 348.0}","{""mlp.down_proj"": -29.0, ""mlp.gate_proj"": -27.0, ""mlp.up_proj"": -16.0, ""self_attn.k_proj"": -9.0, ""self_attn.o_proj"": -15.0, ""self_attn.q_proj"": -17.0, ""self_attn.v_proj"": -23.0}","{""mlp.down_proj"": 0.018685567010309278, ""mlp.gate_proj"": 0.028242677824267783, ""mlp.up_proj"": 0.012012012012012012, ""self_attn.k_proj"": 0.10975609756097561, ""self_attn.o_proj"": 0.01744186046511628, ""self_attn.q_proj"": 0.11038961038961038, ""self_attn.v_proj"": 0.06199460916442048}",-0.02354214533716223,-2.571428571428573,253.48571428571438,False,True
qwen,offkd,624,E_math,E_mathHeld,0.1,18,5,equal5_non_qk,True,"mlp.down_proj,mlp.gate_proj,mlp.up_proj,self_attn.o_proj,self_attn.v_proj","self_attn.q_proj,self_attn.k_proj",651.4,673.2,651.4,-21.8,0.04298738389056358,0.03238265002970895,"{""mlp.down_proj"": 1147.0, ""mlp.gate_proj"": 529.0, ""mlp.up_proj"": 913.0, ""self_attn.o_proj"": 561.0, ""self_attn.v_proj"": 216.0}","{""mlp.down_proj"": 1114.0, ""mlp.gate_proj"": 505.0, ""mlp.up_proj"": 896.0, ""self_attn.o_proj"": 547.0, ""self_attn.v_proj"": 195.0}","{""mlp.down_proj"": -33.0, ""mlp.gate_proj"": -24.0, ""mlp.up_proj"": -17.0, ""self_attn.o_proj"": -14.0, ""self_attn.v_proj"": -21.0}","{""mlp.down_proj"": 0.02877070619006103, ""mlp.gate_proj"": 0.045368620037807186, ""mlp.up_proj"": 0.018619934282584884, ""self_attn.o_proj"": 0.024955436720142603, ""self_attn.v_proj"": 0.09722222222222222}",0.033223966798480345,0.009763417092083233,7,equal7,True,"mlp.down_proj,mlp.gate_proj,mlp.up_proj,self_attn.k_proj,self_attn.o_proj,self_attn.q_proj,self_attn.v_proj",,472.0,488.7142857142857,472.0,-16.714285714285715,0.07160389171906614,0.03420052616194097,"{""mlp.down_proj"": 1147.0, ""mlp.gate_proj"": 529.0, ""mlp.up_proj"": 913.0, ""self_attn.k_proj"": 24.0, ""self_attn.o_proj"": 561.0, ""self_attn.q_proj"": 31.0, ""self_attn.v_proj"": 216.0}","{""mlp.down_proj"": 1114.0, ""mlp.gate_proj"": 505.0, ""mlp.up_proj"": 896.0, ""self_attn.k_proj"": 21.0, ""self_attn.o_proj"": 547.0, ""self_attn.q_proj"": 26.0, ""self_attn.v_proj"": 195.0}","{""mlp.down_proj"": -33.0, ""mlp.gate_proj"": -24.0, ""mlp.up_proj"": -17.0, ""self_attn.k_proj"": -3.0, ""self_attn.o_proj"": -14.0, ""self_attn.q_proj"": -5.0, ""self_attn.v_proj"": -21.0}","{""mlp.down_proj"": 0.02877070619006103, ""mlp.gate_proj"": 0.045368620037807186, ""mlp.up_proj"": 0.018619934282584884, ""self_attn.k_proj"": 0.125, ""self_attn.o_proj"": 0.024955436720142603, ""self_attn.q_proj"": 0.16129032258064516, ""self_attn.v_proj"": 0.09722222222222222}",-0.028616507828502565,-5.085714285714285,179.39999999999998,False,True
qwen,offkd,624,E_ood,E_mmluPro,0.01,18,5,equal5_non_qk,True,"mlp.down_proj,mlp.gate_proj,mlp.up_proj,self_attn.o_proj,self_attn.v_proj","self_attn.q_proj,self_attn.k_proj",1594.2,1610.4,1594.2,-16.2,0.011701980978561594,0.01005961251862894,"{""mlp.down_proj"": 2156.0, ""mlp.gate_proj"": 1667.0, ""mlp.up_proj"": 2029.0, ""self_attn.o_proj"": 1471.0, ""self_attn.v_proj"": 729.0}","{""mlp.down_proj"": 2146.0, ""mlp.gate_proj"": 1644.0, ""mlp.up_proj"": 2017.0, ""self_attn.o_proj"": 1449.0, ""self_attn.v_proj"": 715.0}","{""mlp.down_proj"": -10.0, ""mlp.gate_proj"": -23.0, ""mlp.up_proj"": -12.0, ""self_attn.o_proj"": -22.0, ""self_attn.v_proj"": -14.0}","{""mlp.down_proj"": 0.00463821892393321, ""mlp.gate_proj"": 0.013797240551889621, ""mlp.up_proj"": 0.005914243469689502, ""self_attn.o_proj"": 0.01495581237253569, ""self_attn.v_proj"": 0.019204389574759947}",0.008752280956618662,0.0029497000219429314,7,equal7,True,"mlp.down_proj,mlp.gate_proj,mlp.up_proj,self_attn.k_proj,self_attn.o_proj,self_attn.q_proj,self_attn.v_proj",,1286.142857142857,1305.5714285714287,1286.142857142857,-19.428571428571427,0.02188425573401633,0.014881278039172875,"{""mlp.down_proj"": 2156.0, ""mlp.gate_proj"": 1667.0, ""mlp.up_proj"": 2029.0, ""self_attn.k_proj"": 402.0, ""self_attn.o_proj"": 1471.0, ""self_attn.q_proj"": 685.0, ""self_attn.v_proj"": 729.0}","{""mlp.down_proj"": 2146.0, ""mlp.gate_proj"": 1644.0, ""mlp.up_proj"": 2017.0, ""self_attn.k_proj"": 388.0, ""self_attn.o_proj"": 1449.0, ""self_attn.q_proj"": 644.0, ""self_attn.v_proj"": 715.0}","{""mlp.down_proj"": -10.0, ""mlp.gate_proj"": -23.0, ""mlp.up_proj"": -12.0, ""self_attn.k_proj"": -14.0, ""self_attn.o_proj"": -22.0, ""self_attn.q_proj"": -41.0, ""self_attn.v_proj"": -14.0}","{""mlp.down_proj"": 0.00463821892393321, ""mlp.gate_proj"": 0.013797240551889621, ""mlp.up_proj"": 0.005914243469689502, ""self_attn.k_proj"": 0.03482587064676617, ""self_attn.o_proj"": 0.01495581237253569, ""self_attn.q_proj"": 0.059854014598540145, ""self_attn.v_proj"": 0.019204389574759947}",-0.010182274755454735,3.2285714285714278,308.05714285714294,False,True
qwen,offkd,624,E_ood,E_mmluPro,0.025,18,5,equal5_non_qk,True,"mlp.down_proj,mlp.gate_proj,mlp.up_proj,self_attn.o_proj,self_attn.v_proj","self_attn.q_proj,self_attn.k_proj",1248.6,1268.4,1248.6,-19.8,0.01841619009814114,0.015610217596972707,"{""mlp.down_proj"": 1847.0, ""mlp.gate_proj"": 1163.0, ""mlp.up_proj"": 1655.0, ""self_attn.o_proj"": 1105.0, ""self_attn.v_proj"": 572.0}","{""mlp.down_proj"": 1831.0, ""mlp.gate_proj"": 1136.0, ""mlp.up_proj"": 1639.0, ""self_attn.o_proj"": 1082.0, ""self_attn.v_proj"": 555.0}","{""mlp.down_proj"": -16.0, ""mlp.gate_proj"": -27.0, ""mlp.up_proj"": -16.0, ""self_attn.o_proj"": -23.0, ""self_attn.v_proj"": -17.0}","{""mlp.down_proj"": 0.008662696264212236, ""mlp.gate_proj"": 0.023215821152192607, ""mlp.up_proj"": 0.009667673716012085, ""self_attn.o_proj"": 0.02081447963800905, ""self_attn.v_proj"": 0.02972027972027972}",0.01435248103663186,0.004063709061509281,7,equal7,True,"mlp.down_proj,mlp.gate_proj,mlp.up_proj,self_attn.k_proj,self_attn.o_proj,self_attn.q_proj,self_attn.v_proj",,964.1428571428571,984.2857142857143,964.1428571428571,-20.142857142857142,0.03408492659652763,0.02046444121915828,"{""mlp.down_proj"": 1847.0, ""mlp.gate_proj"": 1163.0, ""mlp.up_proj"": 1655.0, ""self_attn.k_proj"": 230.0, ""self_attn.o_proj"": 1105.0, ""self_attn.q_proj"": 318.0, ""self_attn.v_proj"": 572.0}","{""mlp.down_proj"": 1831.0, ""mlp.gate_proj"": 1136.0, ""mlp.up_proj"": 1639.0, ""self_attn.k_proj"": 218.0, ""self_attn.o_proj"": 1082.0, ""self_attn.q_proj"": 288.0, ""self_attn.v_proj"": 555.0}","{""mlp.down_proj"": -16.0, ""mlp.gate_proj"": -27.0, ""mlp.up_proj"": -16.0, ""self_attn.k_proj"": -12.0, ""self_attn.o_proj"": -23.0, ""self_attn.q_proj"": -30.0, ""self_attn.v_proj"": -17.0}","{""mlp.down_proj"": 0.008662696264212236, ""mlp.gate_proj"": 0.023215821152192607, ""mlp.up_proj"": 0.009667673716012085, ""self_attn.k_proj"": 0.05217391304347826, ""self_attn.o_proj"": 0.02081447963800905, ""self_attn.q_proj"": 0.09433962264150944, ""self_attn.v_proj"": 0.02972027972027972}",-0.015668736498386487,0.34285714285714164,284.4571428571428,False,True
qwen,offkd,624,E_ood,E_mmluPro,0.05,18,5,equal5_non_qk,True,"mlp.down_proj,mlp.gate_proj,mlp.up_proj,self_attn.o_proj,self_attn.v_proj","self_attn.q_proj,self_attn.k_proj",933.0,954.4,933.0,-21.4,0.027209004637462147,0.022422464375523865,"{""mlp.down_proj"": 1519.0, ""mlp.gate_proj"": 731.0, ""mlp.up_proj"": 1281.0, ""self_attn.o_proj"": 810.0, ""self_attn.v_proj"": 431.0}","{""mlp.down_proj"": 1499.0, ""mlp.gate_proj"": 705.0, ""mlp.up_proj"": 1262.0, ""self_attn.o_proj"": 787.0, ""self_attn.v_proj"": 412.0}","{""mlp.down_proj"": -20.0, ""mlp.gate_proj"": -26.0, ""mlp.up_proj"": -19.0, ""self_attn.o_proj"": -23.0, ""self_attn.v_proj"": -19.0}","{""mlp.down_proj"": 0.013166556945358789, ""mlp.gate_proj"": 0.03556771545827633, ""mlp.up_proj"": 0.01483216237314598, ""self_attn.o_proj"": 0.028395061728395062, ""self_attn.v_proj"": 0.04408352668213457}",0.02115418045233015,0.006054824185131997,7,equal7,True,"mlp.down_proj,mlp.gate_proj,mlp.up_proj,self_attn.k_proj,self_attn.o_proj,self_attn.q_proj,self_attn.v_proj",,696.8571428571429,715.5714285714286,696.8571428571429,-18.714285714285715,0.04817742076962397,0.026152924735476077,"{""mlp.down_proj"": 1519.0, ""mlp.gate_proj"": 731.0, ""mlp.up_proj"": 1281.0, ""self_attn.k_proj"": 116.0, ""self_attn.o_proj"": 810.0, ""self_attn.q_proj"": 121.0, ""self_attn.v_proj"": 431.0}","{""mlp.down_proj"": 1499.0, ""mlp.gate_proj"": 705.0, ""mlp.up_proj"": 1262.0, ""self_attn.k_proj"": 108.0, ""self_attn.o_proj"": 787.0, ""self_attn.q_proj"": 105.0, ""self_attn.v_proj"": 412.0}","{""mlp.down_proj"": -20.0, ""mlp.gate_proj"": -26.0, ""mlp.up_proj"": -19.0, ""self_attn.k_proj"": -8.0, ""self_attn.o_proj"": -23.0, ""self_attn.q_proj"": -16.0, ""self_attn.v_proj"": -19.0}","{""mlp.down_proj"": 0.013166556945358789, ""mlp.gate_proj"": 0.03556771545827633, ""mlp.up_proj"": 0.01483216237314598, ""self_attn.k_proj"": 0.06896551724137931, ""self_attn.o_proj"": 0.028395061728395062, ""self_attn.q_proj"": 0.1322314049586777, ""self_attn.v_proj"": 0.04408352668213457}",-0.02096841613216182,-2.6857142857142833,236.1428571428571,False,True
qwen,offkd,624,E_ood,E_mmluPro,0.1,18,5,equal5_non_qk,True,"mlp.down_proj,mlp.gate_proj,mlp.up_proj,self_attn.o_proj,self_attn.v_proj","self_attn.q_proj,self_attn.k_proj",597.6,617.4,597.6,-19.8,0.041475189115845155,0.03206997084548098,"{""mlp.down_proj"": 1114.0, ""mlp.gate_proj"": 327.0, ""mlp.up_proj"": 850.0, ""self_attn.o_proj"": 518.0, ""self_attn.v_proj"": 278.0}","{""mlp.down_proj"": 1092.0, ""mlp.gate_proj"": 307.0, ""mlp.up_proj"": 832.0, ""self_attn.o_proj"": 497.0, ""self_attn.v_proj"": 260.0}","{""mlp.down_proj"": -22.0, ""mlp.gate_proj"": -20.0, ""mlp.up_proj"": -18.0, ""self_attn.o_proj"": -21.0, ""self_attn.v_proj"": -18.0}","{""mlp.down_proj"": 0.019748653500897665, ""mlp.gate_proj"": 0.06116207951070336, ""mlp.up_proj"": 0.021176470588235293, ""self_attn.o_proj"": 0.04054054054054054, ""self_attn.v_proj"": 0.06474820143884892}",0.033223966798480345,0.00825122231736481,7,equal7,True,"mlp.down_proj,mlp.gate_proj,mlp.up_proj,self_attn.k_proj,self_attn.o_proj,self_attn.q_proj,self_attn.v_proj",,435.2857142857143,450.42857142857144,435.2857142857143,-15.142857142857142,0.06424051969813115,0.033618775769108836,"{""mlp.down_proj"": 1114.0, ""mlp.gate_proj"": 327.0, ""mlp.up_proj"": 850.0, ""self_attn.k_proj"": 40.0, ""self_attn.o_proj"": 518.0, ""self_attn.q_proj"": 26.0, ""self_attn.v_proj"": 278.0}","{""mlp.down_proj"": 1092.0, ""mlp.gate_proj"": 307.0, ""mlp.up_proj"": 832.0, ""self_attn.k_proj"": 38.0, ""self_attn.o_proj"": 497.0, ""self_attn.q_proj"": 21.0, ""self_attn.v_proj"": 260.0}","{""mlp.down_proj"": -22.0, ""mlp.gate_proj"": -20.0, ""mlp.up_proj"": -18.0, ""self_attn.k_proj"": -2.0, ""self_attn.o_proj"": -21.0, ""self_attn.q_proj"": -5.0, ""self_attn.v_proj"": -18.0}","{""mlp.down_proj"": 0.019748653500897665, ""mlp.gate_proj"": 0.06116207951070336, ""mlp.up_proj"": 0.021176470588235293, ""self_attn.k_proj"": 0.05, ""self_attn.o_proj"": 0.04054054054054054, ""self_attn.q_proj"": 0.19230769230769232, ""self_attn.v_proj"": 0.06474820143884892}",-0.02276533058228599,-4.657142857142858,162.31428571428575,False,True
qwen,opd,5,E_general,E_general,0.01,18,5,equal5_non_qk,True,"mlp.down_proj,mlp.gate_proj,mlp.up_proj,self_attn.o_proj,self_attn.v_proj","self_attn.q_proj,self_attn.k_proj",1632.2,1634.4,1632.2,-2.2,0.0014268371955367199,0.0013460597161037966,"{""mlp.down_proj"": 2190.0, ""mlp.gate_proj"": 1641.0, ""mlp.up_proj"": 2064.0, ""self_attn.o_proj"": 1546.0, ""self_attn.v_proj"": 731.0}","{""mlp.down_proj"": 2189.0, ""mlp.gate_proj"": 1636.0, ""mlp.up_proj"": 2062.0, ""self_attn.o_proj"": 1544.0, ""self_attn.v_proj"": 730.0}","{""mlp.down_proj"": -1.0, ""mlp.gate_proj"": -5.0, ""mlp.up_proj"": -2.0, ""self_attn.o_proj"": -2.0, ""self_attn.v_proj"": -1.0}","{""mlp.down_proj"": 0.00045662100456621003, ""mlp.gate_proj"": 0.0030469226081657527, ""mlp.up_proj"": 0.0009689922480620155, ""self_attn.o_proj"": 0.00129366106080207, ""self_attn.v_proj"": 0.0013679890560875513}",0.0014268371955367199,0.0,7,equal7,True,"mlp.down_proj,mlp.gate_proj,mlp.up_proj,self_attn.k_proj,self_attn.o_proj,self_attn.q_proj,self_attn.v_proj",,1326.0,1328.4285714285713,1326.0,-2.4285714285714284,0.0025194641787730358,0.0018281535648993783,"{""mlp.down_proj"": 2190.0, ""mlp.gate_proj"": 1641.0, ""mlp.up_proj"": 2064.0, ""self_attn.k_proj"": 400.0, ""self_attn.o_proj"": 1546.0, ""self_attn.q_proj"": 727.0, ""self_attn.v_proj"": 731.0}","{""mlp.down_proj"": 2189.0, ""mlp.gate_proj"": 1636.0, ""mlp.up_proj"": 2062.0, ""self_attn.k_proj"": 398.0, ""self_attn.o_proj"": 1544.0, ""self_attn.q_proj"": 723.0, ""self_attn.v_proj"": 730.0}","{""mlp.down_proj"": -1.0, ""mlp.gate_proj"": -5.0, ""mlp.up_proj"": -2.0, ""self_attn.k_proj"": -2.0, ""self_attn.o_proj"": -2.0, ""self_attn.q_proj"": -4.0, ""self_attn.v_proj"": -1.0}","{""mlp.down_proj"": 0.00045662100456621003, ""mlp.gate_proj"": 0.0030469226081657527, ""mlp.up_proj"": 0.0009689922480620155, ""self_attn.k_proj"": 0.005, ""self_attn.o_proj"": 0.00129366106080207, ""self_attn.q_proj"": 0.005502063273727648, ""self_attn.v_proj"": 0.0013679890560875513}",-0.001092626983236316,0.2285714285714282,306.20000000000005,False,True
qwen,opd,5,E_general,E_general,0.025,18,5,equal5_non_qk,True,"mlp.down_proj,mlp.gate_proj,mlp.up_proj,self_attn.o_proj,self_attn.v_proj","self_attn.q_proj,self_attn.k_proj",1297.0,1299.6,1297.0,-2.6,0.002202406348156951,0.0020006155740227064,"{""mlp.down_proj"": 1900.0, ""mlp.gate_proj"": 1133.0, ""mlp.up_proj"": 1706.0, ""self_attn.o_proj"": 1186.0, ""self_attn.v_proj"": 573.0}","{""mlp.down_proj"": 1899.0, ""mlp.gate_proj"": 1127.0, ""mlp.up_proj"": 1703.0, ""self_attn.o_proj"": 1184.0, ""self_attn.v_proj"": 572.0}","{""mlp.down_proj"": -1.0, ""mlp.gate_proj"": -6.0, ""mlp.up_proj"": -3.0, ""self_attn.o_proj"": -2.0, ""self_attn.v_proj"": -1.0}","{""mlp.down_proj"": 0.0005263157894736842, ""mlp.gate_proj"": 0.00529567519858782, ""mlp.up_proj"": 0.0017584994138335288, ""self_attn.o_proj"": 0.0016863406408094434, ""self_attn.v_proj"": 0.0017452006980802793}",0.002202406348156951,0.0,7,equal7,True,"mlp.down_proj,mlp.gate_proj,mlp.up_proj,self_attn.k_proj,self_attn.o_proj,self_attn.q_proj,self_attn.v_proj",,1008.8571428571429,1011.2857142857143,1008.8571428571429,-2.4285714285714284,0.003413127765083362,0.002401469134058499,"{""mlp.down_proj"": 1900.0, ""mlp.gate_proj"": 1133.0, ""mlp.up_proj"": 1706.0, ""self_attn.k_proj"": 227.0, ""self_attn.o_proj"": 1186.0, ""self_attn.q_proj"": 354.0, ""self_attn.v_proj"": 573.0}","{""mlp.down_proj"": 1899.0, ""mlp.gate_proj"": 1127.0, ""mlp.up_proj"": 1703.0, ""self_attn.k_proj"": 226.0, ""self_attn.o_proj"": 1184.0, ""self_attn.q_proj"": 351.0, ""self_attn.v_proj"": 572.0}","{""mlp.down_proj"": -1.0, ""mlp.gate_proj"": -6.0, ""mlp.up_proj"": -3.0, ""self_attn.k_proj"": -1.0, ""self_attn.o_proj"": -2.0, ""self_attn.q_proj"": -3.0, ""self_attn.v_proj"": -1.0}","{""mlp.down_proj"": 0.0005263157894736842, ""mlp.gate_proj"": 0.00529567519858782, ""mlp.up_proj"": 0.0017584994138335288, ""self_attn.k_proj"": 0.004405286343612335, ""self_attn.o_proj"": 0.0016863406408094434, ""self_attn.q_proj"": 0.00847457627118644, ""self_attn.v_proj"": 0.0017452006980802793}",-0.001210721416926411,-0.1714285714285717,288.1428571428571,False,True
qwen,opd,5,E_general,E_general,0.05,18,5,equal5_non_qk,True,"mlp.down_proj,mlp.gate_proj,mlp.up_proj,self_attn.o_proj,self_attn.v_proj","self_attn.q_proj,self_attn.k_proj",988.2,991.2,988.2,-3.0,0.0037873535749048267,0.003026634382566586,"{""mlp.down_proj"": 1590.0, ""mlp.gate_proj"": 701.0, ""mlp.up_proj"": 1344.0, ""self_attn.o_proj"": 890.0, ""self_attn.v_proj"": 431.0}","{""mlp.down_proj"": 1588.0, ""mlp.gate_proj"": 695.0, ""mlp.up_proj"": 1341.0, ""self_attn.o_proj"": 888.0, ""self_attn.v_proj"": 429.0}","{""mlp.down_proj"": -2.0, ""mlp.gate_proj"": -6.0, ""mlp.up_proj"": -3.0, ""self_attn.o_proj"": -2.0, ""self_attn.v_proj"": -2.0}","{""mlp.down_proj"": 0.0012578616352201257, ""mlp.gate_proj"": 0.008559201141226819, ""mlp.up_proj"": 0.002232142857142857, ""self_attn.o_proj"": 0.0022471910112359553, ""self_attn.v_proj"": 0.004640371229698376}",0.0037873535749048267,0.0,7,equal7,True,"mlp.down_proj,mlp.gate_proj,mlp.up_proj,self_attn.k_proj,self_attn.o_proj,self_attn.q_proj,self_attn.v_proj",,742.1428571428571,744.7142857142857,742.1428571428571,-2.5714285714285716,0.005953602040790988,0.003452906196048319,"{""mlp.down_proj"": 1590.0, ""mlp.gate_proj"": 701.0, ""mlp.up_proj"": 1344.0, ""self_attn.k_proj"": 113.0, ""self_attn.o_proj"": 890.0, ""self_attn.q_proj"": 144.0, ""self_attn.v_proj"": 431.0}","{""mlp.down_proj"": 1588.0, ""mlp.gate_proj"": 695.0, ""mlp.up_proj"": 1341.0, ""self_attn.k_proj"": 112.0, ""self_attn.o_proj"": 888.0, ""self_attn.q_proj"": 142.0, ""self_attn.v_proj"": 429.0}","{""mlp.down_proj"": -2.0, ""mlp.gate_proj"": -6.0, ""mlp.up_proj"": -3.0, ""self_attn.k_proj"": -1.0, ""self_attn.o_proj"": -2.0, ""self_attn.q_proj"": -2.0, ""self_attn.v_proj"": -2.0}","{""mlp.down_proj"": 0.0012578616352201257, ""mlp.gate_proj"": 0.008559201141226819, ""mlp.up_proj"": 0.002232142857142857, ""self_attn.k_proj"": 0.008849557522123894, ""self_attn.o_proj"": 0.0022471910112359553, ""self_attn.q_proj"": 0.013888888888888888, ""self_attn.v_proj"": 0.004640371229698376}",-0.0021662484658861616,-0.4285714285714284,246.05714285714294,False,True
qwen,opd,5,E_general,E_general,0.1,18,5,equal5_non_qk,True,"mlp.down_proj,mlp.gate_proj,mlp.up_proj,self_attn.o_proj,self_attn.v_proj","self_attn.q_proj,self_attn.k_proj",655.2,657.2,655.2,-2.0,0.004496362843199462,0.0030432136335970784,"{""mlp.down_proj"": 1200.0, ""mlp.gate_proj"": 300.0, ""mlp.up_proj"": 920.0, ""self_attn.o_proj"": 589.0, ""self_attn.v_proj"": 277.0}","{""mlp.down_proj"": 1198.0, ""mlp.gate_proj"": 296.0, ""mlp.up_proj"": 918.0, ""self_attn.o_proj"": 588.0, ""self_attn.v_proj"": 276.0}","{""mlp.down_proj"": -2.0, ""mlp.gate_proj"": -4.0, ""mlp.up_proj"": -2.0, ""self_attn.o_proj"": -1.0, ""self_attn.v_proj"": -1.0}","{""mlp.down_proj"": 0.0016666666666666668, ""mlp.gate_proj"": 0.013333333333333334, ""mlp.up_proj"": 0.002173913043478261, ""self_attn.o_proj"": 0.001697792869269949, ""self_attn.v_proj"": 0.0036101083032490976}",0.004496362843199462,0.0,7,equal7,True,"mlp.down_proj,mlp.gate_proj,mlp.up_proj,self_attn.k_proj,self_attn.o_proj,self_attn.q_proj,self_attn.v_proj",,478.14285714285717,479.7142857142857,478.14285714285717,-1.5714285714285714,0.007540692074146802,0.0032757593805836467,"{""mlp.down_proj"": 1200.0, ""mlp.gate_proj"": 300.0, ""mlp.up_proj"": 920.0, ""self_attn.k_proj"": 39.0, ""self_attn.o_proj"": 589.0, ""self_attn.q_proj"": 33.0, ""self_attn.v_proj"": 277.0}","{""mlp.down_proj"": 1198.0, ""mlp.gate_proj"": 296.0, ""mlp.up_proj"": 918.0, ""self_attn.k_proj"": 39.0, ""self_attn.o_proj"": 588.0, ""self_attn.q_proj"": 32.0, ""self_attn.v_proj"": 276.0}","{""mlp.down_proj"": -2.0, ""mlp.gate_proj"": -4.0, ""mlp.up_proj"": -2.0, ""self_attn.k_proj"": 0.0, ""self_attn.o_proj"": -1.0, ""self_attn.q_proj"": -1.0, ""self_attn.v_proj"": -1.0}","{""mlp.down_proj"": 0.0016666666666666668, ""mlp.gate_proj"": 0.013333333333333334, ""mlp.up_proj"": 0.002173913043478261, ""self_attn.k_proj"": 0.0, ""self_attn.o_proj"": 0.001697792869269949, ""self_attn.q_proj"": 0.030303030303030304, ""self_attn.v_proj"": 0.0036101083032490976}",-0.0030443292309473404,-0.4285714285714286,177.05714285714288,False,True
qwen,opd,5,E_if,E_ifeval,0.01,18,5,equal5_non_qk,True,"mlp.down_proj,mlp.gate_proj,mlp.up_proj,self_attn.o_proj,self_attn.v_proj","self_attn.q_proj,self_attn.k_proj",1483.6,1484.2,1483.6,-0.6,0.0003476581724351236,0.00040425818622836303,"{""mlp.down_proj"": 2024.0, ""mlp.gate_proj"": 1528.0, ""mlp.up_proj"": 1933.0, ""self_attn.o_proj"": 1347.0, ""self_attn.v_proj"": 589.0}","{""mlp.down_proj"": 2024.0, ""mlp.gate_proj"": 1525.0, ""mlp.up_proj"": 1932.0, ""self_attn.o_proj"": 1348.0, ""self_attn.v_proj"": 589.0}","{""mlp.down_proj"": 0.0, ""mlp.gate_proj"": -3.0, ""mlp.up_proj"": -1.0, ""self_attn.o_proj"": 1.0, ""self_attn.v_proj"": 0.0}","{""mlp.down_proj"": 0.0, ""mlp.gate_proj"": 0.001963350785340314, ""mlp.up_proj"": 0.0005173305742369374, ""self_attn.o_proj"": -0.0007423904974016332, ""self_attn.v_proj"": 0.0}",0.0014268371955367199,-0.0010791790231015961,7,equal7,True,"mlp.down_proj,mlp.gate_proj,mlp.up_proj,self_attn.k_proj,self_attn.o_proj,self_attn.q_proj,self_attn.v_proj",,1173.5714285714287,1174.0,1173.5714285714287,-0.42857142857142855,0.0002483272660250883,0.00036505232416638085,"{""mlp.down_proj"": 2024.0, ""mlp.gate_proj"": 1528.0, ""mlp.up_proj"": 1933.0, ""self_attn.k_proj"": 273.0, ""self_attn.o_proj"": 1347.0, ""self_attn.q_proj"": 524.0, ""self_attn.v_proj"": 589.0}","{""mlp.down_proj"": 2024.0, ""mlp.gate_proj"": 1525.0, ""mlp.up_proj"": 1932.0, ""self_attn.k_proj"": 273.0, ""self_attn.o_proj"": 1348.0, ""self_attn.q_proj"": 524.0, ""self_attn.v_proj"": 589.0}","{""mlp.down_proj"": 0.0, ""mlp.gate_proj"": -3.0, ""mlp.up_proj"": -1.0, ""self_attn.k_proj"": 0.0, ""self_attn.o_proj"": 1.0, ""self_attn.q_proj"": 0.0, ""self_attn.v_proj"": 0.0}","{""mlp.down_proj"": 0.0, ""mlp.gate_proj"": 0.001963350785340314, ""mlp.up_proj"": 0.0005173305742369374, ""self_attn.k_proj"": 0.0, ""self_attn.o_proj"": -0.0007423904974016332, ""self_attn.q_proj"": 0.0, ""self_attn.v_proj"": 0.0}",9.933090641003531e-05,-0.17142857142857143,310.02857142857124,False,True
qwen,opd,5,E_if,E_ifeval,0.025,18,5,equal5_non_qk,True,"mlp.down_proj,mlp.gate_proj,mlp.up_proj,self_attn.o_proj,self_attn.v_proj","self_attn.q_proj,self_attn.k_proj",1109.0,1109.6,1109.0,-0.6,0.0008107601718819572,0.0005407354001441142,"{""mlp.down_proj"": 1649.0, ""mlp.gate_proj"": 1005.0, ""mlp.up_proj"": 1521.0, ""self_attn.o_proj"": 969.0, ""self_attn.v_proj"": 404.0}","{""mlp.down_proj"": 1649.0, ""mlp.gate_proj"": 1002.0, ""mlp.up_proj"": 1520.0, ""self_attn.o_proj"": 971.0, ""self_attn.v_proj"": 403.0}","{""mlp.down_proj"": 0.0, ""mlp.gate_proj"": -3.0, ""mlp.up_proj"": -1.0, ""self_attn.o_proj"": 2.0, ""self_attn.v_proj"": -1.0}","{""mlp.down_proj"": 0.0, ""mlp.gate_proj"": 0.0029850746268656717, ""mlp.up_proj"": 0.0006574621959237344, ""self_attn.o_proj"": -0.0020639834881320948, ""self_attn.v_proj"": 0.0024752475247524753}",0.002202406348156951,-0.0013916461762749936,7,equal7,True,"mlp.down_proj,mlp.gate_proj,mlp.up_proj,self_attn.k_proj,self_attn.o_proj,self_attn.q_proj,self_attn.v_proj",,839.5714285714286,840.0,839.5714285714286,-0.42857142857142855,0.0005791144084871123,0.0005102040816326724,"{""mlp.down_proj"": 1649.0, ""mlp.gate_proj"": 1005.0, ""mlp.up_proj"": 1521.0, ""self_attn.k_proj"": 123.0, ""self_attn.o_proj"": 969.0, ""self_attn.q_proj"": 209.0, ""self_attn.v_proj"": 404.0}","{""mlp.down_proj"": 1649.0, ""mlp.gate_proj"": 1002.0, ""mlp.up_proj"": 1520.0, ""self_attn.k_proj"": 123.0, ""self_attn.o_proj"": 971.0, ""self_attn.q_proj"": 209.0, ""self_attn.v_proj"": 403.0}","{""mlp.down_proj"": 0.0, ""mlp.gate_proj"": -3.0, ""mlp.up_proj"": -1.0, ""self_attn.k_proj"": 0.0, ""self_attn.o_proj"": 2.0, ""self_attn.q_proj"": 0.0, ""self_attn.v_proj"": -1.0}","{""mlp.down_proj"": 0.0, ""mlp.gate_proj"": 0.0029850746268656717, ""mlp.up_proj"": 0.0006574621959237344, ""self_attn.k_proj"": 0.0, ""self_attn.o_proj"": -0.0020639834881320948, ""self_attn.q_proj"": 0.0, ""self_attn.v_proj"": 0.0024752475247524753}",0.0002316457633948449,-0.17142857142857143,269.42857142857144,False,True
qwen,opd,5,E_if,E_ifeval,0.05,18,5,equal5_non_qk,True,"mlp.down_proj,mlp.gate_proj,mlp.up_proj,self_attn.o_proj,self_attn.v_proj","self_attn.q_proj,self_attn.k_proj",781.2,782.0,781.2,-0.8,0.0010847027911819879,0.001023017902813241,"{""mlp.down_proj"": 1274.0, ""mlp.gate_proj"": 584.0, ""mlp.up_proj"": 1127.0, ""self_attn.o_proj"": 672.0, ""self_attn.v_proj"": 253.0}","{""mlp.down_proj"": 1274.0, ""mlp.gate_proj"": 581.0, ""mlp.up_proj"": 1125.0, ""self_attn.o_proj"": 673.0, ""self_attn.v_proj"": 253.0}","{""mlp.down_proj"": 0.0, ""mlp.gate_proj"": -3.0, ""mlp.up_proj"": -2.0, ""self_attn.o_proj"": 1.0, ""self_attn.v_proj"": 0.0}","{""mlp.down_proj"": 0.0, ""mlp.gate_proj"": 0.005136986301369863, ""mlp.up_proj"": 0.001774622892635315, ""self_attn.o_proj"": -0.001488095238095238, ""self_attn.v_proj"": 0.0}",0.0037873535749048267,-0.002702650783722839,7,equal7,True,"mlp.down_proj,mlp.gate_proj,mlp.up_proj,self_attn.k_proj,self_attn.o_proj,self_attn.q_proj,self_attn.v_proj",,575.1428571428571,575.7142857142857,575.1428571428571,-0.5714285714285714,0.0007747877079871342,0.0009925558312654805,"{""mlp.down_proj"": 1274.0, ""mlp.gate_proj"": 584.0, ""mlp.up_proj"": 1127.0, ""self_attn.k_proj"": 50.0, ""self_attn.o_proj"": 672.0, ""self_attn.q_proj"": 70.0, ""self_attn.v_proj"": 253.0}","{""mlp.down_proj"": 1274.0, ""mlp.gate_proj"": 581.0, ""mlp.up_proj"": 1125.0, ""self_attn.k_proj"": 50.0, ""self_attn.o_proj"": 673.0, ""self_attn.q_proj"": 70.0, ""self_attn.v_proj"": 253.0}","{""mlp.down_proj"": 0.0, ""mlp.gate_proj"": -3.0, ""mlp.up_proj"": -2.0, ""self_attn.k_proj"": 0.0, ""self_attn.o_proj"": 1.0, ""self_attn.q_proj"": 0.0, ""self_attn.v_proj"": 0.0}","{""mlp.down_proj"": 0.0, ""mlp.gate_proj"": 0.005136986301369863, ""mlp.up_proj"": 0.001774622892635315, ""self_attn.k_proj"": 0.0, ""self_attn.o_proj"": -0.001488095238095238, ""self_attn.q_proj"": 0.0, ""self_attn.v_proj"": 0.0}",0.0003099150831948537,-0.22857142857142865,206.05714285714294,False,True
qwen,opd,5,E_if,E_ifeval,0.1,18,5,equal5_non_qk,True,"mlp.down_proj,mlp.gate_proj,mlp.up_proj,self_attn.o_proj,self_attn.v_proj","self_attn.q_proj,self_attn.k_proj",452.6,453.0,452.6,-0.4,0.0015253598834518674,0.0008830022075054686,"{""mlp.down_proj"": 839.0, ""mlp.gate_proj"": 228.0, ""mlp.up_proj"": 695.0, ""self_attn.o_proj"": 387.0, ""self_attn.v_proj"": 116.0}","{""mlp.down_proj"": 839.0, ""mlp.gate_proj"": 226.0, ""mlp.up_proj"": 694.0, ""self_attn.o_proj"": 388.0, ""self_attn.v_proj"": 116.0}","{""mlp.down_proj"": 0.0, ""mlp.gate_proj"": -2.0, ""mlp.up_proj"": -1.0, ""self_attn.o_proj"": 1.0, ""self_attn.v_proj"": 0.0}","{""mlp.down_proj"": 0.0, ""mlp.gate_proj"": 0.008771929824561403, ""mlp.up_proj"": 0.0014388489208633094, ""self_attn.o_proj"": -0.002583979328165375, ""self_attn.v_proj"": 0.0}",0.004496362843199462,-0.0029710029597475943,7,equal7,True,"mlp.down_proj,mlp.gate_proj,mlp.up_proj,self_attn.k_proj,self_attn.o_proj,self_attn.q_proj,self_attn.v_proj",,327.14285714285717,327.42857142857144,327.14285714285717,-0.2857142857142857,0.0010895427738941911,0.0008726003490401148,"{""mlp.down_proj"": 839.0, ""mlp.gate_proj"": 228.0, ""mlp.up_proj"": 695.0, ""self_attn.k_proj"": 16.0, ""self_attn.o_proj"": 387.0, ""self_attn.q_proj"": 11.0, ""self_attn.v_proj"": 116.0}","{""mlp.down_proj"": 839.0, ""mlp.gate_proj"": 226.0, ""mlp.up_proj"": 694.0, ""self_attn.k_proj"": 16.0, ""self_attn.o_proj"": 388.0, ""self_attn.q_proj"": 11.0, ""self_attn.v_proj"": 116.0}","{""mlp.down_proj"": 0.0, ""mlp.gate_proj"": -2.0, ""mlp.up_proj"": -1.0, ""self_attn.k_proj"": 0.0, ""self_attn.o_proj"": 1.0, ""self_attn.q_proj"": 0.0, ""self_attn.v_proj"": 0.0}","{""mlp.down_proj"": 0.0, ""mlp.gate_proj"": 0.008771929824561403, ""mlp.up_proj"": 0.0014388489208633094, ""self_attn.k_proj"": 0.0, ""self_attn.o_proj"": -0.002583979328165375, ""self_attn.q_proj"": 0.0, ""self_attn.v_proj"": 0.0}",0.0004358171095576763,-0.11428571428571432,125.45714285714286,False,True
qwen,opd,5,E_math,E_mathHeld,0.01,18,5,equal5_non_qk,True,"mlp.down_proj,mlp.gate_proj,mlp.up_proj,self_attn.o_proj,self_attn.v_proj","self_attn.q_proj,self_attn.k_proj",1648.4,1649.6,1648.4,-1.2,0.0008106358572940434,0.0007274490785643903,"{""mlp.down_proj"": 2176.0, ""mlp.gate_proj"": 1819.0, ""mlp.up_proj"": 2046.0, ""self_attn.o_proj"": 1520.0, ""self_attn.v_proj"": 687.0}","{""mlp.down_proj"": 2175.0, ""mlp.gate_proj"": 1816.0, ""mlp.up_proj"": 2045.0, ""self_attn.o_proj"": 1520.0, ""self_attn.v_proj"": 686.0}","{""mlp.down_proj"": -1.0, ""mlp.gate_proj"": -3.0, ""mlp.up_proj"": -1.0, ""self_attn.o_proj"": 0.0, ""self_attn.v_proj"": -1.0}","{""mlp.down_proj"": 0.00045955882352941176, ""mlp.gate_proj"": 0.0016492578339747114, ""mlp.up_proj"": 0.0004887585532746823, ""self_attn.o_proj"": 0.0, ""self_attn.v_proj"": 0.001455604075691412}",0.0014268371955367199,-0.0006162013382426765,7,equal7,True,"mlp.down_proj,mlp.gate_proj,mlp.up_proj,self_attn.k_proj,self_attn.o_proj,self_attn.q_proj,self_attn.v_proj",,1337.4285714285713,1339.0,1337.4285714285713,-1.5714285714285714,0.0017224777221614763,0.0011735836978556153,"{""mlp.down_proj"": 2176.0, ""mlp.gate_proj"": 1819.0, ""mlp.up_proj"": 2046.0, ""self_attn.k_proj"": 363.0, ""self_attn.o_proj"": 1520.0, ""self_attn.q_proj"": 762.0, ""self_attn.v_proj"": 687.0}","{""mlp.down_proj"": 2175.0, ""mlp.gate_proj"": 1816.0, ""mlp.up_proj"": 2045.0, ""self_attn.k_proj"": 362.0, ""self_attn.o_proj"": 1520.0, ""self_attn.q_proj"": 758.0, ""self_attn.v_proj"": 686.0}","{""mlp.down_proj"": -1.0, ""mlp.gate_proj"": -3.0, ""mlp.up_proj"": -1.0, ""self_attn.k_proj"": -1.0, ""self_attn.o_proj"": 0.0, ""self_attn.q_proj"": -4.0, ""self_attn.v_proj"": -1.0}","{""mlp.down_proj"": 0.00045955882352941176, ""mlp.gate_proj"": 0.0016492578339747114, ""mlp.up_proj"": 0.0004887585532746823, ""self_attn.k_proj"": 0.0027548209366391185, ""self_attn.o_proj"": 0.0, ""self_attn.q_proj"": 0.005249343832020997, ""self_attn.v_proj"": 0.001455604075691412}",-0.0009118418648674329,0.37142857142857144,310.97142857142876,False,True
qwen,opd,5,E_math,E_mathHeld,0.025,18,5,equal5_non_qk,True,"mlp.down_proj,mlp.gate_proj,mlp.up_proj,self_attn.o_proj,self_attn.v_proj","self_attn.q_proj,self_attn.k_proj",1320.6,1322.2,1320.6,-1.6,0.001286168886524146,0.0012101043715021453,"{""mlp.down_proj"": 1875.0, ""mlp.gate_proj"": 1369.0, ""mlp.up_proj"": 1691.0, ""self_attn.o_proj"": 1157.0, ""self_attn.v_proj"": 519.0}","{""mlp.down_proj"": 1874.0, ""mlp.gate_proj"": 1364.0, ""mlp.up_proj"": 1689.0, ""self_attn.o_proj"": 1158.0, ""self_attn.v_proj"": 518.0}","{""mlp.down_proj"": -1.0, ""mlp.gate_proj"": -5.0, ""mlp.up_proj"": -2.0, ""self_attn.o_proj"": 1.0, ""self_attn.v_proj"": -1.0}","{""mlp.down_proj"": 0.0005333333333333334, ""mlp.gate_proj"": 0.003652300949598247, ""mlp.up_proj"": 0.0011827321111768185, ""self_attn.o_proj"": -0.000864304235090752, ""self_attn.v_proj"": 0.0019267822736030828}",0.002202406348156951,-0.0009162374616328048,7,equal7,True,"mlp.down_proj,mlp.gate_proj,mlp.up_proj,self_attn.k_proj,self_attn.o_proj,self_attn.q_proj,self_attn.v_proj",,1023.8571428571429,1025.5714285714287,1023.8571428571429,-1.7142857142857142,0.002805345286563989,0.0016715419974927502,"{""mlp.down_proj"": 1875.0, ""mlp.gate_proj"": 1369.0, ""mlp.up_proj"": 1691.0, ""self_attn.k_proj"": 189.0, ""self_attn.o_proj"": 1157.0, ""self_attn.q_proj"": 379.0, ""self_attn.v_proj"": 519.0}","{""mlp.down_proj"": 1874.0, ""mlp.gate_proj"": 1364.0, ""mlp.up_proj"": 1689.0, ""self_attn.k_proj"": 188.0, ""self_attn.o_proj"": 1158.0, ""self_attn.q_proj"": 376.0, ""self_attn.v_proj"": 518.0}","{""mlp.down_proj"": -1.0, ""mlp.gate_proj"": -5.0, ""mlp.up_proj"": -2.0, ""self_attn.k_proj"": -1.0, ""self_attn.o_proj"": 1.0, ""self_attn.q_proj"": -3.0, ""self_attn.v_proj"": -1.0}","{""mlp.down_proj"": 0.0005333333333333334, ""mlp.gate_proj"": 0.003652300949598247, ""mlp.up_proj"": 0.0011827321111768185, ""self_attn.k_proj"": 0.005291005291005291, ""self_attn.o_proj"": -0.000864304235090752, ""self_attn.q_proj"": 0.0079155672823219, ""self_attn.v_proj"": 0.0019267822736030828}",-0.001519176400039843,0.1142857142857141,296.742857142857,False,True
qwen,opd,5,E_math,E_mathHeld,0.05,18,5,equal5_non_qk,True,"mlp.down_proj,mlp.gate_proj,mlp.up_proj,self_attn.o_proj,self_attn.v_proj","self_attn.q_proj,self_attn.k_proj",1012.2,1014.2,1012.2,-2.0,0.002449666340033779,0.0019719976336028395,"{""mlp.down_proj"": 1552.0, ""mlp.gate_proj"": 956.0, ""mlp.up_proj"": 1332.0, ""self_attn.o_proj"": 860.0, ""self_attn.v_proj"": 371.0}","{""mlp.down_proj"": 1550.0, ""mlp.gate_proj"": 951.0, ""mlp.up_proj"": 1330.0, ""self_attn.o_proj"": 861.0, ""self_attn.v_proj"": 369.0}","{""mlp.down_proj"": -2.0, ""mlp.gate_proj"": -5.0, ""mlp.up_proj"": -2.0, ""self_attn.o_proj"": 1.0, ""self_attn.v_proj"": -2.0}","{""mlp.down_proj"": 0.001288659793814433, ""mlp.gate_proj"": 0.005230125523012552, ""mlp.up_proj"": 0.0015015015015015015, ""self_attn.o_proj"": -0.0011627906976744186, ""self_attn.v_proj"": 0.005390835579514825}",0.0037873535749048267,-0.0013376872348710477,7,equal7,True,"mlp.down_proj,mlp.gate_proj,mlp.up_proj,self_attn.k_proj,self_attn.o_proj,self_attn.q_proj,self_attn.v_proj",,756.4285714285714,758.1428571428571,756.4285714285714,-1.7142857142857142,0.003605049241025983,0.00226116449971729,"{""mlp.down_proj"": 1552.0, ""mlp.gate_proj"": 956.0, ""mlp.up_proj"": 1332.0, ""self_attn.k_proj"": 82.0, ""self_attn.o_proj"": 860.0, ""self_attn.q_proj"": 154.0, ""self_attn.v_proj"": 371.0}","{""mlp.down_proj"": 1550.0, ""mlp.gate_proj"": 951.0, ""mlp.up_proj"": 1330.0, ""self_attn.k_proj"": 82.0, ""self_attn.o_proj"": 861.0, ""self_attn.q_proj"": 152.0, ""self_attn.v_proj"": 369.0}","{""mlp.down_proj"": -2.0, ""mlp.gate_proj"": -5.0, ""mlp.up_proj"": -2.0, ""self_attn.k_proj"": 0.0, ""self_attn.o_proj"": 1.0, ""self_attn.q_proj"": -2.0, ""self_attn.v_proj"": -2.0}","{""mlp.down_proj"": 0.001288659793814433, ""mlp.gate_proj"": 0.005230125523012552, ""mlp.up_proj"": 0.0015015015015015015, ""self_attn.k_proj"": 0.0, ""self_attn.o_proj"": -0.0011627906976744186, ""self_attn.q_proj"": 0.012987012987012988, ""self_attn.v_proj"": 0.005390835579514825}",-0.001155382900992204,-0.2857142857142858,255.7714285714286,False,True
qwen,opd,5,E_math,E_mathHeld,0.1,18,5,equal5_non_qk,True,"mlp.down_proj,mlp.gate_proj,mlp.up_proj,self_attn.o_proj,self_attn.v_proj","self_attn.q_proj,self_attn.k_proj",671.8,673.2,671.8,-1.4,0.002694191038730422,0.002079619726678685,"{""mlp.down_proj"": 1147.0, ""mlp.gate_proj"": 529.0, ""mlp.up_proj"": 913.0, ""self_attn.o_proj"": 561.0, ""self_attn.v_proj"": 216.0}","{""mlp.down_proj"": 1146.0, ""mlp.gate_proj"": 525.0, ""mlp.up_proj"": 911.0, ""self_attn.o_proj"": 562.0, ""self_attn.v_proj"": 215.0}","{""mlp.down_proj"": -1.0, ""mlp.gate_proj"": -4.0, ""mlp.up_proj"": -2.0, ""self_attn.o_proj"": 1.0, ""self_attn.v_proj"": -1.0}","{""mlp.down_proj"": 0.0008718395815170009, ""mlp.gate_proj"": 0.007561436672967864, ""mlp.up_proj"": 0.002190580503833516, ""self_attn.o_proj"": -0.0017825311942959, ""self_attn.v_proj"": 0.004629629629629629}",0.004496362843199462,-0.00180217180446904,7,equal7,True,"mlp.down_proj,mlp.gate_proj,mlp.up_proj,self_attn.k_proj,self_attn.o_proj,self_attn.q_proj,self_attn.v_proj",,487.57142857142856,488.7142857142857,487.57142857142856,-1.1428571428571428,0.006532717101397306,0.0023384975153464397,"{""mlp.down_proj"": 1147.0, ""mlp.gate_proj"": 529.0, ""mlp.up_proj"": 913.0, ""self_attn.k_proj"": 24.0, ""self_attn.o_proj"": 561.0, ""self_attn.q_proj"": 31.0, ""self_attn.v_proj"": 216.0}","{""mlp.down_proj"": 1146.0, ""mlp.gate_proj"": 525.0, ""mlp.up_proj"": 911.0, ""self_attn.k_proj"": 24.0, ""self_attn.o_proj"": 562.0, ""self_attn.q_proj"": 30.0, ""self_attn.v_proj"": 215.0}","{""mlp.down_proj"": -1.0, ""mlp.gate_proj"": -4.0, ""mlp.up_proj"": -2.0, ""self_attn.k_proj"": 0.0, ""self_attn.o_proj"": 1.0, ""self_attn.q_proj"": -1.0, ""self_attn.v_proj"": -1.0}","{""mlp.down_proj"": 0.0008718395815170009, ""mlp.gate_proj"": 0.007561436672967864, ""mlp.up_proj"": 0.002190580503833516, ""self_attn.k_proj"": 0.0, ""self_attn.o_proj"": -0.0017825311942959, ""self_attn.q_proj"": 0.03225806451612903, ""self_attn.v_proj"": 0.004629629629629629}",-0.003838526062666884,-0.2571428571428571,184.2285714285714,False,True
qwen,opd,5,E_ood,E_mmluPro,0.01,18,5,equal5_non_qk,True,"mlp.down_proj,mlp.gate_proj,mlp.up_proj,self_attn.o_proj,self_attn.v_proj","self_attn.q_proj,self_attn.k_proj",1608.8,1610.4,1608.8,-1.6,0.0010815494753256358,0.000993541977148619,"{""mlp.down_proj"": 2156.0, ""mlp.gate_proj"": 1667.0, ""mlp.up_proj"": 2029.0, ""self_attn.o_proj"": 1471.0, ""self_attn.v_proj"": 729.0}","{""mlp.down_proj"": 2155.0, ""mlp.gate_proj"": 1663.0, ""mlp.up_proj"": 2028.0, ""self_attn.o_proj"": 1470.0, ""self_attn.v_proj"": 728.0}","{""mlp.down_proj"": -1.0, ""mlp.gate_proj"": -4.0, ""mlp.up_proj"": -1.0, ""self_attn.o_proj"": -1.0, ""self_attn.v_proj"": -1.0}","{""mlp.down_proj"": 0.00046382189239332097, ""mlp.gate_proj"": 0.0023995200959808036, ""mlp.up_proj"": 0.0004928536224741252, ""self_attn.o_proj"": 0.0006798096532970768, ""self_attn.v_proj"": 0.0013717421124828531}",0.0014268371955367199,-0.000345287720211084,7,equal7,True,"mlp.down_proj,mlp.gate_proj,mlp.up_proj,self_attn.k_proj,self_attn.o_proj,self_attn.q_proj,self_attn.v_proj",,1304.0,1305.5714285714287,1304.0,-1.5714285714285714,0.001545002513554284,0.0012036327825802255,"{""mlp.down_proj"": 2156.0, ""mlp.gate_proj"": 1667.0, ""mlp.up_proj"": 2029.0, ""self_attn.k_proj"": 402.0, ""self_attn.o_proj"": 1471.0, ""self_attn.q_proj"": 685.0, ""self_attn.v_proj"": 729.0}","{""mlp.down_proj"": 2155.0, ""mlp.gate_proj"": 1663.0, ""mlp.up_proj"": 2028.0, ""self_attn.k_proj"": 401.0, ""self_attn.o_proj"": 1470.0, ""self_attn.q_proj"": 683.0, ""self_attn.v_proj"": 728.0}","{""mlp.down_proj"": -1.0, ""mlp.gate_proj"": -4.0, ""mlp.up_proj"": -1.0, ""self_attn.k_proj"": -1.0, ""self_attn.o_proj"": -1.0, ""self_attn.q_proj"": -2.0, ""self_attn.v_proj"": -1.0}","{""mlp.down_proj"": 0.00046382189239332097, ""mlp.gate_proj"": 0.0023995200959808036, ""mlp.up_proj"": 0.0004928536224741252, ""self_attn.k_proj"": 0.0024875621890547263, ""self_attn.o_proj"": 0.0006798096532970768, ""self_attn.q_proj"": 0.00291970802919708, ""self_attn.v_proj"": 0.0013717421124828531}",-0.00046345303822864807,-0.028571428571428692,304.79999999999995,False,True
qwen,opd,5,E_ood,E_mmluPro,0.025,18,5,equal5_non_qk,True,"mlp.down_proj,mlp.gate_proj,mlp.up_proj,self_attn.o_proj,self_attn.v_proj","self_attn.q_proj,self_attn.k_proj",1266.4,1268.4,1266.4,-2.0,0.001676781256556268,0.0015767896562598547,"{""mlp.down_proj"": 1847.0, ""mlp.gate_proj"": 1163.0, ""mlp.up_proj"": 1655.0, ""self_attn.o_proj"": 1105.0, ""self_attn.v_proj"": 572.0}","{""mlp.down_proj"": 1845.0, ""mlp.gate_proj"": 1159.0, ""mlp.up_proj"": 1653.0, ""self_attn.o_proj"": 1104.0, ""self_attn.v_proj"": 571.0}","{""mlp.down_proj"": -2.0, ""mlp.gate_proj"": -4.0, ""mlp.up_proj"": -2.0, ""self_attn.o_proj"": -1.0, ""self_attn.v_proj"": -1.0}","{""mlp.down_proj"": 0.0010828370330265296, ""mlp.gate_proj"": 0.0034393809114359416, ""mlp.up_proj"": 0.0012084592145015106, ""self_attn.o_proj"": 0.0009049773755656109, ""self_attn.v_proj"": 0.0017482517482517483}",0.002202406348156951,-0.0005256250916006828,7,equal7,True,"mlp.down_proj,mlp.gate_proj,mlp.up_proj,self_attn.k_proj,self_attn.o_proj,self_attn.q_proj,self_attn.v_proj",,982.5714285714286,984.2857142857143,982.5714285714286,-1.7142857142857142,0.002268055208255454,0.001741654571843317,"{""mlp.down_proj"": 1847.0, ""mlp.gate_proj"": 1163.0, ""mlp.up_proj"": 1655.0, ""self_attn.k_proj"": 230.0, ""self_attn.o_proj"": 1105.0, ""self_attn.q_proj"": 318.0, ""self_attn.v_proj"": 572.0}","{""mlp.down_proj"": 1845.0, ""mlp.gate_proj"": 1159.0, ""mlp.up_proj"": 1653.0, ""self_attn.k_proj"": 229.0, ""self_attn.o_proj"": 1104.0, ""self_attn.q_proj"": 317.0, ""self_attn.v_proj"": 571.0}","{""mlp.down_proj"": -2.0, ""mlp.gate_proj"": -4.0, ""mlp.up_proj"": -2.0, ""self_attn.k_proj"": -1.0, ""self_attn.o_proj"": -1.0, ""self_attn.q_proj"": -1.0, ""self_attn.v_proj"": -1.0}","{""mlp.down_proj"": 0.0010828370330265296, ""mlp.gate_proj"": 0.0034393809114359416, ""mlp.up_proj"": 0.0012084592145015106, ""self_attn.k_proj"": 0.004347826086956522, ""self_attn.o_proj"": 0.0009049773755656109, ""self_attn.q_proj"": 0.0031446540880503146, ""self_attn.v_proj"": 0.0017482517482517483}",-0.0005912739516991858,-0.2857142857142858,283.82857142857154,False,True
qwen,opd,5,E_ood,E_mmluPro,0.05,18,5,equal5_non_qk,True,"mlp.down_proj,mlp.gate_proj,mlp.up_proj,self_attn.o_proj,self_attn.v_proj","self_attn.q_proj,self_attn.k_proj",952.4,954.4,952.4,-2.0,0.002380929136954936,0.0020955574182732607,"{""mlp.down_proj"": 1519.0, ""mlp.gate_proj"": 731.0, ""mlp.up_proj"": 1281.0, ""self_attn.o_proj"": 810.0, ""self_attn.v_proj"": 431.0}","{""mlp.down_proj"": 1517.0, ""mlp.gate_proj"": 727.0, ""mlp.up_proj"": 1279.0, ""self_attn.o_proj"": 809.0, ""self_attn.v_proj"": 430.0}","{""mlp.down_proj"": -2.0, ""mlp.gate_proj"": -4.0, ""mlp.up_proj"": -2.0, ""self_attn.o_proj"": -1.0, ""self_attn.v_proj"": -1.0}","{""mlp.down_proj"": 0.0013166556945358788, ""mlp.gate_proj"": 0.005471956224350205, ""mlp.up_proj"": 0.00156128024980484, ""self_attn.o_proj"": 0.0012345679012345679, ""self_attn.v_proj"": 0.002320185614849188}",0.0037873535749048267,-0.0014064244379498906,7,equal7,True,"mlp.down_proj,mlp.gate_proj,mlp.up_proj,self_attn.k_proj,self_attn.o_proj,self_attn.q_proj,self_attn.v_proj",,713.8571428571429,715.5714285714286,713.8571428571429,-1.7142857142857142,0.004112828307123493,0.002395687762028281,"{""mlp.down_proj"": 1519.0, ""mlp.gate_proj"": 731.0, ""mlp.up_proj"": 1281.0, ""self_attn.k_proj"": 116.0, ""self_attn.o_proj"": 810.0, ""self_attn.q_proj"": 121.0, ""self_attn.v_proj"": 431.0}","{""mlp.down_proj"": 1517.0, ""mlp.gate_proj"": 727.0, ""mlp.up_proj"": 1279.0, ""self_attn.k_proj"": 115.0, ""self_attn.o_proj"": 809.0, ""self_attn.q_proj"": 120.0, ""self_attn.v_proj"": 430.0}","{""mlp.down_proj"": -2.0, ""mlp.gate_proj"": -4.0, ""mlp.up_proj"": -2.0, ""self_attn.k_proj"": -1.0, ""self_attn.o_proj"": -1.0, ""self_attn.q_proj"": -1.0, ""self_attn.v_proj"": -1.0}","{""mlp.down_proj"": 0.0013166556945358788, ""mlp.gate_proj"": 0.005471956224350205, ""mlp.up_proj"": 0.00156128024980484, ""self_attn.k_proj"": 0.008620689655172414, ""self_attn.o_proj"": 0.0012345679012345679, ""self_attn.q_proj"": 0.008264462809917356, ""self_attn.v_proj"": 0.002320185614849188}",-0.001731899170168557,-0.2857142857142858,238.5428571428571,False,True
qwen,opd,5,E_ood,E_mmluPro,0.1,18,5,equal5_non_qk,True,"mlp.down_proj,mlp.gate_proj,mlp.up_proj,self_attn.o_proj,self_attn.v_proj","self_attn.q_proj,self_attn.k_proj",615.6,617.4,615.6,-1.8,0.003770041894436307,0.0029154518950436584,"{""mlp.down_proj"": 1114.0, ""mlp.gate_proj"": 327.0, ""mlp.up_proj"": 850.0, ""self_attn.o_proj"": 518.0, ""self_attn.v_proj"": 278.0}","{""mlp.down_proj"": 1112.0, ""mlp.gate_proj"": 324.0, ""mlp.up_proj"": 848.0, ""self_attn.o_proj"": 517.0, ""self_attn.v_proj"": 277.0}","{""mlp.down_proj"": -2.0, ""mlp.gate_proj"": -3.0, ""mlp.up_proj"": -2.0, ""self_attn.o_proj"": -1.0, ""self_attn.v_proj"": -1.0}","{""mlp.down_proj"": 0.0017953321364452424, ""mlp.gate_proj"": 0.009174311926605505, ""mlp.up_proj"": 0.002352941176470588, ""self_attn.o_proj"": 0.0019305019305019305, ""self_attn.v_proj"": 0.0035971223021582736}",0.004496362843199462,-0.0007263209487631548,7,equal7,True,"mlp.down_proj,mlp.gate_proj,mlp.up_proj,self_attn.k_proj,self_attn.o_proj,self_attn.q_proj,self_attn.v_proj",,449.14285714285717,450.42857142857144,449.14285714285717,-1.2857142857142858,0.0026928870674545052,0.0028544243577545013,"{""mlp.down_proj"": 1114.0, ""mlp.gate_proj"": 327.0, ""mlp.up_proj"": 850.0, ""self_attn.k_proj"": 40.0, ""self_attn.o_proj"": 518.0, ""self_attn.q_proj"": 26.0, ""self_attn.v_proj"": 278.0}","{""mlp.down_proj"": 1112.0, ""mlp.gate_proj"": 324.0, ""mlp.up_proj"": 848.0, ""self_attn.k_proj"": 40.0, ""self_attn.o_proj"": 517.0, ""self_attn.q_proj"": 26.0, ""self_attn.v_proj"": 277.0}","{""mlp.down_proj"": -2.0, ""mlp.gate_proj"": -3.0, ""mlp.up_proj"": -2.0, ""self_attn.k_proj"": 0.0, ""self_attn.o_proj"": -1.0, ""self_attn.q_proj"": 0.0, ""self_attn.v_proj"": -1.0}","{""mlp.down_proj"": 0.0017953321364452424, ""mlp.gate_proj"": 0.009174311926605505, ""mlp.up_proj"": 0.002352941176470588, ""self_attn.k_proj"": 0.0, ""self_attn.o_proj"": 0.0019305019305019305, ""self_attn.q_proj"": 0.0, ""self_attn.v_proj"": 0.0035971223021582736}",0.001077154826981802,-0.5142857142857142,166.45714285714286,False,True
qwen,opd,10,E_general,E_general,0.01,18,5,equal5_non_qk,True,"mlp.down_proj,mlp.gate_proj,mlp.up_proj,self_attn.o_proj,self_attn.v_proj","self_attn.q_proj,self_attn.k_proj",1630.4,1634.4,1630.4,-4.0,0.0026348982619406078,0.0024473813020068525,"{""mlp.down_proj"": 2190.0, ""mlp.gate_proj"": 1641.0, ""mlp.up_proj"": 2064.0, ""self_attn.o_proj"": 1546.0, ""self_attn.v_proj"": 731.0}","{""mlp.down_proj"": 2188.0, ""mlp.gate_proj"": 1632.0, ""mlp.up_proj"": 2061.0, ""self_attn.o_proj"": 1542.0, ""self_attn.v_proj"": 729.0}","{""mlp.down_proj"": -2.0, ""mlp.gate_proj"": -9.0, ""mlp.up_proj"": -3.0, ""self_attn.o_proj"": -4.0, ""self_attn.v_proj"": -2.0}","{""mlp.down_proj"": 0.0009132420091324201, ""mlp.gate_proj"": 0.005484460694698354, ""mlp.up_proj"": 0.0014534883720930232, ""self_attn.o_proj"": 0.00258732212160414, ""self_attn.v_proj"": 0.0027359781121751026}",0.0026348982619406078,0.0,7,equal7,True,"mlp.down_proj,mlp.gate_proj,mlp.up_proj,self_attn.k_proj,self_attn.o_proj,self_attn.q_proj,self_attn.v_proj",,1324.0,1328.4285714285713,1324.0,-4.428571428571429,0.004525516836736905,0.003333691794816574,"{""mlp.down_proj"": 2190.0, ""mlp.gate_proj"": 1641.0, ""mlp.up_proj"": 2064.0, ""self_attn.k_proj"": 400.0, ""self_attn.o_proj"": 1546.0, ""self_attn.q_proj"": 727.0, ""self_attn.v_proj"": 731.0}","{""mlp.down_proj"": 2188.0, ""mlp.gate_proj"": 1632.0, ""mlp.up_proj"": 2061.0, ""self_attn.k_proj"": 397.0, ""self_attn.o_proj"": 1542.0, ""self_attn.q_proj"": 719.0, ""self_attn.v_proj"": 729.0}","{""mlp.down_proj"": -2.0, ""mlp.gate_proj"": -9.0, ""mlp.up_proj"": -3.0, ""self_attn.k_proj"": -3.0, ""self_attn.o_proj"": -4.0, ""self_attn.q_proj"": -8.0, ""self_attn.v_proj"": -2.0}","{""mlp.down_proj"": 0.0009132420091324201, ""mlp.gate_proj"": 0.005484460694698354, ""mlp.up_proj"": 0.0014534883720930232, ""self_attn.k_proj"": 0.0075, ""self_attn.o_proj"": 0.00258732212160414, ""self_attn.q_proj"": 0.011004126547455296, ""self_attn.v_proj"": 0.0027359781121751026}",-0.001890618574796297,0.4285714285714288,306.4000000000001,False,True
qwen,opd,10,E_general,E_general,0.025,18,5,equal5_non_qk,True,"mlp.down_proj,mlp.gate_proj,mlp.up_proj,self_attn.o_proj,self_attn.v_proj","self_attn.q_proj,self_attn.k_proj",1294.6,1299.6,1294.6,-5.0,0.004396726128868588,0.003847337642351493,"{""mlp.down_proj"": 1900.0, ""mlp.gate_proj"": 1133.0, ""mlp.up_proj"": 1706.0, ""self_attn.o_proj"": 1186.0, ""self_attn.v_proj"": 573.0}","{""mlp.down_proj"": 1897.0, ""mlp.gate_proj"": 1122.0, ""mlp.up_proj"": 1701.0, ""self_attn.o_proj"": 1183.0, ""self_attn.v_proj"": 570.0}","{""mlp.down_proj"": -3.0, ""mlp.gate_proj"": -11.0, ""mlp.up_proj"": -5.0, ""self_attn.o_proj"": -3.0, ""self_attn.v_proj"": -3.0}","{""mlp.down_proj"": 0.0015789473684210526, ""mlp.gate_proj"": 0.009708737864077669, ""mlp.up_proj"": 0.0029308323563892145, ""self_attn.o_proj"": 0.002529510961214165, ""self_attn.v_proj"": 0.005235602094240838}",0.004396726128868588,0.0,7,equal7,True,"mlp.down_proj,mlp.gate_proj,mlp.up_proj,self_attn.k_proj,self_attn.o_proj,self_attn.q_proj,self_attn.v_proj",,1006.5714285714286,1011.2857142857143,1006.5714285714286,-4.714285714285714,0.006820479410562927,0.004661675377878295,"{""mlp.down_proj"": 1900.0, ""mlp.gate_proj"": 1133.0, ""mlp.up_proj"": 1706.0, ""self_attn.k_proj"": 227.0, ""self_attn.o_proj"": 1186.0, ""self_attn.q_proj"": 354.0, ""self_attn.v_proj"": 573.0}","{""mlp.down_proj"": 1897.0, ""mlp.gate_proj"": 1122.0, ""mlp.up_proj"": 1701.0, ""self_attn.k_proj"": 225.0, ""self_attn.o_proj"": 1183.0, ""self_attn.q_proj"": 348.0, ""self_attn.v_proj"": 570.0}","{""mlp.down_proj"": -3.0, ""mlp.gate_proj"": -11.0, ""mlp.up_proj"": -5.0, ""self_attn.k_proj"": -2.0, ""self_attn.o_proj"": -3.0, ""self_attn.q_proj"": -6.0, ""self_attn.v_proj"": -3.0}","{""mlp.down_proj"": 0.0015789473684210526, ""mlp.gate_proj"": 0.009708737864077669, ""mlp.up_proj"": 0.0029308323563892145, ""self_attn.k_proj"": 0.00881057268722467, ""self_attn.o_proj"": 0.002529510961214165, ""self_attn.q_proj"": 0.01694915254237288, ""self_attn.v_proj"": 0.005235602094240838}",-0.0024237532816943396,-0.2857142857142856,288.02857142857135,False,True
qwen,opd,10,E_general,E_general,0.05,18,5,equal5_non_qk,True,"mlp.down_proj,mlp.gate_proj,mlp.up_proj,self_attn.o_proj,self_attn.v_proj","self_attn.q_proj,self_attn.k_proj",986.0,991.2,986.0,-5.2,0.006451834697199135,0.005246166263115461,"{""mlp.down_proj"": 1590.0, ""mlp.gate_proj"": 701.0, ""mlp.up_proj"": 1344.0, ""self_attn.o_proj"": 890.0, ""self_attn.v_proj"": 431.0}","{""mlp.down_proj"": 1586.0, ""mlp.gate_proj"": 690.0, ""mlp.up_proj"": 1339.0, ""self_attn.o_proj"": 887.0, ""self_attn.v_proj"": 428.0}","{""mlp.down_proj"": -4.0, ""mlp.gate_proj"": -11.0, ""mlp.up_proj"": -5.0, ""self_attn.o_proj"": -3.0, ""self_attn.v_proj"": -3.0}","{""mlp.down_proj"": 0.0025157232704402514, ""mlp.gate_proj"": 0.015691868758915834, ""mlp.up_proj"": 0.003720238095238095, ""self_attn.o_proj"": 0.0033707865168539327, ""self_attn.v_proj"": 0.0069605568445475635}",0.006451834697199135,0.0,7,equal7,True,"mlp.down_proj,mlp.gate_proj,mlp.up_proj,self_attn.k_proj,self_attn.o_proj,self_attn.q_proj,self_attn.v_proj",,740.2857142857143,744.7142857142857,740.2857142857143,-4.428571428571429,0.009840929826556764,0.005946671782083123,"{""mlp.down_proj"": 1590.0, ""mlp.gate_proj"": 701.0, ""mlp.up_proj"": 1344.0, ""self_attn.k_proj"": 113.0, ""self_attn.o_proj"": 890.0, ""self_attn.q_proj"": 144.0, ""self_attn.v_proj"": 431.0}","{""mlp.down_proj"": 1586.0, ""mlp.gate_proj"": 690.0, ""mlp.up_proj"": 1339.0, ""self_attn.k_proj"": 112.0, ""self_attn.o_proj"": 887.0, ""self_attn.q_proj"": 140.0, ""self_attn.v_proj"": 428.0}","{""mlp.down_proj"": -4.0, ""mlp.gate_proj"": -11.0, ""mlp.up_proj"": -5.0, ""self_attn.k_proj"": -1.0, ""self_attn.o_proj"": -3.0, ""self_attn.q_proj"": -4.0, ""self_attn.v_proj"": -3.0}","{""mlp.down_proj"": 0.0025157232704402514, ""mlp.gate_proj"": 0.015691868758915834, ""mlp.up_proj"": 0.003720238095238095, ""self_attn.k_proj"": 0.008849557522123894, ""self_attn.o_proj"": 0.0033707865168539327, ""self_attn.q_proj"": 0.027777777777777776, ""self_attn.v_proj"": 0.0069605568445475635}",-0.0033890951293576287,-0.7714285714285714,245.71428571428567,False,True
qwen,opd,10,E_general,E_general,0.1,18,5,equal5_non_qk,True,"mlp.down_proj,mlp.gate_proj,mlp.up_proj,self_attn.o_proj,self_attn.v_proj","self_attn.q_proj,self_attn.k_proj",652.6,657.2,652.6,-4.6,0.010271697225250558,0.006999391357273315,"{""mlp.down_proj"": 1200.0, ""mlp.gate_proj"": 300.0, ""mlp.up_proj"": 920.0, ""self_attn.o_proj"": 589.0, ""self_attn.v_proj"": 277.0}","{""mlp.down_proj"": 1196.0, ""mlp.gate_proj"": 292.0, ""mlp.up_proj"": 915.0, ""self_attn.o_proj"": 586.0, ""self_attn.v_proj"": 274.0}","{""mlp.down_proj"": -4.0, ""mlp.gate_proj"": -8.0, ""mlp.up_proj"": -5.0, ""self_attn.o_proj"": -3.0, ""self_attn.v_proj"": -3.0}","{""mlp.down_proj"": 0.0033333333333333335, ""mlp.gate_proj"": 0.02666666666666667, ""mlp.up_proj"": 0.005434782608695652, ""self_attn.o_proj"": 0.0050933786078098476, ""self_attn.v_proj"": 0.010830324909747292}",0.010271697225250558,0.0,7,equal7,True,"mlp.down_proj,mlp.gate_proj,mlp.up_proj,self_attn.k_proj,self_attn.o_proj,self_attn.q_proj,self_attn.v_proj",,476.14285714285717,479.7142857142857,476.14285714285717,-3.5714285714285716,0.015328934581472676,0.007444907683144695,"{""mlp.down_proj"": 1200.0, ""mlp.gate_proj"": 300.0, ""mlp.up_proj"": 920.0, ""self_attn.k_proj"": 39.0, ""self_attn.o_proj"": 589.0, ""self_attn.q_proj"": 33.0, ""self_attn.v_proj"": 277.0}","{""mlp.down_proj"": 1196.0, ""mlp.gate_proj"": 292.0, ""mlp.up_proj"": 915.0, ""self_attn.k_proj"": 38.0, ""self_attn.o_proj"": 586.0, ""self_attn.q_proj"": 32.0, ""self_attn.v_proj"": 274.0}","{""mlp.down_proj"": -4.0, ""mlp.gate_proj"": -8.0, ""mlp.up_proj"": -5.0, ""self_attn.k_proj"": -1.0, ""self_attn.o_proj"": -3.0, ""self_attn.q_proj"": -1.0, ""self_attn.v_proj"": -3.0}","{""mlp.down_proj"": 0.0033333333333333335, ""mlp.gate_proj"": 0.02666666666666667, ""mlp.up_proj"": 0.005434782608695652, ""self_attn.k_proj"": 0.02564102564102564, ""self_attn.o_proj"": 0.0050933786078098476, ""self_attn.q_proj"": 0.030303030303030304, ""self_attn.v_proj"": 0.010830324909747292}",-0.005057237356222119,-1.028571428571428,176.45714285714286,False,True
qwen,opd,10,E_if,E_ifeval,0.01,18,5,equal5_non_qk,True,"mlp.down_proj,mlp.gate_proj,mlp.up_proj,self_attn.o_proj,self_attn.v_proj","self_attn.q_proj,self_attn.k_proj",1483.4,1484.2,1483.4,-0.8,0.0006070286674075629,0.0005390109149709975,"{""mlp.down_proj"": 2024.0, ""mlp.gate_proj"": 1528.0, ""mlp.up_proj"": 1933.0, ""self_attn.o_proj"": 1347.0, ""self_attn.v_proj"": 589.0}","{""mlp.down_proj"": 2024.0, ""mlp.gate_proj"": 1523.0, ""mlp.up_proj"": 1931.0, ""self_attn.o_proj"": 1351.0, ""self_attn.v_proj"": 588.0}","{""mlp.down_proj"": 0.0, ""mlp.gate_proj"": -5.0, ""mlp.up_proj"": -2.0, ""self_attn.o_proj"": 4.0, ""self_attn.v_proj"": -1.0}","{""mlp.down_proj"": 0.0, ""mlp.gate_proj"": 0.0032722513089005235, ""mlp.up_proj"": 0.0010346611484738748, ""self_attn.o_proj"": -0.002969561989606533, ""self_attn.v_proj"": 0.001697792869269949}",0.0026348982619406078,-0.002027869594533045,7,equal7,True,"mlp.down_proj,mlp.gate_proj,mlp.up_proj,self_attn.k_proj,self_attn.o_proj,self_attn.q_proj,self_attn.v_proj",,1173.5714285714287,1174.0,1173.5714285714287,-0.42857142857142855,0.00016096377006756126,0.00036505232416638085,"{""mlp.down_proj"": 2024.0, ""mlp.gate_proj"": 1528.0, ""mlp.up_proj"": 1933.0, ""self_attn.k_proj"": 273.0, ""self_attn.o_proj"": 1347.0, ""self_attn.q_proj"": 524.0, ""self_attn.v_proj"": 589.0}","{""mlp.down_proj"": 2024.0, ""mlp.gate_proj"": 1523.0, ""mlp.up_proj"": 1931.0, ""self_attn.k_proj"": 273.0, ""self_attn.o_proj"": 1351.0, ""self_attn.q_proj"": 525.0, ""self_attn.v_proj"": 588.0}","{""mlp.down_proj"": 0.0, ""mlp.gate_proj"": -5.0, ""mlp.up_proj"": -2.0, ""self_attn.k_proj"": 0.0, ""self_attn.o_proj"": 4.0, ""self_attn.q_proj"": 1.0, ""self_attn.v_proj"": -1.0}","{""mlp.down_proj"": 0.0, ""mlp.gate_proj"": 0.0032722513089005235, ""mlp.up_proj"": 0.0010346611484738748, ""self_attn.k_proj"": 0.0, ""self_attn.o_proj"": -0.002969561989606533, ""self_attn.q_proj"": -0.0019083969465648854, ""self_attn.v_proj"": 0.001697792869269949}",0.0004460648973400017,-0.3714285714285715,309.8285714285714,False,True
qwen,opd,10,E_if,E_ifeval,0.025,18,5,equal5_non_qk,True,"mlp.down_proj,mlp.gate_proj,mlp.up_proj,self_attn.o_proj,self_attn.v_proj","self_attn.q_proj,self_attn.k_proj",1108.8,1109.6,1108.8,-0.8,0.0010051852111602963,0.0007209805335255539,"{""mlp.down_proj"": 1649.0, ""mlp.gate_proj"": 1005.0, ""mlp.up_proj"": 1521.0, ""self_attn.o_proj"": 969.0, ""self_attn.v_proj"": 404.0}","{""mlp.down_proj"": 1650.0, ""mlp.gate_proj"": 999.0, ""mlp.up_proj"": 1519.0, ""self_attn.o_proj"": 973.0, ""self_attn.v_proj"": 403.0}","{""mlp.down_proj"": 1.0, ""mlp.gate_proj"": -6.0, ""mlp.up_proj"": -2.0, ""self_attn.o_proj"": 4.0, ""self_attn.v_proj"": -1.0}","{""mlp.down_proj"": -0.0006064281382656155, ""mlp.gate_proj"": 0.005970149253731343, ""mlp.up_proj"": 0.0013149243918474688, ""self_attn.o_proj"": -0.0041279669762641896, ""self_attn.v_proj"": 0.0024752475247524753}",0.004396726128868588,-0.0033915409177082915,7,equal7,True,"mlp.down_proj,mlp.gate_proj,mlp.up_proj,self_attn.k_proj,self_attn.o_proj,self_attn.q_proj,self_attn.v_proj",,839.5714285714286,840.0,839.5714285714286,-0.42857142857142855,3.4462437226595874e-05,0.0005102040816326724,"{""mlp.down_proj"": 1649.0, ""mlp.gate_proj"": 1005.0, ""mlp.up_proj"": 1521.0, ""self_attn.k_proj"": 123.0, ""self_attn.o_proj"": 969.0, ""self_attn.q_proj"": 209.0, ""self_attn.v_proj"": 404.0}","{""mlp.down_proj"": 1650.0, ""mlp.gate_proj"": 999.0, ""mlp.up_proj"": 1519.0, ""self_attn.k_proj"": 123.0, ""self_attn.o_proj"": 973.0, ""self_attn.q_proj"": 210.0, ""self_attn.v_proj"": 403.0}","{""mlp.down_proj"": 1.0, ""mlp.gate_proj"": -6.0, ""mlp.up_proj"": -2.0, ""self_attn.k_proj"": 0.0, ""self_attn.o_proj"": 4.0, ""self_attn.q_proj"": 1.0, ""self_attn.v_proj"": -1.0}","{""mlp.down_proj"": -0.0006064281382656155, ""mlp.gate_proj"": 0.005970149253731343, ""mlp.up_proj"": 0.0013149243918474688, ""self_attn.k_proj"": 0.0, ""self_attn.o_proj"": -0.0041279669762641896, ""self_attn.q_proj"": -0.004784688995215311, ""self_attn.v_proj"": 0.0024752475247524753}",0.0009707227739337005,-0.3714285714285715,269.2285714285714,False,True
qwen,opd,10,E_if,E_ifeval,0.05,18,5,equal5_non_qk,True,"mlp.down_proj,mlp.gate_proj,mlp.up_proj,self_attn.o_proj,self_attn.v_proj","self_attn.q_proj,self_attn.k_proj",781.4,782.0,781.4,-0.6,0.001062257037327232,0.0007672634271100035,"{""mlp.down_proj"": 1274.0, ""mlp.gate_proj"": 584.0, ""mlp.up_proj"": 1127.0, ""self_attn.o_proj"": 672.0, ""self_attn.v_proj"": 253.0}","{""mlp.down_proj"": 1275.0, ""mlp.gate_proj"": 578.0, ""mlp.up_proj"": 1125.0, ""self_attn.o_proj"": 676.0, ""self_attn.v_proj"": 253.0}","{""mlp.down_proj"": 1.0, ""mlp.gate_proj"": -6.0, ""mlp.up_proj"": -2.0, ""self_attn.o_proj"": 4.0, ""self_attn.v_proj"": 0.0}","{""mlp.down_proj"": -0.0007849293563579278, ""mlp.gate_proj"": 0.010273972602739725, ""mlp.up_proj"": 0.001774622892635315, ""self_attn.o_proj"": -0.005952380952380952, ""self_attn.v_proj"": 0.0}",0.006451834697199135,-0.005389577659871903,7,equal7,True,"mlp.down_proj,mlp.gate_proj,mlp.up_proj,self_attn.k_proj,self_attn.o_proj,self_attn.q_proj,self_attn.v_proj",,575.2857142857143,575.7142857142857,575.2857142857143,-0.42857142857142855,0.0007587550266623086,0.0007444168734489623,"{""mlp.down_proj"": 1274.0, ""mlp.gate_proj"": 584.0, ""mlp.up_proj"": 1127.0, ""self_attn.k_proj"": 50.0, ""self_attn.o_proj"": 672.0, ""self_attn.q_proj"": 70.0, ""self_attn.v_proj"": 253.0}","{""mlp.down_proj"": 1275.0, ""mlp.gate_proj"": 578.0, ""mlp.up_proj"": 1125.0, ""self_attn.k_proj"": 50.0, ""self_attn.o_proj"": 676.0, ""self_attn.q_proj"": 70.0, ""self_attn.v_proj"": 253.0}","{""mlp.down_proj"": 1.0, ""mlp.gate_proj"": -6.0, ""mlp.up_proj"": -2.0, ""self_attn.k_proj"": 0.0, ""self_attn.o_proj"": 4.0, ""self_attn.q_proj"": 0.0, ""self_attn.v_proj"": 0.0}","{""mlp.down_proj"": -0.0007849293563579278, ""mlp.gate_proj"": 0.010273972602739725, ""mlp.up_proj"": 0.001774622892635315, ""self_attn.k_proj"": 0.0, ""self_attn.o_proj"": -0.005952380952380952, ""self_attn.q_proj"": 0.0, ""self_attn.v_proj"": 0.0}",0.00030350201066492346,-0.17142857142857143,206.11428571428564,False,True
qwen,opd,10,E_if,E_ifeval,0.1,18,5,equal5_non_qk,True,"mlp.down_proj,mlp.gate_proj,mlp.up_proj,self_attn.o_proj,self_attn.v_proj","self_attn.q_proj,self_attn.k_proj",452.8,453.0,452.8,-0.2,0.0017787490129915783,0.0004415011037527343,"{""mlp.down_proj"": 839.0, ""mlp.gate_proj"": 228.0, ""mlp.up_proj"": 695.0, ""self_attn.o_proj"": 387.0, ""self_attn.v_proj"": 116.0}","{""mlp.down_proj"": 840.0, ""mlp.gate_proj"": 224.0, ""mlp.up_proj"": 693.0, ""self_attn.o_proj"": 391.0, ""self_attn.v_proj"": 116.0}","{""mlp.down_proj"": 1.0, ""mlp.gate_proj"": -4.0, ""mlp.up_proj"": -2.0, ""self_attn.o_proj"": 4.0, ""self_attn.v_proj"": 0.0}","{""mlp.down_proj"": -0.0011918951132300357, ""mlp.gate_proj"": 0.017543859649122806, ""mlp.up_proj"": 0.0028776978417266188, ""self_attn.o_proj"": -0.0103359173126615, ""self_attn.v_proj"": 0.0}",0.010271697225250558,-0.00849294821225898,7,equal7,True,"mlp.down_proj,mlp.gate_proj,mlp.up_proj,self_attn.k_proj,self_attn.o_proj,self_attn.q_proj,self_attn.v_proj",,327.2857142857143,327.42857142857144,327.2857142857143,-0.14285714285714285,0.0012705350092796987,0.0004363001745201442,"{""mlp.down_proj"": 839.0, ""mlp.gate_proj"": 228.0, ""mlp.up_proj"": 695.0, ""self_attn.k_proj"": 16.0, ""self_attn.o_proj"": 387.0, ""self_attn.q_proj"": 11.0, ""self_attn.v_proj"": 116.0}","{""mlp.down_proj"": 840.0, ""mlp.gate_proj"": 224.0, ""mlp.up_proj"": 693.0, ""self_attn.k_proj"": 16.0, ""self_attn.o_proj"": 391.0, ""self_attn.q_proj"": 11.0, ""self_attn.v_proj"": 116.0}","{""mlp.down_proj"": 1.0, ""mlp.gate_proj"": -4.0, ""mlp.up_proj"": -2.0, ""self_attn.k_proj"": 0.0, ""self_attn.o_proj"": 4.0, ""self_attn.q_proj"": 0.0, ""self_attn.v_proj"": 0.0}","{""mlp.down_proj"": -0.0011918951132300357, ""mlp.gate_proj"": 0.017543859649122806, ""mlp.up_proj"": 0.0028776978417266188, ""self_attn.k_proj"": 0.0, ""self_attn.o_proj"": -0.0103359173126615, ""self_attn.q_proj"": 0.0, ""self_attn.v_proj"": 0.0}",0.0005082140037118796,-0.05714285714285716,125.51428571428573,False,True
qwen,opd,10,E_math,E_mathHeld,0.01,18,5,equal5_non_qk,True,"mlp.down_proj,mlp.gate_proj,mlp.up_proj,self_attn.o_proj,self_attn.v_proj","self_attn.q_proj,self_attn.k_proj",1647.8,1649.6,1647.8,-1.8,0.0011066601873755012,0.0010911736178467232,"{""mlp.down_proj"": 2176.0, ""mlp.gate_proj"": 1819.0, ""mlp.up_proj"": 2046.0, ""self_attn.o_proj"": 1520.0, ""self_attn.v_proj"": 687.0}","{""mlp.down_proj"": 2175.0, ""mlp.gate_proj"": 1813.0, ""mlp.up_proj"": 2044.0, ""self_attn.o_proj"": 1521.0, ""self_attn.v_proj"": 686.0}","{""mlp.down_proj"": -1.0, ""mlp.gate_proj"": -6.0, ""mlp.up_proj"": -2.0, ""self_attn.o_proj"": 1.0, ""self_attn.v_proj"": -1.0}","{""mlp.down_proj"": 0.00045955882352941176, ""mlp.gate_proj"": 0.003298515667949423, ""mlp.up_proj"": 0.0009775171065493646, ""self_attn.o_proj"": -0.0006578947368421052, ""self_attn.v_proj"": 0.001455604075691412}",0.0026348982619406078,-0.0015282380745651066,7,equal7,True,"mlp.down_proj,mlp.gate_proj,mlp.up_proj,self_attn.k_proj,self_attn.o_proj,self_attn.q_proj,self_attn.v_proj",,1336.5714285714287,1339.0,1336.5714285714287,-2.4285714285714284,0.002702422651169605,0.0018137202603221293,"{""mlp.down_proj"": 2176.0, ""mlp.gate_proj"": 1819.0, ""mlp.up_proj"": 2046.0, ""self_attn.k_proj"": 363.0, ""self_attn.o_proj"": 1520.0, ""self_attn.q_proj"": 762.0, ""self_attn.v_proj"": 687.0}","{""mlp.down_proj"": 2175.0, ""mlp.gate_proj"": 1813.0, ""mlp.up_proj"": 2044.0, ""self_attn.k_proj"": 361.0, ""self_attn.o_proj"": 1521.0, ""self_attn.q_proj"": 756.0, ""self_attn.v_proj"": 686.0}","{""mlp.down_proj"": -1.0, ""mlp.gate_proj"": -6.0, ""mlp.up_proj"": -2.0, ""self_attn.k_proj"": -2.0, ""self_attn.o_proj"": 1.0, ""self_attn.q_proj"": -6.0, ""self_attn.v_proj"": -1.0}","{""mlp.down_proj"": 0.00045955882352941176, ""mlp.gate_proj"": 0.003298515667949423, ""mlp.up_proj"": 0.0009775171065493646, ""self_attn.k_proj"": 0.005509641873278237, ""self_attn.o_proj"": -0.0006578947368421052, ""self_attn.q_proj"": 0.007874015748031496, ""self_attn.v_proj"": 0.001455604075691412}",-0.001595762463794104,0.6285714285714283,311.2285714285713,False,True
qwen,opd,10,E_math,E_mathHeld,0.025,18,5,equal5_non_qk,True,"mlp.down_proj,mlp.gate_proj,mlp.up_proj,self_attn.o_proj,self_attn.v_proj","self_attn.q_proj,self_attn.k_proj",1319.6,1322.2,1319.6,-2.6,0.0021618804859627506,0.0019664196036909215,"{""mlp.down_proj"": 1875.0, ""mlp.gate_proj"": 1369.0, ""mlp.up_proj"": 1691.0, ""self_attn.o_proj"": 1157.0, ""self_attn.v_proj"": 519.0}","{""mlp.down_proj"": 1873.0, ""mlp.gate_proj"": 1361.0, ""mlp.up_proj"": 1688.0, ""self_attn.o_proj"": 1159.0, ""self_attn.v_proj"": 517.0}","{""mlp.down_proj"": -2.0, ""mlp.gate_proj"": -8.0, ""mlp.up_proj"": -3.0, ""self_attn.o_proj"": 2.0, ""self_attn.v_proj"": -2.0}","{""mlp.down_proj"": 0.0010666666666666667, ""mlp.gate_proj"": 0.005843681519357195, ""mlp.up_proj"": 0.0017740981667652277, ""self_attn.o_proj"": -0.001728608470181504, ""self_attn.v_proj"": 0.0038535645472061657}",0.004396726128868588,-0.002234845642905837,7,equal7,True,"mlp.down_proj,mlp.gate_proj,mlp.up_proj,self_attn.k_proj,self_attn.o_proj,self_attn.q_proj,self_attn.v_proj",,1022.7142857142857,1025.5714285714287,1022.7142857142857,-2.857142857142857,0.004940575021289642,0.0027859033291546204,"{""mlp.down_proj"": 1875.0, ""mlp.gate_proj"": 1369.0, ""mlp.up_proj"": 1691.0, ""self_attn.k_proj"": 189.0, ""self_attn.o_proj"": 1157.0, ""self_attn.q_proj"": 379.0, ""self_attn.v_proj"": 519.0}","{""mlp.down_proj"": 1873.0, ""mlp.gate_proj"": 1361.0, ""mlp.up_proj"": 1688.0, ""self_attn.k_proj"": 187.0, ""self_attn.o_proj"": 1159.0, ""self_attn.q_proj"": 374.0, ""self_attn.v_proj"": 517.0}","{""mlp.down_proj"": -2.0, ""mlp.gate_proj"": -8.0, ""mlp.up_proj"": -3.0, ""self_attn.k_proj"": -2.0, ""self_attn.o_proj"": 2.0, ""self_attn.q_proj"": -5.0, ""self_attn.v_proj"": -2.0}","{""mlp.down_proj"": 0.0010666666666666667, ""mlp.gate_proj"": 0.005843681519357195, ""mlp.up_proj"": 0.0017740981667652277, ""self_attn.k_proj"": 0.010582010582010581, ""self_attn.o_proj"": -0.001728608470181504, ""self_attn.q_proj"": 0.013192612137203167, ""self_attn.v_proj"": 0.0038535645472061657}",-0.0027786945353268913,0.2571428571428571,296.88571428571424,False,True
qwen,opd,10,E_math,E_mathHeld,0.05,18,5,equal5_non_qk,True,"mlp.down_proj,mlp.gate_proj,mlp.up_proj,self_attn.o_proj,self_attn.v_proj","self_attn.q_proj,self_attn.k_proj",1011.2,1014.2,1011.2,-3.0,0.0037431619922825357,0.0029579964504042595,"{""mlp.down_proj"": 1552.0, ""mlp.gate_proj"": 956.0, ""mlp.up_proj"": 1332.0, ""self_attn.o_proj"": 860.0, ""self_attn.v_proj"": 371.0}","{""mlp.down_proj"": 1550.0, ""mlp.gate_proj"": 947.0, ""mlp.up_proj"": 1329.0, ""self_attn.o_proj"": 862.0, ""self_attn.v_proj"": 368.0}","{""mlp.down_proj"": -2.0, ""mlp.gate_proj"": -9.0, ""mlp.up_proj"": -3.0, ""self_attn.o_proj"": 2.0, ""self_attn.v_proj"": -3.0}","{""mlp.down_proj"": 0.001288659793814433, ""mlp.gate_proj"": 0.009414225941422594, ""mlp.up_proj"": 0.0022522522522522522, ""self_attn.o_proj"": -0.002325581395348837, ""self_attn.v_proj"": 0.008086253369272238}",0.006451834697199135,-0.0027086727049165996,7,equal7,True,"mlp.down_proj,mlp.gate_proj,mlp.up_proj,self_attn.k_proj,self_attn.o_proj,self_attn.q_proj,self_attn.v_proj",,755.4285714285714,758.1428571428571,755.4285714285714,-2.7142857142857144,0.00719877877045024,0.003580177124552414,"{""mlp.down_proj"": 1552.0, ""mlp.gate_proj"": 956.0, ""mlp.up_proj"": 1332.0, ""self_attn.k_proj"": 82.0, ""self_attn.o_proj"": 860.0, ""self_attn.q_proj"": 154.0, ""self_attn.v_proj"": 371.0}","{""mlp.down_proj"": 1550.0, ""mlp.gate_proj"": 947.0, ""mlp.up_proj"": 1329.0, ""self_attn.k_proj"": 81.0, ""self_attn.o_proj"": 862.0, ""self_attn.q_proj"": 151.0, ""self_attn.v_proj"": 368.0}","{""mlp.down_proj"": -2.0, ""mlp.gate_proj"": -9.0, ""mlp.up_proj"": -3.0, ""self_attn.k_proj"": -1.0, ""self_attn.o_proj"": 2.0, ""self_attn.q_proj"": -3.0, ""self_attn.v_proj"": -3.0}","{""mlp.down_proj"": 0.001288659793814433, ""mlp.gate_proj"": 0.009414225941422594, ""mlp.up_proj"": 0.0022522522522522522, ""self_attn.k_proj"": 0.012195121951219513, ""self_attn.o_proj"": -0.002325581395348837, ""self_attn.q_proj"": 0.01948051948051948, ""self_attn.v_proj"": 0.008086253369272238}",-0.0034556167781677046,-0.2857142857142856,255.7714285714286,False,True
qwen,opd,10,E_math,E_mathHeld,0.1,18,5,equal5_non_qk,True,"mlp.down_proj,mlp.gate_proj,mlp.up_proj,self_attn.o_proj,self_attn.v_proj","self_attn.q_proj,self_attn.k_proj",670.4,673.2,670.4,-2.8,0.005388382077460844,0.004159239453357201,"{""mlp.down_proj"": 1147.0, ""mlp.gate_proj"": 529.0, ""mlp.up_proj"": 913.0, ""self_attn.o_proj"": 561.0, ""self_attn.v_proj"": 216.0}","{""mlp.down_proj"": 1145.0, ""mlp.gate_proj"": 521.0, ""mlp.up_proj"": 909.0, ""self_attn.o_proj"": 563.0, ""self_attn.v_proj"": 214.0}","{""mlp.down_proj"": -2.0, ""mlp.gate_proj"": -8.0, ""mlp.up_proj"": -4.0, ""self_attn.o_proj"": 2.0, ""self_attn.v_proj"": -2.0}","{""mlp.down_proj"": 0.0017436791630340018, ""mlp.gate_proj"": 0.015122873345935728, ""mlp.up_proj"": 0.004381161007667032, ""self_attn.o_proj"": -0.0035650623885918, ""self_attn.v_proj"": 0.009259259259259259}",0.010271697225250558,-0.004883315147789714,7,equal7,True,"mlp.down_proj,mlp.gate_proj,mlp.up_proj,self_attn.k_proj,self_attn.o_proj,self_attn.q_proj,self_attn.v_proj",,486.42857142857144,488.7142857142857,486.42857142857144,-2.2857142857142856,0.014409520224299987,0.004676995030692763,"{""mlp.down_proj"": 1147.0, ""mlp.gate_proj"": 529.0, ""mlp.up_proj"": 913.0, ""self_attn.k_proj"": 24.0, ""self_attn.o_proj"": 561.0, ""self_attn.q_proj"": 31.0, ""self_attn.v_proj"": 216.0}","{""mlp.down_proj"": 1145.0, ""mlp.gate_proj"": 521.0, ""mlp.up_proj"": 909.0, ""self_attn.k_proj"": 23.0, ""self_attn.o_proj"": 563.0, ""self_attn.q_proj"": 30.0, ""self_attn.v_proj"": 214.0}","{""mlp.down_proj"": -2.0, ""mlp.gate_proj"": -8.0, ""mlp.up_proj"": -4.0, ""self_attn.k_proj"": -1.0, ""self_attn.o_proj"": 2.0, ""self_attn.q_proj"": -1.0, ""self_attn.v_proj"": -2.0}","{""mlp.down_proj"": 0.0017436791630340018, ""mlp.gate_proj"": 0.015122873345935728, ""mlp.up_proj"": 0.004381161007667032, ""self_attn.k_proj"": 0.041666666666666664, ""self_attn.o_proj"": -0.0035650623885918, ""self_attn.q_proj"": 0.03225806451612903, ""self_attn.v_proj"": 0.009259259259259259}",-0.009021138146839143,-0.5142857142857142,183.97142857142853,False,True
qwen,opd,10,E_ood,E_mmluPro,0.01,18,5,equal5_non_qk,True,"mlp.down_proj,mlp.gate_proj,mlp.up_proj,self_attn.o_proj,self_attn.v_proj","self_attn.q_proj,self_attn.k_proj",1607.6,1610.4,1607.6,-2.8,0.0017687745233556612,0.0017386984600100482,"{""mlp.down_proj"": 2156.0, ""mlp.gate_proj"": 1667.0, ""mlp.up_proj"": 2029.0, ""self_attn.o_proj"": 1471.0, ""self_attn.v_proj"": 729.0}","{""mlp.down_proj"": 2154.0, ""mlp.gate_proj"": 1660.0, ""mlp.up_proj"": 2027.0, ""self_attn.o_proj"": 1469.0, ""self_attn.v_proj"": 728.0}","{""mlp.down_proj"": -2.0, ""mlp.gate_proj"": -7.0, ""mlp.up_proj"": -2.0, ""self_attn.o_proj"": -2.0, ""self_attn.v_proj"": -1.0}","{""mlp.down_proj"": 0.0009276437847866419, ""mlp.gate_proj"": 0.004199160167966407, ""mlp.up_proj"": 0.0009857072449482504, ""self_attn.o_proj"": 0.0013596193065941536, ""self_attn.v_proj"": 0.0013717421124828531}",0.0026348982619406078,-0.0008661237385849466,7,equal7,True,"mlp.down_proj,mlp.gate_proj,mlp.up_proj,self_attn.k_proj,self_attn.o_proj,self_attn.q_proj,self_attn.v_proj",,1303.0,1305.5714285714287,1303.0,-2.5714285714285716,0.0022444281213755217,0.0019695809169494125,"{""mlp.down_proj"": 2156.0, ""mlp.gate_proj"": 1667.0, ""mlp.up_proj"": 2029.0, ""self_attn.k_proj"": 402.0, ""self_attn.o_proj"": 1471.0, ""self_attn.q_proj"": 685.0, ""self_attn.v_proj"": 729.0}","{""mlp.down_proj"": 2154.0, ""mlp.gate_proj"": 1660.0, ""mlp.up_proj"": 2027.0, ""self_attn.k_proj"": 401.0, ""self_attn.o_proj"": 1469.0, ""self_attn.q_proj"": 682.0, ""self_attn.v_proj"": 728.0}","{""mlp.down_proj"": -2.0, ""mlp.gate_proj"": -7.0, ""mlp.up_proj"": -2.0, ""self_attn.k_proj"": -1.0, ""self_attn.o_proj"": -2.0, ""self_attn.q_proj"": -3.0, ""self_attn.v_proj"": -1.0}","{""mlp.down_proj"": 0.0009276437847866419, ""mlp.gate_proj"": 0.004199160167966407, ""mlp.up_proj"": 0.0009857072449482504, ""self_attn.k_proj"": 0.0024875621890547263, ""self_attn.o_proj"": 0.0013596193065941536, ""self_attn.q_proj"": 0.004379562043795621, ""self_attn.v_proj"": 0.0013717421124828531}",-0.00047565359801986055,-0.2285714285714282,304.5999999999999,False,True
qwen,opd,10,E_ood,E_mmluPro,0.025,18,5,equal5_non_qk,True,"mlp.down_proj,mlp.gate_proj,mlp.up_proj,self_attn.o_proj,self_attn.v_proj","self_attn.q_proj,self_attn.k_proj",1264.8,1268.4,1264.8,-3.6,0.0030517211165492627,0.0028382213812678464,"{""mlp.down_proj"": 1847.0, ""mlp.gate_proj"": 1163.0, ""mlp.up_proj"": 1655.0, ""self_attn.o_proj"": 1105.0, ""self_attn.v_proj"": 572.0}","{""mlp.down_proj"": 1843.0, ""mlp.gate_proj"": 1155.0, ""mlp.up_proj"": 1652.0, ""self_attn.o_proj"": 1104.0, ""self_attn.v_proj"": 570.0}","{""mlp.down_proj"": -4.0, ""mlp.gate_proj"": -8.0, ""mlp.up_proj"": -3.0, ""self_attn.o_proj"": -1.0, ""self_attn.v_proj"": -2.0}","{""mlp.down_proj"": 0.002165674066053059, ""mlp.gate_proj"": 0.006878761822871883, ""mlp.up_proj"": 0.0018126888217522659, ""self_attn.o_proj"": 0.0009049773755656109, ""self_attn.v_proj"": 0.0034965034965034965}",0.004396726128868588,-0.001345005012319325,7,equal7,True,"mlp.down_proj,mlp.gate_proj,mlp.up_proj,self_attn.k_proj,self_attn.o_proj,self_attn.q_proj,self_attn.v_proj",,981.2857142857143,984.2857142857143,981.2857142857143,-3.0,0.003699391406543352,0.0030478955007256893,"{""mlp.down_proj"": 1847.0, ""mlp.gate_proj"": 1163.0, ""mlp.up_proj"": 1655.0, ""self_attn.k_proj"": 230.0, ""self_attn.o_proj"": 1105.0, ""self_attn.q_proj"": 318.0, ""self_attn.v_proj"": 572.0}","{""mlp.down_proj"": 1843.0, ""mlp.gate_proj"": 1155.0, ""mlp.up_proj"": 1652.0, ""self_attn.k_proj"": 229.0, ""self_attn.o_proj"": 1104.0, ""self_attn.q_proj"": 316.0, ""self_attn.v_proj"": 570.0}","{""mlp.down_proj"": -4.0, ""mlp.gate_proj"": -8.0, ""mlp.up_proj"": -3.0, ""self_attn.k_proj"": -1.0, ""self_attn.o_proj"": -1.0, ""self_attn.q_proj"": -2.0, ""self_attn.v_proj"": -2.0}","{""mlp.down_proj"": 0.002165674066053059, ""mlp.gate_proj"": 0.006878761822871883, ""mlp.up_proj"": 0.0018126888217522659, ""self_attn.k_proj"": 0.004347826086956522, ""self_attn.o_proj"": 0.0009049773755656109, ""self_attn.q_proj"": 0.006289308176100629, ""self_attn.v_proj"": 0.0034965034965034965}",-0.0006476702899940894,-0.6000000000000001,283.5142857142856,False,True
qwen,opd,10,E_ood,E_mmluPro,0.05,18,5,equal5_non_qk,True,"mlp.down_proj,mlp.gate_proj,mlp.up_proj,self_attn.o_proj,self_attn.v_proj","self_attn.q_proj,self_attn.k_proj",950.6,954.4,950.6,-3.8,0.004514944693662959,0.003981559094719147,"{""mlp.down_proj"": 1519.0, ""mlp.gate_proj"": 731.0, ""mlp.up_proj"": 1281.0, ""self_attn.o_proj"": 810.0, ""self_attn.v_proj"": 431.0}","{""mlp.down_proj"": 1515.0, ""mlp.gate_proj"": 723.0, ""mlp.up_proj"": 1277.0, ""self_attn.o_proj"": 809.0, ""self_attn.v_proj"": 429.0}","{""mlp.down_proj"": -4.0, ""mlp.gate_proj"": -8.0, ""mlp.up_proj"": -4.0, ""self_attn.o_proj"": -1.0, ""self_attn.v_proj"": -2.0}","{""mlp.down_proj"": 0.0026333113890717576, ""mlp.gate_proj"": 0.01094391244870041, ""mlp.up_proj"": 0.00312256049960968, ""self_attn.o_proj"": 0.0012345679012345679, ""self_attn.v_proj"": 0.004640371229698376}",0.006451834697199135,-0.0019368900035361767,7,equal7,True,"mlp.down_proj,mlp.gate_proj,mlp.up_proj,self_attn.k_proj,self_attn.o_proj,self_attn.q_proj,self_attn.v_proj",,712.5714285714286,715.5714285714286,712.5714285714286,-3.0,0.00563712513334351,0.004192453583549611,"{""mlp.down_proj"": 1519.0, ""mlp.gate_proj"": 731.0, ""mlp.up_proj"": 1281.0, ""self_attn.k_proj"": 116.0, ""self_attn.o_proj"": 810.0, ""self_attn.q_proj"": 121.0, ""self_attn.v_proj"": 431.0}","{""mlp.down_proj"": 1515.0, ""mlp.gate_proj"": 723.0, ""mlp.up_proj"": 1277.0, ""self_attn.k_proj"": 115.0, ""self_attn.o_proj"": 809.0, ""self_attn.q_proj"": 120.0, ""self_attn.v_proj"": 429.0}","{""mlp.down_proj"": -4.0, ""mlp.gate_proj"": -8.0, ""mlp.up_proj"": -4.0, ""self_attn.k_proj"": -1.0, ""self_attn.o_proj"": -1.0, ""self_attn.q_proj"": -1.0, ""self_attn.v_proj"": -2.0}","{""mlp.down_proj"": 0.0026333113890717576, ""mlp.gate_proj"": 0.01094391244870041, ""mlp.up_proj"": 0.00312256049960968, ""self_attn.k_proj"": 0.008620689655172414, ""self_attn.o_proj"": 0.0012345679012345679, ""self_attn.q_proj"": 0.008264462809917356, ""self_attn.v_proj"": 0.004640371229698376}",-0.001122180439680551,-0.7999999999999998,238.02857142857147,False,True
qwen,opd,10,E_ood,E_mmluPro,0.1,18,5,equal5_non_qk,True,"mlp.down_proj,mlp.gate_proj,mlp.up_proj,self_attn.o_proj,self_attn.v_proj","self_attn.q_proj,self_attn.k_proj",613.8,617.4,613.8,-3.6,0.007540083788872614,0.005830903790087501,"{""mlp.down_proj"": 1114.0, ""mlp.gate_proj"": 327.0, ""mlp.up_proj"": 850.0, ""self_attn.o_proj"": 518.0, ""self_attn.v_proj"": 278.0}","{""mlp.down_proj"": 1110.0, ""mlp.gate_proj"": 321.0, ""mlp.up_proj"": 846.0, ""self_attn.o_proj"": 516.0, ""self_attn.v_proj"": 276.0}","{""mlp.down_proj"": -4.0, ""mlp.gate_proj"": -6.0, ""mlp.up_proj"": -4.0, ""self_attn.o_proj"": -2.0, ""self_attn.v_proj"": -2.0}","{""mlp.down_proj"": 0.003590664272890485, ""mlp.gate_proj"": 0.01834862385321101, ""mlp.up_proj"": 0.004705882352941176, ""self_attn.o_proj"": 0.003861003861003861, ""self_attn.v_proj"": 0.007194244604316547}",0.010271697225250558,-0.0027316134363779433,7,equal7,True,"mlp.down_proj,mlp.gate_proj,mlp.up_proj,self_attn.k_proj,self_attn.o_proj,self_attn.q_proj,self_attn.v_proj",,447.85714285714283,450.42857142857144,447.85714285714283,-2.5714285714285716,0.0053857741349090105,0.005708848715509129,"{""mlp.down_proj"": 1114.0, ""mlp.gate_proj"": 327.0, ""mlp.up_proj"": 850.0, ""self_attn.k_proj"": 40.0, ""self_attn.o_proj"": 518.0, ""self_attn.q_proj"": 26.0, ""self_attn.v_proj"": 278.0}","{""mlp.down_proj"": 1110.0, ""mlp.gate_proj"": 321.0, ""mlp.up_proj"": 846.0, ""self_attn.k_proj"": 40.0, ""self_attn.o_proj"": 516.0, ""self_attn.q_proj"": 26.0, ""self_attn.v_proj"": 276.0}","{""mlp.down_proj"": -4.0, ""mlp.gate_proj"": -6.0, ""mlp.up_proj"": -4.0, ""self_attn.k_proj"": 0.0, ""self_attn.o_proj"": -2.0, ""self_attn.q_proj"": 0.0, ""self_attn.v_proj"": -2.0}","{""mlp.down_proj"": 0.003590664272890485, ""mlp.gate_proj"": 0.01834862385321101, ""mlp.up_proj"": 0.004705882352941176, ""self_attn.k_proj"": 0.0, ""self_attn.o_proj"": 0.003861003861003861, ""self_attn.q_proj"": 0.0, ""self_attn.v_proj"": 0.007194244604316547}",0.002154309653963604,-1.0285714285714285,165.94285714285712,False,True
qwen,opd,20,E_general,E_general,0.01,18,5,equal5_non_qk,True,"mlp.down_proj,mlp.gate_proj,mlp.up_proj,self_attn.o_proj,self_attn.v_proj","self_attn.q_proj,self_attn.k_proj",1627.0,1634.4,1627.0,-7.4,0.00489667660914775,0.004527655408712733,"{""mlp.down_proj"": 2190.0, ""mlp.gate_proj"": 1641.0, ""mlp.up_proj"": 2064.0, ""self_attn.o_proj"": 1546.0, ""self_attn.v_proj"": 731.0}","{""mlp.down_proj"": 2186.0, ""mlp.gate_proj"": 1625.0, ""mlp.up_proj"": 2058.0, ""self_attn.o_proj"": 1539.0, ""self_attn.v_proj"": 727.0}","{""mlp.down_proj"": -4.0, ""mlp.gate_proj"": -16.0, ""mlp.up_proj"": -6.0, ""self_attn.o_proj"": -7.0, ""self_attn.v_proj"": -4.0}","{""mlp.down_proj"": 0.0018264840182648401, ""mlp.gate_proj"": 0.009750152346130409, ""mlp.up_proj"": 0.0029069767441860465, ""self_attn.o_proj"": 0.004527813712807244, ""self_attn.v_proj"": 0.005471956224350205}",0.00489667660914775,0.0,7,equal7,True,"mlp.down_proj,mlp.gate_proj,mlp.up_proj,self_attn.k_proj,self_attn.o_proj,self_attn.q_proj,self_attn.v_proj",,1320.5714285714287,1328.4285714285713,1320.5714285714287,-7.857142857142857,0.0076772292148265,0.00591461447467455,"{""mlp.down_proj"": 2190.0, ""mlp.gate_proj"": 1641.0, ""mlp.up_proj"": 2064.0, ""self_attn.k_proj"": 400.0, ""self_attn.o_proj"": 1546.0, ""self_attn.q_proj"": 727.0, ""self_attn.v_proj"": 731.0}","{""mlp.down_proj"": 2186.0, ""mlp.gate_proj"": 1625.0, ""mlp.up_proj"": 2058.0, ""self_attn.k_proj"": 396.0, ""self_attn.o_proj"": 1539.0, ""self_attn.q_proj"": 713.0, ""self_attn.v_proj"": 727.0}","{""mlp.down_proj"": -4.0, ""mlp.gate_proj"": -16.0, ""mlp.up_proj"": -6.0, ""self_attn.k_proj"": -4.0, ""self_attn.o_proj"": -7.0, ""self_attn.q_proj"": -14.0, ""self_attn.v_proj"": -4.0}","{""mlp.down_proj"": 0.0018264840182648401, ""mlp.gate_proj"": 0.009750152346130409, ""mlp.up_proj"": 0.0029069767441860465, ""self_attn.k_proj"": 0.01, ""self_attn.o_proj"": 0.004527813712807244, ""self_attn.q_proj"": 0.01925722145804677, ""self_attn.v_proj"": 0.005471956224350205}",-0.0027805526056787506,0.4571428571428564,306.42857142857133,False,True
qwen,opd,20,E_general,E_general,0.025,18,5,equal5_non_qk,True,"mlp.down_proj,mlp.gate_proj,mlp.up_proj,self_attn.o_proj,self_attn.v_proj","self_attn.q_proj,self_attn.k_proj",1290.6,1299.6,1290.6,-9.0,0.007860982210192978,0.006925207756232688,"{""mlp.down_proj"": 1900.0, ""mlp.gate_proj"": 1133.0, ""mlp.up_proj"": 1706.0, ""self_attn.o_proj"": 1186.0, ""self_attn.v_proj"": 573.0}","{""mlp.down_proj"": 1895.0, ""mlp.gate_proj"": 1114.0, ""mlp.up_proj"": 1697.0, ""self_attn.o_proj"": 1179.0, ""self_attn.v_proj"": 568.0}","{""mlp.down_proj"": -5.0, ""mlp.gate_proj"": -19.0, ""mlp.up_proj"": -9.0, ""self_attn.o_proj"": -7.0, ""self_attn.v_proj"": -5.0}","{""mlp.down_proj"": 0.002631578947368421, ""mlp.gate_proj"": 0.01676963812886143, ""mlp.up_proj"": 0.005275498241500586, ""self_attn.o_proj"": 0.005902192242833052, ""self_attn.v_proj"": 0.008726003490401396}",0.007860982210192978,0.0,7,equal7,True,"mlp.down_proj,mlp.gate_proj,mlp.up_proj,self_attn.k_proj,self_attn.o_proj,self_attn.q_proj,self_attn.v_proj",,1003.0,1011.2857142857143,1003.0,-8.285714285714286,0.011538479664631908,0.008193247633846636,"{""mlp.down_proj"": 1900.0, ""mlp.gate_proj"": 1133.0, ""mlp.up_proj"": 1706.0, ""self_attn.k_proj"": 227.0, ""self_attn.o_proj"": 1186.0, ""self_attn.q_proj"": 354.0, ""self_attn.v_proj"": 573.0}","{""mlp.down_proj"": 1895.0, ""mlp.gate_proj"": 1114.0, ""mlp.up_proj"": 1697.0, ""self_attn.k_proj"": 224.0, ""self_attn.o_proj"": 1179.0, ""self_attn.q_proj"": 344.0, ""self_attn.v_proj"": 568.0}","{""mlp.down_proj"": -5.0, ""mlp.gate_proj"": -19.0, ""mlp.up_proj"": -9.0, ""self_attn.k_proj"": -3.0, ""self_attn.o_proj"": -7.0, ""self_attn.q_proj"": -10.0, ""self_attn.v_proj"": -5.0}","{""mlp.down_proj"": 0.002631578947368421, ""mlp.gate_proj"": 0.01676963812886143, ""mlp.up_proj"": 0.005275498241500586, ""self_attn.k_proj"": 0.013215859030837005, ""self_attn.o_proj"": 0.005902192242833052, ""self_attn.q_proj"": 0.02824858757062147, ""self_attn.v_proj"": 0.008726003490401396}",-0.0036774974544389293,-0.7142857142857135,287.5999999999999,False,True
qwen,opd,20,E_general,E_general,0.05,18,5,equal5_non_qk,True,"mlp.down_proj,mlp.gate_proj,mlp.up_proj,self_attn.o_proj,self_attn.v_proj","self_attn.q_proj,self_attn.k_proj",981.6,991.2,981.6,-9.6,0.011682645094907334,0.009685230024213098,"{""mlp.down_proj"": 1590.0, ""mlp.gate_proj"": 701.0, ""mlp.up_proj"": 1344.0, ""self_attn.o_proj"": 890.0, ""self_attn.v_proj"": 431.0}","{""mlp.down_proj"": 1583.0, ""mlp.gate_proj"": 682.0, ""mlp.up_proj"": 1334.0, ""self_attn.o_proj"": 883.0, ""self_attn.v_proj"": 426.0}","{""mlp.down_proj"": -7.0, ""mlp.gate_proj"": -19.0, ""mlp.up_proj"": -10.0, ""self_attn.o_proj"": -7.0, ""self_attn.v_proj"": -5.0}","{""mlp.down_proj"": 0.00440251572327044, ""mlp.gate_proj"": 0.02710413694721826, ""mlp.up_proj"": 0.00744047619047619, ""self_attn.o_proj"": 0.007865168539325843, ""self_attn.v_proj"": 0.01160092807424594}",0.011682645094907334,0.0,7,equal7,True,"mlp.down_proj,mlp.gate_proj,mlp.up_proj,self_attn.k_proj,self_attn.o_proj,self_attn.q_proj,self_attn.v_proj",,736.7142857142857,744.7142857142857,736.7142857142857,-8.0,0.01682557245506445,0.010742374832150394,"{""mlp.down_proj"": 1590.0, ""mlp.gate_proj"": 701.0, ""mlp.up_proj"": 1344.0, ""self_attn.k_proj"": 113.0, ""self_attn.o_proj"": 890.0, ""self_attn.q_proj"": 144.0, ""self_attn.v_proj"": 431.0}","{""mlp.down_proj"": 1583.0, ""mlp.gate_proj"": 682.0, ""mlp.up_proj"": 1334.0, ""self_attn.k_proj"": 111.0, ""self_attn.o_proj"": 883.0, ""self_attn.q_proj"": 138.0, ""self_attn.v_proj"": 426.0}","{""mlp.down_proj"": -7.0, ""mlp.gate_proj"": -19.0, ""mlp.up_proj"": -10.0, ""self_attn.k_proj"": -2.0, ""self_attn.o_proj"": -7.0, ""self_attn.q_proj"": -6.0, ""self_attn.v_proj"": -5.0}","{""mlp.down_proj"": 0.00440251572327044, ""mlp.gate_proj"": 0.02710413694721826, ""mlp.up_proj"": 0.00744047619047619, ""self_attn.k_proj"": 0.017699115044247787, ""self_attn.o_proj"": 0.007865168539325843, ""self_attn.q_proj"": 0.041666666666666664, ""self_attn.v_proj"": 0.01160092807424594}",-0.0051429273601571145,-1.5999999999999996,244.88571428571436,False,True
qwen,opd,20,E_general,E_general,0.1,18,5,equal5_non_qk,True,"mlp.down_proj,mlp.gate_proj,mlp.up_proj,self_attn.o_proj,self_attn.v_proj","self_attn.q_proj,self_attn.k_proj",649.2,657.2,649.2,-8.0,0.017437314818836803,0.012172854534388313,"{""mlp.down_proj"": 1200.0, ""mlp.gate_proj"": 300.0, ""mlp.up_proj"": 920.0, ""self_attn.o_proj"": 589.0, ""self_attn.v_proj"": 277.0}","{""mlp.down_proj"": 1193.0, ""mlp.gate_proj"": 287.0, ""mlp.up_proj"": 911.0, ""self_attn.o_proj"": 583.0, ""self_attn.v_proj"": 272.0}","{""mlp.down_proj"": -7.0, ""mlp.gate_proj"": -13.0, ""mlp.up_proj"": -9.0, ""self_attn.o_proj"": -6.0, ""self_attn.v_proj"": -5.0}","{""mlp.down_proj"": 0.005833333333333334, ""mlp.gate_proj"": 0.043333333333333335, ""mlp.up_proj"": 0.009782608695652175, ""self_attn.o_proj"": 0.010186757215619695, ""self_attn.v_proj"": 0.018050541516245487}",0.017437314818836803,0.0,7,equal7,True,"mlp.down_proj,mlp.gate_proj,mlp.up_proj,self_attn.k_proj,self_attn.o_proj,self_attn.q_proj,self_attn.v_proj",,473.57142857142856,479.7142857142857,473.57142857142856,-6.142857142857143,0.024776237191610036,0.012805241215008985,"{""mlp.down_proj"": 1200.0, ""mlp.gate_proj"": 300.0, ""mlp.up_proj"": 920.0, ""self_attn.k_proj"": 39.0, ""self_attn.o_proj"": 589.0, ""self_attn.q_proj"": 33.0, ""self_attn.v_proj"": 277.0}","{""mlp.down_proj"": 1193.0, ""mlp.gate_proj"": 287.0, ""mlp.up_proj"": 911.0, ""self_attn.k_proj"": 38.0, ""self_attn.o_proj"": 583.0, ""self_attn.q_proj"": 31.0, ""self_attn.v_proj"": 272.0}","{""mlp.down_proj"": -7.0, ""mlp.gate_proj"": -13.0, ""mlp.up_proj"": -9.0, ""self_attn.k_proj"": -1.0, ""self_attn.o_proj"": -6.0, ""self_attn.q_proj"": -2.0, ""self_attn.v_proj"": -5.0}","{""mlp.down_proj"": 0.005833333333333334, ""mlp.gate_proj"": 0.043333333333333335, ""mlp.up_proj"": 0.009782608695652175, ""self_attn.k_proj"": 0.02564102564102564, ""self_attn.o_proj"": 0.010186757215619695, ""self_attn.q_proj"": 0.06060606060606061, ""self_attn.v_proj"": 0.018050541516245487}",-0.007338922372773234,-1.8571428571428568,175.6285714285715,False,True
qwen,opd,20,E_if,E_ifeval,0.01,18,5,equal5_non_qk,True,"mlp.down_proj,mlp.gate_proj,mlp.up_proj,self_attn.o_proj,self_attn.v_proj","self_attn.q_proj,self_attn.k_proj",1483.4,1484.2,1483.4,-0.8,0.0005413283645087158,0.0005390109149709975,"{""mlp.down_proj"": 2024.0, ""mlp.gate_proj"": 1528.0, ""mlp.up_proj"": 1933.0, ""self_attn.o_proj"": 1347.0, ""self_attn.v_proj"": 589.0}","{""mlp.down_proj"": 2025.0, ""mlp.gate_proj"": 1519.0, ""mlp.up_proj"": 1930.0, ""self_attn.o_proj"": 1355.0, ""self_attn.v_proj"": 588.0}","{""mlp.down_proj"": 1.0, ""mlp.gate_proj"": -9.0, ""mlp.up_proj"": -3.0, ""self_attn.o_proj"": 8.0, ""self_attn.v_proj"": -1.0}","{""mlp.down_proj"": -0.0004940711462450593, ""mlp.gate_proj"": 0.0058900523560209425, ""mlp.up_proj"": 0.0015519917227108122, ""self_attn.o_proj"": -0.005939123979213066, ""self_attn.v_proj"": 0.001697792869269949}",0.00489667660914775,-0.004355348244639034,7,equal7,True,"mlp.down_proj,mlp.gate_proj,mlp.up_proj,self_attn.k_proj,self_attn.o_proj,self_attn.q_proj,self_attn.v_proj",,1174.0,1174.0,1174.0,0.0,-0.0007038494233879948,0.0,"{""mlp.down_proj"": 2024.0, ""mlp.gate_proj"": 1528.0, ""mlp.up_proj"": 1933.0, ""self_attn.k_proj"": 273.0, ""self_attn.o_proj"": 1347.0, ""self_attn.q_proj"": 524.0, ""self_attn.v_proj"": 589.0}","{""mlp.down_proj"": 2025.0, ""mlp.gate_proj"": 1519.0, ""mlp.up_proj"": 1930.0, ""self_attn.k_proj"": 273.0, ""self_attn.o_proj"": 1355.0, ""self_attn.q_proj"": 528.0, ""self_attn.v_proj"": 588.0}","{""mlp.down_proj"": 1.0, ""mlp.gate_proj"": -9.0, ""mlp.up_proj"": -3.0, ""self_attn.k_proj"": 0.0, ""self_attn.o_proj"": 8.0, ""self_attn.q_proj"": 4.0, ""self_attn.v_proj"": -1.0}","{""mlp.down_proj"": -0.0004940711462450593, ""mlp.gate_proj"": 0.0058900523560209425, ""mlp.up_proj"": 0.0015519917227108122, ""self_attn.k_proj"": 0.0, ""self_attn.o_proj"": -0.005939123979213066, ""self_attn.q_proj"": -0.007633587786259542, ""self_attn.v_proj"": 0.001697792869269949}",0.0012451777878967106,-0.8,309.4000000000001,True,True
qwen,opd,20,E_if,E_ifeval,0.025,18,5,equal5_non_qk,True,"mlp.down_proj,mlp.gate_proj,mlp.up_proj,self_attn.o_proj,self_attn.v_proj","self_attn.q_proj,self_attn.k_proj",1109.2,1109.6,1109.2,-0.4,0.000658134551470262,0.0003604902667626745,"{""mlp.down_proj"": 1649.0, ""mlp.gate_proj"": 1005.0, ""mlp.up_proj"": 1521.0, ""self_attn.o_proj"": 969.0, ""self_attn.v_proj"": 404.0}","{""mlp.down_proj"": 1652.0, ""mlp.gate_proj"": 995.0, ""mlp.up_proj"": 1518.0, ""self_attn.o_proj"": 978.0, ""self_attn.v_proj"": 403.0}","{""mlp.down_proj"": 3.0, ""mlp.gate_proj"": -10.0, ""mlp.up_proj"": -3.0, ""self_attn.o_proj"": 9.0, ""self_attn.v_proj"": -1.0}","{""mlp.down_proj"": -0.0018192844147968466, ""mlp.gate_proj"": 0.009950248756218905, ""mlp.up_proj"": 0.0019723865877712033, ""self_attn.o_proj"": -0.009287925696594427, ""self_attn.v_proj"": 0.0024752475247524753}",0.007860982210192978,-0.007202847658722716,7,equal7,True,"mlp.down_proj,mlp.gate_proj,mlp.up_proj,self_attn.k_proj,self_attn.o_proj,self_attn.q_proj,self_attn.v_proj",,840.2857142857143,840.0,840.2857142857143,0.2857142857142857,-0.0027419250755868047,-0.0003401360544218267,"{""mlp.down_proj"": 1649.0, ""mlp.gate_proj"": 1005.0, ""mlp.up_proj"": 1521.0, ""self_attn.k_proj"": 123.0, ""self_attn.o_proj"": 969.0, ""self_attn.q_proj"": 209.0, ""self_attn.v_proj"": 404.0}","{""mlp.down_proj"": 1652.0, ""mlp.gate_proj"": 995.0, ""mlp.up_proj"": 1518.0, ""self_attn.k_proj"": 124.0, ""self_attn.o_proj"": 978.0, ""self_attn.q_proj"": 212.0, ""self_attn.v_proj"": 403.0}","{""mlp.down_proj"": 3.0, ""mlp.gate_proj"": -10.0, ""mlp.up_proj"": -3.0, ""self_attn.k_proj"": 1.0, ""self_attn.o_proj"": 9.0, ""self_attn.q_proj"": 3.0, ""self_attn.v_proj"": -1.0}","{""mlp.down_proj"": -0.0018192844147968466, ""mlp.gate_proj"": 0.009950248756218905, ""mlp.up_proj"": 0.0019723865877712033, ""self_attn.k_proj"": -0.008130081300813009, ""self_attn.o_proj"": -0.009287925696594427, ""self_attn.q_proj"": -0.014354066985645933, ""self_attn.v_proj"": 0.0024752475247524753}",0.003400059627057067,-0.6857142857142857,268.9142857142857,True,True
qwen,opd,20,E_if,E_ifeval,0.05,18,5,equal5_non_qk,True,"mlp.down_proj,mlp.gate_proj,mlp.up_proj,self_attn.o_proj,self_attn.v_proj","self_attn.q_proj,self_attn.k_proj",781.6,782.0,781.6,-0.4,0.0011051344072700322,0.0005115089514066205,"{""mlp.down_proj"": 1274.0, ""mlp.gate_proj"": 584.0, ""mlp.up_proj"": 1127.0, ""self_attn.o_proj"": 672.0, ""self_attn.v_proj"": 253.0}","{""mlp.down_proj"": 1277.0, ""mlp.gate_proj"": 574.0, ""mlp.up_proj"": 1124.0, ""self_attn.o_proj"": 680.0, ""self_attn.v_proj"": 253.0}","{""mlp.down_proj"": 3.0, ""mlp.gate_proj"": -10.0, ""mlp.up_proj"": -3.0, ""self_attn.o_proj"": 8.0, ""self_attn.v_proj"": 0.0}","{""mlp.down_proj"": -0.002354788069073783, ""mlp.gate_proj"": 0.017123287671232876, ""mlp.up_proj"": 0.0026619343389529724, ""self_attn.o_proj"": -0.011904761904761904, ""self_attn.v_proj"": 0.0}",0.011682645094907334,-0.010577510687637301,7,equal7,True,"mlp.down_proj,mlp.gate_proj,mlp.up_proj,self_attn.k_proj,self_attn.o_proj,self_attn.q_proj,self_attn.v_proj",,575.7142857142857,575.7142857142857,575.7142857142857,0.0,-0.004108577464194875,0.0,"{""mlp.down_proj"": 1274.0, ""mlp.gate_proj"": 584.0, ""mlp.up_proj"": 1127.0, ""self_attn.k_proj"": 50.0, ""self_attn.o_proj"": 672.0, ""self_attn.q_proj"": 70.0, ""self_attn.v_proj"": 253.0}","{""mlp.down_proj"": 1277.0, ""mlp.gate_proj"": 574.0, ""mlp.up_proj"": 1124.0, ""self_attn.k_proj"": 51.0, ""self_attn.o_proj"": 680.0, ""self_attn.q_proj"": 71.0, ""self_attn.v_proj"": 253.0}","{""mlp.down_proj"": 3.0, ""mlp.gate_proj"": -10.0, ""mlp.up_proj"": -3.0, ""self_attn.k_proj"": 1.0, ""self_attn.o_proj"": 8.0, ""self_attn.q_proj"": 1.0, ""self_attn.v_proj"": 0.0}","{""mlp.down_proj"": -0.002354788069073783, ""mlp.gate_proj"": 0.017123287671232876, ""mlp.up_proj"": 0.0026619343389529724, ""self_attn.k_proj"": -0.02, ""self_attn.o_proj"": -0.011904761904761904, ""self_attn.q_proj"": -0.014285714285714285, ""self_attn.v_proj"": 0.0}",0.0052137118714649065,-0.4,205.88571428571436,True,True
qwen,opd,20,E_if,E_ifeval,0.1,18,5,equal5_non_qk,True,"mlp.down_proj,mlp.gate_proj,mlp.up_proj,self_attn.o_proj,self_attn.v_proj","self_attn.q_proj,self_attn.k_proj",453.6,453.0,453.6,0.6,0.0016280074298896778,-0.0013245033112583282,"{""mlp.down_proj"": 839.0, ""mlp.gate_proj"": 228.0, ""mlp.up_proj"": 695.0, ""self_attn.o_proj"": 387.0, ""self_attn.v_proj"": 116.0}","{""mlp.down_proj"": 843.0, ""mlp.gate_proj"": 221.0, ""mlp.up_proj"": 693.0, ""self_attn.o_proj"": 395.0, ""self_attn.v_proj"": 116.0}","{""mlp.down_proj"": 4.0, ""mlp.gate_proj"": -7.0, ""mlp.up_proj"": -2.0, ""self_attn.o_proj"": 8.0, ""self_attn.v_proj"": 0.0}","{""mlp.down_proj"": -0.004767580452920143, ""mlp.gate_proj"": 0.03070175438596491, ""mlp.up_proj"": 0.0028776978417266188, ""self_attn.o_proj"": -0.020671834625323, ""self_attn.v_proj"": 0.0}",0.017437314818836803,-0.015809307388947126,7,equal7,True,"mlp.down_proj,mlp.gate_proj,mlp.up_proj,self_attn.k_proj,self_attn.o_proj,self_attn.q_proj,self_attn.v_proj",,328.0,327.42857142857144,328.0,0.5714285714285714,-0.01182415053709179,-0.0017452006980802296,"{""mlp.down_proj"": 839.0, ""mlp.gate_proj"": 228.0, ""mlp.up_proj"": 695.0, ""self_attn.k_proj"": 16.0, ""self_attn.o_proj"": 387.0, ""self_attn.q_proj"": 11.0, ""self_attn.v_proj"": 116.0}","{""mlp.down_proj"": 843.0, ""mlp.gate_proj"": 221.0, ""mlp.up_proj"": 693.0, ""self_attn.k_proj"": 16.0, ""self_attn.o_proj"": 395.0, ""self_attn.q_proj"": 12.0, ""self_attn.v_proj"": 116.0}","{""mlp.down_proj"": 4.0, ""mlp.gate_proj"": -7.0, ""mlp.up_proj"": -2.0, ""self_attn.k_proj"": 0.0, ""self_attn.o_proj"": 8.0, ""self_attn.q_proj"": 1.0, ""self_attn.v_proj"": 0.0}","{""mlp.down_proj"": -0.004767580452920143, ""mlp.gate_proj"": 0.03070175438596491, ""mlp.up_proj"": 0.0028776978417266188, ""self_attn.k_proj"": 0.0, ""self_attn.o_proj"": -0.020671834625323, ""self_attn.q_proj"": -0.09090909090909091, ""self_attn.v_proj"": 0.0}",0.013452157966981468,0.02857142857142858,125.60000000000002,True,True
qwen,opd,20,E_math,E_mathHeld,0.01,18,5,equal5_non_qk,True,"mlp.down_proj,mlp.gate_proj,mlp.up_proj,self_attn.o_proj,self_attn.v_proj","self_attn.q_proj,self_attn.k_proj",1646.2,1649.6,1646.2,-3.4,0.002284540145359323,0.0020611057225993355,"{""mlp.down_proj"": 2176.0, ""mlp.gate_proj"": 1819.0, ""mlp.up_proj"": 2046.0, ""self_attn.o_proj"": 1520.0, ""self_attn.v_proj"": 687.0}","{""mlp.down_proj"": 2174.0, ""mlp.gate_proj"": 1809.0, ""mlp.up_proj"": 2042.0, ""self_attn.o_proj"": 1522.0, ""self_attn.v_proj"": 684.0}","{""mlp.down_proj"": -2.0, ""mlp.gate_proj"": -10.0, ""mlp.up_proj"": -4.0, ""self_attn.o_proj"": 2.0, ""self_attn.v_proj"": -3.0}","{""mlp.down_proj"": 0.0009191176470588235, ""mlp.gate_proj"": 0.005497526113249038, ""mlp.up_proj"": 0.0019550342130987292, ""self_attn.o_proj"": -0.0013157894736842105, ""self_attn.v_proj"": 0.004366812227074236}",0.00489667660914775,-0.0026121364637884266,7,equal7,True,"mlp.down_proj,mlp.gate_proj,mlp.up_proj,self_attn.k_proj,self_attn.o_proj,self_attn.q_proj,self_attn.v_proj",,1334.857142857143,1339.0,1334.857142857143,-4.142857142857143,0.004499741022680173,0.003093993385255497,"{""mlp.down_proj"": 2176.0, ""mlp.gate_proj"": 1819.0, ""mlp.up_proj"": 2046.0, ""self_attn.k_proj"": 363.0, ""self_attn.o_proj"": 1520.0, ""self_attn.q_proj"": 762.0, ""self_attn.v_proj"": 687.0}","{""mlp.down_proj"": 2174.0, ""mlp.gate_proj"": 1809.0, ""mlp.up_proj"": 2042.0, ""self_attn.k_proj"": 360.0, ""self_attn.o_proj"": 1522.0, ""self_attn.q_proj"": 753.0, ""self_attn.v_proj"": 684.0}","{""mlp.down_proj"": -2.0, ""mlp.gate_proj"": -10.0, ""mlp.up_proj"": -4.0, ""self_attn.k_proj"": -3.0, ""self_attn.o_proj"": 2.0, ""self_attn.q_proj"": -9.0, ""self_attn.v_proj"": -3.0}","{""mlp.down_proj"": 0.0009191176470588235, ""mlp.gate_proj"": 0.005497526113249038, ""mlp.up_proj"": 0.0019550342130987292, ""self_attn.k_proj"": 0.008264462809917356, ""self_attn.o_proj"": -0.0013157894736842105, ""self_attn.q_proj"": 0.011811023622047244, ""self_attn.v_proj"": 0.004366812227074236}",-0.0022152008773208497,0.7428571428571433,311.34285714285716,False,True
qwen,opd,20,E_math,E_mathHeld,0.025,18,5,equal5_non_qk,True,"mlp.down_proj,mlp.gate_proj,mlp.up_proj,self_attn.o_proj,self_attn.v_proj","self_attn.q_proj,self_attn.k_proj",1318.0,1322.2,1318.0,-4.2,0.003660544980189363,0.003176523975192895,"{""mlp.down_proj"": 1875.0, ""mlp.gate_proj"": 1369.0, ""mlp.up_proj"": 1691.0, ""self_attn.o_proj"": 1157.0, ""self_attn.v_proj"": 519.0}","{""mlp.down_proj"": 1872.0, ""mlp.gate_proj"": 1356.0, ""mlp.up_proj"": 1686.0, ""self_attn.o_proj"": 1161.0, ""self_attn.v_proj"": 515.0}","{""mlp.down_proj"": -3.0, ""mlp.gate_proj"": -13.0, ""mlp.up_proj"": -5.0, ""self_attn.o_proj"": 4.0, ""self_attn.v_proj"": -4.0}","{""mlp.down_proj"": 0.0016, ""mlp.gate_proj"": 0.009495982468955442, ""mlp.up_proj"": 0.0029568302779420462, ""self_attn.o_proj"": -0.003457216940363008, ""self_attn.v_proj"": 0.007707129094412331}",0.007860982210192978,-0.0042004372300036156,7,equal7,True,"mlp.down_proj,mlp.gate_proj,mlp.up_proj,self_attn.k_proj,self_attn.o_proj,self_attn.q_proj,self_attn.v_proj",,1021.2857142857143,1025.5714285714287,1021.2857142857143,-4.285714285714286,0.00676491321072026,0.0041788549937317645,"{""mlp.down_proj"": 1875.0, ""mlp.gate_proj"": 1369.0, ""mlp.up_proj"": 1691.0, ""self_attn.k_proj"": 189.0, ""self_attn.o_proj"": 1157.0, ""self_attn.q_proj"": 379.0, ""self_attn.v_proj"": 519.0}","{""mlp.down_proj"": 1872.0, ""mlp.gate_proj"": 1356.0, ""mlp.up_proj"": 1686.0, ""self_attn.k_proj"": 187.0, ""self_attn.o_proj"": 1161.0, ""self_attn.q_proj"": 372.0, ""self_attn.v_proj"": 515.0}","{""mlp.down_proj"": -3.0, ""mlp.gate_proj"": -13.0, ""mlp.up_proj"": -5.0, ""self_attn.k_proj"": -2.0, ""self_attn.o_proj"": 4.0, ""self_attn.q_proj"": -7.0, ""self_attn.v_proj"": -4.0}","{""mlp.down_proj"": 0.0016, ""mlp.gate_proj"": 0.009495982468955442, ""mlp.up_proj"": 0.0029568302779420462, ""self_attn.k_proj"": 0.010582010582010581, ""self_attn.o_proj"": -0.003457216940363008, ""self_attn.q_proj"": 0.018469656992084433, ""self_attn.v_proj"": 0.007707129094412331}",-0.003104368230530897,0.08571428571428541,296.71428571428567,False,True
qwen,opd,20,E_math,E_mathHeld,0.05,18,5,equal5_non_qk,True,"mlp.down_proj,mlp.gate_proj,mlp.up_proj,self_attn.o_proj,self_attn.v_proj","self_attn.q_proj,self_attn.k_proj",1010.0,1014.2,1010.0,-4.2,0.005083115634528003,0.004141195030566008,"{""mlp.down_proj"": 1552.0, ""mlp.gate_proj"": 956.0, ""mlp.up_proj"": 1332.0, ""self_attn.o_proj"": 860.0, ""self_attn.v_proj"": 371.0}","{""mlp.down_proj"": 1549.0, ""mlp.gate_proj"": 943.0, ""mlp.up_proj"": 1327.0, ""self_attn.o_proj"": 864.0, ""self_attn.v_proj"": 367.0}","{""mlp.down_proj"": -3.0, ""mlp.gate_proj"": -13.0, ""mlp.up_proj"": -5.0, ""self_attn.o_proj"": 4.0, ""self_attn.v_proj"": -4.0}","{""mlp.down_proj"": 0.0019329896907216496, ""mlp.gate_proj"": 0.013598326359832637, ""mlp.up_proj"": 0.0037537537537537537, ""self_attn.o_proj"": -0.004651162790697674, ""self_attn.v_proj"": 0.01078167115902965}",0.011682645094907334,-0.006599529460379331,7,equal7,True,"mlp.down_proj,mlp.gate_proj,mlp.up_proj,self_attn.k_proj,self_attn.o_proj,self_attn.q_proj,self_attn.v_proj",,754.4285714285714,758.1428571428571,754.4285714285714,-3.7142857142857144,0.00908353229969793,0.004899189749387537,"{""mlp.down_proj"": 1552.0, ""mlp.gate_proj"": 956.0, ""mlp.up_proj"": 1332.0, ""self_attn.k_proj"": 82.0, ""self_attn.o_proj"": 860.0, ""self_attn.q_proj"": 154.0, ""self_attn.v_proj"": 371.0}","{""mlp.down_proj"": 1549.0, ""mlp.gate_proj"": 943.0, ""mlp.up_proj"": 1327.0, ""self_attn.k_proj"": 81.0, ""self_attn.o_proj"": 864.0, ""self_attn.q_proj"": 150.0, ""self_attn.v_proj"": 367.0}","{""mlp.down_proj"": -3.0, ""mlp.gate_proj"": -13.0, ""mlp.up_proj"": -5.0, ""self_attn.k_proj"": -1.0, ""self_attn.o_proj"": 4.0, ""self_attn.q_proj"": -4.0, ""self_attn.v_proj"": -4.0}","{""mlp.down_proj"": 0.0019329896907216496, ""mlp.gate_proj"": 0.013598326359832637, ""mlp.up_proj"": 0.0037537537537537537, ""self_attn.k_proj"": 0.012195121951219513, ""self_attn.o_proj"": -0.004651162790697674, ""self_attn.q_proj"": 0.025974025974025976, ""self_attn.v_proj"": 0.01078167115902965}",-0.004000416665169927,-0.48571428571428577,255.57142857142856,False,True
qwen,opd,20,E_math,E_mathHeld,0.1,18,5,equal5_non_qk,True,"mlp.down_proj,mlp.gate_proj,mlp.up_proj,self_attn.o_proj,self_attn.v_proj","self_attn.q_proj,self_attn.k_proj",669.2,673.2,669.2,-4.0,0.007726066877332086,0.0059417706476530005,"{""mlp.down_proj"": 1147.0, ""mlp.gate_proj"": 529.0, ""mlp.up_proj"": 913.0, ""self_attn.o_proj"": 561.0, ""self_attn.v_proj"": 216.0}","{""mlp.down_proj"": 1144.0, ""mlp.gate_proj"": 517.0, ""mlp.up_proj"": 907.0, ""self_attn.o_proj"": 565.0, ""self_attn.v_proj"": 213.0}","{""mlp.down_proj"": -3.0, ""mlp.gate_proj"": -12.0, ""mlp.up_proj"": -6.0, ""self_attn.o_proj"": 4.0, ""self_attn.v_proj"": -3.0}","{""mlp.down_proj"": 0.0026155187445510027, ""mlp.gate_proj"": 0.022684310018903593, ""mlp.up_proj"": 0.0065717415115005475, ""self_attn.o_proj"": -0.0071301247771836, ""self_attn.v_proj"": 0.013888888888888888}",0.017437314818836803,-0.009711247941504717,7,equal7,True,"mlp.down_proj,mlp.gate_proj,mlp.up_proj,self_attn.k_proj,self_attn.o_proj,self_attn.q_proj,self_attn.v_proj",,485.57142857142856,488.7142857142857,485.57142857142856,-3.142857142857143,0.016079295081350874,0.006430868167202622,"{""mlp.down_proj"": 1147.0, ""mlp.gate_proj"": 529.0, ""mlp.up_proj"": 913.0, ""self_attn.k_proj"": 24.0, ""self_attn.o_proj"": 561.0, ""self_attn.q_proj"": 31.0, ""self_attn.v_proj"": 216.0}","{""mlp.down_proj"": 1144.0, ""mlp.gate_proj"": 517.0, ""mlp.up_proj"": 907.0, ""self_attn.k_proj"": 23.0, ""self_attn.o_proj"": 565.0, ""self_attn.q_proj"": 30.0, ""self_attn.v_proj"": 213.0}","{""mlp.down_proj"": -3.0, ""mlp.gate_proj"": -12.0, ""mlp.up_proj"": -6.0, ""self_attn.k_proj"": -1.0, ""self_attn.o_proj"": 4.0, ""self_attn.q_proj"": -1.0, ""self_attn.v_proj"": -3.0}","{""mlp.down_proj"": 0.0026155187445510027, ""mlp.gate_proj"": 0.022684310018903593, ""mlp.up_proj"": 0.0065717415115005475, ""self_attn.k_proj"": 0.041666666666666664, ""self_attn.o_proj"": -0.0071301247771836, ""self_attn.q_proj"": 0.03225806451612903, ""self_attn.v_proj"": 0.013888888888888888}",-0.008353228204018789,-0.8571428571428572,183.6285714285715,False,True
qwen,opd,20,E_ood,E_mmluPro,0.01,18,5,equal5_non_qk,True,"mlp.down_proj,mlp.gate_proj,mlp.up_proj,self_attn.o_proj,self_attn.v_proj","self_attn.q_proj,self_attn.k_proj",1605.4,1610.4,1605.4,-5.0,0.003210639004650738,0.00310481867858917,"{""mlp.down_proj"": 2156.0, ""mlp.gate_proj"": 1667.0, ""mlp.up_proj"": 2029.0, ""self_attn.o_proj"": 1471.0, ""self_attn.v_proj"": 729.0}","{""mlp.down_proj"": 2154.0, ""mlp.gate_proj"": 1655.0, ""mlp.up_proj"": 2024.0, ""self_attn.o_proj"": 1467.0, ""self_attn.v_proj"": 727.0}","{""mlp.down_proj"": -2.0, ""mlp.gate_proj"": -12.0, ""mlp.up_proj"": -5.0, ""self_attn.o_proj"": -4.0, ""self_attn.v_proj"": -2.0}","{""mlp.down_proj"": 0.0009276437847866419, ""mlp.gate_proj"": 0.007198560287942412, ""mlp.up_proj"": 0.0024642681123706258, ""self_attn.o_proj"": 0.002719238613188307, ""self_attn.v_proj"": 0.0027434842249657062}",0.00489667660914775,-0.0016860376044970115,7,equal7,True,"mlp.down_proj,mlp.gate_proj,mlp.up_proj,self_attn.k_proj,self_attn.o_proj,self_attn.q_proj,self_attn.v_proj",,1301.0,1305.5714285714287,1301.0,-4.571428571428571,0.00404679849633655,0.0035014771856877866,"{""mlp.down_proj"": 2156.0, ""mlp.gate_proj"": 1667.0, ""mlp.up_proj"": 2029.0, ""self_attn.k_proj"": 402.0, ""self_attn.o_proj"": 1471.0, ""self_attn.q_proj"": 685.0, ""self_attn.v_proj"": 729.0}","{""mlp.down_proj"": 2154.0, ""mlp.gate_proj"": 1655.0, ""mlp.up_proj"": 2024.0, ""self_attn.k_proj"": 400.0, ""self_attn.o_proj"": 1467.0, ""self_attn.q_proj"": 680.0, ""self_attn.v_proj"": 727.0}","{""mlp.down_proj"": -2.0, ""mlp.gate_proj"": -12.0, ""mlp.up_proj"": -5.0, ""self_attn.k_proj"": -2.0, ""self_attn.o_proj"": -4.0, ""self_attn.q_proj"": -5.0, ""self_attn.v_proj"": -2.0}","{""mlp.down_proj"": 0.0009276437847866419, ""mlp.gate_proj"": 0.007198560287942412, ""mlp.up_proj"": 0.0024642681123706258, ""self_attn.k_proj"": 0.004975124378109453, ""self_attn.o_proj"": 0.002719238613188307, ""self_attn.q_proj"": 0.0072992700729927005, ""self_attn.v_proj"": 0.0027434842249657062}",-0.0008361594916858118,-0.4285714285714288,304.4000000000001,False,True
qwen,opd,20,E_ood,E_mmluPro,0.025,18,5,equal5_non_qk,True,"mlp.down_proj,mlp.gate_proj,mlp.up_proj,self_attn.o_proj,self_attn.v_proj","self_attn.q_proj,self_attn.k_proj",1262.4,1268.4,1262.4,-6.0,0.005157714454207092,0.004730368968779565,"{""mlp.down_proj"": 1847.0, ""mlp.gate_proj"": 1163.0, ""mlp.up_proj"": 1655.0, ""self_attn.o_proj"": 1105.0, ""self_attn.v_proj"": 572.0}","{""mlp.down_proj"": 1843.0, ""mlp.gate_proj"": 1149.0, ""mlp.up_proj"": 1649.0, ""self_attn.o_proj"": 1102.0, ""self_attn.v_proj"": 569.0}","{""mlp.down_proj"": -4.0, ""mlp.gate_proj"": -14.0, ""mlp.up_proj"": -6.0, ""self_attn.o_proj"": -3.0, ""self_attn.v_proj"": -3.0}","{""mlp.down_proj"": 0.002165674066053059, ""mlp.gate_proj"": 0.012037833190025795, ""mlp.up_proj"": 0.0036253776435045317, ""self_attn.o_proj"": 0.0027149321266968325, ""self_attn.v_proj"": 0.005244755244755245}",0.007860982210192978,-0.0027032677559858864,7,equal7,True,"mlp.down_proj,mlp.gate_proj,mlp.up_proj,self_attn.k_proj,self_attn.o_proj,self_attn.q_proj,self_attn.v_proj",,979.2857142857143,984.2857142857143,979.2857142857143,-5.0,0.006274026672728493,0.0050798258345428155,"{""mlp.down_proj"": 1847.0, ""mlp.gate_proj"": 1163.0, ""mlp.up_proj"": 1655.0, ""self_attn.k_proj"": 230.0, ""self_attn.o_proj"": 1105.0, ""self_attn.q_proj"": 318.0, ""self_attn.v_proj"": 572.0}","{""mlp.down_proj"": 1843.0, ""mlp.gate_proj"": 1149.0, ""mlp.up_proj"": 1649.0, ""self_attn.k_proj"": 228.0, ""self_attn.o_proj"": 1102.0, ""self_attn.q_proj"": 315.0, ""self_attn.v_proj"": 569.0}","{""mlp.down_proj"": -4.0, ""mlp.gate_proj"": -14.0, ""mlp.up_proj"": -6.0, ""self_attn.k_proj"": -2.0, ""self_attn.o_proj"": -3.0, ""self_attn.q_proj"": -3.0, ""self_attn.v_proj"": -3.0}","{""mlp.down_proj"": 0.002165674066053059, ""mlp.gate_proj"": 0.012037833190025795, ""mlp.up_proj"": 0.0036253776435045317, ""self_attn.k_proj"": 0.008695652173913044, ""self_attn.o_proj"": 0.0027149321266968325, ""self_attn.q_proj"": 0.009433962264150943, ""self_attn.v_proj"": 0.005244755244755245}",-0.001116312218521401,-1.0,283.11428571428576,False,True
qwen,opd,20,E_ood,E_mmluPro,0.05,18,5,equal5_non_qk,True,"mlp.down_proj,mlp.gate_proj,mlp.up_proj,self_attn.o_proj,self_attn.v_proj","self_attn.q_proj,self_attn.k_proj",948.6,954.4,948.6,-5.8,0.007153054083175142,0.0060771165129924086,"{""mlp.down_proj"": 1519.0, ""mlp.gate_proj"": 731.0, ""mlp.up_proj"": 1281.0, ""self_attn.o_proj"": 810.0, ""self_attn.v_proj"": 431.0}","{""mlp.down_proj"": 1515.0, ""mlp.gate_proj"": 718.0, ""mlp.up_proj"": 1275.0, ""self_attn.o_proj"": 807.0, ""self_attn.v_proj"": 428.0}","{""mlp.down_proj"": -4.0, ""mlp.gate_proj"": -13.0, ""mlp.up_proj"": -6.0, ""self_attn.o_proj"": -3.0, ""self_attn.v_proj"": -3.0}","{""mlp.down_proj"": 0.0026333113890717576, ""mlp.gate_proj"": 0.017783857729138167, ""mlp.up_proj"": 0.00468384074941452, ""self_attn.o_proj"": 0.003703703703703704, ""self_attn.v_proj"": 0.0069605568445475635}",0.011682645094907334,-0.004529591011732192,7,equal7,True,"mlp.down_proj,mlp.gate_proj,mlp.up_proj,self_attn.k_proj,self_attn.o_proj,self_attn.q_proj,self_attn.v_proj",,711.1428571428571,715.5714285714286,711.1428571428571,-4.428571428571429,0.007521488982995069,0.006188860051906591,"{""mlp.down_proj"": 1519.0, ""mlp.gate_proj"": 731.0, ""mlp.up_proj"": 1281.0, ""self_attn.k_proj"": 116.0, ""self_attn.o_proj"": 810.0, ""self_attn.q_proj"": 121.0, ""self_attn.v_proj"": 431.0}","{""mlp.down_proj"": 1515.0, ""mlp.gate_proj"": 718.0, ""mlp.up_proj"": 1275.0, ""self_attn.k_proj"": 115.0, ""self_attn.o_proj"": 807.0, ""self_attn.q_proj"": 120.0, ""self_attn.v_proj"": 428.0}","{""mlp.down_proj"": -4.0, ""mlp.gate_proj"": -13.0, ""mlp.up_proj"": -6.0, ""self_attn.k_proj"": -1.0, ""self_attn.o_proj"": -3.0, ""self_attn.q_proj"": -1.0, ""self_attn.v_proj"": -3.0}","{""mlp.down_proj"": 0.0026333113890717576, ""mlp.gate_proj"": 0.017783857729138167, ""mlp.up_proj"": 0.00468384074941452, ""self_attn.k_proj"": 0.008620689655172414, ""self_attn.o_proj"": 0.003703703703703704, ""self_attn.q_proj"": 0.008264462809917356, ""self_attn.v_proj"": 0.0069605568445475635}",-0.00036843489981992685,-1.371428571428571,237.4571428571429,False,True
qwen,opd,20,E_ood,E_mmluPro,0.1,18,5,equal5_non_qk,True,"mlp.down_proj,mlp.gate_proj,mlp.up_proj,self_attn.o_proj,self_attn.v_proj","self_attn.q_proj,self_attn.k_proj",612.2,617.4,612.2,-5.2,0.011562680051126909,0.008422416585681781,"{""mlp.down_proj"": 1114.0, ""mlp.gate_proj"": 327.0, ""mlp.up_proj"": 850.0, ""self_attn.o_proj"": 518.0, ""self_attn.v_proj"": 278.0}","{""mlp.down_proj"": 1110.0, ""mlp.gate_proj"": 317.0, ""mlp.up_proj"": 844.0, ""self_attn.o_proj"": 515.0, ""self_attn.v_proj"": 275.0}","{""mlp.down_proj"": -4.0, ""mlp.gate_proj"": -10.0, ""mlp.up_proj"": -6.0, ""self_attn.o_proj"": -3.0, ""self_attn.v_proj"": -3.0}","{""mlp.down_proj"": 0.003590664272890485, ""mlp.gate_proj"": 0.03058103975535168, ""mlp.up_proj"": 0.007058823529411765, ""self_attn.o_proj"": 0.005791505791505791, ""self_attn.v_proj"": 0.01079136690647482}",0.017437314818836803,-0.005874634767709894,7,equal7,True,"mlp.down_proj,mlp.gate_proj,mlp.up_proj,self_attn.k_proj,self_attn.o_proj,self_attn.q_proj,self_attn.v_proj",,446.57142857142856,450.42857142857144,446.57142857142856,-3.857142857142857,0.013753562673881859,0.008563273073263631,"{""mlp.down_proj"": 1114.0, ""mlp.gate_proj"": 327.0, ""mlp.up_proj"": 850.0, ""self_attn.k_proj"": 40.0, ""self_attn.o_proj"": 518.0, ""self_attn.q_proj"": 26.0, ""self_attn.v_proj"": 278.0}","{""mlp.down_proj"": 1110.0, ""mlp.gate_proj"": 317.0, ""mlp.up_proj"": 844.0, ""self_attn.k_proj"": 40.0, ""self_attn.o_proj"": 515.0, ""self_attn.q_proj"": 25.0, ""self_attn.v_proj"": 275.0}","{""mlp.down_proj"": -4.0, ""mlp.gate_proj"": -10.0, ""mlp.up_proj"": -6.0, ""self_attn.k_proj"": 0.0, ""self_attn.o_proj"": -3.0, ""self_attn.q_proj"": -1.0, ""self_attn.v_proj"": -3.0}","{""mlp.down_proj"": 0.003590664272890485, ""mlp.gate_proj"": 0.03058103975535168, ""mlp.up_proj"": 0.007058823529411765, ""self_attn.k_proj"": 0.0, ""self_attn.o_proj"": 0.005791505791505791, ""self_attn.q_proj"": 0.038461538461538464, ""self_attn.v_proj"": 0.01079136690647482}",-0.00219088262275495,-1.342857142857143,165.6285714285715,False,True
qwen,opd,40,E_general,E_general,0.01,18,5,equal5_non_qk,True,"mlp.down_proj,mlp.gate_proj,mlp.up_proj,self_attn.o_proj,self_attn.v_proj","self_attn.q_proj,self_attn.k_proj",1624.8,1634.4,1624.8,-9.6,0.006482723913328925,0.005873715124816529,"{""mlp.down_proj"": 2190.0, ""mlp.gate_proj"": 1641.0, ""mlp.up_proj"": 2064.0, ""self_attn.o_proj"": 1546.0, ""self_attn.v_proj"": 731.0}","{""mlp.down_proj"": 2185.0, ""mlp.gate_proj"": 1622.0, ""mlp.up_proj"": 2056.0, ""self_attn.o_proj"": 1536.0, ""self_attn.v_proj"": 725.0}","{""mlp.down_proj"": -5.0, ""mlp.gate_proj"": -19.0, ""mlp.up_proj"": -8.0, ""self_attn.o_proj"": -10.0, ""self_attn.v_proj"": -6.0}","{""mlp.down_proj"": 0.00228310502283105, ""mlp.gate_proj"": 0.01157830591102986, ""mlp.up_proj"": 0.003875968992248062, ""self_attn.o_proj"": 0.00646830530401035, ""self_attn.v_proj"": 0.008207934336525308}",0.006482723913328925,0.0,7,equal7,True,"mlp.down_proj,mlp.gate_proj,mlp.up_proj,self_attn.k_proj,self_attn.o_proj,self_attn.q_proj,self_attn.v_proj",,1318.142857142857,1328.4285714285713,1318.142857142857,-10.285714285714286,0.01031041489977415,0.0077427680395741,"{""mlp.down_proj"": 2190.0, ""mlp.gate_proj"": 1641.0, ""mlp.up_proj"": 2064.0, ""self_attn.k_proj"": 400.0, ""self_attn.o_proj"": 1546.0, ""self_attn.q_proj"": 727.0, ""self_attn.v_proj"": 731.0}","{""mlp.down_proj"": 2185.0, ""mlp.gate_proj"": 1622.0, ""mlp.up_proj"": 2056.0, ""self_attn.k_proj"": 394.0, ""self_attn.o_proj"": 1536.0, ""self_attn.q_proj"": 709.0, ""self_attn.v_proj"": 725.0}","{""mlp.down_proj"": -5.0, ""mlp.gate_proj"": -19.0, ""mlp.up_proj"": -8.0, ""self_attn.k_proj"": -6.0, ""self_attn.o_proj"": -10.0, ""self_attn.q_proj"": -18.0, ""self_attn.v_proj"": -6.0}","{""mlp.down_proj"": 0.00228310502283105, ""mlp.gate_proj"": 0.01157830591102986, ""mlp.up_proj"": 0.003875968992248062, ""self_attn.k_proj"": 0.015, ""self_attn.o_proj"": 0.00646830530401035, ""self_attn.q_proj"": 0.024759284731774415, ""self_attn.v_proj"": 0.008207934336525308}",-0.003827690986445225,0.6857142857142868,306.65714285714284,False,True
qwen,opd,40,E_general,E_general,0.025,18,5,equal5_non_qk,True,"mlp.down_proj,mlp.gate_proj,mlp.up_proj,self_attn.o_proj,self_attn.v_proj","self_attn.q_proj,self_attn.k_proj",1288.0,1299.6,1288.0,-11.6,0.010216047612446908,0.008925823330255394,"{""mlp.down_proj"": 1900.0, ""mlp.gate_proj"": 1133.0, ""mlp.up_proj"": 1706.0, ""self_attn.o_proj"": 1186.0, ""self_attn.v_proj"": 573.0}","{""mlp.down_proj"": 1893.0, ""mlp.gate_proj"": 1110.0, ""mlp.up_proj"": 1695.0, ""self_attn.o_proj"": 1176.0, ""self_attn.v_proj"": 566.0}","{""mlp.down_proj"": -7.0, ""mlp.gate_proj"": -23.0, ""mlp.up_proj"": -11.0, ""self_attn.o_proj"": -10.0, ""self_attn.v_proj"": -7.0}","{""mlp.down_proj"": 0.0036842105263157894, ""mlp.gate_proj"": 0.02030008826125331, ""mlp.up_proj"": 0.006447831184056272, ""self_attn.o_proj"": 0.008431703204047217, ""self_attn.v_proj"": 0.012216404886561954}",0.010216047612446908,0.0,7,equal7,True,"mlp.down_proj,mlp.gate_proj,mlp.up_proj,self_attn.k_proj,self_attn.o_proj,self_attn.q_proj,self_attn.v_proj",,1000.4285714285714,1011.2857142857143,1000.4285714285714,-10.857142857142858,0.01568997623172916,0.010735979658143838,"{""mlp.down_proj"": 1900.0, ""mlp.gate_proj"": 1133.0, ""mlp.up_proj"": 1706.0, ""self_attn.k_proj"": 227.0, ""self_attn.o_proj"": 1186.0, ""self_attn.q_proj"": 354.0, ""self_attn.v_proj"": 573.0}","{""mlp.down_proj"": 1893.0, ""mlp.gate_proj"": 1110.0, ""mlp.up_proj"": 1695.0, ""self_attn.k_proj"": 222.0, ""self_attn.o_proj"": 1176.0, ""self_attn.q_proj"": 341.0, ""self_attn.v_proj"": 566.0}","{""mlp.down_proj"": -7.0, ""mlp.gate_proj"": -23.0, ""mlp.up_proj"": -11.0, ""self_attn.k_proj"": -5.0, ""self_attn.o_proj"": -10.0, ""self_attn.q_proj"": -13.0, ""self_attn.v_proj"": -7.0}","{""mlp.down_proj"": 0.0036842105263157894, ""mlp.gate_proj"": 0.02030008826125331, ""mlp.up_proj"": 0.006447831184056272, ""self_attn.k_proj"": 0.022026431718061675, ""self_attn.o_proj"": 0.008431703204047217, ""self_attn.q_proj"": 0.03672316384180791, ""self_attn.v_proj"": 0.012216404886561954}",-0.005473928619282253,-0.742857142857142,287.57142857142856,False,True
qwen,opd,40,E_general,E_general,0.05,18,5,equal5_non_qk,True,"mlp.down_proj,mlp.gate_proj,mlp.up_proj,self_attn.o_proj,self_attn.v_proj","self_attn.q_proj,self_attn.k_proj",978.6,991.2,978.6,-12.6,0.015428620943304924,0.012711864406779683,"{""mlp.down_proj"": 1590.0, ""mlp.gate_proj"": 701.0, ""mlp.up_proj"": 1344.0, ""self_attn.o_proj"": 890.0, ""self_attn.v_proj"": 431.0}","{""mlp.down_proj"": 1580.0, ""mlp.gate_proj"": 679.0, ""mlp.up_proj"": 1331.0, ""self_attn.o_proj"": 880.0, ""self_attn.v_proj"": 423.0}","{""mlp.down_proj"": -10.0, ""mlp.gate_proj"": -22.0, ""mlp.up_proj"": -13.0, ""self_attn.o_proj"": -10.0, ""self_attn.v_proj"": -8.0}","{""mlp.down_proj"": 0.006289308176100629, ""mlp.gate_proj"": 0.03138373751783167, ""mlp.up_proj"": 0.009672619047619048, ""self_attn.o_proj"": 0.011235955056179775, ""self_attn.v_proj"": 0.018561484918793503}",0.015428620943304924,0.0,7,equal7,True,"mlp.down_proj,mlp.gate_proj,mlp.up_proj,self_attn.k_proj,self_attn.o_proj,self_attn.q_proj,self_attn.v_proj",,734.1428571428571,744.7142857142857,734.1428571428571,-10.571428571428571,0.022749618976921692,0.014195281028198713,"{""mlp.down_proj"": 1590.0, ""mlp.gate_proj"": 701.0, ""mlp.up_proj"": 1344.0, ""self_attn.k_proj"": 113.0, ""self_attn.o_proj"": 890.0, ""self_attn.q_proj"": 144.0, ""self_attn.v_proj"": 431.0}","{""mlp.down_proj"": 1580.0, ""mlp.gate_proj"": 679.0, ""mlp.up_proj"": 1331.0, ""self_attn.k_proj"": 110.0, ""self_attn.o_proj"": 880.0, ""self_attn.q_proj"": 136.0, ""self_attn.v_proj"": 423.0}","{""mlp.down_proj"": -10.0, ""mlp.gate_proj"": -22.0, ""mlp.up_proj"": -13.0, ""self_attn.k_proj"": -3.0, ""self_attn.o_proj"": -10.0, ""self_attn.q_proj"": -8.0, ""self_attn.v_proj"": -8.0}","{""mlp.down_proj"": 0.006289308176100629, ""mlp.gate_proj"": 0.03138373751783167, ""mlp.up_proj"": 0.009672619047619048, ""self_attn.k_proj"": 0.02654867256637168, ""self_attn.o_proj"": 0.011235955056179775, ""self_attn.q_proj"": 0.05555555555555555, ""self_attn.v_proj"": 0.018561484918793503}",-0.007320998033616768,-2.0285714285714285,244.4571428571429,False,True
qwen,opd,40,E_general,E_general,0.1,18,5,equal5_non_qk,True,"mlp.down_proj,mlp.gate_proj,mlp.up_proj,self_attn.o_proj,self_attn.v_proj","self_attn.q_proj,self_attn.k_proj",646.6,657.2,646.6,-10.6,0.022712649200887898,0.01612903225806455,"{""mlp.down_proj"": 1200.0, ""mlp.gate_proj"": 300.0, ""mlp.up_proj"": 920.0, ""self_attn.o_proj"": 589.0, ""self_attn.v_proj"": 277.0}","{""mlp.down_proj"": 1190.0, ""mlp.gate_proj"": 284.0, ""mlp.up_proj"": 908.0, ""self_attn.o_proj"": 581.0, ""self_attn.v_proj"": 270.0}","{""mlp.down_proj"": -10.0, ""mlp.gate_proj"": -16.0, ""mlp.up_proj"": -12.0, ""self_attn.o_proj"": -8.0, ""self_attn.v_proj"": -7.0}","{""mlp.down_proj"": 0.008333333333333333, ""mlp.gate_proj"": 0.05333333333333334, ""mlp.up_proj"": 0.013043478260869565, ""self_attn.o_proj"": 0.013582342954159592, ""self_attn.v_proj"": 0.02527075812274368}",0.022712649200887898,0.0,7,equal7,True,"mlp.down_proj,mlp.gate_proj,mlp.up_proj,self_attn.k_proj,self_attn.o_proj,self_attn.q_proj,self_attn.v_proj",,471.7142857142857,479.7142857142857,471.7142857142857,-8.0,0.028544333178789395,0.016676593210244194,"{""mlp.down_proj"": 1200.0, ""mlp.gate_proj"": 300.0, ""mlp.up_proj"": 920.0, ""self_attn.k_proj"": 39.0, ""self_attn.o_proj"": 589.0, ""self_attn.q_proj"": 33.0, ""self_attn.v_proj"": 277.0}","{""mlp.down_proj"": 1190.0, ""mlp.gate_proj"": 284.0, ""mlp.up_proj"": 908.0, ""self_attn.k_proj"": 38.0, ""self_attn.o_proj"": 581.0, ""self_attn.q_proj"": 31.0, ""self_attn.v_proj"": 270.0}","{""mlp.down_proj"": -10.0, ""mlp.gate_proj"": -16.0, ""mlp.up_proj"": -12.0, ""self_attn.k_proj"": -1.0, ""self_attn.o_proj"": -8.0, ""self_attn.q_proj"": -2.0, ""self_attn.v_proj"": -7.0}","{""mlp.down_proj"": 0.008333333333333333, ""mlp.gate_proj"": 0.05333333333333334, ""mlp.up_proj"": 0.013043478260869565, ""self_attn.k_proj"": 0.02564102564102564, ""self_attn.o_proj"": 0.013582342954159592, ""self_attn.q_proj"": 0.06060606060606061, ""self_attn.v_proj"": 0.02527075812274368}",-0.005831683977901497,-2.5999999999999996,174.8857142857143,False,True
qwen,opd,40,E_if,E_ifeval,0.01,18,5,equal5_non_qk,True,"mlp.down_proj,mlp.gate_proj,mlp.up_proj,self_attn.o_proj,self_attn.v_proj","self_attn.q_proj,self_attn.k_proj",1476.2,1484.2,1476.2,-8.0,0.006067482508589975,0.005390109149710281,"{""mlp.down_proj"": 2024.0, ""mlp.gate_proj"": 1528.0, ""mlp.up_proj"": 1933.0, ""self_attn.o_proj"": 1347.0, ""self_attn.v_proj"": 589.0}","{""mlp.down_proj"": 2020.0, ""mlp.gate_proj"": 1507.0, ""mlp.up_proj"": 1923.0, ""self_attn.o_proj"": 1348.0, ""self_attn.v_proj"": 583.0}","{""mlp.down_proj"": -4.0, ""mlp.gate_proj"": -21.0, ""mlp.up_proj"": -10.0, ""self_attn.o_proj"": 1.0, ""self_attn.v_proj"": -6.0}","{""mlp.down_proj"": 0.001976284584980237, ""mlp.gate_proj"": 0.0137434554973822, ""mlp.up_proj"": 0.005173305742369374, ""self_attn.o_proj"": -0.0007423904974016332, ""self_attn.v_proj"": 0.010186757215619695}",0.006482723913328925,-0.00041524140473895004,7,equal7,True,"mlp.down_proj,mlp.gate_proj,mlp.up_proj,self_attn.k_proj,self_attn.o_proj,self_attn.q_proj,self_attn.v_proj",,1167.2857142857142,1174.0,1167.2857142857142,-6.714285714285714,0.00724494543352274,0.005719153078607989,"{""mlp.down_proj"": 2024.0, ""mlp.gate_proj"": 1528.0, ""mlp.up_proj"": 1933.0, ""self_attn.k_proj"": 273.0, ""self_attn.o_proj"": 1347.0, ""self_attn.q_proj"": 524.0, ""self_attn.v_proj"": 589.0}","{""mlp.down_proj"": 2020.0, ""mlp.gate_proj"": 1507.0, ""mlp.up_proj"": 1923.0, ""self_attn.k_proj"": 269.0, ""self_attn.o_proj"": 1348.0, ""self_attn.q_proj"": 521.0, ""self_attn.v_proj"": 583.0}","{""mlp.down_proj"": -4.0, ""mlp.gate_proj"": -21.0, ""mlp.up_proj"": -10.0, ""self_attn.k_proj"": -4.0, ""self_attn.o_proj"": 1.0, ""self_attn.q_proj"": -3.0, ""self_attn.v_proj"": -6.0}","{""mlp.down_proj"": 0.001976284584980237, ""mlp.gate_proj"": 0.0137434554973822, ""mlp.up_proj"": 0.005173305742369374, ""self_attn.k_proj"": 0.014652014652014652, ""self_attn.o_proj"": -0.0007423904974016332, ""self_attn.q_proj"": 0.0057251908396946565, ""self_attn.v_proj"": 0.010186757215619695}",-0.0011774629249327656,-1.2857142857142856,308.9142857142858,False,True
qwen,opd,40,E_if,E_ifeval,0.025,18,5,equal5_non_qk,True,"mlp.down_proj,mlp.gate_proj,mlp.up_proj,self_attn.o_proj,self_attn.v_proj","self_attn.q_proj,self_attn.k_proj",1100.4,1109.6,1100.4,-9.2,0.00964944958272895,0.008291276135544177,"{""mlp.down_proj"": 1649.0, ""mlp.gate_proj"": 1005.0, ""mlp.up_proj"": 1521.0, ""self_attn.o_proj"": 969.0, ""self_attn.v_proj"": 404.0}","{""mlp.down_proj"": 1644.0, ""mlp.gate_proj"": 981.0, ""mlp.up_proj"": 1508.0, ""self_attn.o_proj"": 971.0, ""self_attn.v_proj"": 398.0}","{""mlp.down_proj"": -5.0, ""mlp.gate_proj"": -24.0, ""mlp.up_proj"": -13.0, ""self_attn.o_proj"": 2.0, ""self_attn.v_proj"": -6.0}","{""mlp.down_proj"": 0.0030321406913280777, ""mlp.gate_proj"": 0.023880597014925373, ""mlp.up_proj"": 0.008547008547008548, ""self_attn.o_proj"": -0.0020639834881320948, ""self_attn.v_proj"": 0.01485148514851485}",0.010216047612446908,-0.0005665980297179588,7,equal7,True,"mlp.down_proj,mlp.gate_proj,mlp.up_proj,self_attn.k_proj,self_attn.o_proj,self_attn.q_proj,self_attn.v_proj",,833.0,840.0,833.0,-7.0,0.009898871358640869,0.008333333333333333,"{""mlp.down_proj"": 1649.0, ""mlp.gate_proj"": 1005.0, ""mlp.up_proj"": 1521.0, ""self_attn.k_proj"": 123.0, ""self_attn.o_proj"": 969.0, ""self_attn.q_proj"": 209.0, ""self_attn.v_proj"": 404.0}","{""mlp.down_proj"": 1644.0, ""mlp.gate_proj"": 981.0, ""mlp.up_proj"": 1508.0, ""self_attn.k_proj"": 121.0, ""self_attn.o_proj"": 971.0, ""self_attn.q_proj"": 208.0, ""self_attn.v_proj"": 398.0}","{""mlp.down_proj"": -5.0, ""mlp.gate_proj"": -24.0, ""mlp.up_proj"": -13.0, ""self_attn.k_proj"": -2.0, ""self_attn.o_proj"": 2.0, ""self_attn.q_proj"": -1.0, ""self_attn.v_proj"": -6.0}","{""mlp.down_proj"": 0.0030321406913280777, ""mlp.gate_proj"": 0.023880597014925373, ""mlp.up_proj"": 0.008547008547008548, ""self_attn.k_proj"": 0.016260162601626018, ""self_attn.o_proj"": -0.0020639834881320948, ""self_attn.q_proj"": 0.004784688995215311, ""self_attn.v_proj"": 0.01485148514851485}",-0.00024942177591191945,-2.1999999999999993,267.4000000000001,False,True
qwen,opd,40,E_if,E_ifeval,0.05,18,5,equal5_non_qk,True,"mlp.down_proj,mlp.gate_proj,mlp.up_proj,self_attn.o_proj,self_attn.v_proj","self_attn.q_proj,self_attn.k_proj",773.8,782.0,773.8,-8.2,0.013343431965804975,0.010485933503836375,"{""mlp.down_proj"": 1274.0, ""mlp.gate_proj"": 584.0, ""mlp.up_proj"": 1127.0, ""self_attn.o_proj"": 672.0, ""self_attn.v_proj"": 253.0}","{""mlp.down_proj"": 1269.0, ""mlp.gate_proj"": 563.0, ""mlp.up_proj"": 1114.0, ""self_attn.o_proj"": 675.0, ""self_attn.v_proj"": 248.0}","{""mlp.down_proj"": -5.0, ""mlp.gate_proj"": -21.0, ""mlp.up_proj"": -13.0, ""self_attn.o_proj"": 3.0, ""self_attn.v_proj"": -5.0}","{""mlp.down_proj"": 0.003924646781789639, ""mlp.gate_proj"": 0.03595890410958904, ""mlp.up_proj"": 0.011535048802129548, ""self_attn.o_proj"": -0.004464285714285714, ""self_attn.v_proj"": 0.019762845849802372}",0.015428620943304924,-0.002085188977499949,7,equal7,True,"mlp.down_proj,mlp.gate_proj,mlp.up_proj,self_attn.k_proj,self_attn.o_proj,self_attn.q_proj,self_attn.v_proj",,569.8571428571429,575.7142857142857,569.8571428571429,-5.857142857142857,0.00953102283271784,0.010173697270471323,"{""mlp.down_proj"": 1274.0, ""mlp.gate_proj"": 584.0, ""mlp.up_proj"": 1127.0, ""self_attn.k_proj"": 50.0, ""self_attn.o_proj"": 672.0, ""self_attn.q_proj"": 70.0, ""self_attn.v_proj"": 253.0}","{""mlp.down_proj"": 1269.0, ""mlp.gate_proj"": 563.0, ""mlp.up_proj"": 1114.0, ""self_attn.k_proj"": 50.0, ""self_attn.o_proj"": 675.0, ""self_attn.q_proj"": 70.0, ""self_attn.v_proj"": 248.0}","{""mlp.down_proj"": -5.0, ""mlp.gate_proj"": -21.0, ""mlp.up_proj"": -13.0, ""self_attn.k_proj"": 0.0, ""self_attn.o_proj"": 3.0, ""self_attn.q_proj"": 0.0, ""self_attn.v_proj"": -5.0}","{""mlp.down_proj"": 0.003924646781789639, ""mlp.gate_proj"": 0.03595890410958904, ""mlp.up_proj"": 0.011535048802129548, ""self_attn.k_proj"": 0.0, ""self_attn.o_proj"": -0.004464285714285714, ""self_attn.q_proj"": 0.0, ""self_attn.v_proj"": 0.019762845849802372}",0.003812409133087136,-2.3428571428571425,203.94285714285706,False,True
qwen,opd,40,E_if,E_ifeval,0.1,18,5,equal5_non_qk,True,"mlp.down_proj,mlp.gate_proj,mlp.up_proj,self_attn.o_proj,self_attn.v_proj","self_attn.q_proj,self_attn.k_proj",447.2,453.0,447.2,-5.8,0.019153871625802947,0.012803532008830047,"{""mlp.down_proj"": 839.0, ""mlp.gate_proj"": 228.0, ""mlp.up_proj"": 695.0, ""self_attn.o_proj"": 387.0, ""self_attn.v_proj"": 116.0}","{""mlp.down_proj"": 834.0, ""mlp.gate_proj"": 215.0, ""mlp.up_proj"": 683.0, ""self_attn.o_proj"": 391.0, ""self_attn.v_proj"": 113.0}","{""mlp.down_proj"": -5.0, ""mlp.gate_proj"": -13.0, ""mlp.up_proj"": -12.0, ""self_attn.o_proj"": 4.0, ""self_attn.v_proj"": -3.0}","{""mlp.down_proj"": 0.0059594755661501785, ""mlp.gate_proj"": 0.05701754385964912, ""mlp.up_proj"": 0.017266187050359712, ""self_attn.o_proj"": -0.0103359173126615, ""self_attn.v_proj"": 0.02586206896551724}",0.022712649200887898,-0.003558777575084951,7,equal7,True,"mlp.down_proj,mlp.gate_proj,mlp.up_proj,self_attn.k_proj,self_attn.o_proj,self_attn.q_proj,self_attn.v_proj",,323.14285714285717,327.42857142857144,323.14285714285717,-4.285714285714286,0.022609908304144964,0.013089005235602068,"{""mlp.down_proj"": 839.0, ""mlp.gate_proj"": 228.0, ""mlp.up_proj"": 695.0, ""self_attn.k_proj"": 16.0, ""self_attn.o_proj"": 387.0, ""self_attn.q_proj"": 11.0, ""self_attn.v_proj"": 116.0}","{""mlp.down_proj"": 834.0, ""mlp.gate_proj"": 215.0, ""mlp.up_proj"": 683.0, ""self_attn.k_proj"": 15.0, ""self_attn.o_proj"": 391.0, ""self_attn.q_proj"": 11.0, ""self_attn.v_proj"": 113.0}","{""mlp.down_proj"": -5.0, ""mlp.gate_proj"": -13.0, ""mlp.up_proj"": -12.0, ""self_attn.k_proj"": -1.0, ""self_attn.o_proj"": 4.0, ""self_attn.q_proj"": 0.0, ""self_attn.v_proj"": -3.0}","{""mlp.down_proj"": 0.0059594755661501785, ""mlp.gate_proj"": 0.05701754385964912, ""mlp.up_proj"": 0.017266187050359712, ""self_attn.k_proj"": 0.0625, ""self_attn.o_proj"": -0.0103359173126615, ""self_attn.q_proj"": 0.0, ""self_attn.v_proj"": 0.02586206896551724}",-0.003456036678342017,-1.5142857142857142,124.05714285714282,False,True
qwen,opd,40,E_math,E_mathHeld,0.01,18,5,equal5_non_qk,True,"mlp.down_proj,mlp.gate_proj,mlp.up_proj,self_attn.o_proj,self_attn.v_proj","self_attn.q_proj,self_attn.k_proj",1644.0,1649.6,1644.0,-5.6,0.004032487292372656,0.0033947623666342806,"{""mlp.down_proj"": 2176.0, ""mlp.gate_proj"": 1819.0, ""mlp.up_proj"": 2046.0, ""self_attn.o_proj"": 1520.0, ""self_attn.v_proj"": 687.0}","{""mlp.down_proj"": 2172.0, ""mlp.gate_proj"": 1806.0, ""mlp.up_proj"": 2041.0, ""self_attn.o_proj"": 1520.0, ""self_attn.v_proj"": 681.0}","{""mlp.down_proj"": -4.0, ""mlp.gate_proj"": -13.0, ""mlp.up_proj"": -5.0, ""self_attn.o_proj"": 0.0, ""self_attn.v_proj"": -6.0}","{""mlp.down_proj"": 0.001838235294117647, ""mlp.gate_proj"": 0.007146783947223749, ""mlp.up_proj"": 0.0024437927663734115, ""self_attn.o_proj"": 0.0, ""self_attn.v_proj"": 0.008733624454148471}",0.006482723913328925,-0.0024502366209562688,7,equal7,True,"mlp.down_proj,mlp.gate_proj,mlp.up_proj,self_attn.k_proj,self_attn.o_proj,self_attn.q_proj,self_attn.v_proj",,1332.142857142857,1339.0,1332.142857142857,-6.857142857142857,0.007866295070538782,0.005121092499733301,"{""mlp.down_proj"": 2176.0, ""mlp.gate_proj"": 1819.0, ""mlp.up_proj"": 2046.0, ""self_attn.k_proj"": 363.0, ""self_attn.o_proj"": 1520.0, ""self_attn.q_proj"": 762.0, ""self_attn.v_proj"": 687.0}","{""mlp.down_proj"": 2172.0, ""mlp.gate_proj"": 1806.0, ""mlp.up_proj"": 2041.0, ""self_attn.k_proj"": 357.0, ""self_attn.o_proj"": 1520.0, ""self_attn.q_proj"": 748.0, ""self_attn.v_proj"": 681.0}","{""mlp.down_proj"": -4.0, ""mlp.gate_proj"": -13.0, ""mlp.up_proj"": -5.0, ""self_attn.k_proj"": -6.0, ""self_attn.o_proj"": 0.0, ""self_attn.q_proj"": -14.0, ""self_attn.v_proj"": -6.0}","{""mlp.down_proj"": 0.001838235294117647, ""mlp.gate_proj"": 0.007146783947223749, ""mlp.up_proj"": 0.0024437927663734115, ""self_attn.k_proj"": 0.01652892561983471, ""self_attn.o_proj"": 0.0, ""self_attn.q_proj"": 0.01837270341207349, ""self_attn.v_proj"": 0.008733624454148471}",-0.003833807778166126,1.2571428571428571,311.8571428571429,False,True
qwen,opd,40,E_math,E_mathHeld,0.025,18,5,equal5_non_qk,True,"mlp.down_proj,mlp.gate_proj,mlp.up_proj,self_attn.o_proj,self_attn.v_proj","self_attn.q_proj,self_attn.k_proj",1315.0,1322.2,1315.0,-7.2,0.006700213611730227,0.005445469671759223,"{""mlp.down_proj"": 1875.0, ""mlp.gate_proj"": 1369.0, ""mlp.up_proj"": 1691.0, ""self_attn.o_proj"": 1157.0, ""self_attn.v_proj"": 519.0}","{""mlp.down_proj"": 1870.0, ""mlp.gate_proj"": 1352.0, ""mlp.up_proj"": 1683.0, ""self_attn.o_proj"": 1159.0, ""self_attn.v_proj"": 511.0}","{""mlp.down_proj"": -5.0, ""mlp.gate_proj"": -17.0, ""mlp.up_proj"": -8.0, ""self_attn.o_proj"": 2.0, ""self_attn.v_proj"": -8.0}","{""mlp.down_proj"": 0.0026666666666666666, ""mlp.gate_proj"": 0.01241782322863404, ""mlp.up_proj"": 0.004730928444707274, ""self_attn.o_proj"": -0.001728608470181504, ""self_attn.v_proj"": 0.015414258188824663}",0.010216047612446908,-0.003515834000716681,7,equal7,True,"mlp.down_proj,mlp.gate_proj,mlp.up_proj,self_attn.k_proj,self_attn.o_proj,self_attn.q_proj,self_attn.v_proj",,1018.1428571428571,1025.5714285714287,1018.1428571428571,-7.428571428571429,0.01271140588793208,0.00724334865580177,"{""mlp.down_proj"": 1875.0, ""mlp.gate_proj"": 1369.0, ""mlp.up_proj"": 1691.0, ""self_attn.k_proj"": 189.0, ""self_attn.o_proj"": 1157.0, ""self_attn.q_proj"": 379.0, ""self_attn.v_proj"": 519.0}","{""mlp.down_proj"": 1870.0, ""mlp.gate_proj"": 1352.0, ""mlp.up_proj"": 1683.0, ""self_attn.k_proj"": 184.0, ""self_attn.o_proj"": 1159.0, ""self_attn.q_proj"": 368.0, ""self_attn.v_proj"": 511.0}","{""mlp.down_proj"": -5.0, ""mlp.gate_proj"": -17.0, ""mlp.up_proj"": -8.0, ""self_attn.k_proj"": -5.0, ""self_attn.o_proj"": 2.0, ""self_attn.q_proj"": -11.0, ""self_attn.v_proj"": -8.0}","{""mlp.down_proj"": 0.0026666666666666666, ""mlp.gate_proj"": 0.01241782322863404, ""mlp.up_proj"": 0.004730928444707274, ""self_attn.k_proj"": 0.026455026455026454, ""self_attn.o_proj"": -0.001728608470181504, ""self_attn.q_proj"": 0.029023746701846966, ""self_attn.v_proj"": 0.015414258188824663}",-0.006011192276201853,0.22857142857142865,296.8571428571429,False,True
qwen,opd,40,E_math,E_mathHeld,0.05,18,5,equal5_non_qk,True,"mlp.down_proj,mlp.gate_proj,mlp.up_proj,self_attn.o_proj,self_attn.v_proj","self_attn.q_proj,self_attn.k_proj",1006.4,1014.2,1006.4,-7.8,0.010023031036399033,0.007690790771051142,"{""mlp.down_proj"": 1552.0, ""mlp.gate_proj"": 956.0, ""mlp.up_proj"": 1332.0, ""self_attn.o_proj"": 860.0, ""self_attn.v_proj"": 371.0}","{""mlp.down_proj"": 1545.0, ""mlp.gate_proj"": 938.0, ""mlp.up_proj"": 1324.0, ""self_attn.o_proj"": 863.0, ""self_attn.v_proj"": 362.0}","{""mlp.down_proj"": -7.0, ""mlp.gate_proj"": -18.0, ""mlp.up_proj"": -8.0, ""self_attn.o_proj"": 3.0, ""self_attn.v_proj"": -9.0}","{""mlp.down_proj"": 0.004510309278350515, ""mlp.gate_proj"": 0.01882845188284519, ""mlp.up_proj"": 0.006006006006006006, ""self_attn.o_proj"": -0.0034883720930232558, ""self_attn.v_proj"": 0.02425876010781671}",0.015428620943304924,-0.005405589906905891,7,equal7,True,"mlp.down_proj,mlp.gate_proj,mlp.up_proj,self_attn.k_proj,self_attn.o_proj,self_attn.q_proj,self_attn.v_proj",,751.4285714285714,758.1428571428571,751.4285714285714,-6.714285714285714,0.01620949114935331,0.008856227623892907,"{""mlp.down_proj"": 1552.0, ""mlp.gate_proj"": 956.0, ""mlp.up_proj"": 1332.0, ""self_attn.k_proj"": 82.0, ""self_attn.o_proj"": 860.0, ""self_attn.q_proj"": 154.0, ""self_attn.v_proj"": 371.0}","{""mlp.down_proj"": 1545.0, ""mlp.gate_proj"": 938.0, ""mlp.up_proj"": 1324.0, ""self_attn.k_proj"": 80.0, ""self_attn.o_proj"": 863.0, ""self_attn.q_proj"": 148.0, ""self_attn.v_proj"": 362.0}","{""mlp.down_proj"": -7.0, ""mlp.gate_proj"": -18.0, ""mlp.up_proj"": -8.0, ""self_attn.k_proj"": -2.0, ""self_attn.o_proj"": 3.0, ""self_attn.q_proj"": -6.0, ""self_attn.v_proj"": -9.0}","{""mlp.down_proj"": 0.004510309278350515, ""mlp.gate_proj"": 0.01882845188284519, ""mlp.up_proj"": 0.006006006006006006, ""self_attn.k_proj"": 0.024390243902439025, ""self_attn.o_proj"": -0.0034883720930232558, ""self_attn.q_proj"": 0.03896103896103896, ""self_attn.v_proj"": 0.02425876010781671}",-0.006186460112954277,-1.0857142857142854,254.97142857142853,False,True
qwen,opd,40,E_math,E_mathHeld,0.1,18,5,equal5_non_qk,True,"mlp.down_proj,mlp.gate_proj,mlp.up_proj,self_attn.o_proj,self_attn.v_proj","self_attn.q_proj,self_attn.k_proj",666.2,673.2,666.2,-7.0,0.014434151920468843,0.010398098633392751,"{""mlp.down_proj"": 1147.0, ""mlp.gate_proj"": 529.0, ""mlp.up_proj"": 913.0, ""self_attn.o_proj"": 561.0, ""self_attn.v_proj"": 216.0}","{""mlp.down_proj"": 1140.0, ""mlp.gate_proj"": 513.0, ""mlp.up_proj"": 905.0, ""self_attn.o_proj"": 564.0, ""self_attn.v_proj"": 209.0}","{""mlp.down_proj"": -7.0, ""mlp.gate_proj"": -16.0, ""mlp.up_proj"": -8.0, ""self_attn.o_proj"": 3.0, ""self_attn.v_proj"": -7.0}","{""mlp.down_proj"": 0.006102877070619006, ""mlp.gate_proj"": 0.030245746691871456, ""mlp.up_proj"": 0.008762322015334063, ""self_attn.o_proj"": -0.0053475935828877, ""self_attn.v_proj"": 0.032407407407407406}",0.022712649200887898,-0.008278497280419055,7,equal7,True,"mlp.down_proj,mlp.gate_proj,mlp.up_proj,self_attn.k_proj,self_attn.o_proj,self_attn.q_proj,self_attn.v_proj",,483.2857142857143,488.7142857142857,483.2857142857143,-5.428571428571429,0.02547907932875271,0.011107863197895385,"{""mlp.down_proj"": 1147.0, ""mlp.gate_proj"": 529.0, ""mlp.up_proj"": 913.0, ""self_attn.k_proj"": 24.0, ""self_attn.o_proj"": 561.0, ""self_attn.q_proj"": 31.0, ""self_attn.v_proj"": 216.0}","{""mlp.down_proj"": 1140.0, ""mlp.gate_proj"": 513.0, ""mlp.up_proj"": 905.0, ""self_attn.k_proj"": 23.0, ""self_attn.o_proj"": 564.0, ""self_attn.q_proj"": 29.0, ""self_attn.v_proj"": 209.0}","{""mlp.down_proj"": -7.0, ""mlp.gate_proj"": -16.0, ""mlp.up_proj"": -8.0, ""self_attn.k_proj"": -1.0, ""self_attn.o_proj"": 3.0, ""self_attn.q_proj"": -2.0, ""self_attn.v_proj"": -7.0}","{""mlp.down_proj"": 0.006102877070619006, ""mlp.gate_proj"": 0.030245746691871456, ""mlp.up_proj"": 0.008762322015334063, ""self_attn.k_proj"": 0.041666666666666664, ""self_attn.o_proj"": -0.0053475935828877, ""self_attn.q_proj"": 0.06451612903225806, ""self_attn.v_proj"": 0.032407407407407406}",-0.011044927408283868,-1.5714285714285712,182.91428571428577,False,True
qwen,opd,40,E_ood,E_mmluPro,0.01,18,5,equal5_non_qk,True,"mlp.down_proj,mlp.gate_proj,mlp.up_proj,self_attn.o_proj,self_attn.v_proj","self_attn.q_proj,self_attn.k_proj",1600.0,1610.4,1600.0,-10.4,0.007012126285859584,0.006458022851465531,"{""mlp.down_proj"": 2156.0, ""mlp.gate_proj"": 1667.0, ""mlp.up_proj"": 2029.0, ""self_attn.o_proj"": 1471.0, ""self_attn.v_proj"": 729.0}","{""mlp.down_proj"": 2151.0, ""mlp.gate_proj"": 1646.0, ""mlp.up_proj"": 2020.0, ""self_attn.o_proj"": 1460.0, ""self_attn.v_proj"": 723.0}","{""mlp.down_proj"": -5.0, ""mlp.gate_proj"": -21.0, ""mlp.up_proj"": -9.0, ""self_attn.o_proj"": -11.0, ""self_attn.v_proj"": -6.0}","{""mlp.down_proj"": 0.002319109461966605, ""mlp.gate_proj"": 0.01259748050389922, ""mlp.up_proj"": 0.004435682602267127, ""self_attn.o_proj"": 0.007477906186267845, ""self_attn.v_proj"": 0.00823045267489712}",0.006482723913328925,0.0005294023725306591,7,equal7,True,"mlp.down_proj,mlp.gate_proj,mlp.up_proj,self_attn.k_proj,self_attn.o_proj,self_attn.q_proj,self_attn.v_proj",,1295.4285714285713,1305.5714285714287,1295.4285714285713,-10.142857142857142,0.009705199796993016,0.00776890250574476,"{""mlp.down_proj"": 2156.0, ""mlp.gate_proj"": 1667.0, ""mlp.up_proj"": 2029.0, ""self_attn.k_proj"": 402.0, ""self_attn.o_proj"": 1471.0, ""self_attn.q_proj"": 685.0, ""self_attn.v_proj"": 729.0}","{""mlp.down_proj"": 2151.0, ""mlp.gate_proj"": 1646.0, ""mlp.up_proj"": 2020.0, ""self_attn.k_proj"": 397.0, ""self_attn.o_proj"": 1460.0, ""self_attn.q_proj"": 671.0, ""self_attn.v_proj"": 723.0}","{""mlp.down_proj"": -5.0, ""mlp.gate_proj"": -21.0, ""mlp.up_proj"": -9.0, ""self_attn.k_proj"": -5.0, ""self_attn.o_proj"": -11.0, ""self_attn.q_proj"": -14.0, ""self_attn.v_proj"": -6.0}","{""mlp.down_proj"": 0.002319109461966605, ""mlp.gate_proj"": 0.01259748050389922, ""mlp.up_proj"": 0.004435682602267127, ""self_attn.k_proj"": 0.012437810945273632, ""self_attn.o_proj"": 0.007477906186267845, ""self_attn.q_proj"": 0.020437956204379562, ""self_attn.v_proj"": 0.00823045267489712}",-0.0026930735111334323,-0.257142857142858,304.57142857142867,False,True
qwen,opd,40,E_ood,E_mmluPro,0.025,18,5,equal5_non_qk,True,"mlp.down_proj,mlp.gate_proj,mlp.up_proj,self_attn.o_proj,self_attn.v_proj","self_attn.q_proj,self_attn.k_proj",1256.0,1268.4,1256.0,-12.4,0.010945865793612102,0.00977609586881117,"{""mlp.down_proj"": 1847.0, ""mlp.gate_proj"": 1163.0, ""mlp.up_proj"": 1655.0, ""self_attn.o_proj"": 1105.0, ""self_attn.v_proj"": 572.0}","{""mlp.down_proj"": 1840.0, ""mlp.gate_proj"": 1138.0, ""mlp.up_proj"": 1643.0, ""self_attn.o_proj"": 1094.0, ""self_attn.v_proj"": 565.0}","{""mlp.down_proj"": -7.0, ""mlp.gate_proj"": -25.0, ""mlp.up_proj"": -12.0, ""self_attn.o_proj"": -11.0, ""self_attn.v_proj"": -7.0}","{""mlp.down_proj"": 0.003789929615592853, ""mlp.gate_proj"": 0.021496130696474634, ""mlp.up_proj"": 0.0072507552870090634, ""self_attn.o_proj"": 0.009954751131221719, ""self_attn.v_proj"": 0.012237762237762238}",0.010216047612446908,0.0007298181811651941,7,equal7,True,"mlp.down_proj,mlp.gate_proj,mlp.up_proj,self_attn.k_proj,self_attn.o_proj,self_attn.q_proj,self_attn.v_proj",,973.5714285714286,984.2857142857143,973.5714285714286,-10.714285714285714,0.014346074301191346,0.010885341074020385,"{""mlp.down_proj"": 1847.0, ""mlp.gate_proj"": 1163.0, ""mlp.up_proj"": 1655.0, ""self_attn.k_proj"": 230.0, ""self_attn.o_proj"": 1105.0, ""self_attn.q_proj"": 318.0, ""self_attn.v_proj"": 572.0}","{""mlp.down_proj"": 1840.0, ""mlp.gate_proj"": 1138.0, ""mlp.up_proj"": 1643.0, ""self_attn.k_proj"": 226.0, ""self_attn.o_proj"": 1094.0, ""self_attn.q_proj"": 309.0, ""self_attn.v_proj"": 565.0}","{""mlp.down_proj"": -7.0, ""mlp.gate_proj"": -25.0, ""mlp.up_proj"": -12.0, ""self_attn.k_proj"": -4.0, ""self_attn.o_proj"": -11.0, ""self_attn.q_proj"": -9.0, ""self_attn.v_proj"": -7.0}","{""mlp.down_proj"": 0.003789929615592853, ""mlp.gate_proj"": 0.021496130696474634, ""mlp.up_proj"": 0.0072507552870090634, ""self_attn.k_proj"": 0.017391304347826087, ""self_attn.o_proj"": 0.009954751131221719, ""self_attn.q_proj"": 0.02830188679245283, ""self_attn.v_proj"": 0.012237762237762238}",-0.0034002085075792443,-1.6857142857142868,282.42857142857144,False,True
qwen,opd,40,E_ood,E_mmluPro,0.05,18,5,equal5_non_qk,True,"mlp.down_proj,mlp.gate_proj,mlp.up_proj,self_attn.o_proj,self_attn.v_proj","self_attn.q_proj,self_attn.k_proj",941.8,954.4,941.8,-12.6,0.015688836894059154,0.013202011735121566,"{""mlp.down_proj"": 1519.0, ""mlp.gate_proj"": 731.0, ""mlp.up_proj"": 1281.0, ""self_attn.o_proj"": 810.0, ""self_attn.v_proj"": 431.0}","{""mlp.down_proj"": 1510.0, ""mlp.gate_proj"": 708.0, ""mlp.up_proj"": 1268.0, ""self_attn.o_proj"": 800.0, ""self_attn.v_proj"": 423.0}","{""mlp.down_proj"": -9.0, ""mlp.gate_proj"": -23.0, ""mlp.up_proj"": -13.0, ""self_attn.o_proj"": -10.0, ""self_attn.v_proj"": -8.0}","{""mlp.down_proj"": 0.005924950625411455, ""mlp.gate_proj"": 0.03146374829001368, ""mlp.up_proj"": 0.01014832162373146, ""self_attn.o_proj"": 0.012345679012345678, ""self_attn.v_proj"": 0.018561484918793503}",0.015428620943304924,0.00026021595075422996,7,equal7,True,"mlp.down_proj,mlp.gate_proj,mlp.up_proj,self_attn.k_proj,self_attn.o_proj,self_attn.q_proj,self_attn.v_proj",,705.4285714285714,715.5714285714286,705.4285714285714,-10.142857142857142,0.02080408106934283,0.014174485925334353,"{""mlp.down_proj"": 1519.0, ""mlp.gate_proj"": 731.0, ""mlp.up_proj"": 1281.0, ""self_attn.k_proj"": 116.0, ""self_attn.o_proj"": 810.0, ""self_attn.q_proj"": 121.0, ""self_attn.v_proj"": 431.0}","{""mlp.down_proj"": 1510.0, ""mlp.gate_proj"": 708.0, ""mlp.up_proj"": 1268.0, ""self_attn.k_proj"": 113.0, ""self_attn.o_proj"": 800.0, ""self_attn.q_proj"": 116.0, ""self_attn.v_proj"": 423.0}","{""mlp.down_proj"": -9.0, ""mlp.gate_proj"": -23.0, ""mlp.up_proj"": -13.0, ""self_attn.k_proj"": -3.0, ""self_attn.o_proj"": -10.0, ""self_attn.q_proj"": -5.0, ""self_attn.v_proj"": -8.0}","{""mlp.down_proj"": 0.005924950625411455, ""mlp.gate_proj"": 0.03146374829001368, ""mlp.up_proj"": 0.01014832162373146, ""self_attn.k_proj"": 0.02586206896551724, ""self_attn.o_proj"": 0.012345679012345678, ""self_attn.q_proj"": 0.04132231404958678, ""self_attn.v_proj"": 0.018561484918793503}",-0.005115244175283674,-2.4571428571428573,236.3714285714285,False,True
qwen,opd,40,E_ood,E_mmluPro,0.1,18,5,equal5_non_qk,True,"mlp.down_proj,mlp.gate_proj,mlp.up_proj,self_attn.o_proj,self_attn.v_proj","self_attn.q_proj,self_attn.k_proj",606.4,617.4,606.4,-11.0,0.024067181009741707,0.017816650469711696,"{""mlp.down_proj"": 1114.0, ""mlp.gate_proj"": 327.0, ""mlp.up_proj"": 850.0, ""self_attn.o_proj"": 518.0, ""self_attn.v_proj"": 278.0}","{""mlp.down_proj"": 1105.0, ""mlp.gate_proj"": 310.0, ""mlp.up_proj"": 838.0, ""self_attn.o_proj"": 509.0, ""self_attn.v_proj"": 270.0}","{""mlp.down_proj"": -9.0, ""mlp.gate_proj"": -17.0, ""mlp.up_proj"": -12.0, ""self_attn.o_proj"": -9.0, ""self_attn.v_proj"": -8.0}","{""mlp.down_proj"": 0.00807899461400359, ""mlp.gate_proj"": 0.05198776758409786, ""mlp.up_proj"": 0.01411764705882353, ""self_attn.o_proj"": 0.017374517374517374, ""self_attn.v_proj"": 0.02877697841726619}",0.022712649200887898,0.0013545318088538094,7,equal7,True,"mlp.down_proj,mlp.gate_proj,mlp.up_proj,self_attn.k_proj,self_attn.o_proj,self_attn.q_proj,self_attn.v_proj",,442.42857142857144,450.42857142857144,442.42857142857144,-8.0,0.022685349072892436,0.017760862670472565,"{""mlp.down_proj"": 1114.0, ""mlp.gate_proj"": 327.0, ""mlp.up_proj"": 850.0, ""self_attn.k_proj"": 40.0, ""self_attn.o_proj"": 518.0, ""self_attn.q_proj"": 26.0, ""self_attn.v_proj"": 278.0}","{""mlp.down_proj"": 1105.0, ""mlp.gate_proj"": 310.0, ""mlp.up_proj"": 838.0, ""self_attn.k_proj"": 40.0, ""self_attn.o_proj"": 509.0, ""self_attn.q_proj"": 25.0, ""self_attn.v_proj"": 270.0}","{""mlp.down_proj"": -9.0, ""mlp.gate_proj"": -17.0, ""mlp.up_proj"": -12.0, ""self_attn.k_proj"": 0.0, ""self_attn.o_proj"": -9.0, ""self_attn.q_proj"": -1.0, ""self_attn.v_proj"": -8.0}","{""mlp.down_proj"": 0.00807899461400359, ""mlp.gate_proj"": 0.05198776758409786, ""mlp.up_proj"": 0.01411764705882353, ""self_attn.k_proj"": 0.0, ""self_attn.o_proj"": 0.017374517374517374, ""self_attn.q_proj"": 0.038461538461538464, ""self_attn.v_proj"": 0.02877697841726619}",0.0013818319368492718,-3.0,163.97142857142853,False,True
qwen,opd,80,E_general,E_general,0.01,18,5,equal5_non_qk,True,"mlp.down_proj,mlp.gate_proj,mlp.up_proj,self_attn.o_proj,self_attn.v_proj","self_attn.q_proj,self_attn.k_proj",1626.6,1634.4,1626.6,-7.8,0.005420808729922957,0.0047723935389134735,"{""mlp.down_proj"": 2190.0, ""mlp.gate_proj"": 1641.0, ""mlp.up_proj"": 2064.0, ""self_attn.o_proj"": 1546.0, ""self_attn.v_proj"": 731.0}","{""mlp.down_proj"": 2185.0, ""mlp.gate_proj"": 1627.0, ""mlp.up_proj"": 2058.0, ""self_attn.o_proj"": 1538.0, ""self_attn.v_proj"": 725.0}","{""mlp.down_proj"": -5.0, ""mlp.gate_proj"": -14.0, ""mlp.up_proj"": -6.0, ""self_attn.o_proj"": -8.0, ""self_attn.v_proj"": -6.0}","{""mlp.down_proj"": 0.00228310502283105, ""mlp.gate_proj"": 0.008531383302864107, ""mlp.up_proj"": 0.0029069767441860465, ""self_attn.o_proj"": 0.00517464424320828, ""self_attn.v_proj"": 0.008207934336525308}",0.005420808729922957,0.0,7,equal7,True,"mlp.down_proj,mlp.gate_proj,mlp.up_proj,self_attn.k_proj,self_attn.o_proj,self_attn.q_proj,self_attn.v_proj",,1319.5714285714287,1328.4285714285713,1319.5714285714287,-8.857142857142858,0.009194761197341314,0.006667383589633148,"{""mlp.down_proj"": 2190.0, ""mlp.gate_proj"": 1641.0, ""mlp.up_proj"": 2064.0, ""self_attn.k_proj"": 400.0, ""self_attn.o_proj"": 1546.0, ""self_attn.q_proj"": 727.0, ""self_attn.v_proj"": 731.0}","{""mlp.down_proj"": 2185.0, ""mlp.gate_proj"": 1627.0, ""mlp.up_proj"": 2058.0, ""self_attn.k_proj"": 395.0, ""self_attn.o_proj"": 1538.0, ""self_attn.q_proj"": 709.0, ""self_attn.v_proj"": 725.0}","{""mlp.down_proj"": -5.0, ""mlp.gate_proj"": -14.0, ""mlp.up_proj"": -6.0, ""self_attn.k_proj"": -5.0, ""self_attn.o_proj"": -8.0, ""self_attn.q_proj"": -18.0, ""self_attn.v_proj"": -6.0}","{""mlp.down_proj"": 0.00228310502283105, ""mlp.gate_proj"": 0.008531383302864107, ""mlp.up_proj"": 0.0029069767441860465, ""self_attn.k_proj"": 0.0125, ""self_attn.o_proj"": 0.00517464424320828, ""self_attn.q_proj"": 0.024759284731774415, ""self_attn.v_proj"": 0.008207934336525308}",-0.003773952467418357,1.0571428571428578,307.02857142857124,False,True
qwen,opd,80,E_general,E_general,0.025,18,5,equal5_non_qk,True,"mlp.down_proj,mlp.gate_proj,mlp.up_proj,self_attn.o_proj,self_attn.v_proj","self_attn.q_proj,self_attn.k_proj",1290.2,1299.6,1290.2,-9.4,0.008479914698161582,0.007232994767620702,"{""mlp.down_proj"": 1900.0, ""mlp.gate_proj"": 1133.0, ""mlp.up_proj"": 1706.0, ""self_attn.o_proj"": 1186.0, ""self_attn.v_proj"": 573.0}","{""mlp.down_proj"": 1894.0, ""mlp.gate_proj"": 1116.0, ""mlp.up_proj"": 1697.0, ""self_attn.o_proj"": 1178.0, ""self_attn.v_proj"": 566.0}","{""mlp.down_proj"": -6.0, ""mlp.gate_proj"": -17.0, ""mlp.up_proj"": -9.0, ""self_attn.o_proj"": -8.0, ""self_attn.v_proj"": -7.0}","{""mlp.down_proj"": 0.003157894736842105, ""mlp.gate_proj"": 0.01500441306266549, ""mlp.up_proj"": 0.005275498241500586, ""self_attn.o_proj"": 0.006745362563237774, ""self_attn.v_proj"": 0.012216404886561954}",0.008479914698161582,0.0,7,equal7,True,"mlp.down_proj,mlp.gate_proj,mlp.up_proj,self_attn.k_proj,self_attn.o_proj,self_attn.q_proj,self_attn.v_proj",,1002.1428571428571,1011.2857142857143,1002.1428571428571,-9.142857142857142,0.013820554672437882,0.009040824975279074,"{""mlp.down_proj"": 1900.0, ""mlp.gate_proj"": 1133.0, ""mlp.up_proj"": 1706.0, ""self_attn.k_proj"": 227.0, ""self_attn.o_proj"": 1186.0, ""self_attn.q_proj"": 354.0, ""self_attn.v_proj"": 573.0}","{""mlp.down_proj"": 1894.0, ""mlp.gate_proj"": 1116.0, ""mlp.up_proj"": 1697.0, ""self_attn.k_proj"": 223.0, ""self_attn.o_proj"": 1178.0, ""self_attn.q_proj"": 341.0, ""self_attn.v_proj"": 566.0}","{""mlp.down_proj"": -6.0, ""mlp.gate_proj"": -17.0, ""mlp.up_proj"": -9.0, ""self_attn.k_proj"": -4.0, ""self_attn.o_proj"": -8.0, ""self_attn.q_proj"": -13.0, ""self_attn.v_proj"": -7.0}","{""mlp.down_proj"": 0.003157894736842105, ""mlp.gate_proj"": 0.01500441306266549, ""mlp.up_proj"": 0.005275498241500586, ""self_attn.k_proj"": 0.01762114537444934, ""self_attn.o_proj"": 0.006745362563237774, ""self_attn.q_proj"": 0.03672316384180791, ""self_attn.v_proj"": 0.012216404886561954}",-0.0053406399742763,-0.257142857142858,288.05714285714294,False,True
qwen,opd,80,E_general,E_general,0.05,18,5,equal5_non_qk,True,"mlp.down_proj,mlp.gate_proj,mlp.up_proj,self_attn.o_proj,self_attn.v_proj","self_attn.q_proj,self_attn.k_proj",981.2,991.2,981.2,-10.0,0.01247040867673819,0.010088781275221953,"{""mlp.down_proj"": 1590.0, ""mlp.gate_proj"": 701.0, ""mlp.up_proj"": 1344.0, ""self_attn.o_proj"": 890.0, ""self_attn.v_proj"": 431.0}","{""mlp.down_proj"": 1581.0, ""mlp.gate_proj"": 685.0, ""mlp.up_proj"": 1334.0, ""self_attn.o_proj"": 883.0, ""self_attn.v_proj"": 423.0}","{""mlp.down_proj"": -9.0, ""mlp.gate_proj"": -16.0, ""mlp.up_proj"": -10.0, ""self_attn.o_proj"": -7.0, ""self_attn.v_proj"": -8.0}","{""mlp.down_proj"": 0.005660377358490566, ""mlp.gate_proj"": 0.02282453637660485, ""mlp.up_proj"": 0.00744047619047619, ""self_attn.o_proj"": 0.007865168539325843, ""self_attn.v_proj"": 0.018561484918793503}",0.01247040867673819,0.0,7,equal7,True,"mlp.down_proj,mlp.gate_proj,mlp.up_proj,self_attn.k_proj,self_attn.o_proj,self_attn.q_proj,self_attn.v_proj",,736.2857142857143,744.7142857142857,736.2857142857143,-8.428571428571429,0.018380324219864266,0.01131785919815832,"{""mlp.down_proj"": 1590.0, ""mlp.gate_proj"": 701.0, ""mlp.up_proj"": 1344.0, ""self_attn.k_proj"": 113.0, ""self_attn.o_proj"": 890.0, ""self_attn.q_proj"": 144.0, ""self_attn.v_proj"": 431.0}","{""mlp.down_proj"": 1581.0, ""mlp.gate_proj"": 685.0, ""mlp.up_proj"": 1334.0, ""self_attn.k_proj"": 111.0, ""self_attn.o_proj"": 883.0, ""self_attn.q_proj"": 137.0, ""self_attn.v_proj"": 423.0}","{""mlp.down_proj"": -9.0, ""mlp.gate_proj"": -16.0, ""mlp.up_proj"": -10.0, ""self_attn.k_proj"": -2.0, ""self_attn.o_proj"": -7.0, ""self_attn.q_proj"": -7.0, ""self_attn.v_proj"": -8.0}","{""mlp.down_proj"": 0.005660377358490566, ""mlp.gate_proj"": 0.02282453637660485, ""mlp.up_proj"": 0.00744047619047619, ""self_attn.k_proj"": 0.017699115044247787, ""self_attn.o_proj"": 0.007865168539325843, ""self_attn.q_proj"": 0.04861111111111111, ""self_attn.v_proj"": 0.018561484918793503}",-0.005909915543126075,-1.5714285714285712,244.9142857142857,False,True
qwen,opd,80,E_general,E_general,0.1,18,5,equal5_non_qk,True,"mlp.down_proj,mlp.gate_proj,mlp.up_proj,self_attn.o_proj,self_attn.v_proj","self_attn.q_proj,self_attn.k_proj",648.6,657.2,648.6,-8.6,0.01854802480680311,0.013085818624467472,"{""mlp.down_proj"": 1200.0, ""mlp.gate_proj"": 300.0, ""mlp.up_proj"": 920.0, ""self_attn.o_proj"": 589.0, ""self_attn.v_proj"": 277.0}","{""mlp.down_proj"": 1191.0, ""mlp.gate_proj"": 288.0, ""mlp.up_proj"": 911.0, ""self_attn.o_proj"": 583.0, ""self_attn.v_proj"": 270.0}","{""mlp.down_proj"": -9.0, ""mlp.gate_proj"": -12.0, ""mlp.up_proj"": -9.0, ""self_attn.o_proj"": -6.0, ""self_attn.v_proj"": -7.0}","{""mlp.down_proj"": 0.0075, ""mlp.gate_proj"": 0.04, ""mlp.up_proj"": 0.009782608695652175, ""self_attn.o_proj"": 0.010186757215619695, ""self_attn.v_proj"": 0.02527075812274368}",0.01854802480680311,0.0,7,equal7,True,"mlp.down_proj,mlp.gate_proj,mlp.up_proj,self_attn.k_proj,self_attn.o_proj,self_attn.q_proj,self_attn.v_proj",,473.14285714285717,479.7142857142857,473.14285714285717,-6.571428571428571,0.025569601468728827,0.013698630136986268,"{""mlp.down_proj"": 1200.0, ""mlp.gate_proj"": 300.0, ""mlp.up_proj"": 920.0, ""self_attn.k_proj"": 39.0, ""self_attn.o_proj"": 589.0, ""self_attn.q_proj"": 33.0, ""self_attn.v_proj"": 277.0}","{""mlp.down_proj"": 1191.0, ""mlp.gate_proj"": 288.0, ""mlp.up_proj"": 911.0, ""self_attn.k_proj"": 38.0, ""self_attn.o_proj"": 583.0, ""self_attn.q_proj"": 31.0, ""self_attn.v_proj"": 270.0}","{""mlp.down_proj"": -9.0, ""mlp.gate_proj"": -12.0, ""mlp.up_proj"": -9.0, ""self_attn.k_proj"": -1.0, ""self_attn.o_proj"": -6.0, ""self_attn.q_proj"": -2.0, ""self_attn.v_proj"": -7.0}","{""mlp.down_proj"": 0.0075, ""mlp.gate_proj"": 0.04, ""mlp.up_proj"": 0.009782608695652175, ""self_attn.k_proj"": 0.02564102564102564, ""self_attn.o_proj"": 0.010186757215619695, ""self_attn.q_proj"": 0.06060606060606061, ""self_attn.v_proj"": 0.02527075812274368}",-0.007021576661925717,-2.0285714285714285,175.45714285714286,False,True
qwen,opd,80,E_if,E_ifeval,0.01,18,5,equal5_non_qk,True,"mlp.down_proj,mlp.gate_proj,mlp.up_proj,self_attn.o_proj,self_attn.v_proj","self_attn.q_proj,self_attn.k_proj",1477.0,1484.2,1477.0,-7.2,0.005842614789929737,0.004851098234739284,"{""mlp.down_proj"": 2024.0, ""mlp.gate_proj"": 1528.0, ""mlp.up_proj"": 1933.0, ""self_attn.o_proj"": 1347.0, ""self_attn.v_proj"": 589.0}","{""mlp.down_proj"": 2020.0, ""mlp.gate_proj"": 1512.0, ""mlp.up_proj"": 1925.0, ""self_attn.o_proj"": 1346.0, ""self_attn.v_proj"": 582.0}","{""mlp.down_proj"": -4.0, ""mlp.gate_proj"": -16.0, ""mlp.up_proj"": -8.0, ""self_attn.o_proj"": -1.0, ""self_attn.v_proj"": -7.0}","{""mlp.down_proj"": 0.001976284584980237, ""mlp.gate_proj"": 0.010471204188481676, ""mlp.up_proj"": 0.004138644593895499, ""self_attn.o_proj"": 0.0007423904974016332, ""self_attn.v_proj"": 0.011884550084889643}",0.005420808729922957,0.0004218060600067802,7,equal7,True,"mlp.down_proj,mlp.gate_proj,mlp.up_proj,self_attn.k_proj,self_attn.o_proj,self_attn.q_proj,self_attn.v_proj",,1167.142857142857,1174.0,1167.142857142857,-6.857142857142857,0.008698124412945887,0.005840837186663449,"{""mlp.down_proj"": 2024.0, ""mlp.gate_proj"": 1528.0, ""mlp.up_proj"": 1933.0, ""self_attn.k_proj"": 273.0, ""self_attn.o_proj"": 1347.0, ""self_attn.q_proj"": 524.0, ""self_attn.v_proj"": 589.0}","{""mlp.down_proj"": 2020.0, ""mlp.gate_proj"": 1512.0, ""mlp.up_proj"": 1925.0, ""self_attn.k_proj"": 268.0, ""self_attn.o_proj"": 1346.0, ""self_attn.q_proj"": 517.0, ""self_attn.v_proj"": 582.0}","{""mlp.down_proj"": -4.0, ""mlp.gate_proj"": -16.0, ""mlp.up_proj"": -8.0, ""self_attn.k_proj"": -5.0, ""self_attn.o_proj"": -1.0, ""self_attn.q_proj"": -7.0, ""self_attn.v_proj"": -7.0}","{""mlp.down_proj"": 0.001976284584980237, ""mlp.gate_proj"": 0.010471204188481676, ""mlp.up_proj"": 0.004138644593895499, ""self_attn.k_proj"": 0.018315018315018316, ""self_attn.o_proj"": 0.0007423904974016332, ""self_attn.q_proj"": 0.013358778625954198, ""self_attn.v_proj"": 0.011884550084889643}",-0.00285550962301615,-0.3428571428571434,309.8571428571429,False,True
qwen,opd,80,E_if,E_ifeval,0.025,18,5,equal5_non_qk,True,"mlp.down_proj,mlp.gate_proj,mlp.up_proj,self_attn.o_proj,self_attn.v_proj","self_attn.q_proj,self_attn.k_proj",1101.4,1109.6,1101.4,-8.2,0.009463838121955852,0.007390050468637183,"{""mlp.down_proj"": 1649.0, ""mlp.gate_proj"": 1005.0, ""mlp.up_proj"": 1521.0, ""self_attn.o_proj"": 969.0, ""self_attn.v_proj"": 404.0}","{""mlp.down_proj"": 1644.0, ""mlp.gate_proj"": 987.0, ""mlp.up_proj"": 1511.0, ""self_attn.o_proj"": 969.0, ""self_attn.v_proj"": 396.0}","{""mlp.down_proj"": -5.0, ""mlp.gate_proj"": -18.0, ""mlp.up_proj"": -10.0, ""self_attn.o_proj"": 0.0, ""self_attn.v_proj"": -8.0}","{""mlp.down_proj"": 0.0030321406913280777, ""mlp.gate_proj"": 0.01791044776119403, ""mlp.up_proj"": 0.006574621959237344, ""self_attn.o_proj"": 0.0, ""self_attn.v_proj"": 0.019801980198019802}",0.008479914698161582,0.00098392342379427,7,equal7,True,"mlp.down_proj,mlp.gate_proj,mlp.up_proj,self_attn.k_proj,self_attn.o_proj,self_attn.q_proj,self_attn.v_proj",,833.4285714285714,840.0,833.4285714285714,-6.571428571428571,0.011133345742435888,0.00782312925170066,"{""mlp.down_proj"": 1649.0, ""mlp.gate_proj"": 1005.0, ""mlp.up_proj"": 1521.0, ""self_attn.k_proj"": 123.0, ""self_attn.o_proj"": 969.0, ""self_attn.q_proj"": 209.0, ""self_attn.v_proj"": 404.0}","{""mlp.down_proj"": 1644.0, ""mlp.gate_proj"": 987.0, ""mlp.up_proj"": 1511.0, ""self_attn.k_proj"": 121.0, ""self_attn.o_proj"": 969.0, ""self_attn.q_proj"": 206.0, ""self_attn.v_proj"": 396.0}","{""mlp.down_proj"": -5.0, ""mlp.gate_proj"": -18.0, ""mlp.up_proj"": -10.0, ""self_attn.k_proj"": -2.0, ""self_attn.o_proj"": 0.0, ""self_attn.q_proj"": -3.0, ""self_attn.v_proj"": -8.0}","{""mlp.down_proj"": 0.0030321406913280777, ""mlp.gate_proj"": 0.01791044776119403, ""mlp.up_proj"": 0.006574621959237344, ""self_attn.k_proj"": 0.016260162601626018, ""self_attn.o_proj"": 0.0, ""self_attn.q_proj"": 0.014354066985645933, ""self_attn.v_proj"": 0.019801980198019802}",-0.001669507620480036,-1.6285714285714281,267.97142857142865,False,True
qwen,opd,80,E_if,E_ifeval,0.05,18,5,equal5_non_qk,True,"mlp.down_proj,mlp.gate_proj,mlp.up_proj,self_attn.o_proj,self_attn.v_proj","self_attn.q_proj,self_attn.k_proj",774.4,782.0,774.4,-7.6,0.012818916420656402,0.009718670076726372,"{""mlp.down_proj"": 1274.0, ""mlp.gate_proj"": 584.0, ""mlp.up_proj"": 1127.0, ""self_attn.o_proj"": 672.0, ""self_attn.v_proj"": 253.0}","{""mlp.down_proj"": 1268.0, ""mlp.gate_proj"": 568.0, ""mlp.up_proj"": 1116.0, ""self_attn.o_proj"": 673.0, ""self_attn.v_proj"": 247.0}","{""mlp.down_proj"": -6.0, ""mlp.gate_proj"": -16.0, ""mlp.up_proj"": -11.0, ""self_attn.o_proj"": 1.0, ""self_attn.v_proj"": -6.0}","{""mlp.down_proj"": 0.004709576138147566, ""mlp.gate_proj"": 0.0273972602739726, ""mlp.up_proj"": 0.009760425909494233, ""self_attn.o_proj"": -0.001488095238095238, ""self_attn.v_proj"": 0.023715415019762844}",0.01247040867673819,0.0003485077439182114,7,equal7,True,"mlp.down_proj,mlp.gate_proj,mlp.up_proj,self_attn.k_proj,self_attn.o_proj,self_attn.q_proj,self_attn.v_proj",,569.8571428571429,575.7142857142857,569.8571428571429,-5.857142857142857,0.016095144382101512,0.010173697270471323,"{""mlp.down_proj"": 1274.0, ""mlp.gate_proj"": 584.0, ""mlp.up_proj"": 1127.0, ""self_attn.k_proj"": 50.0, ""self_attn.o_proj"": 672.0, ""self_attn.q_proj"": 70.0, ""self_attn.v_proj"": 253.0}","{""mlp.down_proj"": 1268.0, ""mlp.gate_proj"": 568.0, ""mlp.up_proj"": 1116.0, ""self_attn.k_proj"": 49.0, ""self_attn.o_proj"": 673.0, ""self_attn.q_proj"": 68.0, ""self_attn.v_proj"": 247.0}","{""mlp.down_proj"": -6.0, ""mlp.gate_proj"": -16.0, ""mlp.up_proj"": -11.0, ""self_attn.k_proj"": -1.0, ""self_attn.o_proj"": 1.0, ""self_attn.q_proj"": -2.0, ""self_attn.v_proj"": -6.0}","{""mlp.down_proj"": 0.004709576138147566, ""mlp.gate_proj"": 0.0273972602739726, ""mlp.up_proj"": 0.009760425909494233, ""self_attn.k_proj"": 0.02, ""self_attn.o_proj"": -0.001488095238095238, ""self_attn.q_proj"": 0.02857142857142857, ""self_attn.v_proj"": 0.023715415019762844}",-0.0032762279614451106,-1.7428571428571429,204.5428571428571,False,True
qwen,opd,80,E_if,E_ifeval,0.1,18,5,equal5_non_qk,True,"mlp.down_proj,mlp.gate_proj,mlp.up_proj,self_attn.o_proj,self_attn.v_proj","self_attn.q_proj,self_attn.k_proj",447.8,453.0,447.8,-5.2,0.018416712988217173,0.01147902869757172,"{""mlp.down_proj"": 839.0, ""mlp.gate_proj"": 228.0, ""mlp.up_proj"": 695.0, ""self_attn.o_proj"": 387.0, ""self_attn.v_proj"": 116.0}","{""mlp.down_proj"": 834.0, ""mlp.gate_proj"": 218.0, ""mlp.up_proj"": 686.0, ""self_attn.o_proj"": 389.0, ""self_attn.v_proj"": 112.0}","{""mlp.down_proj"": -5.0, ""mlp.gate_proj"": -10.0, ""mlp.up_proj"": -9.0, ""self_attn.o_proj"": 2.0, ""self_attn.v_proj"": -4.0}","{""mlp.down_proj"": 0.0059594755661501785, ""mlp.gate_proj"": 0.043859649122807015, ""mlp.up_proj"": 0.012949640287769784, ""self_attn.o_proj"": -0.00516795865633075, ""self_attn.v_proj"": 0.034482758620689655}",0.01854802480680311,-0.00013131181858593716,7,equal7,True,"mlp.down_proj,mlp.gate_proj,mlp.up_proj,self_attn.k_proj,self_attn.o_proj,self_attn.q_proj,self_attn.v_proj",,323.57142857142856,327.42857142857144,323.57142857142856,-3.857142857142857,0.022083366420155126,0.011780104712041984,"{""mlp.down_proj"": 839.0, ""mlp.gate_proj"": 228.0, ""mlp.up_proj"": 695.0, ""self_attn.k_proj"": 16.0, ""self_attn.o_proj"": 387.0, ""self_attn.q_proj"": 11.0, ""self_attn.v_proj"": 116.0}","{""mlp.down_proj"": 834.0, ""mlp.gate_proj"": 218.0, ""mlp.up_proj"": 686.0, ""self_attn.k_proj"": 15.0, ""self_attn.o_proj"": 389.0, ""self_attn.q_proj"": 11.0, ""self_attn.v_proj"": 112.0}","{""mlp.down_proj"": -5.0, ""mlp.gate_proj"": -10.0, ""mlp.up_proj"": -9.0, ""self_attn.k_proj"": -1.0, ""self_attn.o_proj"": 2.0, ""self_attn.q_proj"": 0.0, ""self_attn.v_proj"": -4.0}","{""mlp.down_proj"": 0.0059594755661501785, ""mlp.gate_proj"": 0.043859649122807015, ""mlp.up_proj"": 0.012949640287769784, ""self_attn.k_proj"": 0.0625, ""self_attn.o_proj"": -0.00516795865633075, ""self_attn.q_proj"": 0.0, ""self_attn.v_proj"": 0.034482758620689655}",-0.003666653431937953,-1.342857142857143,124.22857142857146,False,True
qwen,opd,80,E_math,E_mathHeld,0.01,18,5,equal5_non_qk,True,"mlp.down_proj,mlp.gate_proj,mlp.up_proj,self_attn.o_proj,self_attn.v_proj","self_attn.q_proj,self_attn.k_proj",1644.2,1649.6,1644.2,-5.4,0.004103707062980977,0.0032735208535401698,"{""mlp.down_proj"": 2176.0, ""mlp.gate_proj"": 1819.0, ""mlp.up_proj"": 2046.0, ""self_attn.o_proj"": 1520.0, ""self_attn.v_proj"": 687.0}","{""mlp.down_proj"": 2172.0, ""mlp.gate_proj"": 1808.0, ""mlp.up_proj"": 2041.0, ""self_attn.o_proj"": 1520.0, ""self_attn.v_proj"": 680.0}","{""mlp.down_proj"": -4.0, ""mlp.gate_proj"": -11.0, ""mlp.up_proj"": -5.0, ""self_attn.o_proj"": 0.0, ""self_attn.v_proj"": -7.0}","{""mlp.down_proj"": 0.001838235294117647, ""mlp.gate_proj"": 0.006047278724573941, ""mlp.up_proj"": 0.0024437927663734115, ""self_attn.o_proj"": 0.0, ""self_attn.v_proj"": 0.010189228529839884}",0.005420808729922957,-0.0013171016669419802,7,equal7,True,"mlp.down_proj,mlp.gate_proj,mlp.up_proj,self_attn.k_proj,self_attn.o_proj,self_attn.q_proj,self_attn.v_proj",,1331.7142857142858,1339.0,1331.7142857142858,-7.285714285714286,0.008873141879638278,0.0054411607809665575,"{""mlp.down_proj"": 2176.0, ""mlp.gate_proj"": 1819.0, ""mlp.up_proj"": 2046.0, ""self_attn.k_proj"": 363.0, ""self_attn.o_proj"": 1520.0, ""self_attn.q_proj"": 762.0, ""self_attn.v_proj"": 687.0}","{""mlp.down_proj"": 2172.0, ""mlp.gate_proj"": 1808.0, ""mlp.up_proj"": 2041.0, ""self_attn.k_proj"": 356.0, ""self_attn.o_proj"": 1520.0, ""self_attn.q_proj"": 745.0, ""self_attn.v_proj"": 680.0}","{""mlp.down_proj"": -4.0, ""mlp.gate_proj"": -11.0, ""mlp.up_proj"": -5.0, ""self_attn.k_proj"": -7.0, ""self_attn.o_proj"": 0.0, ""self_attn.q_proj"": -17.0, ""self_attn.v_proj"": -7.0}","{""mlp.down_proj"": 0.001838235294117647, ""mlp.gate_proj"": 0.006047278724573941, ""mlp.up_proj"": 0.0024437927663734115, ""self_attn.k_proj"": 0.01928374655647383, ""self_attn.o_proj"": 0.0, ""self_attn.q_proj"": 0.02230971128608924, ""self_attn.v_proj"": 0.010189228529839884}",-0.004769434816657301,1.8857142857142852,312.48571428571427,False,True
qwen,opd,80,E_math,E_mathHeld,0.025,18,5,equal5_non_qk,True,"mlp.down_proj,mlp.gate_proj,mlp.up_proj,self_attn.o_proj,self_attn.v_proj","self_attn.q_proj,self_attn.k_proj",1314.8,1322.2,1314.8,-7.4,0.007072913504167802,0.005596732718197013,"{""mlp.down_proj"": 1875.0, ""mlp.gate_proj"": 1369.0, ""mlp.up_proj"": 1691.0, ""self_attn.o_proj"": 1157.0, ""self_attn.v_proj"": 519.0}","{""mlp.down_proj"": 1869.0, ""mlp.gate_proj"": 1354.0, ""mlp.up_proj"": 1683.0, ""self_attn.o_proj"": 1158.0, ""self_attn.v_proj"": 510.0}","{""mlp.down_proj"": -6.0, ""mlp.gate_proj"": -15.0, ""mlp.up_proj"": -8.0, ""self_attn.o_proj"": 1.0, ""self_attn.v_proj"": -9.0}","{""mlp.down_proj"": 0.0032, ""mlp.gate_proj"": 0.01095690284879474, ""mlp.up_proj"": 0.004730928444707274, ""self_attn.o_proj"": -0.000864304235090752, ""self_attn.v_proj"": 0.017341040462427744}",0.008479914698161582,-0.00140700119399378,7,equal7,True,"mlp.down_proj,mlp.gate_proj,mlp.up_proj,self_attn.k_proj,self_attn.o_proj,self_attn.q_proj,self_attn.v_proj",,1017.7142857142857,1025.5714285714287,1017.7142857142857,-7.857142857142857,0.013731483647513384,0.007661234155174957,"{""mlp.down_proj"": 1875.0, ""mlp.gate_proj"": 1369.0, ""mlp.up_proj"": 1691.0, ""self_attn.k_proj"": 189.0, ""self_attn.o_proj"": 1157.0, ""self_attn.q_proj"": 379.0, ""self_attn.v_proj"": 519.0}","{""mlp.down_proj"": 1869.0, ""mlp.gate_proj"": 1354.0, ""mlp.up_proj"": 1683.0, ""self_attn.k_proj"": 184.0, ""self_attn.o_proj"": 1158.0, ""self_attn.q_proj"": 366.0, ""self_attn.v_proj"": 510.0}","{""mlp.down_proj"": -6.0, ""mlp.gate_proj"": -15.0, ""mlp.up_proj"": -8.0, ""self_attn.k_proj"": -5.0, ""self_attn.o_proj"": 1.0, ""self_attn.q_proj"": -13.0, ""self_attn.v_proj"": -9.0}","{""mlp.down_proj"": 0.0032, ""mlp.gate_proj"": 0.01095690284879474, ""mlp.up_proj"": 0.004730928444707274, ""self_attn.k_proj"": 0.026455026455026454, ""self_attn.o_proj"": -0.000864304235090752, ""self_attn.q_proj"": 0.03430079155672823, ""self_attn.v_proj"": 0.017341040462427744}",-0.006658570143345582,0.4571428571428564,297.0857142857143,False,True
qwen,opd,80,E_math,E_mathHeld,0.05,18,5,equal5_non_qk,True,"mlp.down_proj,mlp.gate_proj,mlp.up_proj,self_attn.o_proj,self_attn.v_proj","self_attn.q_proj,self_attn.k_proj",1006.4,1014.2,1006.4,-7.8,0.010376262692044395,0.007690790771051142,"{""mlp.down_proj"": 1552.0, ""mlp.gate_proj"": 956.0, ""mlp.up_proj"": 1332.0, ""self_attn.o_proj"": 860.0, ""self_attn.v_proj"": 371.0}","{""mlp.down_proj"": 1545.0, ""mlp.gate_proj"": 940.0, ""mlp.up_proj"": 1324.0, ""self_attn.o_proj"": 862.0, ""self_attn.v_proj"": 361.0}","{""mlp.down_proj"": -7.0, ""mlp.gate_proj"": -16.0, ""mlp.up_proj"": -8.0, ""self_attn.o_proj"": 2.0, ""self_attn.v_proj"": -10.0}","{""mlp.down_proj"": 0.004510309278350515, ""mlp.gate_proj"": 0.016736401673640166, ""mlp.up_proj"": 0.006006006006006006, ""self_attn.o_proj"": -0.002325581395348837, ""self_attn.v_proj"": 0.026954177897574125}",0.01247040867673819,-0.0020941459846937956,7,equal7,True,"mlp.down_proj,mlp.gate_proj,mlp.up_proj,self_attn.k_proj,self_attn.o_proj,self_attn.q_proj,self_attn.v_proj",,751.1428571428571,758.1428571428571,751.1428571428571,-7.0,0.019131603538346566,0.009233088373845864,"{""mlp.down_proj"": 1552.0, ""mlp.gate_proj"": 956.0, ""mlp.up_proj"": 1332.0, ""self_attn.k_proj"": 82.0, ""self_attn.o_proj"": 860.0, ""self_attn.q_proj"": 154.0, ""self_attn.v_proj"": 371.0}","{""mlp.down_proj"": 1545.0, ""mlp.gate_proj"": 940.0, ""mlp.up_proj"": 1324.0, ""self_attn.k_proj"": 79.0, ""self_attn.o_proj"": 862.0, ""self_attn.q_proj"": 147.0, ""self_attn.v_proj"": 361.0}","{""mlp.down_proj"": -7.0, ""mlp.gate_proj"": -16.0, ""mlp.up_proj"": -8.0, ""self_attn.k_proj"": -3.0, ""self_attn.o_proj"": 2.0, ""self_attn.q_proj"": -7.0, ""self_attn.v_proj"": -10.0}","{""mlp.down_proj"": 0.004510309278350515, ""mlp.gate_proj"": 0.016736401673640166, ""mlp.up_proj"": 0.006006006006006006, ""self_attn.k_proj"": 0.036585365853658534, ""self_attn.o_proj"": -0.002325581395348837, ""self_attn.q_proj"": 0.045454545454545456, ""self_attn.v_proj"": 0.026954177897574125}",-0.008755340846302171,-0.7999999999999998,255.25714285714287,False,True
qwen,opd,80,E_math,E_mathHeld,0.1,18,5,equal5_non_qk,True,"mlp.down_proj,mlp.gate_proj,mlp.up_proj,self_attn.o_proj,self_attn.v_proj","self_attn.q_proj,self_attn.k_proj",666.2,673.2,666.2,-7.0,0.014960440417957164,0.010398098633392751,"{""mlp.down_proj"": 1147.0, ""mlp.gate_proj"": 529.0, ""mlp.up_proj"": 913.0, ""self_attn.o_proj"": 561.0, ""self_attn.v_proj"": 216.0}","{""mlp.down_proj"": 1140.0, ""mlp.gate_proj"": 515.0, ""mlp.up_proj"": 905.0, ""self_attn.o_proj"": 563.0, ""self_attn.v_proj"": 208.0}","{""mlp.down_proj"": -7.0, ""mlp.gate_proj"": -14.0, ""mlp.up_proj"": -8.0, ""self_attn.o_proj"": 2.0, ""self_attn.v_proj"": -8.0}","{""mlp.down_proj"": 0.006102877070619006, ""mlp.gate_proj"": 0.026465028355387523, ""mlp.up_proj"": 0.008762322015334063, ""self_attn.o_proj"": -0.0035650623885918, ""self_attn.v_proj"": 0.037037037037037035}",0.01854802480680311,-0.0035875843888459463,7,equal7,True,"mlp.down_proj,mlp.gate_proj,mlp.up_proj,self_attn.k_proj,self_attn.o_proj,self_attn.q_proj,self_attn.v_proj",,483.2857142857143,488.7142857142857,483.2857142857143,-5.428571428571429,0.025854999684101508,0.011107863197895385,"{""mlp.down_proj"": 1147.0, ""mlp.gate_proj"": 529.0, ""mlp.up_proj"": 913.0, ""self_attn.k_proj"": 24.0, ""self_attn.o_proj"": 561.0, ""self_attn.q_proj"": 31.0, ""self_attn.v_proj"": 216.0}","{""mlp.down_proj"": 1140.0, ""mlp.gate_proj"": 515.0, ""mlp.up_proj"": 905.0, ""self_attn.k_proj"": 23.0, ""self_attn.o_proj"": 563.0, ""self_attn.q_proj"": 29.0, ""self_attn.v_proj"": 208.0}","{""mlp.down_proj"": -7.0, ""mlp.gate_proj"": -14.0, ""mlp.up_proj"": -8.0, ""self_attn.k_proj"": -1.0, ""self_attn.o_proj"": 2.0, ""self_attn.q_proj"": -2.0, ""self_attn.v_proj"": -8.0}","{""mlp.down_proj"": 0.006102877070619006, ""mlp.gate_proj"": 0.026465028355387523, ""mlp.up_proj"": 0.008762322015334063, ""self_attn.k_proj"": 0.041666666666666664, ""self_attn.o_proj"": -0.0035650623885918, ""self_attn.q_proj"": 0.06451612903225806, ""self_attn.v_proj"": 0.037037037037037035}",-0.010894559266144344,-1.5714285714285712,182.91428571428577,False,True
qwen,opd,80,E_ood,E_mmluPro,0.01,18,5,equal5_non_qk,True,"mlp.down_proj,mlp.gate_proj,mlp.up_proj,self_attn.o_proj,self_attn.v_proj","self_attn.q_proj,self_attn.k_proj",1601.8,1610.4,1601.8,-8.6,0.005933001371711688,0.005340288127173458,"{""mlp.down_proj"": 2156.0, ""mlp.gate_proj"": 1667.0, ""mlp.up_proj"": 2029.0, ""self_attn.o_proj"": 1471.0, ""self_attn.v_proj"": 729.0}","{""mlp.down_proj"": 2152.0, ""mlp.gate_proj"": 1650.0, ""mlp.up_proj"": 2021.0, ""self_attn.o_proj"": 1463.0, ""self_attn.v_proj"": 723.0}","{""mlp.down_proj"": -4.0, ""mlp.gate_proj"": -17.0, ""mlp.up_proj"": -8.0, ""self_attn.o_proj"": -8.0, ""self_attn.v_proj"": -6.0}","{""mlp.down_proj"": 0.0018552875695732839, ""mlp.gate_proj"": 0.010197960407918417, ""mlp.up_proj"": 0.003942828979793002, ""self_attn.o_proj"": 0.005438477226376614, ""self_attn.v_proj"": 0.00823045267489712}",0.005420808729922957,0.0005121926417887305,7,equal7,True,"mlp.down_proj,mlp.gate_proj,mlp.up_proj,self_attn.k_proj,self_attn.o_proj,self_attn.q_proj,self_attn.v_proj",,1296.4285714285713,1305.5714285714287,1296.4285714285713,-9.142857142857142,0.009351497433915532,0.007002954371375573,"{""mlp.down_proj"": 2156.0, ""mlp.gate_proj"": 1667.0, ""mlp.up_proj"": 2029.0, ""self_attn.k_proj"": 402.0, ""self_attn.o_proj"": 1471.0, ""self_attn.q_proj"": 685.0, ""self_attn.v_proj"": 729.0}","{""mlp.down_proj"": 2152.0, ""mlp.gate_proj"": 1650.0, ""mlp.up_proj"": 2021.0, ""self_attn.k_proj"": 397.0, ""self_attn.o_proj"": 1463.0, ""self_attn.q_proj"": 669.0, ""self_attn.v_proj"": 723.0}","{""mlp.down_proj"": -4.0, ""mlp.gate_proj"": -17.0, ""mlp.up_proj"": -8.0, ""self_attn.k_proj"": -5.0, ""self_attn.o_proj"": -8.0, ""self_attn.q_proj"": -16.0, ""self_attn.v_proj"": -6.0}","{""mlp.down_proj"": 0.0018552875695732839, ""mlp.gate_proj"": 0.010197960407918417, ""mlp.up_proj"": 0.003942828979793002, ""self_attn.k_proj"": 0.012437810945273632, ""self_attn.o_proj"": 0.005438477226376614, ""self_attn.q_proj"": 0.02335766423357664, ""self_attn.v_proj"": 0.00823045267489712}",-0.0034184960622038445,0.5428571428571427,305.3714285714286,False,True
qwen,opd,80,E_ood,E_mmluPro,0.025,18,5,equal5_non_qk,True,"mlp.down_proj,mlp.gate_proj,mlp.up_proj,self_attn.o_proj,self_attn.v_proj","self_attn.q_proj,self_attn.k_proj",1258.0,1268.4,1258.0,-10.4,0.009482559390198172,0.008199306212551317,"{""mlp.down_proj"": 1847.0, ""mlp.gate_proj"": 1163.0, ""mlp.up_proj"": 1655.0, ""self_attn.o_proj"": 1105.0, ""self_attn.v_proj"": 572.0}","{""mlp.down_proj"": 1841.0, ""mlp.gate_proj"": 1143.0, ""mlp.up_proj"": 1644.0, ""self_attn.o_proj"": 1098.0, ""self_attn.v_proj"": 564.0}","{""mlp.down_proj"": -6.0, ""mlp.gate_proj"": -20.0, ""mlp.up_proj"": -11.0, ""self_attn.o_proj"": -7.0, ""self_attn.v_proj"": -8.0}","{""mlp.down_proj"": 0.0032485110990795887, ""mlp.gate_proj"": 0.017196904557179708, ""mlp.up_proj"": 0.006646525679758308, ""self_attn.o_proj"": 0.006334841628959276, ""self_attn.v_proj"": 0.013986013986013986}",0.008479914698161582,0.00100264469203659,7,equal7,True,"mlp.down_proj,mlp.gate_proj,mlp.up_proj,self_attn.k_proj,self_attn.o_proj,self_attn.q_proj,self_attn.v_proj",,974.7142857142857,984.2857142857143,974.7142857142857,-9.571428571428571,0.014199328038195774,0.009724238026124918,"{""mlp.down_proj"": 1847.0, ""mlp.gate_proj"": 1163.0, ""mlp.up_proj"": 1655.0, ""self_attn.k_proj"": 230.0, ""self_attn.o_proj"": 1105.0, ""self_attn.q_proj"": 318.0, ""self_attn.v_proj"": 572.0}","{""mlp.down_proj"": 1841.0, ""mlp.gate_proj"": 1143.0, ""mlp.up_proj"": 1644.0, ""self_attn.k_proj"": 226.0, ""self_attn.o_proj"": 1098.0, ""self_attn.q_proj"": 307.0, ""self_attn.v_proj"": 564.0}","{""mlp.down_proj"": -6.0, ""mlp.gate_proj"": -20.0, ""mlp.up_proj"": -11.0, ""self_attn.k_proj"": -4.0, ""self_attn.o_proj"": -7.0, ""self_attn.q_proj"": -11.0, ""self_attn.v_proj"": -8.0}","{""mlp.down_proj"": 0.0032485110990795887, ""mlp.gate_proj"": 0.017196904557179708, ""mlp.up_proj"": 0.006646525679758308, ""self_attn.k_proj"": 0.017391304347826087, ""self_attn.o_proj"": 0.006334841628959276, ""self_attn.q_proj"": 0.03459119496855346, ""self_attn.v_proj"": 0.013986013986013986}",-0.004716768647997601,-0.8285714285714292,283.28571428571433,False,True
qwen,opd,80,E_ood,E_mmluPro,0.05,18,5,equal5_non_qk,True,"mlp.down_proj,mlp.gate_proj,mlp.up_proj,self_attn.o_proj,self_attn.v_proj","self_attn.q_proj,self_attn.k_proj",944.0,954.4,944.0,-10.4,0.013187332164313798,0.010896898575020932,"{""mlp.down_proj"": 1519.0, ""mlp.gate_proj"": 731.0, ""mlp.up_proj"": 1281.0, ""self_attn.o_proj"": 810.0, ""self_attn.v_proj"": 431.0}","{""mlp.down_proj"": 1512.0, ""mlp.gate_proj"": 712.0, ""mlp.up_proj"": 1269.0, ""self_attn.o_proj"": 804.0, ""self_attn.v_proj"": 423.0}","{""mlp.down_proj"": -7.0, ""mlp.gate_proj"": -19.0, ""mlp.up_proj"": -12.0, ""self_attn.o_proj"": -6.0, ""self_attn.v_proj"": -8.0}","{""mlp.down_proj"": 0.004608294930875576, ""mlp.gate_proj"": 0.025991792065663474, ""mlp.up_proj"": 0.00936768149882904, ""self_attn.o_proj"": 0.007407407407407408, ""self_attn.v_proj"": 0.018561484918793503}",0.01247040867673819,0.0007169234875756079,7,equal7,True,"mlp.down_proj,mlp.gate_proj,mlp.up_proj,self_attn.k_proj,self_attn.o_proj,self_attn.q_proj,self_attn.v_proj",,707.1428571428571,715.5714285714286,707.1428571428571,-8.428571428571429,0.017785764883071514,0.011778798163306072,"{""mlp.down_proj"": 1519.0, ""mlp.gate_proj"": 731.0, ""mlp.up_proj"": 1281.0, ""self_attn.k_proj"": 116.0, ""self_attn.o_proj"": 810.0, ""self_attn.q_proj"": 121.0, ""self_attn.v_proj"": 431.0}","{""mlp.down_proj"": 1512.0, ""mlp.gate_proj"": 712.0, ""mlp.up_proj"": 1269.0, ""self_attn.k_proj"": 114.0, ""self_attn.o_proj"": 804.0, ""self_attn.q_proj"": 116.0, ""self_attn.v_proj"": 423.0}","{""mlp.down_proj"": -7.0, ""mlp.gate_proj"": -19.0, ""mlp.up_proj"": -12.0, ""self_attn.k_proj"": -2.0, ""self_attn.o_proj"": -6.0, ""self_attn.q_proj"": -5.0, ""self_attn.v_proj"": -8.0}","{""mlp.down_proj"": 0.004608294930875576, ""mlp.gate_proj"": 0.025991792065663474, ""mlp.up_proj"": 0.00936768149882904, ""self_attn.k_proj"": 0.017241379310344827, ""self_attn.o_proj"": 0.007407407407407408, ""self_attn.q_proj"": 0.04132231404958678, ""self_attn.v_proj"": 0.018561484918793503}",-0.004598432718757716,-1.9714285714285715,236.8571428571429,False,True
qwen,opd,80,E_ood,E_mmluPro,0.1,18,5,equal5_non_qk,True,"mlp.down_proj,mlp.gate_proj,mlp.up_proj,self_attn.o_proj,self_attn.v_proj","self_attn.q_proj,self_attn.k_proj",608.2,617.4,608.2,-9.2,0.020479656921183344,0.014901198574667852,"{""mlp.down_proj"": 1114.0, ""mlp.gate_proj"": 327.0, ""mlp.up_proj"": 850.0, ""self_attn.o_proj"": 518.0, ""self_attn.v_proj"": 278.0}","{""mlp.down_proj"": 1107.0, ""mlp.gate_proj"": 313.0, ""mlp.up_proj"": 839.0, ""self_attn.o_proj"": 512.0, ""self_attn.v_proj"": 270.0}","{""mlp.down_proj"": -7.0, ""mlp.gate_proj"": -14.0, ""mlp.up_proj"": -11.0, ""self_attn.o_proj"": -6.0, ""self_attn.v_proj"": -8.0}","{""mlp.down_proj"": 0.0062836624775583485, ""mlp.gate_proj"": 0.04281345565749235, ""mlp.up_proj"": 0.012941176470588235, ""self_attn.o_proj"": 0.011583011583011582, ""self_attn.v_proj"": 0.02877697841726619}",0.01854802480680311,0.0019316321143802336,7,equal7,True,"mlp.down_proj,mlp.gate_proj,mlp.up_proj,self_attn.k_proj,self_attn.o_proj,self_attn.q_proj,self_attn.v_proj",,443.57142857142856,450.42857142857144,443.57142857142856,-6.857142857142857,0.025617337361284805,0.015223596574690842,"{""mlp.down_proj"": 1114.0, ""mlp.gate_proj"": 327.0, ""mlp.up_proj"": 850.0, ""self_attn.k_proj"": 40.0, ""self_attn.o_proj"": 518.0, ""self_attn.q_proj"": 26.0, ""self_attn.v_proj"": 278.0}","{""mlp.down_proj"": 1107.0, ""mlp.gate_proj"": 313.0, ""mlp.up_proj"": 839.0, ""self_attn.k_proj"": 40.0, ""self_attn.o_proj"": 512.0, ""self_attn.q_proj"": 24.0, ""self_attn.v_proj"": 270.0}","{""mlp.down_proj"": -7.0, ""mlp.gate_proj"": -14.0, ""mlp.up_proj"": -11.0, ""self_attn.k_proj"": 0.0, ""self_attn.o_proj"": -6.0, ""self_attn.q_proj"": -2.0, ""self_attn.v_proj"": -8.0}","{""mlp.down_proj"": 0.0062836624775583485, ""mlp.gate_proj"": 0.04281345565749235, ""mlp.up_proj"": 0.012941176470588235, ""self_attn.k_proj"": 0.0, ""self_attn.o_proj"": 0.011583011583011582, ""self_attn.q_proj"": 0.07692307692307693, ""self_attn.v_proj"": 0.02877697841726619}",-0.005137680440101461,-2.3428571428571425,164.6285714285715,False,True
qwen,opd,160,E_general,E_general,0.01,18,5,equal5_non_qk,True,"mlp.down_proj,mlp.gate_proj,mlp.up_proj,self_attn.o_proj,self_attn.v_proj","self_attn.q_proj,self_attn.k_proj",1625.8,1634.4,1625.8,-8.6,0.00607692983548813,0.005261869799314816,"{""mlp.down_proj"": 2190.0, ""mlp.gate_proj"": 1641.0, ""mlp.up_proj"": 2064.0, ""self_attn.o_proj"": 1546.0, ""self_attn.v_proj"": 731.0}","{""mlp.down_proj"": 2184.0, ""mlp.gate_proj"": 1627.0, ""mlp.up_proj"": 2059.0, ""self_attn.o_proj"": 1535.0, ""self_attn.v_proj"": 724.0}","{""mlp.down_proj"": -6.0, ""mlp.gate_proj"": -14.0, ""mlp.up_proj"": -5.0, ""self_attn.o_proj"": -11.0, ""self_attn.v_proj"": -7.0}","{""mlp.down_proj"": 0.0027397260273972603, ""mlp.gate_proj"": 0.008531383302864107, ""mlp.up_proj"": 0.0024224806201550387, ""self_attn.o_proj"": 0.0071151358344113845, ""self_attn.v_proj"": 0.009575923392612859}",0.00607692983548813,0.0,7,equal7,True,"mlp.down_proj,mlp.gate_proj,mlp.up_proj,self_attn.k_proj,self_attn.o_proj,self_attn.q_proj,self_attn.v_proj",,1318.0,1328.4285714285713,1318.0,-10.428571428571429,0.01136021614305352,0.00785030648456816,"{""mlp.down_proj"": 2190.0, ""mlp.gate_proj"": 1641.0, ""mlp.up_proj"": 2064.0, ""self_attn.k_proj"": 400.0, ""self_attn.o_proj"": 1546.0, ""self_attn.q_proj"": 727.0, ""self_attn.v_proj"": 731.0}","{""mlp.down_proj"": 2184.0, ""mlp.gate_proj"": 1627.0, ""mlp.up_proj"": 2059.0, ""self_attn.k_proj"": 393.0, ""self_attn.o_proj"": 1535.0, ""self_attn.q_proj"": 704.0, ""self_attn.v_proj"": 724.0}","{""mlp.down_proj"": -6.0, ""mlp.gate_proj"": -14.0, ""mlp.up_proj"": -5.0, ""self_attn.k_proj"": -7.0, ""self_attn.o_proj"": -11.0, ""self_attn.q_proj"": -23.0, ""self_attn.v_proj"": -7.0}","{""mlp.down_proj"": 0.0027397260273972603, ""mlp.gate_proj"": 0.008531383302864107, ""mlp.up_proj"": 0.0024224806201550387, ""self_attn.k_proj"": 0.0175, ""self_attn.o_proj"": 0.0071151358344113845, ""self_attn.q_proj"": 0.03163686382393398, ""self_attn.v_proj"": 0.009575923392612859}",-0.00528328630756539,1.8285714285714292,307.79999999999995,False,True
qwen,opd,160,E_general,E_general,0.025,18,5,equal5_non_qk,True,"mlp.down_proj,mlp.gate_proj,mlp.up_proj,self_attn.o_proj,self_attn.v_proj","self_attn.q_proj,self_attn.k_proj",1289.2,1299.6,1289.2,-10.4,0.009428150051554377,0.008002462296091,"{""mlp.down_proj"": 1900.0, ""mlp.gate_proj"": 1133.0, ""mlp.up_proj"": 1706.0, ""self_attn.o_proj"": 1186.0, ""self_attn.v_proj"": 573.0}","{""mlp.down_proj"": 1892.0, ""mlp.gate_proj"": 1116.0, ""mlp.up_proj"": 1698.0, ""self_attn.o_proj"": 1175.0, ""self_attn.v_proj"": 565.0}","{""mlp.down_proj"": -8.0, ""mlp.gate_proj"": -17.0, ""mlp.up_proj"": -8.0, ""self_attn.o_proj"": -11.0, ""self_attn.v_proj"": -8.0}","{""mlp.down_proj"": 0.004210526315789474, ""mlp.gate_proj"": 0.01500441306266549, ""mlp.up_proj"": 0.004689331770222743, ""self_attn.o_proj"": 0.00927487352445194, ""self_attn.v_proj"": 0.013961605584642234}",0.009428150051554377,0.0,7,equal7,True,"mlp.down_proj,mlp.gate_proj,mlp.up_proj,self_attn.k_proj,self_attn.o_proj,self_attn.q_proj,self_attn.v_proj",,1000.7142857142857,1011.2857142857143,1000.7142857142857,-10.571428571428571,0.01674139726369858,0.010453453877666432,"{""mlp.down_proj"": 1900.0, ""mlp.gate_proj"": 1133.0, ""mlp.up_proj"": 1706.0, ""self_attn.k_proj"": 227.0, ""self_attn.o_proj"": 1186.0, ""self_attn.q_proj"": 354.0, ""self_attn.v_proj"": 573.0}","{""mlp.down_proj"": 1892.0, ""mlp.gate_proj"": 1116.0, ""mlp.up_proj"": 1698.0, ""self_attn.k_proj"": 222.0, ""self_attn.o_proj"": 1175.0, ""self_attn.q_proj"": 337.0, ""self_attn.v_proj"": 565.0}","{""mlp.down_proj"": -8.0, ""mlp.gate_proj"": -17.0, ""mlp.up_proj"": -8.0, ""self_attn.k_proj"": -5.0, ""self_attn.o_proj"": -11.0, ""self_attn.q_proj"": -17.0, ""self_attn.v_proj"": -8.0}","{""mlp.down_proj"": 0.004210526315789474, ""mlp.gate_proj"": 0.01500441306266549, ""mlp.up_proj"": 0.004689331770222743, ""self_attn.k_proj"": 0.022026431718061675, ""self_attn.o_proj"": 0.00927487352445194, ""self_attn.q_proj"": 0.0480225988700565, ""self_attn.v_proj"": 0.013961605584642234}",-0.007313247212144202,0.17142857142857082,288.4857142857144,False,True
qwen,opd,160,E_general,E_general,0.05,18,5,equal5_non_qk,True,"mlp.down_proj,mlp.gate_proj,mlp.up_proj,self_attn.o_proj,self_attn.v_proj","self_attn.q_proj,self_attn.k_proj",979.8,991.2,979.8,-11.4,0.014221391712144472,0.011501210653753117,"{""mlp.down_proj"": 1590.0, ""mlp.gate_proj"": 701.0, ""mlp.up_proj"": 1344.0, ""self_attn.o_proj"": 890.0, ""self_attn.v_proj"": 431.0}","{""mlp.down_proj"": 1579.0, ""mlp.gate_proj"": 684.0, ""mlp.up_proj"": 1335.0, ""self_attn.o_proj"": 879.0, ""self_attn.v_proj"": 422.0}","{""mlp.down_proj"": -11.0, ""mlp.gate_proj"": -17.0, ""mlp.up_proj"": -9.0, ""self_attn.o_proj"": -11.0, ""self_attn.v_proj"": -9.0}","{""mlp.down_proj"": 0.006918238993710692, ""mlp.gate_proj"": 0.024251069900142655, ""mlp.up_proj"": 0.006696428571428571, ""self_attn.o_proj"": 0.012359550561797753, ""self_attn.v_proj"": 0.02088167053364269}",0.014221391712144472,0.0,7,equal7,True,"mlp.down_proj,mlp.gate_proj,mlp.up_proj,self_attn.k_proj,self_attn.o_proj,self_attn.q_proj,self_attn.v_proj",,734.7142857142857,744.7142857142857,734.7142857142857,-10.0,0.023871439367362638,0.013427968540187992,"{""mlp.down_proj"": 1590.0, ""mlp.gate_proj"": 701.0, ""mlp.up_proj"": 1344.0, ""self_attn.k_proj"": 113.0, ""self_attn.o_proj"": 890.0, ""self_attn.q_proj"": 144.0, ""self_attn.v_proj"": 431.0}","{""mlp.down_proj"": 1579.0, ""mlp.gate_proj"": 684.0, ""mlp.up_proj"": 1335.0, ""self_attn.k_proj"": 110.0, ""self_attn.o_proj"": 879.0, ""self_attn.q_proj"": 134.0, ""self_attn.v_proj"": 422.0}","{""mlp.down_proj"": -11.0, ""mlp.gate_proj"": -17.0, ""mlp.up_proj"": -9.0, ""self_attn.k_proj"": -3.0, ""self_attn.o_proj"": -11.0, ""self_attn.q_proj"": -10.0, ""self_attn.v_proj"": -9.0}","{""mlp.down_proj"": 0.006918238993710692, ""mlp.gate_proj"": 0.024251069900142655, ""mlp.up_proj"": 0.006696428571428571, ""self_attn.k_proj"": 0.02654867256637168, ""self_attn.o_proj"": 0.012359550561797753, ""self_attn.q_proj"": 0.06944444444444445, ""self_attn.v_proj"": 0.02088167053364269}",-0.009650047655218166,-1.4000000000000004,245.0857142857143,False,True
qwen,opd,160,E_general,E_general,0.1,18,5,equal5_non_qk,True,"mlp.down_proj,mlp.gate_proj,mlp.up_proj,self_attn.o_proj,self_attn.v_proj","self_attn.q_proj,self_attn.k_proj",646.8,657.2,646.8,-10.4,0.022177410516331382,0.015824710894704944,"{""mlp.down_proj"": 1200.0, ""mlp.gate_proj"": 300.0, ""mlp.up_proj"": 920.0, ""self_attn.o_proj"": 589.0, ""self_attn.v_proj"": 277.0}","{""mlp.down_proj"": 1188.0, ""mlp.gate_proj"": 287.0, ""mlp.up_proj"": 911.0, ""self_attn.o_proj"": 580.0, ""self_attn.v_proj"": 268.0}","{""mlp.down_proj"": -12.0, ""mlp.gate_proj"": -13.0, ""mlp.up_proj"": -9.0, ""self_attn.o_proj"": -9.0, ""self_attn.v_proj"": -9.0}","{""mlp.down_proj"": 0.01, ""mlp.gate_proj"": 0.043333333333333335, ""mlp.up_proj"": 0.009782608695652175, ""self_attn.o_proj"": 0.015280135823429542, ""self_attn.v_proj"": 0.032490974729241874}",0.022177410516331382,0.0,7,equal7,True,"mlp.down_proj,mlp.gate_proj,mlp.up_proj,self_attn.k_proj,self_attn.o_proj,self_attn.q_proj,self_attn.v_proj",,471.7142857142857,479.7142857142857,471.7142857142857,-8.0,0.032491024161681925,0.016676593210244194,"{""mlp.down_proj"": 1200.0, ""mlp.gate_proj"": 300.0, ""mlp.up_proj"": 920.0, ""self_attn.k_proj"": 39.0, ""self_attn.o_proj"": 589.0, ""self_attn.q_proj"": 33.0, ""self_attn.v_proj"": 277.0}","{""mlp.down_proj"": 1188.0, ""mlp.gate_proj"": 287.0, ""mlp.up_proj"": 911.0, ""self_attn.k_proj"": 38.0, ""self_attn.o_proj"": 580.0, ""self_attn.q_proj"": 30.0, ""self_attn.v_proj"": 268.0}","{""mlp.down_proj"": -12.0, ""mlp.gate_proj"": -13.0, ""mlp.up_proj"": -9.0, ""self_attn.k_proj"": -1.0, ""self_attn.o_proj"": -9.0, ""self_attn.q_proj"": -3.0, ""self_attn.v_proj"": -9.0}","{""mlp.down_proj"": 0.01, ""mlp.gate_proj"": 0.043333333333333335, ""mlp.up_proj"": 0.009782608695652175, ""self_attn.k_proj"": 0.02564102564102564, ""self_attn.o_proj"": 0.015280135823429542, ""self_attn.q_proj"": 0.09090909090909091, ""self_attn.v_proj"": 0.032490974729241874}",-0.010313613645350543,-2.4000000000000004,175.08571428571423,False,True
qwen,opd,160,E_if,E_ifeval,0.01,18,5,equal5_non_qk,True,"mlp.down_proj,mlp.gate_proj,mlp.up_proj,self_attn.o_proj,self_attn.v_proj","self_attn.q_proj,self_attn.k_proj",1473.2,1484.2,1473.2,-11.0,0.008858768802907495,0.007411400080851637,"{""mlp.down_proj"": 2024.0, ""mlp.gate_proj"": 1528.0, ""mlp.up_proj"": 1933.0, ""self_attn.o_proj"": 1347.0, ""self_attn.v_proj"": 589.0}","{""mlp.down_proj"": 2014.0, ""mlp.gate_proj"": 1510.0, ""mlp.up_proj"": 1924.0, ""self_attn.o_proj"": 1339.0, ""self_attn.v_proj"": 579.0}","{""mlp.down_proj"": -10.0, ""mlp.gate_proj"": -18.0, ""mlp.up_proj"": -9.0, ""self_attn.o_proj"": -8.0, ""self_attn.v_proj"": -10.0}","{""mlp.down_proj"": 0.004940711462450593, ""mlp.gate_proj"": 0.011780104712041885, ""mlp.up_proj"": 0.0046559751681324365, ""self_attn.o_proj"": 0.005939123979213066, ""self_attn.v_proj"": 0.01697792869269949}",0.00607692983548813,0.002781838967419365,7,equal7,True,"mlp.down_proj,mlp.gate_proj,mlp.up_proj,self_attn.k_proj,self_attn.o_proj,self_attn.q_proj,self_attn.v_proj",,1162.2857142857142,1174.0,1162.2857142857142,-11.714285714285714,0.015944574574248336,0.009978096860550068,"{""mlp.down_proj"": 2024.0, ""mlp.gate_proj"": 1528.0, ""mlp.up_proj"": 1933.0, ""self_attn.k_proj"": 273.0, ""self_attn.o_proj"": 1347.0, ""self_attn.q_proj"": 524.0, ""self_attn.v_proj"": 589.0}","{""mlp.down_proj"": 2014.0, ""mlp.gate_proj"": 1510.0, ""mlp.up_proj"": 1924.0, ""self_attn.k_proj"": 264.0, ""self_attn.o_proj"": 1339.0, ""self_attn.q_proj"": 506.0, ""self_attn.v_proj"": 579.0}","{""mlp.down_proj"": -10.0, ""mlp.gate_proj"": -18.0, ""mlp.up_proj"": -9.0, ""self_attn.k_proj"": -9.0, ""self_attn.o_proj"": -8.0, ""self_attn.q_proj"": -18.0, ""self_attn.v_proj"": -10.0}","{""mlp.down_proj"": 0.004940711462450593, ""mlp.gate_proj"": 0.011780104712041885, ""mlp.up_proj"": 0.0046559751681324365, ""self_attn.k_proj"": 0.03296703296703297, ""self_attn.o_proj"": 0.005939123979213066, ""self_attn.q_proj"": 0.03435114503816794, ""self_attn.v_proj"": 0.01697792869269949}",-0.007085805771340841,0.7142857142857135,310.9142857142858,False,True
qwen,opd,160,E_if,E_ifeval,0.025,18,5,equal5_non_qk,True,"mlp.down_proj,mlp.gate_proj,mlp.up_proj,self_attn.o_proj,self_attn.v_proj","self_attn.q_proj,self_attn.k_proj",1097.0,1109.6,1097.0,-12.6,0.014388611994108786,0.011355443403028038,"{""mlp.down_proj"": 1649.0, ""mlp.gate_proj"": 1005.0, ""mlp.up_proj"": 1521.0, ""self_attn.o_proj"": 969.0, ""self_attn.v_proj"": 404.0}","{""mlp.down_proj"": 1636.0, ""mlp.gate_proj"": 985.0, ""mlp.up_proj"": 1510.0, ""self_attn.o_proj"": 962.0, ""self_attn.v_proj"": 392.0}","{""mlp.down_proj"": -13.0, ""mlp.gate_proj"": -20.0, ""mlp.up_proj"": -11.0, ""self_attn.o_proj"": -7.0, ""self_attn.v_proj"": -12.0}","{""mlp.down_proj"": 0.007883565797453002, ""mlp.gate_proj"": 0.01990049751243781, ""mlp.up_proj"": 0.007232084155161078, ""self_attn.o_proj"": 0.007223942208462332, ""self_attn.v_proj"": 0.0297029702970297}",0.009428150051554377,0.004960461942554409,7,equal7,True,"mlp.down_proj,mlp.gate_proj,mlp.up_proj,self_attn.k_proj,self_attn.o_proj,self_attn.q_proj,self_attn.v_proj",,828.7142857142857,840.0,828.7142857142857,-11.285714285714286,0.02360357791742534,0.013435374149659922,"{""mlp.down_proj"": 1649.0, ""mlp.gate_proj"": 1005.0, ""mlp.up_proj"": 1521.0, ""self_attn.k_proj"": 123.0, ""self_attn.o_proj"": 969.0, ""self_attn.q_proj"": 209.0, ""self_attn.v_proj"": 404.0}","{""mlp.down_proj"": 1636.0, ""mlp.gate_proj"": 985.0, ""mlp.up_proj"": 1510.0, ""self_attn.k_proj"": 118.0, ""self_attn.o_proj"": 962.0, ""self_attn.q_proj"": 198.0, ""self_attn.v_proj"": 392.0}","{""mlp.down_proj"": -13.0, ""mlp.gate_proj"": -20.0, ""mlp.up_proj"": -11.0, ""self_attn.k_proj"": -5.0, ""self_attn.o_proj"": -7.0, ""self_attn.q_proj"": -11.0, ""self_attn.v_proj"": -12.0}","{""mlp.down_proj"": 0.007883565797453002, ""mlp.gate_proj"": 0.01990049751243781, ""mlp.up_proj"": 0.007232084155161078, ""self_attn.k_proj"": 0.04065040650406504, ""self_attn.o_proj"": 0.007223942208462332, ""self_attn.q_proj"": 0.05263157894736842, ""self_attn.v_proj"": 0.0297029702970297}",-0.009214965923316555,-1.3142857142857132,268.28571428571433,False,True
qwen,opd,160,E_if,E_ifeval,0.05,18,5,equal5_non_qk,True,"mlp.down_proj,mlp.gate_proj,mlp.up_proj,self_attn.o_proj,self_attn.v_proj","self_attn.q_proj,self_attn.k_proj",769.4,782.0,769.4,-12.6,0.020794176646405864,0.016112531969309493,"{""mlp.down_proj"": 1274.0, ""mlp.gate_proj"": 584.0, ""mlp.up_proj"": 1127.0, ""self_attn.o_proj"": 672.0, ""self_attn.v_proj"": 253.0}","{""mlp.down_proj"": 1258.0, ""mlp.gate_proj"": 566.0, ""mlp.up_proj"": 1115.0, ""self_attn.o_proj"": 665.0, ""self_attn.v_proj"": 243.0}","{""mlp.down_proj"": -16.0, ""mlp.gate_proj"": -18.0, ""mlp.up_proj"": -12.0, ""self_attn.o_proj"": -7.0, ""self_attn.v_proj"": -10.0}","{""mlp.down_proj"": 0.012558869701726845, ""mlp.gate_proj"": 0.030821917808219176, ""mlp.up_proj"": 0.01064773735581189, ""self_attn.o_proj"": 0.010416666666666666, ""self_attn.v_proj"": 0.039525691699604744}",0.014221391712144472,0.006572784934261392,7,equal7,True,"mlp.down_proj,mlp.gate_proj,mlp.up_proj,self_attn.k_proj,self_attn.o_proj,self_attn.q_proj,self_attn.v_proj",,565.7142857142857,575.7142857142857,565.7142857142857,-10.0,0.030771350665800105,0.017369727047146403,"{""mlp.down_proj"": 1274.0, ""mlp.gate_proj"": 584.0, ""mlp.up_proj"": 1127.0, ""self_attn.k_proj"": 50.0, ""self_attn.o_proj"": 672.0, ""self_attn.q_proj"": 70.0, ""self_attn.v_proj"": 253.0}","{""mlp.down_proj"": 1258.0, ""mlp.gate_proj"": 566.0, ""mlp.up_proj"": 1115.0, ""self_attn.k_proj"": 48.0, ""self_attn.o_proj"": 665.0, ""self_attn.q_proj"": 65.0, ""self_attn.v_proj"": 243.0}","{""mlp.down_proj"": -16.0, ""mlp.gate_proj"": -18.0, ""mlp.up_proj"": -12.0, ""self_attn.k_proj"": -2.0, ""self_attn.o_proj"": -7.0, ""self_attn.q_proj"": -5.0, ""self_attn.v_proj"": -10.0}","{""mlp.down_proj"": 0.012558869701726845, ""mlp.gate_proj"": 0.030821917808219176, ""mlp.up_proj"": 0.01064773735581189, ""self_attn.k_proj"": 0.04, ""self_attn.o_proj"": 0.010416666666666666, ""self_attn.q_proj"": 0.07142857142857142, ""self_attn.v_proj"": 0.039525691699604744}",-0.009977174019394242,-2.5999999999999996,203.6857142857143,False,True
qwen,opd,160,E_if,E_ifeval,0.1,18,5,equal5_non_qk,True,"mlp.down_proj,mlp.gate_proj,mlp.up_proj,self_attn.o_proj,self_attn.v_proj","self_attn.q_proj,self_attn.k_proj",443.2,453.0,443.2,-9.8,0.03099382985648703,0.021633554083885235,"{""mlp.down_proj"": 839.0, ""mlp.gate_proj"": 228.0, ""mlp.up_proj"": 695.0, ""self_attn.o_proj"": 387.0, ""self_attn.v_proj"": 116.0}","{""mlp.down_proj"": 823.0, ""mlp.gate_proj"": 217.0, ""mlp.up_proj"": 685.0, ""self_attn.o_proj"": 382.0, ""self_attn.v_proj"": 109.0}","{""mlp.down_proj"": -16.0, ""mlp.gate_proj"": -11.0, ""mlp.up_proj"": -10.0, ""self_attn.o_proj"": -5.0, ""self_attn.v_proj"": -7.0}","{""mlp.down_proj"": 0.01907032181168057, ""mlp.gate_proj"": 0.04824561403508772, ""mlp.up_proj"": 0.014388489208633094, ""self_attn.o_proj"": 0.012919896640826873, ""self_attn.v_proj"": 0.0603448275862069}",0.022177410516331382,0.008816419340155649,7,equal7,True,"mlp.down_proj,mlp.gate_proj,mlp.up_proj,self_attn.k_proj,self_attn.o_proj,self_attn.q_proj,self_attn.v_proj",,320.14285714285717,327.42857142857144,320.14285714285717,-7.285714285714286,0.044054034313075155,0.022251308900523535,"{""mlp.down_proj"": 839.0, ""mlp.gate_proj"": 228.0, ""mlp.up_proj"": 695.0, ""self_attn.k_proj"": 16.0, ""self_attn.o_proj"": 387.0, ""self_attn.q_proj"": 11.0, ""self_attn.v_proj"": 116.0}","{""mlp.down_proj"": 823.0, ""mlp.gate_proj"": 217.0, ""mlp.up_proj"": 685.0, ""self_attn.k_proj"": 15.0, ""self_attn.o_proj"": 382.0, ""self_attn.q_proj"": 10.0, ""self_attn.v_proj"": 109.0}","{""mlp.down_proj"": -16.0, ""mlp.gate_proj"": -11.0, ""mlp.up_proj"": -10.0, ""self_attn.k_proj"": -1.0, ""self_attn.o_proj"": -5.0, ""self_attn.q_proj"": -1.0, ""self_attn.v_proj"": -7.0}","{""mlp.down_proj"": 0.01907032181168057, ""mlp.gate_proj"": 0.04824561403508772, ""mlp.up_proj"": 0.014388489208633094, ""self_attn.k_proj"": 0.0625, ""self_attn.o_proj"": 0.012919896640826873, ""self_attn.q_proj"": 0.09090909090909091, ""self_attn.v_proj"": 0.0603448275862069}",-0.013060204456588124,-2.514285714285715,123.05714285714282,False,True
qwen,opd,160,E_math,E_mathHeld,0.01,18,5,equal5_non_qk,True,"mlp.down_proj,mlp.gate_proj,mlp.up_proj,self_attn.o_proj,self_attn.v_proj","self_attn.q_proj,self_attn.k_proj",1639.6,1649.6,1639.6,-10.0,0.007399897757226296,0.006062075654704171,"{""mlp.down_proj"": 2176.0, ""mlp.gate_proj"": 1819.0, ""mlp.up_proj"": 2046.0, ""self_attn.o_proj"": 1520.0, ""self_attn.v_proj"": 687.0}","{""mlp.down_proj"": 2168.0, ""mlp.gate_proj"": 1803.0, ""mlp.up_proj"": 2038.0, ""self_attn.o_proj"": 1513.0, ""self_attn.v_proj"": 676.0}","{""mlp.down_proj"": -8.0, ""mlp.gate_proj"": -16.0, ""mlp.up_proj"": -8.0, ""self_attn.o_proj"": -7.0, ""self_attn.v_proj"": -11.0}","{""mlp.down_proj"": 0.003676470588235294, ""mlp.gate_proj"": 0.008796041781198461, ""mlp.up_proj"": 0.0039100684261974585, ""self_attn.o_proj"": 0.004605263157894736, ""self_attn.v_proj"": 0.01601164483260553}",0.00607692983548813,0.0013229679217381662,7,equal7,True,"mlp.down_proj,mlp.gate_proj,mlp.up_proj,self_attn.k_proj,self_attn.o_proj,self_attn.q_proj,self_attn.v_proj",,1326.142857142857,1339.0,1326.142857142857,-12.857142857142858,0.015257535264278269,0.009602048436999917,"{""mlp.down_proj"": 2176.0, ""mlp.gate_proj"": 1819.0, ""mlp.up_proj"": 2046.0, ""self_attn.k_proj"": 363.0, ""self_attn.o_proj"": 1520.0, ""self_attn.q_proj"": 762.0, ""self_attn.v_proj"": 687.0}","{""mlp.down_proj"": 2168.0, ""mlp.gate_proj"": 1803.0, ""mlp.up_proj"": 2038.0, ""self_attn.k_proj"": 351.0, ""self_attn.o_proj"": 1513.0, ""self_attn.q_proj"": 734.0, ""self_attn.v_proj"": 676.0}","{""mlp.down_proj"": -8.0, ""mlp.gate_proj"": -16.0, ""mlp.up_proj"": -8.0, ""self_attn.k_proj"": -12.0, ""self_attn.o_proj"": -7.0, ""self_attn.q_proj"": -28.0, ""self_attn.v_proj"": -11.0}","{""mlp.down_proj"": 0.003676470588235294, ""mlp.gate_proj"": 0.008796041781198461, ""mlp.up_proj"": 0.0039100684261974585, ""self_attn.k_proj"": 0.03305785123966942, ""self_attn.o_proj"": 0.004605263157894736, ""self_attn.q_proj"": 0.03674540682414698, ""self_attn.v_proj"": 0.01601164483260553}",-0.007857637507051972,2.8571428571428577,313.4571428571428,False,True
qwen,opd,160,E_math,E_mathHeld,0.025,18,5,equal5_non_qk,True,"mlp.down_proj,mlp.gate_proj,mlp.up_proj,self_attn.o_proj,self_attn.v_proj","self_attn.q_proj,self_attn.k_proj",1309.2,1322.2,1309.2,-13.0,0.012253954415172713,0.009832098018454092,"{""mlp.down_proj"": 1875.0, ""mlp.gate_proj"": 1369.0, ""mlp.up_proj"": 1691.0, ""self_attn.o_proj"": 1157.0, ""self_attn.v_proj"": 519.0}","{""mlp.down_proj"": 1863.0, ""mlp.gate_proj"": 1348.0, ""mlp.up_proj"": 1680.0, ""self_attn.o_proj"": 1150.0, ""self_attn.v_proj"": 505.0}","{""mlp.down_proj"": -12.0, ""mlp.gate_proj"": -21.0, ""mlp.up_proj"": -11.0, ""self_attn.o_proj"": -7.0, ""self_attn.v_proj"": -14.0}","{""mlp.down_proj"": 0.0064, ""mlp.gate_proj"": 0.015339663988312637, ""mlp.up_proj"": 0.006505026611472502, ""self_attn.o_proj"": 0.006050129645635264, ""self_attn.v_proj"": 0.02697495183044316}",0.009428150051554377,0.0028258043636183363,7,equal7,True,"mlp.down_proj,mlp.gate_proj,mlp.up_proj,self_attn.k_proj,self_attn.o_proj,self_attn.q_proj,self_attn.v_proj",,1011.8571428571429,1025.5714285714287,1011.8571428571429,-13.714285714285714,0.023848044728372157,0.013372335979941558,"{""mlp.down_proj"": 1875.0, ""mlp.gate_proj"": 1369.0, ""mlp.up_proj"": 1691.0, ""self_attn.k_proj"": 189.0, ""self_attn.o_proj"": 1157.0, ""self_attn.q_proj"": 379.0, ""self_attn.v_proj"": 519.0}","{""mlp.down_proj"": 1863.0, ""mlp.gate_proj"": 1348.0, ""mlp.up_proj"": 1680.0, ""self_attn.k_proj"": 180.0, ""self_attn.o_proj"": 1150.0, ""self_attn.q_proj"": 357.0, ""self_attn.v_proj"": 505.0}","{""mlp.down_proj"": -12.0, ""mlp.gate_proj"": -21.0, ""mlp.up_proj"": -11.0, ""self_attn.k_proj"": -9.0, ""self_attn.o_proj"": -7.0, ""self_attn.q_proj"": -22.0, ""self_attn.v_proj"": -14.0}","{""mlp.down_proj"": 0.0064, ""mlp.gate_proj"": 0.015339663988312637, ""mlp.up_proj"": 0.006505026611472502, ""self_attn.k_proj"": 0.047619047619047616, ""self_attn.o_proj"": 0.006050129645635264, ""self_attn.q_proj"": 0.05804749340369393, ""self_attn.v_proj"": 0.02697495183044316}",-0.011594090313199443,0.7142857142857135,297.34285714285716,False,True
qwen,opd,160,E_math,E_mathHeld,0.05,18,5,equal5_non_qk,True,"mlp.down_proj,mlp.gate_proj,mlp.up_proj,self_attn.o_proj,self_attn.v_proj","self_attn.q_proj,self_attn.k_proj",1000.2,1014.2,1000.2,-14.0,0.01781890415925604,0.013803983435219876,"{""mlp.down_proj"": 1552.0, ""mlp.gate_proj"": 956.0, ""mlp.up_proj"": 1332.0, ""self_attn.o_proj"": 860.0, ""self_attn.v_proj"": 371.0}","{""mlp.down_proj"": 1537.0, ""mlp.gate_proj"": 934.0, ""mlp.up_proj"": 1320.0, ""self_attn.o_proj"": 854.0, ""self_attn.v_proj"": 356.0}","{""mlp.down_proj"": -15.0, ""mlp.gate_proj"": -22.0, ""mlp.up_proj"": -12.0, ""self_attn.o_proj"": -6.0, ""self_attn.v_proj"": -15.0}","{""mlp.down_proj"": 0.009664948453608248, ""mlp.gate_proj"": 0.02301255230125523, ""mlp.up_proj"": 0.009009009009009009, ""self_attn.o_proj"": 0.0069767441860465115, ""self_attn.v_proj"": 0.04043126684636118}",0.014221391712144472,0.003597512447111567,7,equal7,True,"mlp.down_proj,mlp.gate_proj,mlp.up_proj,self_attn.k_proj,self_attn.o_proj,self_attn.q_proj,self_attn.v_proj",,745.5714285714286,758.1428571428571,745.5714285714286,-12.571428571428571,0.033497959281137454,0.016581872997927245,"{""mlp.down_proj"": 1552.0, ""mlp.gate_proj"": 956.0, ""mlp.up_proj"": 1332.0, ""self_attn.k_proj"": 82.0, ""self_attn.o_proj"": 860.0, ""self_attn.q_proj"": 154.0, ""self_attn.v_proj"": 371.0}","{""mlp.down_proj"": 1537.0, ""mlp.gate_proj"": 934.0, ""mlp.up_proj"": 1320.0, ""self_attn.k_proj"": 77.0, ""self_attn.o_proj"": 854.0, ""self_attn.q_proj"": 141.0, ""self_attn.v_proj"": 356.0}","{""mlp.down_proj"": -15.0, ""mlp.gate_proj"": -22.0, ""mlp.up_proj"": -12.0, ""self_attn.k_proj"": -5.0, ""self_attn.o_proj"": -6.0, ""self_attn.q_proj"": -13.0, ""self_attn.v_proj"": -15.0}","{""mlp.down_proj"": 0.009664948453608248, ""mlp.gate_proj"": 0.02301255230125523, ""mlp.up_proj"": 0.009009009009009009, ""self_attn.k_proj"": 0.06097560975609756, ""self_attn.o_proj"": 0.0069767441860465115, ""self_attn.q_proj"": 0.08441558441558442, ""self_attn.v_proj"": 0.04043126684636118}",-0.015679055121881415,-1.4285714285714288,254.6285714285715,False,True
qwen,opd,160,E_math,E_mathHeld,0.1,18,5,equal5_non_qk,True,"mlp.down_proj,mlp.gate_proj,mlp.up_proj,self_attn.o_proj,self_attn.v_proj","self_attn.q_proj,self_attn.k_proj",660.0,673.2,660.0,-13.2,0.026640574386490378,0.019607843137254968,"{""mlp.down_proj"": 1147.0, ""mlp.gate_proj"": 529.0, ""mlp.up_proj"": 913.0, ""self_attn.o_proj"": 561.0, ""self_attn.v_proj"": 216.0}","{""mlp.down_proj"": 1131.0, ""mlp.gate_proj"": 510.0, ""mlp.up_proj"": 900.0, ""self_attn.o_proj"": 556.0, ""self_attn.v_proj"": 203.0}","{""mlp.down_proj"": -16.0, ""mlp.gate_proj"": -19.0, ""mlp.up_proj"": -13.0, ""self_attn.o_proj"": -5.0, ""self_attn.v_proj"": -13.0}","{""mlp.down_proj"": 0.013949433304272014, ""mlp.gate_proj"": 0.035916824196597356, ""mlp.up_proj"": 0.014238773274917854, ""self_attn.o_proj"": 0.008912655971479501, ""self_attn.v_proj"": 0.06018518518518518}",0.022177410516331382,0.004463163870158996,7,equal7,True,"mlp.down_proj,mlp.gate_proj,mlp.up_proj,self_attn.k_proj,self_attn.o_proj,self_attn.q_proj,self_attn.v_proj",,478.42857142857144,488.7142857142857,478.42857142857144,-10.285714285714286,0.049366923332900194,0.021046477638117494,"{""mlp.down_proj"": 1147.0, ""mlp.gate_proj"": 529.0, ""mlp.up_proj"": 913.0, ""self_attn.k_proj"": 24.0, ""self_attn.o_proj"": 561.0, ""self_attn.q_proj"": 31.0, ""self_attn.v_proj"": 216.0}","{""mlp.down_proj"": 1131.0, ""mlp.gate_proj"": 510.0, ""mlp.up_proj"": 900.0, ""self_attn.k_proj"": 22.0, ""self_attn.o_proj"": 556.0, ""self_attn.q_proj"": 27.0, ""self_attn.v_proj"": 203.0}","{""mlp.down_proj"": -16.0, ""mlp.gate_proj"": -19.0, ""mlp.up_proj"": -13.0, ""self_attn.k_proj"": -2.0, ""self_attn.o_proj"": -5.0, ""self_attn.q_proj"": -4.0, ""self_attn.v_proj"": -13.0}","{""mlp.down_proj"": 0.013949433304272014, ""mlp.gate_proj"": 0.035916824196597356, ""mlp.up_proj"": 0.014238773274917854, ""self_attn.k_proj"": 0.08333333333333333, ""self_attn.o_proj"": 0.008912655971479501, ""self_attn.q_proj"": 0.12903225806451613, ""self_attn.v_proj"": 0.06018518518518518}",-0.022726348946409815,-2.914285714285713,181.57142857142856,False,True
qwen,opd,160,E_ood,E_mmluPro,0.01,18,5,equal5_non_qk,True,"mlp.down_proj,mlp.gate_proj,mlp.up_proj,self_attn.o_proj,self_attn.v_proj","self_attn.q_proj,self_attn.k_proj",1597.4,1610.4,1597.4,-13.0,0.009140027983369171,0.008072528564331842,"{""mlp.down_proj"": 2156.0, ""mlp.gate_proj"": 1667.0, ""mlp.up_proj"": 2029.0, ""self_attn.o_proj"": 1471.0, ""self_attn.v_proj"": 729.0}","{""mlp.down_proj"": 2149.0, ""mlp.gate_proj"": 1644.0, ""mlp.up_proj"": 2018.0, ""self_attn.o_proj"": 1457.0, ""self_attn.v_proj"": 719.0}","{""mlp.down_proj"": -7.0, ""mlp.gate_proj"": -23.0, ""mlp.up_proj"": -11.0, ""self_attn.o_proj"": -14.0, ""self_attn.v_proj"": -10.0}","{""mlp.down_proj"": 0.003246753246753247, ""mlp.gate_proj"": 0.013797240551889621, ""mlp.up_proj"": 0.005421389847215377, ""self_attn.o_proj"": 0.009517335146159076, ""self_attn.v_proj"": 0.013717421124828532}",0.00607692983548813,0.003063098147881041,7,equal7,True,"mlp.down_proj,mlp.gate_proj,mlp.up_proj,self_attn.k_proj,self_attn.o_proj,self_attn.q_proj,self_attn.v_proj",,1290.5714285714287,1305.5714285714287,1290.5714285714287,-15.0,0.01619195343869902,0.011489222015537804,"{""mlp.down_proj"": 2156.0, ""mlp.gate_proj"": 1667.0, ""mlp.up_proj"": 2029.0, ""self_attn.k_proj"": 402.0, ""self_attn.o_proj"": 1471.0, ""self_attn.q_proj"": 685.0, ""self_attn.v_proj"": 729.0}","{""mlp.down_proj"": 2149.0, ""mlp.gate_proj"": 1644.0, ""mlp.up_proj"": 2018.0, ""self_attn.k_proj"": 393.0, ""self_attn.o_proj"": 1457.0, ""self_attn.q_proj"": 654.0, ""self_attn.v_proj"": 719.0}","{""mlp.down_proj"": -7.0, ""mlp.gate_proj"": -23.0, ""mlp.up_proj"": -11.0, ""self_attn.k_proj"": -9.0, ""self_attn.o_proj"": -14.0, ""self_attn.q_proj"": -31.0, ""self_attn.v_proj"": -10.0}","{""mlp.down_proj"": 0.003246753246753247, ""mlp.gate_proj"": 0.013797240551889621, ""mlp.up_proj"": 0.005421389847215377, ""self_attn.k_proj"": 0.022388059701492536, ""self_attn.o_proj"": 0.009517335146159076, ""self_attn.q_proj"": 0.04525547445255475, ""self_attn.v_proj"": 0.013717421124828532}",-0.007051925455329849,2.0,306.8285714285714,False,True
qwen,opd,160,E_ood,E_mmluPro,0.025,18,5,equal5_non_qk,True,"mlp.down_proj,mlp.gate_proj,mlp.up_proj,self_attn.o_proj,self_attn.v_proj","self_attn.q_proj,self_attn.k_proj",1252.6,1268.4,1252.6,-15.8,0.014376714635907877,0.012456638284452997,"{""mlp.down_proj"": 1847.0, ""mlp.gate_proj"": 1163.0, ""mlp.up_proj"": 1655.0, ""self_attn.o_proj"": 1105.0, ""self_attn.v_proj"": 572.0}","{""mlp.down_proj"": 1836.0, ""mlp.gate_proj"": 1136.0, ""mlp.up_proj"": 1640.0, ""self_attn.o_proj"": 1091.0, ""self_attn.v_proj"": 560.0}","{""mlp.down_proj"": -11.0, ""mlp.gate_proj"": -27.0, ""mlp.up_proj"": -15.0, ""self_attn.o_proj"": -14.0, ""self_attn.v_proj"": -12.0}","{""mlp.down_proj"": 0.005955603681645912, ""mlp.gate_proj"": 0.023215821152192607, ""mlp.up_proj"": 0.00906344410876133, ""self_attn.o_proj"": 0.012669683257918552, ""self_attn.v_proj"": 0.02097902097902098}",0.009428150051554377,0.0049485645843535,7,equal7,True,"mlp.down_proj,mlp.gate_proj,mlp.up_proj,self_attn.k_proj,self_attn.o_proj,self_attn.q_proj,self_attn.v_proj",,968.7142857142857,984.2857142857143,968.7142857142857,-15.571428571428571,0.02512122454461407,0.015820029027576295,"{""mlp.down_proj"": 1847.0, ""mlp.gate_proj"": 1163.0, ""mlp.up_proj"": 1655.0, ""self_attn.k_proj"": 230.0, ""self_attn.o_proj"": 1105.0, ""self_attn.q_proj"": 318.0, ""self_attn.v_proj"": 572.0}","{""mlp.down_proj"": 1836.0, ""mlp.gate_proj"": 1136.0, ""mlp.up_proj"": 1640.0, ""self_attn.k_proj"": 222.0, ""self_attn.o_proj"": 1091.0, ""self_attn.q_proj"": 296.0, ""self_attn.v_proj"": 560.0}","{""mlp.down_proj"": -11.0, ""mlp.gate_proj"": -27.0, ""mlp.up_proj"": -15.0, ""self_attn.k_proj"": -8.0, ""self_attn.o_proj"": -14.0, ""self_attn.q_proj"": -22.0, ""self_attn.v_proj"": -12.0}","{""mlp.down_proj"": 0.005955603681645912, ""mlp.gate_proj"": 0.023215821152192607, ""mlp.up_proj"": 0.00906344410876133, ""self_attn.k_proj"": 0.034782608695652174, ""self_attn.o_proj"": 0.012669683257918552, ""self_attn.q_proj"": 0.06918238993710692, ""self_attn.v_proj"": 0.02097902097902098}",-0.010744509908706193,-0.22857142857142954,283.88571428571424,False,True
qwen,opd,160,E_ood,E_mmluPro,0.05,18,5,equal5_non_qk,True,"mlp.down_proj,mlp.gate_proj,mlp.up_proj,self_attn.o_proj,self_attn.v_proj","self_attn.q_proj,self_attn.k_proj",938.0,954.4,938.0,-16.4,0.020721731061037904,0.017183570829840716,"{""mlp.down_proj"": 1519.0, ""mlp.gate_proj"": 731.0, ""mlp.up_proj"": 1281.0, ""self_attn.o_proj"": 810.0, ""self_attn.v_proj"": 431.0}","{""mlp.down_proj"": 1506.0, ""mlp.gate_proj"": 705.0, ""mlp.up_proj"": 1264.0, ""self_attn.o_proj"": 797.0, ""self_attn.v_proj"": 418.0}","{""mlp.down_proj"": -13.0, ""mlp.gate_proj"": -26.0, ""mlp.up_proj"": -17.0, ""self_attn.o_proj"": -13.0, ""self_attn.v_proj"": -13.0}","{""mlp.down_proj"": 0.008558262014483212, ""mlp.gate_proj"": 0.03556771545827633, ""mlp.up_proj"": 0.01327088212334114, ""self_attn.o_proj"": 0.016049382716049384, ""self_attn.v_proj"": 0.030162412993039442}",0.014221391712144472,0.006500339348893432,7,equal7,True,"mlp.down_proj,mlp.gate_proj,mlp.up_proj,self_attn.k_proj,self_attn.o_proj,self_attn.q_proj,self_attn.v_proj",,701.5714285714286,715.5714285714286,701.5714285714286,-14.0,0.03394588492716321,0.019564783389898185,"{""mlp.down_proj"": 1519.0, ""mlp.gate_proj"": 731.0, ""mlp.up_proj"": 1281.0, ""self_attn.k_proj"": 116.0, ""self_attn.o_proj"": 810.0, ""self_attn.q_proj"": 121.0, ""self_attn.v_proj"": 431.0}","{""mlp.down_proj"": 1506.0, ""mlp.gate_proj"": 705.0, ""mlp.up_proj"": 1264.0, ""self_attn.k_proj"": 111.0, ""self_attn.o_proj"": 797.0, ""self_attn.q_proj"": 110.0, ""self_attn.v_proj"": 418.0}","{""mlp.down_proj"": -13.0, ""mlp.gate_proj"": -26.0, ""mlp.up_proj"": -17.0, ""self_attn.k_proj"": -5.0, ""self_attn.o_proj"": -13.0, ""self_attn.q_proj"": -11.0, ""self_attn.v_proj"": -13.0}","{""mlp.down_proj"": 0.008558262014483212, ""mlp.gate_proj"": 0.03556771545827633, ""mlp.up_proj"": 0.01327088212334114, ""self_attn.k_proj"": 0.04310344827586207, ""self_attn.o_proj"": 0.016049382716049384, ""self_attn.q_proj"": 0.09090909090909091, ""self_attn.v_proj"": 0.030162412993039442}",-0.013224153866125306,-2.3999999999999986,236.42857142857144,False,True
qwen,opd,160,E_ood,E_mmluPro,0.1,18,5,equal5_non_qk,True,"mlp.down_proj,mlp.gate_proj,mlp.up_proj,self_attn.o_proj,self_attn.v_proj","self_attn.q_proj,self_attn.k_proj",602.6,617.4,602.6,-14.8,0.031884688599226066,0.023971493359248388,"{""mlp.down_proj"": 1114.0, ""mlp.gate_proj"": 327.0, ""mlp.up_proj"": 850.0, ""self_attn.o_proj"": 518.0, ""self_attn.v_proj"": 278.0}","{""mlp.down_proj"": 1100.0, ""mlp.gate_proj"": 308.0, ""mlp.up_proj"": 834.0, ""self_attn.o_proj"": 506.0, ""self_attn.v_proj"": 265.0}","{""mlp.down_proj"": -14.0, ""mlp.gate_proj"": -19.0, ""mlp.up_proj"": -16.0, ""self_attn.o_proj"": -12.0, ""self_attn.v_proj"": -13.0}","{""mlp.down_proj"": 0.012567324955116697, ""mlp.gate_proj"": 0.0581039755351682, ""mlp.up_proj"": 0.018823529411764704, ""self_attn.o_proj"": 0.023166023166023165, ""self_attn.v_proj"": 0.046762589928057555}",0.022177410516331382,0.009707278082894684,7,equal7,True,"mlp.down_proj,mlp.gate_proj,mlp.up_proj,self_attn.k_proj,self_attn.o_proj,self_attn.q_proj,self_attn.v_proj",,439.2857142857143,450.42857142857144,439.2857142857143,-11.142857142857142,0.04282972262582081,0.024738344433872555,"{""mlp.down_proj"": 1114.0, ""mlp.gate_proj"": 327.0, ""mlp.up_proj"": 850.0, ""self_attn.k_proj"": 40.0, ""self_attn.o_proj"": 518.0, ""self_attn.q_proj"": 26.0, ""self_attn.v_proj"": 278.0}","{""mlp.down_proj"": 1100.0, ""mlp.gate_proj"": 308.0, ""mlp.up_proj"": 834.0, ""self_attn.k_proj"": 39.0, ""self_attn.o_proj"": 506.0, ""self_attn.q_proj"": 23.0, ""self_attn.v_proj"": 265.0}","{""mlp.down_proj"": -14.0, ""mlp.gate_proj"": -19.0, ""mlp.up_proj"": -16.0, ""self_attn.k_proj"": -1.0, ""self_attn.o_proj"": -12.0, ""self_attn.q_proj"": -3.0, ""self_attn.v_proj"": -13.0}","{""mlp.down_proj"": 0.012567324955116697, ""mlp.gate_proj"": 0.0581039755351682, ""mlp.up_proj"": 0.018823529411764704, ""self_attn.k_proj"": 0.025, ""self_attn.o_proj"": 0.023166023166023165, ""self_attn.q_proj"": 0.11538461538461539, ""self_attn.v_proj"": 0.046762589928057555}",-0.010945034026594747,-3.6571428571428584,163.31428571428575,False,True
qwen,opd,320,E_general,E_general,0.01,18,5,equal5_non_qk,True,"mlp.down_proj,mlp.gate_proj,mlp.up_proj,self_attn.o_proj,self_attn.v_proj","self_attn.q_proj,self_attn.k_proj",1622.4,1634.4,1622.4,-12.0,0.008348111562309465,0.007342143906020558,"{""mlp.down_proj"": 2190.0, ""mlp.gate_proj"": 1641.0, ""mlp.up_proj"": 2064.0, ""self_attn.o_proj"": 1546.0, ""self_attn.v_proj"": 731.0}","{""mlp.down_proj"": 2181.0, ""mlp.gate_proj"": 1622.0, ""mlp.up_proj"": 2057.0, ""self_attn.o_proj"": 1530.0, ""self_attn.v_proj"": 722.0}","{""mlp.down_proj"": -9.0, ""mlp.gate_proj"": -19.0, ""mlp.up_proj"": -7.0, ""self_attn.o_proj"": -16.0, ""self_attn.v_proj"": -9.0}","{""mlp.down_proj"": 0.00410958904109589, ""mlp.gate_proj"": 0.01157830591102986, ""mlp.up_proj"": 0.003391472868217054, ""self_attn.o_proj"": 0.01034928848641656, ""self_attn.v_proj"": 0.012311901504787962}",0.008348111562309465,0.0,7,equal7,True,"mlp.down_proj,mlp.gate_proj,mlp.up_proj,self_attn.k_proj,self_attn.o_proj,self_attn.q_proj,self_attn.v_proj",,1314.2857142857142,1328.4285714285713,1314.2857142857142,-14.142857142857142,0.015232930935153252,0.010646306054414429,"{""mlp.down_proj"": 2190.0, ""mlp.gate_proj"": 1641.0, ""mlp.up_proj"": 2064.0, ""self_attn.k_proj"": 400.0, ""self_attn.o_proj"": 1546.0, ""self_attn.q_proj"": 727.0, ""self_attn.v_proj"": 731.0}","{""mlp.down_proj"": 2181.0, ""mlp.gate_proj"": 1622.0, ""mlp.up_proj"": 2057.0, ""self_attn.k_proj"": 390.0, ""self_attn.o_proj"": 1530.0, ""self_attn.q_proj"": 698.0, ""self_attn.v_proj"": 722.0}","{""mlp.down_proj"": -9.0, ""mlp.gate_proj"": -19.0, ""mlp.up_proj"": -7.0, ""self_attn.k_proj"": -10.0, ""self_attn.o_proj"": -16.0, ""self_attn.q_proj"": -29.0, ""self_attn.v_proj"": -9.0}","{""mlp.down_proj"": 0.00410958904109589, ""mlp.gate_proj"": 0.01157830591102986, ""mlp.up_proj"": 0.003391472868217054, ""self_attn.k_proj"": 0.025, ""self_attn.o_proj"": 0.01034928848641656, ""self_attn.q_proj"": 0.039889958734525444, ""self_attn.v_proj"": 0.012311901504787962}",-0.0068848193728437874,2.1428571428571423,308.11428571428587,False,True
qwen,opd,320,E_general,E_general,0.025,18,5,equal5_non_qk,True,"mlp.down_proj,mlp.gate_proj,mlp.up_proj,self_attn.o_proj,self_attn.v_proj","self_attn.q_proj,self_attn.k_proj",1284.4,1299.6,1284.4,-15.2,0.01377326570646222,0.011695906432748399,"{""mlp.down_proj"": 1900.0, ""mlp.gate_proj"": 1133.0, ""mlp.up_proj"": 1706.0, ""self_attn.o_proj"": 1186.0, ""self_attn.v_proj"": 573.0}","{""mlp.down_proj"": 1887.0, ""mlp.gate_proj"": 1110.0, ""mlp.up_proj"": 1695.0, ""self_attn.o_proj"": 1169.0, ""self_attn.v_proj"": 561.0}","{""mlp.down_proj"": -13.0, ""mlp.gate_proj"": -23.0, ""mlp.up_proj"": -11.0, ""self_attn.o_proj"": -17.0, ""self_attn.v_proj"": -12.0}","{""mlp.down_proj"": 0.006842105263157895, ""mlp.gate_proj"": 0.02030008826125331, ""mlp.up_proj"": 0.006447831184056272, ""self_attn.o_proj"": 0.01433389544688027, ""self_attn.v_proj"": 0.020942408376963352}",0.01377326570646222,0.0,7,equal7,True,"mlp.down_proj,mlp.gate_proj,mlp.up_proj,self_attn.k_proj,self_attn.o_proj,self_attn.q_proj,self_attn.v_proj",,996.1428571428571,1011.2857142857143,996.1428571428571,-15.142857142857142,0.023750787419511005,0.014973866365305915,"{""mlp.down_proj"": 1900.0, ""mlp.gate_proj"": 1133.0, ""mlp.up_proj"": 1706.0, ""self_attn.k_proj"": 227.0, ""self_attn.o_proj"": 1186.0, ""self_attn.q_proj"": 354.0, ""self_attn.v_proj"": 573.0}","{""mlp.down_proj"": 1887.0, ""mlp.gate_proj"": 1110.0, ""mlp.up_proj"": 1695.0, ""self_attn.k_proj"": 219.0, ""self_attn.o_proj"": 1169.0, ""self_attn.q_proj"": 332.0, ""self_attn.v_proj"": 561.0}","{""mlp.down_proj"": -13.0, ""mlp.gate_proj"": -23.0, ""mlp.up_proj"": -11.0, ""self_attn.k_proj"": -8.0, ""self_attn.o_proj"": -17.0, ""self_attn.q_proj"": -22.0, ""self_attn.v_proj"": -12.0}","{""mlp.down_proj"": 0.006842105263157895, ""mlp.gate_proj"": 0.02030008826125331, ""mlp.up_proj"": 0.006447831184056272, ""self_attn.k_proj"": 0.03524229074889868, ""self_attn.o_proj"": 0.01433389544688027, ""self_attn.q_proj"": 0.062146892655367235, ""self_attn.v_proj"": 0.020942408376963352}",-0.009977521713048785,-0.05714285714285694,288.257142857143,False,True
qwen,opd,320,E_general,E_general,0.05,18,5,equal5_non_qk,True,"mlp.down_proj,mlp.gate_proj,mlp.up_proj,self_attn.o_proj,self_attn.v_proj","self_attn.q_proj,self_attn.k_proj",974.6,991.2,974.6,-16.6,0.02048765011538093,0.016747376916868464,"{""mlp.down_proj"": 1590.0, ""mlp.gate_proj"": 701.0, ""mlp.up_proj"": 1344.0, ""self_attn.o_proj"": 890.0, ""self_attn.v_proj"": 431.0}","{""mlp.down_proj"": 1573.0, ""mlp.gate_proj"": 678.0, ""mlp.up_proj"": 1331.0, ""self_attn.o_proj"": 873.0, ""self_attn.v_proj"": 418.0}","{""mlp.down_proj"": -17.0, ""mlp.gate_proj"": -23.0, ""mlp.up_proj"": -13.0, ""self_attn.o_proj"": -17.0, ""self_attn.v_proj"": -13.0}","{""mlp.down_proj"": 0.010691823899371069, ""mlp.gate_proj"": 0.03281027104136947, ""mlp.up_proj"": 0.009672619047619048, ""self_attn.o_proj"": 0.019101123595505618, ""self_attn.v_proj"": 0.030162412993039442}",0.02048765011538093,0.0,7,equal7,True,"mlp.down_proj,mlp.gate_proj,mlp.up_proj,self_attn.k_proj,self_attn.o_proj,self_attn.q_proj,self_attn.v_proj",,730.2857142857143,744.7142857142857,730.2857142857143,-14.428571428571429,0.03385197370932884,0.019374640322271115,"{""mlp.down_proj"": 1590.0, ""mlp.gate_proj"": 701.0, ""mlp.up_proj"": 1344.0, ""self_attn.k_proj"": 113.0, ""self_attn.o_proj"": 890.0, ""self_attn.q_proj"": 144.0, ""self_attn.v_proj"": 431.0}","{""mlp.down_proj"": 1573.0, ""mlp.gate_proj"": 678.0, ""mlp.up_proj"": 1331.0, ""self_attn.k_proj"": 108.0, ""self_attn.o_proj"": 873.0, ""self_attn.q_proj"": 131.0, ""self_attn.v_proj"": 418.0}","{""mlp.down_proj"": -17.0, ""mlp.gate_proj"": -23.0, ""mlp.up_proj"": -13.0, ""self_attn.k_proj"": -5.0, ""self_attn.o_proj"": -17.0, ""self_attn.q_proj"": -13.0, ""self_attn.v_proj"": -13.0}","{""mlp.down_proj"": 0.010691823899371069, ""mlp.gate_proj"": 0.03281027104136947, ""mlp.up_proj"": 0.009672619047619048, ""self_attn.k_proj"": 0.04424778761061947, ""self_attn.o_proj"": 0.019101123595505618, ""self_attn.q_proj"": 0.09027777777777778, ""self_attn.v_proj"": 0.030162412993039442}",-0.013364323593947909,-2.1714285714285726,244.3142857142857,False,True
qwen,opd,320,E_general,E_general,0.1,18,5,equal5_non_qk,True,"mlp.down_proj,mlp.gate_proj,mlp.up_proj,self_attn.o_proj,self_attn.v_proj","self_attn.q_proj,self_attn.k_proj",642.0,657.2,642.0,-15.2,0.03108372549212942,0.023128423615337863,"{""mlp.down_proj"": 1200.0, ""mlp.gate_proj"": 300.0, ""mlp.up_proj"": 920.0, ""self_attn.o_proj"": 589.0, ""self_attn.v_proj"": 277.0}","{""mlp.down_proj"": 1181.0, ""mlp.gate_proj"": 283.0, ""mlp.up_proj"": 907.0, ""self_attn.o_proj"": 574.0, ""self_attn.v_proj"": 265.0}","{""mlp.down_proj"": -19.0, ""mlp.gate_proj"": -17.0, ""mlp.up_proj"": -13.0, ""self_attn.o_proj"": -15.0, ""self_attn.v_proj"": -12.0}","{""mlp.down_proj"": 0.015833333333333335, ""mlp.gate_proj"": 0.056666666666666664, ""mlp.up_proj"": 0.014130434782608696, ""self_attn.o_proj"": 0.025466893039049237, ""self_attn.v_proj"": 0.04332129963898917}",0.03108372549212942,0.0,7,equal7,True,"mlp.down_proj,mlp.gate_proj,mlp.up_proj,self_attn.k_proj,self_attn.o_proj,self_attn.q_proj,self_attn.v_proj",,468.0,479.7142857142857,468.0,-11.714285714285714,0.04684468570783136,0.02441929720071473,"{""mlp.down_proj"": 1200.0, ""mlp.gate_proj"": 300.0, ""mlp.up_proj"": 920.0, ""self_attn.k_proj"": 39.0, ""self_attn.o_proj"": 589.0, ""self_attn.q_proj"": 33.0, ""self_attn.v_proj"": 277.0}","{""mlp.down_proj"": 1181.0, ""mlp.gate_proj"": 283.0, ""mlp.up_proj"": 907.0, ""self_attn.k_proj"": 37.0, ""self_attn.o_proj"": 574.0, ""self_attn.q_proj"": 29.0, ""self_attn.v_proj"": 265.0}","{""mlp.down_proj"": -19.0, ""mlp.gate_proj"": -17.0, ""mlp.up_proj"": -13.0, ""self_attn.k_proj"": -2.0, ""self_attn.o_proj"": -15.0, ""self_attn.q_proj"": -4.0, ""self_attn.v_proj"": -12.0}","{""mlp.down_proj"": 0.015833333333333335, ""mlp.gate_proj"": 0.056666666666666664, ""mlp.up_proj"": 0.014130434782608696, ""self_attn.k_proj"": 0.05128205128205128, ""self_attn.o_proj"": 0.025466893039049237, ""self_attn.q_proj"": 0.12121212121212122, ""self_attn.v_proj"": 0.04332129963898917}",-0.01576096021570194,-3.4857142857142858,174.0,False,True
qwen,opd,320,E_if,E_ifeval,0.01,18,5,equal5_non_qk,True,"mlp.down_proj,mlp.gate_proj,mlp.up_proj,self_attn.o_proj,self_attn.v_proj","self_attn.q_proj,self_attn.k_proj",1466.0,1484.2,1466.0,-18.2,0.014582736082833198,0.012262498315590922,"{""mlp.down_proj"": 2024.0, ""mlp.gate_proj"": 1528.0, ""mlp.up_proj"": 1933.0, ""self_attn.o_proj"": 1347.0, ""self_attn.v_proj"": 589.0}","{""mlp.down_proj"": 2005.0, ""mlp.gate_proj"": 1502.0, ""mlp.up_proj"": 1920.0, ""self_attn.o_proj"": 1330.0, ""self_attn.v_proj"": 573.0}","{""mlp.down_proj"": -19.0, ""mlp.gate_proj"": -26.0, ""mlp.up_proj"": -13.0, ""self_attn.o_proj"": -17.0, ""self_attn.v_proj"": -16.0}","{""mlp.down_proj"": 0.009387351778656126, ""mlp.gate_proj"": 0.017015706806282723, ""mlp.up_proj"": 0.006725297465080186, ""self_attn.o_proj"": 0.012620638455827766, ""self_attn.v_proj"": 0.027164685908319185}",0.008348111562309465,0.006234624520523733,7,equal7,True,"mlp.down_proj,mlp.gate_proj,mlp.up_proj,self_attn.k_proj,self_attn.o_proj,self_attn.q_proj,self_attn.v_proj",,1155.0,1174.0,1155.0,-19.0,0.025375835171433436,0.016183986371379896,"{""mlp.down_proj"": 2024.0, ""mlp.gate_proj"": 1528.0, ""mlp.up_proj"": 1933.0, ""self_attn.k_proj"": 273.0, ""self_attn.o_proj"": 1347.0, ""self_attn.q_proj"": 524.0, ""self_attn.v_proj"": 589.0}","{""mlp.down_proj"": 2005.0, ""mlp.gate_proj"": 1502.0, ""mlp.up_proj"": 1920.0, ""self_attn.k_proj"": 259.0, ""self_attn.o_proj"": 1330.0, ""self_attn.q_proj"": 496.0, ""self_attn.v_proj"": 573.0}","{""mlp.down_proj"": -19.0, ""mlp.gate_proj"": -26.0, ""mlp.up_proj"": -13.0, ""self_attn.k_proj"": -14.0, ""self_attn.o_proj"": -17.0, ""self_attn.q_proj"": -28.0, ""self_attn.v_proj"": -16.0}","{""mlp.down_proj"": 0.009387351778656126, ""mlp.gate_proj"": 0.017015706806282723, ""mlp.up_proj"": 0.006725297465080186, ""self_attn.k_proj"": 0.05128205128205128, ""self_attn.o_proj"": 0.012620638455827766, ""self_attn.q_proj"": 0.05343511450381679, ""self_attn.v_proj"": 0.027164685908319185}",-0.010793099088600239,0.8000000000000007,311.0,False,True
qwen,opd,320,E_if,E_ifeval,0.025,18,5,equal5_non_qk,True,"mlp.down_proj,mlp.gate_proj,mlp.up_proj,self_attn.o_proj,self_attn.v_proj","self_attn.q_proj,self_attn.k_proj",1088.0,1109.6,1088.0,-21.6,0.023768403246255086,0.01946647440519098,"{""mlp.down_proj"": 1649.0, ""mlp.gate_proj"": 1005.0, ""mlp.up_proj"": 1521.0, ""self_attn.o_proj"": 969.0, ""self_attn.v_proj"": 404.0}","{""mlp.down_proj"": 1622.0, ""mlp.gate_proj"": 975.0, ""mlp.up_proj"": 1505.0, ""self_attn.o_proj"": 952.0, ""self_attn.v_proj"": 386.0}","{""mlp.down_proj"": -27.0, ""mlp.gate_proj"": -30.0, ""mlp.up_proj"": -16.0, ""self_attn.o_proj"": -17.0, ""self_attn.v_proj"": -18.0}","{""mlp.down_proj"": 0.01637355973317162, ""mlp.gate_proj"": 0.029850746268656716, ""mlp.up_proj"": 0.01051939513477975, ""self_attn.o_proj"": 0.017543859649122806, ""self_attn.v_proj"": 0.04455445544554455}",0.01377326570646222,0.009995137539792866,7,equal7,True,"mlp.down_proj,mlp.gate_proj,mlp.up_proj,self_attn.k_proj,self_attn.o_proj,self_attn.q_proj,self_attn.v_proj",,821.0,840.0,821.0,-19.0,0.03788891136520568,0.02261904761904762,"{""mlp.down_proj"": 1649.0, ""mlp.gate_proj"": 1005.0, ""mlp.up_proj"": 1521.0, ""self_attn.k_proj"": 123.0, ""self_attn.o_proj"": 969.0, ""self_attn.q_proj"": 209.0, ""self_attn.v_proj"": 404.0}","{""mlp.down_proj"": 1622.0, ""mlp.gate_proj"": 975.0, ""mlp.up_proj"": 1505.0, ""self_attn.k_proj"": 115.0, ""self_attn.o_proj"": 952.0, ""self_attn.q_proj"": 192.0, ""self_attn.v_proj"": 386.0}","{""mlp.down_proj"": -27.0, ""mlp.gate_proj"": -30.0, ""mlp.up_proj"": -16.0, ""self_attn.k_proj"": -8.0, ""self_attn.o_proj"": -17.0, ""self_attn.q_proj"": -17.0, ""self_attn.v_proj"": -18.0}","{""mlp.down_proj"": 0.01637355973317162, ""mlp.gate_proj"": 0.029850746268656716, ""mlp.up_proj"": 0.01051939513477975, ""self_attn.k_proj"": 0.06504065040650407, ""self_attn.o_proj"": 0.017543859649122806, ""self_attn.q_proj"": 0.08133971291866028, ""self_attn.v_proj"": 0.04455445544554455}",-0.014120508118950596,-2.6000000000000014,267.0,False,True
qwen,opd,320,E_if,E_ifeval,0.05,18,5,equal5_non_qk,True,"mlp.down_proj,mlp.gate_proj,mlp.up_proj,self_attn.o_proj,self_attn.v_proj","self_attn.q_proj,self_attn.k_proj",760.2,782.0,760.2,-21.8,0.034874570535678336,0.027877237851662347,"{""mlp.down_proj"": 1274.0, ""mlp.gate_proj"": 584.0, ""mlp.up_proj"": 1127.0, ""self_attn.o_proj"": 672.0, ""self_attn.v_proj"": 253.0}","{""mlp.down_proj"": 1242.0, ""mlp.gate_proj"": 557.0, ""mlp.up_proj"": 1109.0, ""self_attn.o_proj"": 656.0, ""self_attn.v_proj"": 237.0}","{""mlp.down_proj"": -32.0, ""mlp.gate_proj"": -27.0, ""mlp.up_proj"": -18.0, ""self_attn.o_proj"": -16.0, ""self_attn.v_proj"": -16.0}","{""mlp.down_proj"": 0.02511773940345369, ""mlp.gate_proj"": 0.046232876712328765, ""mlp.up_proj"": 0.015971606033717833, ""self_attn.o_proj"": 0.023809523809523808, ""self_attn.v_proj"": 0.06324110671936758}",0.02048765011538093,0.014386920420297405,7,equal7,True,"mlp.down_proj,mlp.gate_proj,mlp.up_proj,self_attn.k_proj,self_attn.o_proj,self_attn.q_proj,self_attn.v_proj",,558.4285714285714,575.7142857142857,558.4285714285714,-17.285714285714285,0.05266550956630085,0.030024813895781526,"{""mlp.down_proj"": 1274.0, ""mlp.gate_proj"": 584.0, ""mlp.up_proj"": 1127.0, ""self_attn.k_proj"": 50.0, ""self_attn.o_proj"": 672.0, ""self_attn.q_proj"": 70.0, ""self_attn.v_proj"": 253.0}","{""mlp.down_proj"": 1242.0, ""mlp.gate_proj"": 557.0, ""mlp.up_proj"": 1109.0, ""self_attn.k_proj"": 46.0, ""self_attn.o_proj"": 656.0, ""self_attn.q_proj"": 62.0, ""self_attn.v_proj"": 237.0}","{""mlp.down_proj"": -32.0, ""mlp.gate_proj"": -27.0, ""mlp.up_proj"": -18.0, ""self_attn.k_proj"": -4.0, ""self_attn.o_proj"": -16.0, ""self_attn.q_proj"": -8.0, ""self_attn.v_proj"": -16.0}","{""mlp.down_proj"": 0.02511773940345369, ""mlp.gate_proj"": 0.046232876712328765, ""mlp.up_proj"": 0.015971606033717833, ""self_attn.k_proj"": 0.08, ""self_attn.o_proj"": 0.023809523809523808, ""self_attn.q_proj"": 0.11428571428571428, ""self_attn.v_proj"": 0.06324110671936758}",-0.017790939030622517,-4.514285714285716,201.7714285714286,False,True
qwen,opd,320,E_if,E_ifeval,0.1,18,5,equal5_non_qk,True,"mlp.down_proj,mlp.gate_proj,mlp.up_proj,self_attn.o_proj,self_attn.v_proj","self_attn.q_proj,self_attn.k_proj",434.8,453.0,434.8,-18.2,0.054791106421478976,0.04017660044150108,"{""mlp.down_proj"": 839.0, ""mlp.gate_proj"": 228.0, ""mlp.up_proj"": 695.0, ""self_attn.o_proj"": 387.0, ""self_attn.v_proj"": 116.0}","{""mlp.down_proj"": 806.0, ""mlp.gate_proj"": 211.0, ""mlp.up_proj"": 679.0, ""self_attn.o_proj"": 374.0, ""self_attn.v_proj"": 104.0}","{""mlp.down_proj"": -33.0, ""mlp.gate_proj"": -17.0, ""mlp.up_proj"": -16.0, ""self_attn.o_proj"": -13.0, ""self_attn.v_proj"": -12.0}","{""mlp.down_proj"": 0.03933253873659118, ""mlp.gate_proj"": 0.07456140350877193, ""mlp.up_proj"": 0.02302158273381295, ""self_attn.o_proj"": 0.03359173126614987, ""self_attn.v_proj"": 0.10344827586206896}",0.03108372549212942,0.023707380929349556,7,equal7,True,"mlp.down_proj,mlp.gate_proj,mlp.up_proj,self_attn.k_proj,self_attn.o_proj,self_attn.q_proj,self_attn.v_proj",,313.85714285714283,327.42857142857144,313.85714285714283,-13.571428571428571,0.08296767341793952,0.041448516579406756,"{""mlp.down_proj"": 839.0, ""mlp.gate_proj"": 228.0, ""mlp.up_proj"": 695.0, ""self_attn.k_proj"": 16.0, ""self_attn.o_proj"": 387.0, ""self_attn.q_proj"": 11.0, ""self_attn.v_proj"": 116.0}","{""mlp.down_proj"": 806.0, ""mlp.gate_proj"": 211.0, ""mlp.up_proj"": 679.0, ""self_attn.k_proj"": 14.0, ""self_attn.o_proj"": 374.0, ""self_attn.q_proj"": 9.0, ""self_attn.v_proj"": 104.0}","{""mlp.down_proj"": -33.0, ""mlp.gate_proj"": -17.0, ""mlp.up_proj"": -16.0, ""self_attn.k_proj"": -2.0, ""self_attn.o_proj"": -13.0, ""self_attn.q_proj"": -2.0, ""self_attn.v_proj"": -12.0}","{""mlp.down_proj"": 0.03933253873659118, ""mlp.gate_proj"": 0.07456140350877193, ""mlp.up_proj"": 0.02302158273381295, ""self_attn.k_proj"": 0.125, ""self_attn.o_proj"": 0.03359173126614987, ""self_attn.q_proj"": 0.18181818181818182, ""self_attn.v_proj"": 0.10344827586206896}",-0.028176566996460546,-4.628571428571428,120.94285714285718,False,True
qwen,opd,320,E_math,E_mathHeld,0.01,18,5,equal5_non_qk,True,"mlp.down_proj,mlp.gate_proj,mlp.up_proj,self_attn.o_proj,self_attn.v_proj","self_attn.q_proj,self_attn.k_proj",1637.0,1649.6,1637.0,-12.6,0.009509249058980354,0.0076382153249272,"{""mlp.down_proj"": 2176.0, ""mlp.gate_proj"": 1819.0, ""mlp.up_proj"": 2046.0, ""self_attn.o_proj"": 1520.0, ""self_attn.v_proj"": 687.0}","{""mlp.down_proj"": 2165.0, ""mlp.gate_proj"": 1799.0, ""mlp.up_proj"": 2037.0, ""self_attn.o_proj"": 1512.0, ""self_attn.v_proj"": 672.0}","{""mlp.down_proj"": -11.0, ""mlp.gate_proj"": -20.0, ""mlp.up_proj"": -9.0, ""self_attn.o_proj"": -8.0, ""self_attn.v_proj"": -15.0}","{""mlp.down_proj"": 0.00505514705882353, ""mlp.gate_proj"": 0.010995052226498075, ""mlp.up_proj"": 0.004398826979472141, ""self_attn.o_proj"": 0.005263157894736842, ""self_attn.v_proj"": 0.021834061135371178}",0.008348111562309465,0.0011611374966708898,7,equal7,True,"mlp.down_proj,mlp.gate_proj,mlp.up_proj,self_attn.k_proj,self_attn.o_proj,self_attn.q_proj,self_attn.v_proj",,1322.857142857143,1339.0,1322.857142857143,-16.142857142857142,0.019257188267810327,0.012055905259788731,"{""mlp.down_proj"": 2176.0, ""mlp.gate_proj"": 1819.0, ""mlp.up_proj"": 2046.0, ""self_attn.k_proj"": 363.0, ""self_attn.o_proj"": 1520.0, ""self_attn.q_proj"": 762.0, ""self_attn.v_proj"": 687.0}","{""mlp.down_proj"": 2165.0, ""mlp.gate_proj"": 1799.0, ""mlp.up_proj"": 2037.0, ""self_attn.k_proj"": 348.0, ""self_attn.o_proj"": 1512.0, ""self_attn.q_proj"": 727.0, ""self_attn.v_proj"": 672.0}","{""mlp.down_proj"": -11.0, ""mlp.gate_proj"": -20.0, ""mlp.up_proj"": -9.0, ""self_attn.k_proj"": -15.0, ""self_attn.o_proj"": -8.0, ""self_attn.q_proj"": -35.0, ""self_attn.v_proj"": -15.0}","{""mlp.down_proj"": 0.00505514705882353, ""mlp.gate_proj"": 0.010995052226498075, ""mlp.up_proj"": 0.004398826979472141, ""self_attn.k_proj"": 0.04132231404958678, ""self_attn.o_proj"": 0.005263157894736842, ""self_attn.q_proj"": 0.045931758530183726, ""self_attn.v_proj"": 0.021834061135371178}",-0.009747939208829973,3.5428571428571427,314.1428571428571,False,True
qwen,opd,320,E_math,E_mathHeld,0.025,18,5,equal5_non_qk,True,"mlp.down_proj,mlp.gate_proj,mlp.up_proj,self_attn.o_proj,self_attn.v_proj","self_attn.q_proj,self_attn.k_proj",1305.4,1322.2,1305.4,-16.8,0.01573294627566329,0.012706095900771406,"{""mlp.down_proj"": 1875.0, ""mlp.gate_proj"": 1369.0, ""mlp.up_proj"": 1691.0, ""self_attn.o_proj"": 1157.0, ""self_attn.v_proj"": 519.0}","{""mlp.down_proj"": 1858.0, ""mlp.gate_proj"": 1342.0, ""mlp.up_proj"": 1677.0, ""self_attn.o_proj"": 1149.0, ""self_attn.v_proj"": 501.0}","{""mlp.down_proj"": -17.0, ""mlp.gate_proj"": -27.0, ""mlp.up_proj"": -14.0, ""self_attn.o_proj"": -8.0, ""self_attn.v_proj"": -18.0}","{""mlp.down_proj"": 0.009066666666666667, ""mlp.gate_proj"": 0.019722425127830533, ""mlp.up_proj"": 0.00827912477823773, ""self_attn.o_proj"": 0.006914433880726016, ""self_attn.v_proj"": 0.03468208092485549}",0.01377326570646222,0.0019596805692010683,7,equal7,True,"mlp.down_proj,mlp.gate_proj,mlp.up_proj,self_attn.k_proj,self_attn.o_proj,self_attn.q_proj,self_attn.v_proj",,1008.0,1025.5714285714287,1008.0,-17.571428571428573,0.03048527148732529,0.017133305474300135,"{""mlp.down_proj"": 1875.0, ""mlp.gate_proj"": 1369.0, ""mlp.up_proj"": 1691.0, ""self_attn.k_proj"": 189.0, ""self_attn.o_proj"": 1157.0, ""self_attn.q_proj"": 379.0, ""self_attn.v_proj"": 519.0}","{""mlp.down_proj"": 1858.0, ""mlp.gate_proj"": 1342.0, ""mlp.up_proj"": 1677.0, ""self_attn.k_proj"": 177.0, ""self_attn.o_proj"": 1149.0, ""self_attn.q_proj"": 352.0, ""self_attn.v_proj"": 501.0}","{""mlp.down_proj"": -17.0, ""mlp.gate_proj"": -27.0, ""mlp.up_proj"": -14.0, ""self_attn.k_proj"": -12.0, ""self_attn.o_proj"": -8.0, ""self_attn.q_proj"": -27.0, ""self_attn.v_proj"": -18.0}","{""mlp.down_proj"": 0.009066666666666667, ""mlp.gate_proj"": 0.019722425127830533, ""mlp.up_proj"": 0.00827912477823773, ""self_attn.k_proj"": 0.06349206349206349, ""self_attn.o_proj"": 0.006914433880726016, ""self_attn.q_proj"": 0.0712401055408971, ""self_attn.v_proj"": 0.03468208092485549}",-0.014752325211662,0.7714285714285722,297.4000000000001,False,True
qwen,opd,320,E_math,E_mathHeld,0.05,18,5,equal5_non_qk,True,"mlp.down_proj,mlp.gate_proj,mlp.up_proj,self_attn.o_proj,self_attn.v_proj","self_attn.q_proj,self_attn.k_proj",995.6,1014.2,995.6,-18.6,0.02358718065972678,0.01833957799250643,"{""mlp.down_proj"": 1552.0, ""mlp.gate_proj"": 956.0, ""mlp.up_proj"": 1332.0, ""self_attn.o_proj"": 860.0, ""self_attn.v_proj"": 371.0}","{""mlp.down_proj"": 1530.0, ""mlp.gate_proj"": 928.0, ""mlp.up_proj"": 1317.0, ""self_attn.o_proj"": 852.0, ""self_attn.v_proj"": 351.0}","{""mlp.down_proj"": -22.0, ""mlp.gate_proj"": -28.0, ""mlp.up_proj"": -15.0, ""self_attn.o_proj"": -8.0, ""self_attn.v_proj"": -20.0}","{""mlp.down_proj"": 0.014175257731958763, ""mlp.gate_proj"": 0.029288702928870293, ""mlp.up_proj"": 0.01126126126126126, ""self_attn.o_proj"": 0.009302325581395349, ""self_attn.v_proj"": 0.05390835579514825}",0.02048765011538093,0.0030995305443458493,7,equal7,True,"mlp.down_proj,mlp.gate_proj,mlp.up_proj,self_attn.k_proj,self_attn.o_proj,self_attn.q_proj,self_attn.v_proj",,741.5714285714286,758.1428571428571,741.5714285714286,-16.571428571428573,0.04388540869332492,0.02185792349726774,"{""mlp.down_proj"": 1552.0, ""mlp.gate_proj"": 956.0, ""mlp.up_proj"": 1332.0, ""self_attn.k_proj"": 82.0, ""self_attn.o_proj"": 860.0, ""self_attn.q_proj"": 154.0, ""self_attn.v_proj"": 371.0}","{""mlp.down_proj"": 1530.0, ""mlp.gate_proj"": 928.0, ""mlp.up_proj"": 1317.0, ""self_attn.k_proj"": 75.0, ""self_attn.o_proj"": 852.0, ""self_attn.q_proj"": 138.0, ""self_attn.v_proj"": 351.0}","{""mlp.down_proj"": -22.0, ""mlp.gate_proj"": -28.0, ""mlp.up_proj"": -15.0, ""self_attn.k_proj"": -7.0, ""self_attn.o_proj"": -8.0, ""self_attn.q_proj"": -16.0, ""self_attn.v_proj"": -20.0}","{""mlp.down_proj"": 0.014175257731958763, ""mlp.gate_proj"": 0.029288702928870293, ""mlp.up_proj"": 0.01126126126126126, ""self_attn.k_proj"": 0.08536585365853659, ""self_attn.o_proj"": 0.009302325581395349, ""self_attn.q_proj"": 0.1038961038961039, ""self_attn.v_proj"": 0.05390835579514825}",-0.02029822803359814,-2.0285714285714285,254.02857142857147,False,True
qwen,opd,320,E_math,E_mathHeld,0.1,18,5,equal5_non_qk,True,"mlp.down_proj,mlp.gate_proj,mlp.up_proj,self_attn.o_proj,self_attn.v_proj","self_attn.q_proj,self_attn.k_proj",655.4,673.2,655.4,-17.8,0.035377839051380054,0.026440879382055953,"{""mlp.down_proj"": 1147.0, ""mlp.gate_proj"": 529.0, ""mlp.up_proj"": 913.0, ""self_attn.o_proj"": 561.0, ""self_attn.v_proj"": 216.0}","{""mlp.down_proj"": 1123.0, ""mlp.gate_proj"": 504.0, ""mlp.up_proj"": 897.0, ""self_attn.o_proj"": 554.0, ""self_attn.v_proj"": 199.0}","{""mlp.down_proj"": -24.0, ""mlp.gate_proj"": -25.0, ""mlp.up_proj"": -16.0, ""self_attn.o_proj"": -7.0, ""self_attn.v_proj"": -17.0}","{""mlp.down_proj"": 0.020924149956408022, ""mlp.gate_proj"": 0.04725897920604915, ""mlp.up_proj"": 0.017524644030668127, ""self_attn.o_proj"": 0.012477718360071301, ""self_attn.v_proj"": 0.0787037037037037}",0.03108372549212942,0.004294113559250634,7,equal7,True,"mlp.down_proj,mlp.gate_proj,mlp.up_proj,self_attn.k_proj,self_attn.o_proj,self_attn.q_proj,self_attn.v_proj",,475.0,488.7142857142857,475.0,-13.714285714285714,0.060216121595839826,0.028061970184156695,"{""mlp.down_proj"": 1147.0, ""mlp.gate_proj"": 529.0, ""mlp.up_proj"": 913.0, ""self_attn.k_proj"": 24.0, ""self_attn.o_proj"": 561.0, ""self_attn.q_proj"": 31.0, ""self_attn.v_proj"": 216.0}","{""mlp.down_proj"": 1123.0, ""mlp.gate_proj"": 504.0, ""mlp.up_proj"": 897.0, ""self_attn.k_proj"": 22.0, ""self_attn.o_proj"": 554.0, ""self_attn.q_proj"": 26.0, ""self_attn.v_proj"": 199.0}","{""mlp.down_proj"": -24.0, ""mlp.gate_proj"": -25.0, ""mlp.up_proj"": -16.0, ""self_attn.k_proj"": -2.0, ""self_attn.o_proj"": -7.0, ""self_attn.q_proj"": -5.0, ""self_attn.v_proj"": -17.0}","{""mlp.down_proj"": 0.020924149956408022, ""mlp.gate_proj"": 0.04725897920604915, ""mlp.up_proj"": 0.017524644030668127, ""self_attn.k_proj"": 0.08333333333333333, ""self_attn.o_proj"": 0.012477718360071301, ""self_attn.q_proj"": 0.16129032258064516, ""self_attn.v_proj"": 0.0787037037037037}",-0.024838282544459772,-4.085714285714287,180.39999999999998,False,True
qwen,opd,320,E_ood,E_mmluPro,0.01,18,5,equal5_non_qk,True,"mlp.down_proj,mlp.gate_proj,mlp.up_proj,self_attn.o_proj,self_attn.v_proj","self_attn.q_proj,self_attn.k_proj",1592.8,1610.4,1592.8,-17.6,0.01232864410798854,0.010928961748633963,"{""mlp.down_proj"": 2156.0, ""mlp.gate_proj"": 1667.0, ""mlp.up_proj"": 2029.0, ""self_attn.o_proj"": 1471.0, ""self_attn.v_proj"": 729.0}","{""mlp.down_proj"": 2146.0, ""mlp.gate_proj"": 1637.0, ""mlp.up_proj"": 2015.0, ""self_attn.o_proj"": 1450.0, ""self_attn.v_proj"": 716.0}","{""mlp.down_proj"": -10.0, ""mlp.gate_proj"": -30.0, ""mlp.up_proj"": -14.0, ""self_attn.o_proj"": -21.0, ""self_attn.v_proj"": -13.0}","{""mlp.down_proj"": 0.00463821892393321, ""mlp.gate_proj"": 0.017996400719856028, ""mlp.up_proj"": 0.006899950714637753, ""self_attn.o_proj"": 0.014276002719238613, ""self_attn.v_proj"": 0.01783264746227709}",0.008348111562309465,0.003980532545679075,7,equal7,True,"mlp.down_proj,mlp.gate_proj,mlp.up_proj,self_attn.k_proj,self_attn.o_proj,self_attn.q_proj,self_attn.v_proj",,1285.4285714285713,1305.5714285714287,1285.4285714285713,-20.142857142857142,0.021621140201019934,0.015428383849436629,"{""mlp.down_proj"": 2156.0, ""mlp.gate_proj"": 1667.0, ""mlp.up_proj"": 2029.0, ""self_attn.k_proj"": 402.0, ""self_attn.o_proj"": 1471.0, ""self_attn.q_proj"": 685.0, ""self_attn.v_proj"": 729.0}","{""mlp.down_proj"": 2146.0, ""mlp.gate_proj"": 1637.0, ""mlp.up_proj"": 2015.0, ""self_attn.k_proj"": 390.0, ""self_attn.o_proj"": 1450.0, ""self_attn.q_proj"": 644.0, ""self_attn.v_proj"": 716.0}","{""mlp.down_proj"": -10.0, ""mlp.gate_proj"": -30.0, ""mlp.up_proj"": -14.0, ""self_attn.k_proj"": -12.0, ""self_attn.o_proj"": -21.0, ""self_attn.q_proj"": -41.0, ""self_attn.v_proj"": -13.0}","{""mlp.down_proj"": 0.00463821892393321, ""mlp.gate_proj"": 0.017996400719856028, ""mlp.up_proj"": 0.006899950714637753, ""self_attn.k_proj"": 0.029850746268656716, ""self_attn.o_proj"": 0.014276002719238613, ""self_attn.q_proj"": 0.059854014598540145, ""self_attn.v_proj"": 0.01783264746227709}",-0.009292496093031394,2.542857142857141,307.3714285714286,False,True
qwen,opd,320,E_ood,E_mmluPro,0.025,18,5,equal5_non_qk,True,"mlp.down_proj,mlp.gate_proj,mlp.up_proj,self_attn.o_proj,self_attn.v_proj","self_attn.q_proj,self_attn.k_proj",1247.0,1268.4,1247.0,-21.4,0.019442838927189378,0.016871649321980518,"{""mlp.down_proj"": 1847.0, ""mlp.gate_proj"": 1163.0, ""mlp.up_proj"": 1655.0, ""self_attn.o_proj"": 1105.0, ""self_attn.v_proj"": 572.0}","{""mlp.down_proj"": 1831.0, ""mlp.gate_proj"": 1128.0, ""mlp.up_proj"": 1636.0, ""self_attn.o_proj"": 1084.0, ""self_attn.v_proj"": 556.0}","{""mlp.down_proj"": -16.0, ""mlp.gate_proj"": -35.0, ""mlp.up_proj"": -19.0, ""self_attn.o_proj"": -21.0, ""self_attn.v_proj"": -16.0}","{""mlp.down_proj"": 0.008662696264212236, ""mlp.gate_proj"": 0.03009458297506449, ""mlp.up_proj"": 0.011480362537764351, ""self_attn.o_proj"": 0.019004524886877826, ""self_attn.v_proj"": 0.027972027972027972}",0.01377326570646222,0.005669573220727158,7,equal7,True,"mlp.down_proj,mlp.gate_proj,mlp.up_proj,self_attn.k_proj,self_attn.o_proj,self_attn.q_proj,self_attn.v_proj",,963.4285714285714,984.2857142857143,963.4285714285714,-20.857142857142858,0.03312677486556732,0.02119013062409292,"{""mlp.down_proj"": 1847.0, ""mlp.gate_proj"": 1163.0, ""mlp.up_proj"": 1655.0, ""self_attn.k_proj"": 230.0, ""self_attn.o_proj"": 1105.0, ""self_attn.q_proj"": 318.0, ""self_attn.v_proj"": 572.0}","{""mlp.down_proj"": 1831.0, ""mlp.gate_proj"": 1128.0, ""mlp.up_proj"": 1636.0, ""self_attn.k_proj"": 220.0, ""self_attn.o_proj"": 1084.0, ""self_attn.q_proj"": 289.0, ""self_attn.v_proj"": 556.0}","{""mlp.down_proj"": -16.0, ""mlp.gate_proj"": -35.0, ""mlp.up_proj"": -19.0, ""self_attn.k_proj"": -10.0, ""self_attn.o_proj"": -21.0, ""self_attn.q_proj"": -29.0, ""self_attn.v_proj"": -16.0}","{""mlp.down_proj"": 0.008662696264212236, ""mlp.gate_proj"": 0.03009458297506449, ""mlp.up_proj"": 0.011480362537764351, ""self_attn.k_proj"": 0.043478260869565216, ""self_attn.o_proj"": 0.019004524886877826, ""self_attn.q_proj"": 0.09119496855345911, ""self_attn.v_proj"": 0.027972027972027972}",-0.013683935938377939,-0.5428571428571409,283.57142857142856,False,True
qwen,opd,320,E_ood,E_mmluPro,0.05,18,5,equal5_non_qk,True,"mlp.down_proj,mlp.gate_proj,mlp.up_proj,self_attn.o_proj,self_attn.v_proj","self_attn.q_proj,self_attn.k_proj",932.0,954.4,932.0,-22.4,0.028065690646009677,0.023470243084660496,"{""mlp.down_proj"": 1519.0, ""mlp.gate_proj"": 731.0, ""mlp.up_proj"": 1281.0, ""self_attn.o_proj"": 810.0, ""self_attn.v_proj"": 431.0}","{""mlp.down_proj"": 1500.0, ""mlp.gate_proj"": 697.0, ""mlp.up_proj"": 1259.0, ""self_attn.o_proj"": 790.0, ""self_attn.v_proj"": 414.0}","{""mlp.down_proj"": -19.0, ""mlp.gate_proj"": -34.0, ""mlp.up_proj"": -22.0, ""self_attn.o_proj"": -20.0, ""self_attn.v_proj"": -17.0}","{""mlp.down_proj"": 0.012508229098090849, ""mlp.gate_proj"": 0.046511627906976744, ""mlp.up_proj"": 0.01717408274785324, ""self_attn.o_proj"": 0.024691358024691357, ""self_attn.v_proj"": 0.03944315545243619}",0.02048765011538093,0.007578040530628747,7,equal7,True,"mlp.down_proj,mlp.gate_proj,mlp.up_proj,self_attn.k_proj,self_attn.o_proj,self_attn.q_proj,self_attn.v_proj",,696.5714285714286,715.5714285714286,696.5714285714286,-19.0,0.04514564761569188,0.026552206029147533,"{""mlp.down_proj"": 1519.0, ""mlp.gate_proj"": 731.0, ""mlp.up_proj"": 1281.0, ""self_attn.k_proj"": 116.0, ""self_attn.o_proj"": 810.0, ""self_attn.q_proj"": 121.0, ""self_attn.v_proj"": 431.0}","{""mlp.down_proj"": 1500.0, ""mlp.gate_proj"": 697.0, ""mlp.up_proj"": 1259.0, ""self_attn.k_proj"": 110.0, ""self_attn.o_proj"": 790.0, ""self_attn.q_proj"": 106.0, ""self_attn.v_proj"": 414.0}","{""mlp.down_proj"": -19.0, ""mlp.gate_proj"": -34.0, ""mlp.up_proj"": -22.0, ""self_attn.k_proj"": -6.0, ""self_attn.o_proj"": -20.0, ""self_attn.q_proj"": -15.0, ""self_attn.v_proj"": -17.0}","{""mlp.down_proj"": 0.012508229098090849, ""mlp.gate_proj"": 0.046511627906976744, ""mlp.up_proj"": 0.01717408274785324, ""self_attn.k_proj"": 0.05172413793103448, ""self_attn.o_proj"": 0.024691358024691357, ""self_attn.q_proj"": 0.12396694214876033, ""self_attn.v_proj"": 0.03944315545243619}",-0.017079956969682206,-3.3999999999999986,235.42857142857144,False,True
qwen,opd,320,E_ood,E_mmluPro,0.1,18,5,equal5_non_qk,True,"mlp.down_proj,mlp.gate_proj,mlp.up_proj,self_attn.o_proj,self_attn.v_proj","self_attn.q_proj,self_attn.k_proj",597.0,617.4,597.0,-20.4,0.042848592537612896,0.033041788143828923,"{""mlp.down_proj"": 1114.0, ""mlp.gate_proj"": 327.0, ""mlp.up_proj"": 850.0, ""self_attn.o_proj"": 518.0, ""self_attn.v_proj"": 278.0}","{""mlp.down_proj"": 1093.0, ""mlp.gate_proj"": 302.0, ""mlp.up_proj"": 829.0, ""self_attn.o_proj"": 499.0, ""self_attn.v_proj"": 262.0}","{""mlp.down_proj"": -21.0, ""mlp.gate_proj"": -25.0, ""mlp.up_proj"": -21.0, ""self_attn.o_proj"": -19.0, ""self_attn.v_proj"": -16.0}","{""mlp.down_proj"": 0.018850987432675045, ""mlp.gate_proj"": 0.0764525993883792, ""mlp.up_proj"": 0.024705882352941175, ""self_attn.o_proj"": 0.03667953667953668, ""self_attn.v_proj"": 0.05755395683453238}",0.03108372549212942,0.011764867045483476,7,equal7,True,"mlp.down_proj,mlp.gate_proj,mlp.up_proj,self_attn.k_proj,self_attn.o_proj,self_attn.q_proj,self_attn.v_proj",,435.14285714285717,450.42857142857144,435.14285714285717,-15.285714285714286,0.0561555880763169,0.03393593403108149,"{""mlp.down_proj"": 1114.0, ""mlp.gate_proj"": 327.0, ""mlp.up_proj"": 850.0, ""self_attn.k_proj"": 40.0, ""self_attn.o_proj"": 518.0, ""self_attn.q_proj"": 26.0, ""self_attn.v_proj"": 278.0}","{""mlp.down_proj"": 1093.0, ""mlp.gate_proj"": 302.0, ""mlp.up_proj"": 829.0, ""self_attn.k_proj"": 39.0, ""self_attn.o_proj"": 499.0, ""self_attn.q_proj"": 22.0, ""self_attn.v_proj"": 262.0}","{""mlp.down_proj"": -21.0, ""mlp.gate_proj"": -25.0, ""mlp.up_proj"": -21.0, ""self_attn.k_proj"": -1.0, ""self_attn.o_proj"": -19.0, ""self_attn.q_proj"": -4.0, ""self_attn.v_proj"": -16.0}","{""mlp.down_proj"": 0.018850987432675045, ""mlp.gate_proj"": 0.0764525993883792, ""mlp.up_proj"": 0.024705882352941175, ""self_attn.k_proj"": 0.025, ""self_attn.o_proj"": 0.03667953667953668, ""self_attn.q_proj"": 0.15384615384615385, ""self_attn.v_proj"": 0.05755395683453238}",-0.013306995538704,-5.114285714285712,161.85714285714283,False,True
qwen,opd,480,E_general,E_general,0.01,18,5,equal5_non_qk,True,"mlp.down_proj,mlp.gate_proj,mlp.up_proj,self_attn.o_proj,self_attn.v_proj","self_attn.q_proj,self_attn.k_proj",1621.0,1634.4,1621.0,-13.4,0.009433587023537585,0.008198727361723012,"{""mlp.down_proj"": 2190.0, ""mlp.gate_proj"": 1641.0, ""mlp.up_proj"": 2064.0, ""self_attn.o_proj"": 1546.0, ""self_attn.v_proj"": 731.0}","{""mlp.down_proj"": 2179.0, ""mlp.gate_proj"": 1622.0, ""mlp.up_proj"": 2056.0, ""self_attn.o_proj"": 1528.0, ""self_attn.v_proj"": 720.0}","{""mlp.down_proj"": -11.0, ""mlp.gate_proj"": -19.0, ""mlp.up_proj"": -8.0, ""self_attn.o_proj"": -18.0, ""self_attn.v_proj"": -11.0}","{""mlp.down_proj"": 0.00502283105022831, ""mlp.gate_proj"": 0.01157830591102986, ""mlp.up_proj"": 0.003875968992248062, ""self_attn.o_proj"": 0.01164294954721863, ""self_attn.v_proj"": 0.015047879616963064}",0.009433587023537585,0.0,7,equal7,True,"mlp.down_proj,mlp.gate_proj,mlp.up_proj,self_attn.k_proj,self_attn.o_proj,self_attn.q_proj,self_attn.v_proj",,1312.5714285714287,1328.4285714285713,1312.5714285714287,-15.857142857142858,0.017151422446563,0.011936767394343331,"{""mlp.down_proj"": 2190.0, ""mlp.gate_proj"": 1641.0, ""mlp.up_proj"": 2064.0, ""self_attn.k_proj"": 400.0, ""self_attn.o_proj"": 1546.0, ""self_attn.q_proj"": 727.0, ""self_attn.v_proj"": 731.0}","{""mlp.down_proj"": 2179.0, ""mlp.gate_proj"": 1622.0, ""mlp.up_proj"": 2056.0, ""self_attn.k_proj"": 389.0, ""self_attn.o_proj"": 1528.0, ""self_attn.q_proj"": 694.0, ""self_attn.v_proj"": 720.0}","{""mlp.down_proj"": -11.0, ""mlp.gate_proj"": -19.0, ""mlp.up_proj"": -8.0, ""self_attn.k_proj"": -11.0, ""self_attn.o_proj"": -18.0, ""self_attn.q_proj"": -33.0, ""self_attn.v_proj"": -11.0}","{""mlp.down_proj"": 0.00502283105022831, ""mlp.gate_proj"": 0.01157830591102986, ""mlp.up_proj"": 0.003875968992248062, ""self_attn.k_proj"": 0.0275, ""self_attn.o_proj"": 0.01164294954721863, ""self_attn.q_proj"": 0.0453920220082531, ""self_attn.v_proj"": 0.015047879616963064}",-0.007717835423025416,2.4571428571428573,308.42857142857133,False,True
qwen,opd,480,E_general,E_general,0.025,18,5,equal5_non_qk,True,"mlp.down_proj,mlp.gate_proj,mlp.up_proj,self_attn.o_proj,self_attn.v_proj","self_attn.q_proj,self_attn.k_proj",1282.8,1299.6,1282.8,-16.8,0.015241636881796,0.012927054478300982,"{""mlp.down_proj"": 1900.0, ""mlp.gate_proj"": 1133.0, ""mlp.up_proj"": 1706.0, ""self_attn.o_proj"": 1186.0, ""self_attn.v_proj"": 573.0}","{""mlp.down_proj"": 1884.0, ""mlp.gate_proj"": 1110.0, ""mlp.up_proj"": 1694.0, ""self_attn.o_proj"": 1167.0, ""self_attn.v_proj"": 559.0}","{""mlp.down_proj"": -16.0, ""mlp.gate_proj"": -23.0, ""mlp.up_proj"": -12.0, ""self_attn.o_proj"": -19.0, ""self_attn.v_proj"": -14.0}","{""mlp.down_proj"": 0.008421052631578947, ""mlp.gate_proj"": 0.02030008826125331, ""mlp.up_proj"": 0.007033997655334115, ""self_attn.o_proj"": 0.016020236087689713, ""self_attn.v_proj"": 0.02443280977312391}",0.015241636881796,0.0,7,equal7,True,"mlp.down_proj,mlp.gate_proj,mlp.up_proj,self_attn.k_proj,self_attn.o_proj,self_attn.q_proj,self_attn.v_proj",,994.4285714285714,1011.2857142857143,994.4285714285714,-16.857142857142858,0.026639604346863525,0.01666902104817068,"{""mlp.down_proj"": 1900.0, ""mlp.gate_proj"": 1133.0, ""mlp.up_proj"": 1706.0, ""self_attn.k_proj"": 227.0, ""self_attn.o_proj"": 1186.0, ""self_attn.q_proj"": 354.0, ""self_attn.v_proj"": 573.0}","{""mlp.down_proj"": 1884.0, ""mlp.gate_proj"": 1110.0, ""mlp.up_proj"": 1694.0, ""self_attn.k_proj"": 218.0, ""self_attn.o_proj"": 1167.0, ""self_attn.q_proj"": 329.0, ""self_attn.v_proj"": 559.0}","{""mlp.down_proj"": -16.0, ""mlp.gate_proj"": -23.0, ""mlp.up_proj"": -12.0, ""self_attn.k_proj"": -9.0, ""self_attn.o_proj"": -19.0, ""self_attn.q_proj"": -25.0, ""self_attn.v_proj"": -14.0}","{""mlp.down_proj"": 0.008421052631578947, ""mlp.gate_proj"": 0.02030008826125331, ""mlp.up_proj"": 0.007033997655334115, ""self_attn.k_proj"": 0.039647577092511016, ""self_attn.o_proj"": 0.016020236087689713, ""self_attn.q_proj"": 0.07062146892655367, ""self_attn.v_proj"": 0.02443280977312391}",-0.011397967465067525,0.05714285714285694,288.3714285714285,False,True
qwen,opd,480,E_general,E_general,0.05,18,5,equal5_non_qk,True,"mlp.down_proj,mlp.gate_proj,mlp.up_proj,self_attn.o_proj,self_attn.v_proj","self_attn.q_proj,self_attn.k_proj",972.8,991.2,972.8,-18.4,0.022517116741465372,0.018563357546408484,"{""mlp.down_proj"": 1590.0, ""mlp.gate_proj"": 701.0, ""mlp.up_proj"": 1344.0, ""self_attn.o_proj"": 890.0, ""self_attn.v_proj"": 431.0}","{""mlp.down_proj"": 1569.0, ""mlp.gate_proj"": 678.0, ""mlp.up_proj"": 1330.0, ""self_attn.o_proj"": 871.0, ""self_attn.v_proj"": 416.0}","{""mlp.down_proj"": -21.0, ""mlp.gate_proj"": -23.0, ""mlp.up_proj"": -14.0, ""self_attn.o_proj"": -19.0, ""self_attn.v_proj"": -15.0}","{""mlp.down_proj"": 0.013207547169811321, ""mlp.gate_proj"": 0.03281027104136947, ""mlp.up_proj"": 0.010416666666666666, ""self_attn.o_proj"": 0.021348314606741574, ""self_attn.v_proj"": 0.03480278422273782}",0.022517116741465372,0.0,7,equal7,True,"mlp.down_proj,mlp.gate_proj,mlp.up_proj,self_attn.k_proj,self_attn.o_proj,self_attn.q_proj,self_attn.v_proj",,728.5714285714286,744.7142857142857,728.5714285714286,-16.142857142857142,0.03854994221524812,0.02167657778630343,"{""mlp.down_proj"": 1590.0, ""mlp.gate_proj"": 701.0, ""mlp.up_proj"": 1344.0, ""self_attn.k_proj"": 113.0, ""self_attn.o_proj"": 890.0, ""self_attn.q_proj"": 144.0, ""self_attn.v_proj"": 431.0}","{""mlp.down_proj"": 1569.0, ""mlp.gate_proj"": 678.0, ""mlp.up_proj"": 1330.0, ""self_attn.k_proj"": 107.0, ""self_attn.o_proj"": 871.0, ""self_attn.q_proj"": 129.0, ""self_attn.v_proj"": 416.0}","{""mlp.down_proj"": -21.0, ""mlp.gate_proj"": -23.0, ""mlp.up_proj"": -14.0, ""self_attn.k_proj"": -6.0, ""self_attn.o_proj"": -19.0, ""self_attn.q_proj"": -15.0, ""self_attn.v_proj"": -15.0}","{""mlp.down_proj"": 0.013207547169811321, ""mlp.gate_proj"": 0.03281027104136947, ""mlp.up_proj"": 0.010416666666666666, ""self_attn.k_proj"": 0.05309734513274336, ""self_attn.o_proj"": 0.021348314606741574, ""self_attn.q_proj"": 0.10416666666666667, ""self_attn.v_proj"": 0.03480278422273782}",-0.01603282547378275,-2.2571428571428562,244.2285714285714,False,True
qwen,opd,480,E_general,E_general,0.1,18,5,equal5_non_qk,True,"mlp.down_proj,mlp.gate_proj,mlp.up_proj,self_attn.o_proj,self_attn.v_proj","self_attn.q_proj,self_attn.k_proj",640.0,657.2,640.0,-17.2,0.03481296559280135,0.026171637248934943,"{""mlp.down_proj"": 1200.0, ""mlp.gate_proj"": 300.0, ""mlp.up_proj"": 920.0, ""self_attn.o_proj"": 589.0, ""self_attn.v_proj"": 277.0}","{""mlp.down_proj"": 1177.0, ""mlp.gate_proj"": 283.0, ""mlp.up_proj"": 906.0, ""self_attn.o_proj"": 572.0, ""self_attn.v_proj"": 262.0}","{""mlp.down_proj"": -23.0, ""mlp.gate_proj"": -17.0, ""mlp.up_proj"": -14.0, ""self_attn.o_proj"": -17.0, ""self_attn.v_proj"": -15.0}","{""mlp.down_proj"": 0.019166666666666665, ""mlp.gate_proj"": 0.056666666666666664, ""mlp.up_proj"": 0.015217391304347827, ""self_attn.o_proj"": 0.028862478777589132, ""self_attn.v_proj"": 0.05415162454873646}",0.03481296559280135,0.0,7,equal7,True,"mlp.down_proj,mlp.gate_proj,mlp.up_proj,self_attn.k_proj,self_attn.o_proj,self_attn.q_proj,self_attn.v_proj",,466.42857142857144,479.7142857142857,466.42857142857144,-13.285714285714286,0.053837432965887076,0.027695056581298373,"{""mlp.down_proj"": 1200.0, ""mlp.gate_proj"": 300.0, ""mlp.up_proj"": 920.0, ""self_attn.k_proj"": 39.0, ""self_attn.o_proj"": 589.0, ""self_attn.q_proj"": 33.0, ""self_attn.v_proj"": 277.0}","{""mlp.down_proj"": 1177.0, ""mlp.gate_proj"": 283.0, ""mlp.up_proj"": 906.0, ""self_attn.k_proj"": 37.0, ""self_attn.o_proj"": 572.0, ""self_attn.q_proj"": 28.0, ""self_attn.v_proj"": 262.0}","{""mlp.down_proj"": -23.0, ""mlp.gate_proj"": -17.0, ""mlp.up_proj"": -14.0, ""self_attn.k_proj"": -2.0, ""self_attn.o_proj"": -17.0, ""self_attn.q_proj"": -5.0, ""self_attn.v_proj"": -15.0}","{""mlp.down_proj"": 0.019166666666666665, ""mlp.gate_proj"": 0.056666666666666664, ""mlp.up_proj"": 0.015217391304347827, ""self_attn.k_proj"": 0.05128205128205128, ""self_attn.o_proj"": 0.028862478777589132, ""self_attn.q_proj"": 0.15151515151515152, ""self_attn.v_proj"": 0.05415162454873646}",-0.019024467373085725,-3.914285714285713,173.57142857142856,False,True
qwen,opd,480,E_if,E_ifeval,0.01,18,5,equal5_non_qk,True,"mlp.down_proj,mlp.gate_proj,mlp.up_proj,self_attn.o_proj,self_attn.v_proj","self_attn.q_proj,self_attn.k_proj",1463.0,1484.2,1463.0,-21.2,0.017037053520996652,0.014283789246732277,"{""mlp.down_proj"": 2024.0, ""mlp.gate_proj"": 1528.0, ""mlp.up_proj"": 1933.0, ""self_attn.o_proj"": 1347.0, ""self_attn.v_proj"": 589.0}","{""mlp.down_proj"": 2000.0, ""mlp.gate_proj"": 1499.0, ""mlp.up_proj"": 1919.0, ""self_attn.o_proj"": 1327.0, ""self_attn.v_proj"": 570.0}","{""mlp.down_proj"": -24.0, ""mlp.gate_proj"": -29.0, ""mlp.up_proj"": -14.0, ""self_attn.o_proj"": -20.0, ""self_attn.v_proj"": -19.0}","{""mlp.down_proj"": 0.011857707509881422, ""mlp.gate_proj"": 0.018979057591623036, ""mlp.up_proj"": 0.007242628039317123, ""self_attn.o_proj"": 0.014847809948032665, ""self_attn.v_proj"": 0.03225806451612903}",0.009433587023537585,0.007603466497459067,7,equal7,True,"mlp.down_proj,mlp.gate_proj,mlp.up_proj,self_attn.k_proj,self_attn.o_proj,self_attn.q_proj,self_attn.v_proj",,1151.7142857142858,1174.0,1151.7142857142858,-22.285714285714285,0.030061918444669537,0.018982720856656067,"{""mlp.down_proj"": 2024.0, ""mlp.gate_proj"": 1528.0, ""mlp.up_proj"": 1933.0, ""self_attn.k_proj"": 273.0, ""self_attn.o_proj"": 1347.0, ""self_attn.q_proj"": 524.0, ""self_attn.v_proj"": 589.0}","{""mlp.down_proj"": 2000.0, ""mlp.gate_proj"": 1499.0, ""mlp.up_proj"": 1919.0, ""self_attn.k_proj"": 256.0, ""self_attn.o_proj"": 1327.0, ""self_attn.q_proj"": 491.0, ""self_attn.v_proj"": 570.0}","{""mlp.down_proj"": -24.0, ""mlp.gate_proj"": -29.0, ""mlp.up_proj"": -14.0, ""self_attn.k_proj"": -17.0, ""self_attn.o_proj"": -20.0, ""self_attn.q_proj"": -33.0, ""self_attn.v_proj"": -19.0}","{""mlp.down_proj"": 0.011857707509881422, ""mlp.gate_proj"": 0.018979057591623036, ""mlp.up_proj"": 0.007242628039317123, ""self_attn.k_proj"": 0.06227106227106227, ""self_attn.o_proj"": 0.014847809948032665, ""self_attn.q_proj"": 0.06297709923664122, ""self_attn.v_proj"": 0.03225806451612903}",-0.013024864923672885,1.0857142857142854,311.2857142857142,False,True
qwen,opd,480,E_if,E_ifeval,0.025,18,5,equal5_non_qk,True,"mlp.down_proj,mlp.gate_proj,mlp.up_proj,self_attn.o_proj,self_attn.v_proj","self_attn.q_proj,self_attn.k_proj",1084.4,1109.6,1084.4,-25.2,0.027581746004860696,0.022710886806056076,"{""mlp.down_proj"": 1649.0, ""mlp.gate_proj"": 1005.0, ""mlp.up_proj"": 1521.0, ""self_attn.o_proj"": 969.0, ""self_attn.v_proj"": 404.0}","{""mlp.down_proj"": 1615.0, ""mlp.gate_proj"": 972.0, ""mlp.up_proj"": 1503.0, ""self_attn.o_proj"": 949.0, ""self_attn.v_proj"": 383.0}","{""mlp.down_proj"": -34.0, ""mlp.gate_proj"": -33.0, ""mlp.up_proj"": -18.0, ""self_attn.o_proj"": -20.0, ""self_attn.v_proj"": -21.0}","{""mlp.down_proj"": 0.020618556701030927, ""mlp.gate_proj"": 0.03283582089552239, ""mlp.up_proj"": 0.011834319526627219, ""self_attn.o_proj"": 0.02063983488132095, ""self_attn.v_proj"": 0.05198019801980198}",0.015241636881796,0.012340109123064696,7,equal7,True,"mlp.down_proj,mlp.gate_proj,mlp.up_proj,self_attn.k_proj,self_attn.o_proj,self_attn.q_proj,self_attn.v_proj",,817.7142857142857,840.0,817.7142857142857,-22.285714285714285,0.044986188990962815,0.026530612244898017,"{""mlp.down_proj"": 1649.0, ""mlp.gate_proj"": 1005.0, ""mlp.up_proj"": 1521.0, ""self_attn.k_proj"": 123.0, ""self_attn.o_proj"": 969.0, ""self_attn.q_proj"": 209.0, ""self_attn.v_proj"": 404.0}","{""mlp.down_proj"": 1615.0, ""mlp.gate_proj"": 972.0, ""mlp.up_proj"": 1503.0, ""self_attn.k_proj"": 113.0, ""self_attn.o_proj"": 949.0, ""self_attn.q_proj"": 189.0, ""self_attn.v_proj"": 383.0}","{""mlp.down_proj"": -34.0, ""mlp.gate_proj"": -33.0, ""mlp.up_proj"": -18.0, ""self_attn.k_proj"": -10.0, ""self_attn.o_proj"": -20.0, ""self_attn.q_proj"": -20.0, ""self_attn.v_proj"": -21.0}","{""mlp.down_proj"": 0.020618556701030927, ""mlp.gate_proj"": 0.03283582089552239, ""mlp.up_proj"": 0.011834319526627219, ""self_attn.k_proj"": 0.08130081300813008, ""self_attn.o_proj"": 0.02063983488132095, ""self_attn.q_proj"": 0.09569377990430622, ""self_attn.v_proj"": 0.05198019801980198}",-0.01740444298610212,-2.9142857142857146,266.6857142857144,False,True
qwen,opd,480,E_if,E_ifeval,0.05,18,5,equal5_non_qk,True,"mlp.down_proj,mlp.gate_proj,mlp.up_proj,self_attn.o_proj,self_attn.v_proj","self_attn.q_proj,self_attn.k_proj",756.4,782.0,756.4,-25.6,0.04077717798948548,0.03273657289002561,"{""mlp.down_proj"": 1274.0, ""mlp.gate_proj"": 584.0, ""mlp.up_proj"": 1127.0, ""self_attn.o_proj"": 672.0, ""self_attn.v_proj"": 253.0}","{""mlp.down_proj"": 1234.0, ""mlp.gate_proj"": 554.0, ""mlp.up_proj"": 1107.0, ""self_attn.o_proj"": 653.0, ""self_attn.v_proj"": 234.0}","{""mlp.down_proj"": -40.0, ""mlp.gate_proj"": -30.0, ""mlp.up_proj"": -20.0, ""self_attn.o_proj"": -19.0, ""self_attn.v_proj"": -19.0}","{""mlp.down_proj"": 0.03139717425431711, ""mlp.gate_proj"": 0.05136986301369863, ""mlp.up_proj"": 0.01774622892635315, ""self_attn.o_proj"": 0.028273809523809524, ""self_attn.v_proj"": 0.07509881422924901}",0.022517116741465372,0.018260061248020105,7,equal7,True,"mlp.down_proj,mlp.gate_proj,mlp.up_proj,self_attn.k_proj,self_attn.o_proj,self_attn.q_proj,self_attn.v_proj",,555.4285714285714,575.7142857142857,555.4285714285714,-20.285714285714285,0.06177961693126514,0.03523573200992545,"{""mlp.down_proj"": 1274.0, ""mlp.gate_proj"": 584.0, ""mlp.up_proj"": 1127.0, ""self_attn.k_proj"": 50.0, ""self_attn.o_proj"": 672.0, ""self_attn.q_proj"": 70.0, ""self_attn.v_proj"": 253.0}","{""mlp.down_proj"": 1234.0, ""mlp.gate_proj"": 554.0, ""mlp.up_proj"": 1107.0, ""self_attn.k_proj"": 45.0, ""self_attn.o_proj"": 653.0, ""self_attn.q_proj"": 61.0, ""self_attn.v_proj"": 234.0}","{""mlp.down_proj"": -40.0, ""mlp.gate_proj"": -30.0, ""mlp.up_proj"": -20.0, ""self_attn.k_proj"": -5.0, ""self_attn.o_proj"": -19.0, ""self_attn.q_proj"": -9.0, ""self_attn.v_proj"": -19.0}","{""mlp.down_proj"": 0.03139717425431711, ""mlp.gate_proj"": 0.05136986301369863, ""mlp.up_proj"": 0.01774622892635315, ""self_attn.k_proj"": 0.1, ""self_attn.o_proj"": 0.028273809523809524, ""self_attn.q_proj"": 0.12857142857142856, ""self_attn.v_proj"": 0.07509881422924901}",-0.02100243894177966,-5.314285714285717,200.97142857142853,False,True
qwen,opd,480,E_if,E_ifeval,0.1,18,5,equal5_non_qk,True,"mlp.down_proj,mlp.gate_proj,mlp.up_proj,self_attn.o_proj,self_attn.v_proj","self_attn.q_proj,self_attn.k_proj",431.4,453.0,431.4,-21.6,0.0633879136350627,0.047682119205298065,"{""mlp.down_proj"": 839.0, ""mlp.gate_proj"": 228.0, ""mlp.up_proj"": 695.0, ""self_attn.o_proj"": 387.0, ""self_attn.v_proj"": 116.0}","{""mlp.down_proj"": 797.0, ""mlp.gate_proj"": 210.0, ""mlp.up_proj"": 677.0, ""self_attn.o_proj"": 371.0, ""self_attn.v_proj"": 102.0}","{""mlp.down_proj"": -42.0, ""mlp.gate_proj"": -18.0, ""mlp.up_proj"": -18.0, ""self_attn.o_proj"": -16.0, ""self_attn.v_proj"": -14.0}","{""mlp.down_proj"": 0.050059594755661505, ""mlp.gate_proj"": 0.07894736842105263, ""mlp.up_proj"": 0.025899280575539568, ""self_attn.o_proj"": 0.041343669250646, ""self_attn.v_proj"": 0.1206896551724138}",0.03481296559280135,0.02857494804226135,7,equal7,True,"mlp.down_proj,mlp.gate_proj,mlp.up_proj,self_attn.k_proj,self_attn.o_proj,self_attn.q_proj,self_attn.v_proj",,311.42857142857144,327.42857142857144,311.42857142857144,-16.0,0.08910824999907076,0.04886561954624782,"{""mlp.down_proj"": 839.0, ""mlp.gate_proj"": 228.0, ""mlp.up_proj"": 695.0, ""self_attn.k_proj"": 16.0, ""self_attn.o_proj"": 387.0, ""self_attn.q_proj"": 11.0, ""self_attn.v_proj"": 116.0}","{""mlp.down_proj"": 797.0, ""mlp.gate_proj"": 210.0, ""mlp.up_proj"": 677.0, ""self_attn.k_proj"": 14.0, ""self_attn.o_proj"": 371.0, ""self_attn.q_proj"": 9.0, ""self_attn.v_proj"": 102.0}","{""mlp.down_proj"": -42.0, ""mlp.gate_proj"": -18.0, ""mlp.up_proj"": -18.0, ""self_attn.k_proj"": -2.0, ""self_attn.o_proj"": -16.0, ""self_attn.q_proj"": -2.0, ""self_attn.v_proj"": -14.0}","{""mlp.down_proj"": 0.050059594755661505, ""mlp.gate_proj"": 0.07894736842105263, ""mlp.up_proj"": 0.025899280575539568, ""self_attn.k_proj"": 0.125, ""self_attn.o_proj"": 0.041343669250646, ""self_attn.q_proj"": 0.18181818181818182, ""self_attn.v_proj"": 0.1206896551724138}",-0.025720336364008056,-5.600000000000001,119.97142857142853,False,True
qwen,opd,480,E_math,E_mathHeld,0.01,18,5,equal5_non_qk,True,"mlp.down_proj,mlp.gate_proj,mlp.up_proj,self_attn.o_proj,self_attn.v_proj","self_attn.q_proj,self_attn.k_proj",1634.4,1649.6,1634.4,-15.2,0.011459058492964549,0.00921435499515023,"{""mlp.down_proj"": 2176.0, ""mlp.gate_proj"": 1819.0, ""mlp.up_proj"": 2046.0, ""self_attn.o_proj"": 1520.0, ""self_attn.v_proj"": 687.0}","{""mlp.down_proj"": 2162.0, ""mlp.gate_proj"": 1795.0, ""mlp.up_proj"": 2036.0, ""self_attn.o_proj"": 1510.0, ""self_attn.v_proj"": 669.0}","{""mlp.down_proj"": -14.0, ""mlp.gate_proj"": -24.0, ""mlp.up_proj"": -10.0, ""self_attn.o_proj"": -10.0, ""self_attn.v_proj"": -18.0}","{""mlp.down_proj"": 0.006433823529411764, ""mlp.gate_proj"": 0.013194062671797692, ""mlp.up_proj"": 0.004887585532746823, ""self_attn.o_proj"": 0.006578947368421052, ""self_attn.v_proj"": 0.026200873362445413}",0.009433587023537585,0.0020254714694269635,7,equal7,True,"mlp.down_proj,mlp.gate_proj,mlp.up_proj,self_attn.k_proj,self_attn.o_proj,self_attn.q_proj,self_attn.v_proj",,1319.857142857143,1339.0,1319.857142857143,-19.142857142857142,0.022973998946167244,0.01429638322842204,"{""mlp.down_proj"": 2176.0, ""mlp.gate_proj"": 1819.0, ""mlp.up_proj"": 2046.0, ""self_attn.k_proj"": 363.0, ""self_attn.o_proj"": 1520.0, ""self_attn.q_proj"": 762.0, ""self_attn.v_proj"": 687.0}","{""mlp.down_proj"": 2162.0, ""mlp.gate_proj"": 1795.0, ""mlp.up_proj"": 2036.0, ""self_attn.k_proj"": 344.0, ""self_attn.o_proj"": 1510.0, ""self_attn.q_proj"": 723.0, ""self_attn.v_proj"": 669.0}","{""mlp.down_proj"": -14.0, ""mlp.gate_proj"": -24.0, ""mlp.up_proj"": -10.0, ""self_attn.k_proj"": -19.0, ""self_attn.o_proj"": -10.0, ""self_attn.q_proj"": -39.0, ""self_attn.v_proj"": -18.0}","{""mlp.down_proj"": 0.006433823529411764, ""mlp.gate_proj"": 0.013194062671797692, ""mlp.up_proj"": 0.004887585532746823, ""self_attn.k_proj"": 0.05234159779614325, ""self_attn.o_proj"": 0.006578947368421052, ""self_attn.q_proj"": 0.051181102362204724, ""self_attn.v_proj"": 0.026200873362445413}",-0.011514940453202695,3.942857142857143,314.5428571428572,False,True
qwen,opd,480,E_math,E_mathHeld,0.025,18,5,equal5_non_qk,True,"mlp.down_proj,mlp.gate_proj,mlp.up_proj,self_attn.o_proj,self_attn.v_proj","self_attn.q_proj,self_attn.k_proj",1301.6,1322.2,1301.6,-20.6,0.019505790188791016,0.015580093783088894,"{""mlp.down_proj"": 1875.0, ""mlp.gate_proj"": 1369.0, ""mlp.up_proj"": 1691.0, ""self_attn.o_proj"": 1157.0, ""self_attn.v_proj"": 519.0}","{""mlp.down_proj"": 1853.0, ""mlp.gate_proj"": 1337.0, ""mlp.up_proj"": 1675.0, ""self_attn.o_proj"": 1147.0, ""self_attn.v_proj"": 496.0}","{""mlp.down_proj"": -22.0, ""mlp.gate_proj"": -32.0, ""mlp.up_proj"": -16.0, ""self_attn.o_proj"": -10.0, ""self_attn.v_proj"": -23.0}","{""mlp.down_proj"": 0.011733333333333333, ""mlp.gate_proj"": 0.02337472607742878, ""mlp.up_proj"": 0.009461856889414548, ""self_attn.o_proj"": 0.00864304235090752, ""self_attn.v_proj"": 0.04431599229287091}",0.015241636881796,0.004264153306995016,7,equal7,True,"mlp.down_proj,mlp.gate_proj,mlp.up_proj,self_attn.k_proj,self_attn.o_proj,self_attn.q_proj,self_attn.v_proj",,1004.2857142857143,1025.5714285714287,1004.2857142857143,-21.285714285714285,0.03695546079424201,0.02075497980220091,"{""mlp.down_proj"": 1875.0, ""mlp.gate_proj"": 1369.0, ""mlp.up_proj"": 1691.0, ""self_attn.k_proj"": 189.0, ""self_attn.o_proj"": 1157.0, ""self_attn.q_proj"": 379.0, ""self_attn.v_proj"": 519.0}","{""mlp.down_proj"": 1853.0, ""mlp.gate_proj"": 1337.0, ""mlp.up_proj"": 1675.0, ""self_attn.k_proj"": 174.0, ""self_attn.o_proj"": 1147.0, ""self_attn.q_proj"": 348.0, ""self_attn.v_proj"": 496.0}","{""mlp.down_proj"": -22.0, ""mlp.gate_proj"": -32.0, ""mlp.up_proj"": -16.0, ""self_attn.k_proj"": -15.0, ""self_attn.o_proj"": -10.0, ""self_attn.q_proj"": -31.0, ""self_attn.v_proj"": -23.0}","{""mlp.down_proj"": 0.011733333333333333, ""mlp.gate_proj"": 0.02337472607742878, ""mlp.up_proj"": 0.009461856889414548, ""self_attn.k_proj"": 0.07936507936507936, ""self_attn.o_proj"": 0.00864304235090752, ""self_attn.q_proj"": 0.08179419525065963, ""self_attn.v_proj"": 0.04431599229287091}",-0.017449670605450992,0.6857142857142833,297.3142857142856,False,True
qwen,opd,480,E_math,E_mathHeld,0.05,18,5,equal5_non_qk,True,"mlp.down_proj,mlp.gate_proj,mlp.up_proj,self_attn.o_proj,self_attn.v_proj","self_attn.q_proj,self_attn.k_proj",991.4,1014.2,991.4,-22.8,0.028994033041281196,0.02248077302307244,"{""mlp.down_proj"": 1552.0, ""mlp.gate_proj"": 956.0, ""mlp.up_proj"": 1332.0, ""self_attn.o_proj"": 860.0, ""self_attn.v_proj"": 371.0}","{""mlp.down_proj"": 1524.0, ""mlp.gate_proj"": 922.0, ""mlp.up_proj"": 1314.0, ""self_attn.o_proj"": 851.0, ""self_attn.v_proj"": 346.0}","{""mlp.down_proj"": -28.0, ""mlp.gate_proj"": -34.0, ""mlp.up_proj"": -18.0, ""self_attn.o_proj"": -9.0, ""self_attn.v_proj"": -25.0}","{""mlp.down_proj"": 0.01804123711340206, ""mlp.gate_proj"": 0.03556485355648536, ""mlp.up_proj"": 0.013513513513513514, ""self_attn.o_proj"": 0.010465116279069767, ""self_attn.v_proj"": 0.0673854447439353}",0.022517116741465372,0.006476916299815824,7,equal7,True,"mlp.down_proj,mlp.gate_proj,mlp.up_proj,self_attn.k_proj,self_attn.o_proj,self_attn.q_proj,self_attn.v_proj",,737.8571428571429,758.1428571428571,737.8571428571429,-20.285714285714285,0.054014698020572134,0.026757113246655275,"{""mlp.down_proj"": 1552.0, ""mlp.gate_proj"": 956.0, ""mlp.up_proj"": 1332.0, ""self_attn.k_proj"": 82.0, ""self_attn.o_proj"": 860.0, ""self_attn.q_proj"": 154.0, ""self_attn.v_proj"": 371.0}","{""mlp.down_proj"": 1524.0, ""mlp.gate_proj"": 922.0, ""mlp.up_proj"": 1314.0, ""self_attn.k_proj"": 73.0, ""self_attn.o_proj"": 851.0, ""self_attn.q_proj"": 135.0, ""self_attn.v_proj"": 346.0}","{""mlp.down_proj"": -28.0, ""mlp.gate_proj"": -34.0, ""mlp.up_proj"": -18.0, ""self_attn.k_proj"": -9.0, ""self_attn.o_proj"": -9.0, ""self_attn.q_proj"": -19.0, ""self_attn.v_proj"": -25.0}","{""mlp.down_proj"": 0.01804123711340206, ""mlp.gate_proj"": 0.03556485355648536, ""mlp.up_proj"": 0.013513513513513514, ""self_attn.k_proj"": 0.10975609756097561, ""self_attn.o_proj"": 0.010465116279069767, ""self_attn.q_proj"": 0.12337662337662338, ""self_attn.v_proj"": 0.0673854447439353}",-0.025020664979290938,-2.514285714285716,253.5428571428571,False,True
qwen,opd,480,E_math,E_mathHeld,0.1,18,5,equal5_non_qk,True,"mlp.down_proj,mlp.gate_proj,mlp.up_proj,self_attn.o_proj,self_attn.v_proj","self_attn.q_proj,self_attn.k_proj",651.2,673.2,651.2,-22.0,0.044132083653384696,0.0326797385620915,"{""mlp.down_proj"": 1147.0, ""mlp.gate_proj"": 529.0, ""mlp.up_proj"": 913.0, ""self_attn.o_proj"": 561.0, ""self_attn.v_proj"": 216.0}","{""mlp.down_proj"": 1116.0, ""mlp.gate_proj"": 499.0, ""mlp.up_proj"": 894.0, ""self_attn.o_proj"": 553.0, ""self_attn.v_proj"": 194.0}","{""mlp.down_proj"": -31.0, ""mlp.gate_proj"": -30.0, ""mlp.up_proj"": -19.0, ""self_attn.o_proj"": -8.0, ""self_attn.v_proj"": -22.0}","{""mlp.down_proj"": 0.02702702702702703, ""mlp.gate_proj"": 0.05671077504725898, ""mlp.up_proj"": 0.0208105147864184, ""self_attn.o_proj"": 0.0142602495543672, ""self_attn.v_proj"": 0.10185185185185185}",0.03481296559280135,0.009319118060583345,7,equal7,True,"mlp.down_proj,mlp.gate_proj,mlp.up_proj,self_attn.k_proj,self_attn.o_proj,self_attn.q_proj,self_attn.v_proj",,471.7142857142857,488.7142857142857,471.7142857142857,-17.0,0.0770298293376711,0.03478515054077755,"{""mlp.down_proj"": 1147.0, ""mlp.gate_proj"": 529.0, ""mlp.up_proj"": 913.0, ""self_attn.k_proj"": 24.0, ""self_attn.o_proj"": 561.0, ""self_attn.q_proj"": 31.0, ""self_attn.v_proj"": 216.0}","{""mlp.down_proj"": 1116.0, ""mlp.gate_proj"": 499.0, ""mlp.up_proj"": 894.0, ""self_attn.k_proj"": 21.0, ""self_attn.o_proj"": 553.0, ""self_attn.q_proj"": 25.0, ""self_attn.v_proj"": 194.0}","{""mlp.down_proj"": -31.0, ""mlp.gate_proj"": -30.0, ""mlp.up_proj"": -19.0, ""self_attn.k_proj"": -3.0, ""self_attn.o_proj"": -8.0, ""self_attn.q_proj"": -6.0, ""self_attn.v_proj"": -22.0}","{""mlp.down_proj"": 0.02702702702702703, ""mlp.gate_proj"": 0.05671077504725898, ""mlp.up_proj"": 0.0208105147864184, ""self_attn.k_proj"": 0.125, ""self_attn.o_proj"": 0.0142602495543672, ""self_attn.q_proj"": 0.1935483870967742, ""self_attn.v_proj"": 0.10185185185185185}",-0.0328977456842864,-5.0,179.48571428571432,False,True
qwen,opd,480,E_ood,E_mmluPro,0.01,18,5,equal5_non_qk,True,"mlp.down_proj,mlp.gate_proj,mlp.up_proj,self_attn.o_proj,self_attn.v_proj","self_attn.q_proj,self_attn.k_proj",1590.8,1610.4,1590.8,-19.6,0.013836489862330539,0.012170889220069632,"{""mlp.down_proj"": 2156.0, ""mlp.gate_proj"": 1667.0, ""mlp.up_proj"": 2029.0, ""self_attn.o_proj"": 1471.0, ""self_attn.v_proj"": 729.0}","{""mlp.down_proj"": 2145.0, ""mlp.gate_proj"": 1634.0, ""mlp.up_proj"": 2014.0, ""self_attn.o_proj"": 1447.0, ""self_attn.v_proj"": 714.0}","{""mlp.down_proj"": -11.0, ""mlp.gate_proj"": -33.0, ""mlp.up_proj"": -15.0, ""self_attn.o_proj"": -24.0, ""self_attn.v_proj"": -15.0}","{""mlp.down_proj"": 0.00510204081632653, ""mlp.gate_proj"": 0.01979604079184163, ""mlp.up_proj"": 0.007392804337111878, ""self_attn.o_proj"": 0.016315431679129844, ""self_attn.v_proj"": 0.0205761316872428}",0.009433587023537585,0.004402902838792954,7,equal7,True,"mlp.down_proj,mlp.gate_proj,mlp.up_proj,self_attn.k_proj,self_attn.o_proj,self_attn.q_proj,self_attn.v_proj",,1283.0,1305.5714285714287,1283.0,-22.571428571428573,0.024451657804278815,0.017288543604333153,"{""mlp.down_proj"": 2156.0, ""mlp.gate_proj"": 1667.0, ""mlp.up_proj"": 2029.0, ""self_attn.k_proj"": 402.0, ""self_attn.o_proj"": 1471.0, ""self_attn.q_proj"": 685.0, ""self_attn.v_proj"": 729.0}","{""mlp.down_proj"": 2145.0, ""mlp.gate_proj"": 1634.0, ""mlp.up_proj"": 2014.0, ""self_attn.k_proj"": 388.0, ""self_attn.o_proj"": 1447.0, ""self_attn.q_proj"": 639.0, ""self_attn.v_proj"": 714.0}","{""mlp.down_proj"": -11.0, ""mlp.gate_proj"": -33.0, ""mlp.up_proj"": -15.0, ""self_attn.k_proj"": -14.0, ""self_attn.o_proj"": -24.0, ""self_attn.q_proj"": -46.0, ""self_attn.v_proj"": -15.0}","{""mlp.down_proj"": 0.00510204081632653, ""mlp.gate_proj"": 0.01979604079184163, ""mlp.up_proj"": 0.007392804337111878, ""self_attn.k_proj"": 0.03482587064676617, ""self_attn.o_proj"": 0.016315431679129844, ""self_attn.q_proj"": 0.06715328467153285, ""self_attn.v_proj"": 0.0205761316872428}",-0.010615167941948276,2.9714285714285715,307.79999999999995,False,True
qwen,opd,480,E_ood,E_mmluPro,0.025,18,5,equal5_non_qk,True,"mlp.down_proj,mlp.gate_proj,mlp.up_proj,self_attn.o_proj,self_attn.v_proj","self_attn.q_proj,self_attn.k_proj",1244.0,1268.4,1244.0,-24.4,0.02213310288018551,0.019236833806370302,"{""mlp.down_proj"": 1847.0, ""mlp.gate_proj"": 1163.0, ""mlp.up_proj"": 1655.0, ""self_attn.o_proj"": 1105.0, ""self_attn.v_proj"": 572.0}","{""mlp.down_proj"": 1829.0, ""mlp.gate_proj"": 1124.0, ""mlp.up_proj"": 1633.0, ""self_attn.o_proj"": 1080.0, ""self_attn.v_proj"": 554.0}","{""mlp.down_proj"": -18.0, ""mlp.gate_proj"": -39.0, ""mlp.up_proj"": -22.0, ""self_attn.o_proj"": -25.0, ""self_attn.v_proj"": -18.0}","{""mlp.down_proj"": 0.009745533297238766, ""mlp.gate_proj"": 0.03353396388650043, ""mlp.up_proj"": 0.013293051359516616, ""self_attn.o_proj"": 0.02262443438914027, ""self_attn.v_proj"": 0.03146853146853147}",0.015241636881796,0.006891465998389509,7,equal7,True,"mlp.down_proj,mlp.gate_proj,mlp.up_proj,self_attn.k_proj,self_attn.o_proj,self_attn.q_proj,self_attn.v_proj",,960.5714285714286,984.2857142857143,960.5714285714286,-23.714285714285715,0.037638336894573694,0.024092888243831705,"{""mlp.down_proj"": 1847.0, ""mlp.gate_proj"": 1163.0, ""mlp.up_proj"": 1655.0, ""self_attn.k_proj"": 230.0, ""self_attn.o_proj"": 1105.0, ""self_attn.q_proj"": 318.0, ""self_attn.v_proj"": 572.0}","{""mlp.down_proj"": 1829.0, ""mlp.gate_proj"": 1124.0, ""mlp.up_proj"": 1633.0, ""self_attn.k_proj"": 218.0, ""self_attn.o_proj"": 1080.0, ""self_attn.q_proj"": 286.0, ""self_attn.v_proj"": 554.0}","{""mlp.down_proj"": -18.0, ""mlp.gate_proj"": -39.0, ""mlp.up_proj"": -22.0, ""self_attn.k_proj"": -12.0, ""self_attn.o_proj"": -25.0, ""self_attn.q_proj"": -32.0, ""self_attn.v_proj"": -18.0}","{""mlp.down_proj"": 0.009745533297238766, ""mlp.gate_proj"": 0.03353396388650043, ""mlp.up_proj"": 0.013293051359516616, ""self_attn.k_proj"": 0.05217391304347826, ""self_attn.o_proj"": 0.02262443438914027, ""self_attn.q_proj"": 0.10062893081761007, ""self_attn.v_proj"": 0.03146853146853147}",-0.015505234014388185,-0.6857142857142833,283.42857142857144,False,True
qwen,opd,480,E_ood,E_mmluPro,0.05,18,5,equal5_non_qk,True,"mlp.down_proj,mlp.gate_proj,mlp.up_proj,self_attn.o_proj,self_attn.v_proj","self_attn.q_proj,self_attn.k_proj",928.8,954.4,928.8,-25.6,0.03224710033909862,0.02682313495389776,"{""mlp.down_proj"": 1519.0, ""mlp.gate_proj"": 731.0, ""mlp.up_proj"": 1281.0, ""self_attn.o_proj"": 810.0, ""self_attn.v_proj"": 431.0}","{""mlp.down_proj"": 1497.0, ""mlp.gate_proj"": 693.0, ""mlp.up_proj"": 1257.0, ""self_attn.o_proj"": 786.0, ""self_attn.v_proj"": 411.0}","{""mlp.down_proj"": -22.0, ""mlp.gate_proj"": -38.0, ""mlp.up_proj"": -24.0, ""self_attn.o_proj"": -24.0, ""self_attn.v_proj"": -20.0}","{""mlp.down_proj"": 0.014483212639894667, ""mlp.gate_proj"": 0.05198358413132695, ""mlp.up_proj"": 0.01873536299765808, ""self_attn.o_proj"": 0.02962962962962963, ""self_attn.v_proj"": 0.04640371229698376}",0.022517116741465372,0.009729983597633246,7,equal7,True,"mlp.down_proj,mlp.gate_proj,mlp.up_proj,self_attn.k_proj,self_attn.o_proj,self_attn.q_proj,self_attn.v_proj",,693.7142857142857,715.5714285714286,693.7142857142857,-21.857142857142858,0.05295669810078107,0.030545018965861495,"{""mlp.down_proj"": 1519.0, ""mlp.gate_proj"": 731.0, ""mlp.up_proj"": 1281.0, ""self_attn.k_proj"": 116.0, ""self_attn.o_proj"": 810.0, ""self_attn.q_proj"": 121.0, ""self_attn.v_proj"": 431.0}","{""mlp.down_proj"": 1497.0, ""mlp.gate_proj"": 693.0, ""mlp.up_proj"": 1257.0, ""self_attn.k_proj"": 108.0, ""self_attn.o_proj"": 786.0, ""self_attn.q_proj"": 104.0, ""self_attn.v_proj"": 411.0}","{""mlp.down_proj"": -22.0, ""mlp.gate_proj"": -38.0, ""mlp.up_proj"": -24.0, ""self_attn.k_proj"": -8.0, ""self_attn.o_proj"": -24.0, ""self_attn.q_proj"": -17.0, ""self_attn.v_proj"": -20.0}","{""mlp.down_proj"": 0.014483212639894667, ""mlp.gate_proj"": 0.05198358413132695, ""mlp.up_proj"": 0.01873536299765808, ""self_attn.k_proj"": 0.06896551724137931, ""self_attn.o_proj"": 0.02962962962962963, ""self_attn.q_proj"": 0.14049586776859505, ""self_attn.v_proj"": 0.04640371229698376}",-0.02070959776168245,-3.7428571428571438,235.0857142857143,False,True
qwen,opd,480,E_ood,E_mmluPro,0.1,18,5,equal5_non_qk,True,"mlp.down_proj,mlp.gate_proj,mlp.up_proj,self_attn.o_proj,self_attn.v_proj","self_attn.q_proj,self_attn.k_proj",594.0,617.4,594.0,-23.4,0.04924451145640487,0.03790087463556848,"{""mlp.down_proj"": 1114.0, ""mlp.gate_proj"": 327.0, ""mlp.up_proj"": 850.0, ""self_attn.o_proj"": 518.0, ""self_attn.v_proj"": 278.0}","{""mlp.down_proj"": 1090.0, ""mlp.gate_proj"": 299.0, ""mlp.up_proj"": 826.0, ""self_attn.o_proj"": 496.0, ""self_attn.v_proj"": 259.0}","{""mlp.down_proj"": -24.0, ""mlp.gate_proj"": -28.0, ""mlp.up_proj"": -24.0, ""self_attn.o_proj"": -22.0, ""self_attn.v_proj"": -19.0}","{""mlp.down_proj"": 0.02154398563734291, ""mlp.gate_proj"": 0.0856269113149847, ""mlp.up_proj"": 0.02823529411764706, ""self_attn.o_proj"": 0.04247104247104247, ""self_attn.v_proj"": 0.0683453237410072}",0.03481296559280135,0.014431545863603519,7,equal7,True,"mlp.down_proj,mlp.gate_proj,mlp.up_proj,self_attn.k_proj,self_attn.o_proj,self_attn.q_proj,self_attn.v_proj",,432.7142857142857,450.42857142857144,432.7142857142857,-17.714285714285715,0.06979003565567381,0.03932762448461784,"{""mlp.down_proj"": 1114.0, ""mlp.gate_proj"": 327.0, ""mlp.up_proj"": 850.0, ""self_attn.k_proj"": 40.0, ""self_attn.o_proj"": 518.0, ""self_attn.q_proj"": 26.0, ""self_attn.v_proj"": 278.0}","{""mlp.down_proj"": 1090.0, ""mlp.gate_proj"": 299.0, ""mlp.up_proj"": 826.0, ""self_attn.k_proj"": 38.0, ""self_attn.o_proj"": 496.0, ""self_attn.q_proj"": 21.0, ""self_attn.v_proj"": 259.0}","{""mlp.down_proj"": -24.0, ""mlp.gate_proj"": -28.0, ""mlp.up_proj"": -24.0, ""self_attn.k_proj"": -2.0, ""self_attn.o_proj"": -22.0, ""self_attn.q_proj"": -5.0, ""self_attn.v_proj"": -19.0}","{""mlp.down_proj"": 0.02154398563734291, ""mlp.gate_proj"": 0.0856269113149847, ""mlp.up_proj"": 0.02823529411764706, ""self_attn.k_proj"": 0.05, ""self_attn.o_proj"": 0.04247104247104247, ""self_attn.q_proj"": 0.19230769230769232, ""self_attn.v_proj"": 0.0683453237410072}",-0.020545524199268937,-5.685714285714283,161.28571428571428,False,True
qwen,opd,624,E_general,E_general,0.01,18,5,equal5_non_qk,True,"mlp.down_proj,mlp.gate_proj,mlp.up_proj,self_attn.o_proj,self_attn.v_proj","self_attn.q_proj,self_attn.k_proj",1619.8,1634.4,1619.8,-14.6,0.01013178567182428,0.008932941752325094,"{""mlp.down_proj"": 2190.0, ""mlp.gate_proj"": 1641.0, ""mlp.up_proj"": 2064.0, ""self_attn.o_proj"": 1546.0, ""self_attn.v_proj"": 731.0}","{""mlp.down_proj"": 2178.0, ""mlp.gate_proj"": 1621.0, ""mlp.up_proj"": 2055.0, ""self_attn.o_proj"": 1525.0, ""self_attn.v_proj"": 720.0}","{""mlp.down_proj"": -12.0, ""mlp.gate_proj"": -20.0, ""mlp.up_proj"": -9.0, ""self_attn.o_proj"": -21.0, ""self_attn.v_proj"": -11.0}","{""mlp.down_proj"": 0.005479452054794521, ""mlp.gate_proj"": 0.01218769043266301, ""mlp.up_proj"": 0.00436046511627907, ""self_attn.o_proj"": 0.013583441138421734, ""self_attn.v_proj"": 0.015047879616963064}",0.01013178567182428,0.0,7,equal7,True,"mlp.down_proj,mlp.gate_proj,mlp.up_proj,self_attn.k_proj,self_attn.o_proj,self_attn.q_proj,self_attn.v_proj",,1311.142857142857,1328.4285714285713,1311.142857142857,-17.285714285714285,0.018596785403238603,0.013012151844284284,"{""mlp.down_proj"": 2190.0, ""mlp.gate_proj"": 1641.0, ""mlp.up_proj"": 2064.0, ""self_attn.k_proj"": 400.0, ""self_attn.o_proj"": 1546.0, ""self_attn.q_proj"": 727.0, ""self_attn.v_proj"": 731.0}","{""mlp.down_proj"": 2178.0, ""mlp.gate_proj"": 1621.0, ""mlp.up_proj"": 2055.0, ""self_attn.k_proj"": 388.0, ""self_attn.o_proj"": 1525.0, ""self_attn.q_proj"": 691.0, ""self_attn.v_proj"": 720.0}","{""mlp.down_proj"": -12.0, ""mlp.gate_proj"": -20.0, ""mlp.up_proj"": -9.0, ""self_attn.k_proj"": -12.0, ""self_attn.o_proj"": -21.0, ""self_attn.q_proj"": -36.0, ""self_attn.v_proj"": -11.0}","{""mlp.down_proj"": 0.005479452054794521, ""mlp.gate_proj"": 0.01218769043266301, ""mlp.up_proj"": 0.00436046511627907, ""self_attn.k_proj"": 0.03, ""self_attn.o_proj"": 0.013583441138421734, ""self_attn.q_proj"": 0.04951856946354883, ""self_attn.v_proj"": 0.015047879616963064}",-0.008464999731414324,2.685714285714285,308.65714285714284,False,True
qwen,opd,624,E_general,E_general,0.025,18,5,equal5_non_qk,True,"mlp.down_proj,mlp.gate_proj,mlp.up_proj,self_attn.o_proj,self_attn.v_proj","self_attn.q_proj,self_attn.k_proj",1281.2,1299.6,1281.2,-18.4,0.01642045525478441,0.01415820252385339,"{""mlp.down_proj"": 1900.0, ""mlp.gate_proj"": 1133.0, ""mlp.up_proj"": 1706.0, ""self_attn.o_proj"": 1186.0, ""self_attn.v_proj"": 573.0}","{""mlp.down_proj"": 1882.0, ""mlp.gate_proj"": 1109.0, ""mlp.up_proj"": 1693.0, ""self_attn.o_proj"": 1163.0, ""self_attn.v_proj"": 559.0}","{""mlp.down_proj"": -18.0, ""mlp.gate_proj"": -24.0, ""mlp.up_proj"": -13.0, ""self_attn.o_proj"": -23.0, ""self_attn.v_proj"": -14.0}","{""mlp.down_proj"": 0.009473684210526316, ""mlp.gate_proj"": 0.02118270079435128, ""mlp.up_proj"": 0.0076201641266119575, ""self_attn.o_proj"": 0.0193929173693086, ""self_attn.v_proj"": 0.02443280977312391}",0.01642045525478441,0.0,7,equal7,True,"mlp.down_proj,mlp.gate_proj,mlp.up_proj,self_attn.k_proj,self_attn.o_proj,self_attn.q_proj,self_attn.v_proj",,992.8571428571429,1011.2857142857143,992.8571428571429,-18.428571428571427,0.028918046592960482,0.01822291284079674,"{""mlp.down_proj"": 1900.0, ""mlp.gate_proj"": 1133.0, ""mlp.up_proj"": 1706.0, ""self_attn.k_proj"": 227.0, ""self_attn.o_proj"": 1186.0, ""self_attn.q_proj"": 354.0, ""self_attn.v_proj"": 573.0}","{""mlp.down_proj"": 1882.0, ""mlp.gate_proj"": 1109.0, ""mlp.up_proj"": 1693.0, ""self_attn.k_proj"": 217.0, ""self_attn.o_proj"": 1163.0, ""self_attn.q_proj"": 327.0, ""self_attn.v_proj"": 559.0}","{""mlp.down_proj"": -18.0, ""mlp.gate_proj"": -24.0, ""mlp.up_proj"": -13.0, ""self_attn.k_proj"": -10.0, ""self_attn.o_proj"": -23.0, ""self_attn.q_proj"": -27.0, ""self_attn.v_proj"": -14.0}","{""mlp.down_proj"": 0.009473684210526316, ""mlp.gate_proj"": 0.02118270079435128, ""mlp.up_proj"": 0.0076201641266119575, ""self_attn.k_proj"": 0.04405286343612335, ""self_attn.o_proj"": 0.0193929173693086, ""self_attn.q_proj"": 0.07627118644067797, ""self_attn.v_proj"": 0.02443280977312391}",-0.012497591338176073,0.02857142857142847,288.34285714285716,False,True
qwen,opd,624,E_general,E_general,0.05,18,5,equal5_non_qk,True,"mlp.down_proj,mlp.gate_proj,mlp.up_proj,self_attn.o_proj,self_attn.v_proj","self_attn.q_proj,self_attn.k_proj",971.0,991.2,971.0,-20.2,0.024565718824490698,0.02037933817594839,"{""mlp.down_proj"": 1590.0, ""mlp.gate_proj"": 701.0, ""mlp.up_proj"": 1344.0, ""self_attn.o_proj"": 890.0, ""self_attn.v_proj"": 431.0}","{""mlp.down_proj"": 1567.0, ""mlp.gate_proj"": 677.0, ""mlp.up_proj"": 1329.0, ""self_attn.o_proj"": 867.0, ""self_attn.v_proj"": 415.0}","{""mlp.down_proj"": -23.0, ""mlp.gate_proj"": -24.0, ""mlp.up_proj"": -15.0, ""self_attn.o_proj"": -23.0, ""self_attn.v_proj"": -16.0}","{""mlp.down_proj"": 0.014465408805031447, ""mlp.gate_proj"": 0.034236804564907276, ""mlp.up_proj"": 0.011160714285714286, ""self_attn.o_proj"": 0.025842696629213482, ""self_attn.v_proj"": 0.037122969837587005}",0.024565718824490698,0.0,7,equal7,True,"mlp.down_proj,mlp.gate_proj,mlp.up_proj,self_attn.k_proj,self_attn.o_proj,self_attn.q_proj,self_attn.v_proj",,727.0,744.7142857142857,727.0,-17.714285714285715,0.04226951541263312,0.02378668712833295,"{""mlp.down_proj"": 1590.0, ""mlp.gate_proj"": 701.0, ""mlp.up_proj"": 1344.0, ""self_attn.k_proj"": 113.0, ""self_attn.o_proj"": 890.0, ""self_attn.q_proj"": 144.0, ""self_attn.v_proj"": 431.0}","{""mlp.down_proj"": 1567.0, ""mlp.gate_proj"": 677.0, ""mlp.up_proj"": 1329.0, ""self_attn.k_proj"": 106.0, ""self_attn.o_proj"": 867.0, ""self_attn.q_proj"": 128.0, ""self_attn.v_proj"": 415.0}","{""mlp.down_proj"": -23.0, ""mlp.gate_proj"": -24.0, ""mlp.up_proj"": -15.0, ""self_attn.k_proj"": -7.0, ""self_attn.o_proj"": -23.0, ""self_attn.q_proj"": -16.0, ""self_attn.v_proj"": -16.0}","{""mlp.down_proj"": 0.014465408805031447, ""mlp.gate_proj"": 0.034236804564907276, ""mlp.up_proj"": 0.011160714285714286, ""self_attn.k_proj"": 0.061946902654867256, ""self_attn.o_proj"": 0.025842696629213482, ""self_attn.q_proj"": 0.1111111111111111, ""self_attn.v_proj"": 0.037122969837587005}",-0.017703796588142424,-2.485714285714284,244.0,False,True
qwen,opd,624,E_general,E_general,0.1,18,5,equal5_non_qk,True,"mlp.down_proj,mlp.gate_proj,mlp.up_proj,self_attn.o_proj,self_attn.v_proj","self_attn.q_proj,self_attn.k_proj",638.0,657.2,638.0,-19.2,0.03777264916357963,0.02921485088253202,"{""mlp.down_proj"": 1200.0, ""mlp.gate_proj"": 300.0, ""mlp.up_proj"": 920.0, ""self_attn.o_proj"": 589.0, ""self_attn.v_proj"": 277.0}","{""mlp.down_proj"": 1174.0, ""mlp.gate_proj"": 282.0, ""mlp.up_proj"": 904.0, ""self_attn.o_proj"": 568.0, ""self_attn.v_proj"": 262.0}","{""mlp.down_proj"": -26.0, ""mlp.gate_proj"": -18.0, ""mlp.up_proj"": -16.0, ""self_attn.o_proj"": -21.0, ""self_attn.v_proj"": -15.0}","{""mlp.down_proj"": 0.021666666666666667, ""mlp.gate_proj"": 0.06, ""mlp.up_proj"": 0.017391304347826087, ""self_attn.o_proj"": 0.035653650254668934, ""self_attn.v_proj"": 0.05415162454873646}",0.03777264916357963,0.0,7,equal7,True,"mlp.down_proj,mlp.gate_proj,mlp.up_proj,self_attn.k_proj,self_attn.o_proj,self_attn.q_proj,self_attn.v_proj",,464.85714285714283,479.7142857142857,464.85714285714283,-14.857142857142858,0.059614496322303805,0.03097081596188214,"{""mlp.down_proj"": 1200.0, ""mlp.gate_proj"": 300.0, ""mlp.up_proj"": 920.0, ""self_attn.k_proj"": 39.0, ""self_attn.o_proj"": 589.0, ""self_attn.q_proj"": 33.0, ""self_attn.v_proj"": 277.0}","{""mlp.down_proj"": 1174.0, ""mlp.gate_proj"": 282.0, ""mlp.up_proj"": 904.0, ""self_attn.k_proj"": 36.0, ""self_attn.o_proj"": 568.0, ""self_attn.q_proj"": 28.0, ""self_attn.v_proj"": 262.0}","{""mlp.down_proj"": -26.0, ""mlp.gate_proj"": -18.0, ""mlp.up_proj"": -16.0, ""self_attn.k_proj"": -3.0, ""self_attn.o_proj"": -21.0, ""self_attn.q_proj"": -5.0, ""self_attn.v_proj"": -15.0}","{""mlp.down_proj"": 0.021666666666666667, ""mlp.gate_proj"": 0.06, ""mlp.up_proj"": 0.017391304347826087, ""self_attn.k_proj"": 0.07692307692307693, ""self_attn.o_proj"": 0.035653650254668934, ""self_attn.q_proj"": 0.15151515151515152, ""self_attn.v_proj"": 0.05415162454873646}",-0.021841847158724177,-4.342857142857142,173.14285714285717,False,True
qwen,opd,624,E_if,E_ifeval,0.01,18,5,equal5_non_qk,True,"mlp.down_proj,mlp.gate_proj,mlp.up_proj,self_attn.o_proj,self_attn.v_proj","self_attn.q_proj,self_attn.k_proj",1455.8,1484.2,1455.8,-28.4,0.022352987529123174,0.01913488748147156,"{""mlp.down_proj"": 2024.0, ""mlp.gate_proj"": 1528.0, ""mlp.up_proj"": 1933.0, ""self_attn.o_proj"": 1347.0, ""self_attn.v_proj"": 589.0}","{""mlp.down_proj"": 1993.0, ""mlp.gate_proj"": 1489.0, ""mlp.up_proj"": 1913.0, ""self_attn.o_proj"": 1318.0, ""self_attn.v_proj"": 566.0}","{""mlp.down_proj"": -31.0, ""mlp.gate_proj"": -39.0, ""mlp.up_proj"": -20.0, ""self_attn.o_proj"": -29.0, ""self_attn.v_proj"": -23.0}","{""mlp.down_proj"": 0.015316205533596838, ""mlp.gate_proj"": 0.025523560209424083, ""mlp.up_proj"": 0.010346611484738748, ""self_attn.o_proj"": 0.021529324424647365, ""self_attn.v_proj"": 0.03904923599320883}",0.01013178567182428,0.012221201857298894,7,equal7,True,"mlp.down_proj,mlp.gate_proj,mlp.up_proj,self_attn.k_proj,self_attn.o_proj,self_attn.q_proj,self_attn.v_proj",,1144.7142857142858,1174.0,1144.7142857142858,-29.285714285714285,0.03840581233205971,0.024945242151374974,"{""mlp.down_proj"": 2024.0, ""mlp.gate_proj"": 1528.0, ""mlp.up_proj"": 1933.0, ""self_attn.k_proj"": 273.0, ""self_attn.o_proj"": 1347.0, ""self_attn.q_proj"": 524.0, ""self_attn.v_proj"": 589.0}","{""mlp.down_proj"": 1993.0, ""mlp.gate_proj"": 1489.0, ""mlp.up_proj"": 1913.0, ""self_attn.k_proj"": 252.0, ""self_attn.o_proj"": 1318.0, ""self_attn.q_proj"": 482.0, ""self_attn.v_proj"": 566.0}","{""mlp.down_proj"": -31.0, ""mlp.gate_proj"": -39.0, ""mlp.up_proj"": -20.0, ""self_attn.k_proj"": -21.0, ""self_attn.o_proj"": -29.0, ""self_attn.q_proj"": -42.0, ""self_attn.v_proj"": -23.0}","{""mlp.down_proj"": 0.015316205533596838, ""mlp.gate_proj"": 0.025523560209424083, ""mlp.up_proj"": 0.010346611484738748, ""self_attn.k_proj"": 0.07692307692307693, ""self_attn.o_proj"": 0.021529324424647365, ""self_attn.q_proj"": 0.08015267175572519, ""self_attn.v_proj"": 0.03904923599320883}",-0.016052824802936537,0.8857142857142861,311.0857142857142,False,True
qwen,opd,624,E_if,E_ifeval,0.025,18,5,equal5_non_qk,True,"mlp.down_proj,mlp.gate_proj,mlp.up_proj,self_attn.o_proj,self_attn.v_proj","self_attn.q_proj,self_attn.k_proj",1076.2,1109.6,1076.2,-33.4,0.03575948742639463,0.030100937274693464,"{""mlp.down_proj"": 1649.0, ""mlp.gate_proj"": 1005.0, ""mlp.up_proj"": 1521.0, ""self_attn.o_proj"": 969.0, ""self_attn.v_proj"": 404.0}","{""mlp.down_proj"": 1606.0, ""mlp.gate_proj"": 962.0, ""mlp.up_proj"": 1495.0, ""self_attn.o_proj"": 939.0, ""self_attn.v_proj"": 379.0}","{""mlp.down_proj"": -43.0, ""mlp.gate_proj"": -43.0, ""mlp.up_proj"": -26.0, ""self_attn.o_proj"": -30.0, ""self_attn.v_proj"": -25.0}","{""mlp.down_proj"": 0.02607640994542147, ""mlp.gate_proj"": 0.042786069651741296, ""mlp.up_proj"": 0.017094017094017096, ""self_attn.o_proj"": 0.030959752321981424, ""self_attn.v_proj"": 0.06188118811881188}",0.01642045525478441,0.019339032171610218,7,equal7,True,"mlp.down_proj,mlp.gate_proj,mlp.up_proj,self_attn.k_proj,self_attn.o_proj,self_attn.q_proj,self_attn.v_proj",,810.7142857142857,840.0,810.7142857142857,-29.285714285714285,0.057729388417560736,0.03486394557823135,"{""mlp.down_proj"": 1649.0, ""mlp.gate_proj"": 1005.0, ""mlp.up_proj"": 1521.0, ""self_attn.k_proj"": 123.0, ""self_attn.o_proj"": 969.0, ""self_attn.q_proj"": 209.0, ""self_attn.v_proj"": 404.0}","{""mlp.down_proj"": 1606.0, ""mlp.gate_proj"": 962.0, ""mlp.up_proj"": 1495.0, ""self_attn.k_proj"": 110.0, ""self_attn.o_proj"": 939.0, ""self_attn.q_proj"": 184.0, ""self_attn.v_proj"": 379.0}","{""mlp.down_proj"": -43.0, ""mlp.gate_proj"": -43.0, ""mlp.up_proj"": -26.0, ""self_attn.k_proj"": -13.0, ""self_attn.o_proj"": -30.0, ""self_attn.q_proj"": -25.0, ""self_attn.v_proj"": -25.0}","{""mlp.down_proj"": 0.02607640994542147, ""mlp.gate_proj"": 0.042786069651741296, ""mlp.up_proj"": 0.017094017094017096, ""self_attn.k_proj"": 0.10569105691056911, ""self_attn.o_proj"": 0.030959752321981424, ""self_attn.q_proj"": 0.11961722488038277, ""self_attn.v_proj"": 0.06188118811881188}",-0.021969900991166108,-4.114285714285714,265.4857142857144,False,True
qwen,opd,624,E_if,E_ifeval,0.05,18,5,equal5_non_qk,True,"mlp.down_proj,mlp.gate_proj,mlp.up_proj,self_attn.o_proj,self_attn.v_proj","self_attn.q_proj,self_attn.k_proj",747.8,782.0,747.8,-34.2,0.053321620769825474,0.0437340153452686,"{""mlp.down_proj"": 1274.0, ""mlp.gate_proj"": 584.0, ""mlp.up_proj"": 1127.0, ""self_attn.o_proj"": 672.0, ""self_attn.v_proj"": 253.0}","{""mlp.down_proj"": 1223.0, ""mlp.gate_proj"": 545.0, ""mlp.up_proj"": 1098.0, ""self_attn.o_proj"": 643.0, ""self_attn.v_proj"": 230.0}","{""mlp.down_proj"": -51.0, ""mlp.gate_proj"": -39.0, ""mlp.up_proj"": -29.0, ""self_attn.o_proj"": -29.0, ""self_attn.v_proj"": -23.0}","{""mlp.down_proj"": 0.040031397174254316, ""mlp.gate_proj"": 0.06678082191780822, ""mlp.up_proj"": 0.025732031943212066, ""self_attn.o_proj"": 0.043154761904761904, ""self_attn.v_proj"": 0.09090909090909091}",0.024565718824490698,0.028755901945334776,7,equal7,True,"mlp.down_proj,mlp.gate_proj,mlp.up_proj,self_attn.k_proj,self_attn.o_proj,self_attn.q_proj,self_attn.v_proj",,548.8571428571429,575.7142857142857,548.8571428571429,-26.857142857142858,0.07767870871314066,0.04665012406947877,"{""mlp.down_proj"": 1274.0, ""mlp.gate_proj"": 584.0, ""mlp.up_proj"": 1127.0, ""self_attn.k_proj"": 50.0, ""self_attn.o_proj"": 672.0, ""self_attn.q_proj"": 70.0, ""self_attn.v_proj"": 253.0}","{""mlp.down_proj"": 1223.0, ""mlp.gate_proj"": 545.0, ""mlp.up_proj"": 1098.0, ""self_attn.k_proj"": 44.0, ""self_attn.o_proj"": 643.0, ""self_attn.q_proj"": 59.0, ""self_attn.v_proj"": 230.0}","{""mlp.down_proj"": -51.0, ""mlp.gate_proj"": -39.0, ""mlp.up_proj"": -29.0, ""self_attn.k_proj"": -6.0, ""self_attn.o_proj"": -29.0, ""self_attn.q_proj"": -11.0, ""self_attn.v_proj"": -23.0}","{""mlp.down_proj"": 0.040031397174254316, ""mlp.gate_proj"": 0.06678082191780822, ""mlp.up_proj"": 0.025732031943212066, ""self_attn.k_proj"": 0.12, ""self_attn.o_proj"": 0.043154761904761904, ""self_attn.q_proj"": 0.15714285714285714, ""self_attn.v_proj"": 0.09090909090909091}",-0.024357087943315182,-7.342857142857145,198.94285714285706,False,True
qwen,opd,624,E_if,E_ifeval,0.1,18,5,equal5_non_qk,True,"mlp.down_proj,mlp.gate_proj,mlp.up_proj,self_attn.o_proj,self_attn.v_proj","self_attn.q_proj,self_attn.k_proj",424.0,453.0,424.0,-29.0,0.08316994955462763,0.0640176600441501,"{""mlp.down_proj"": 839.0, ""mlp.gate_proj"": 228.0, ""mlp.up_proj"": 695.0, ""self_attn.o_proj"": 387.0, ""self_attn.v_proj"": 116.0}","{""mlp.down_proj"": 786.0, ""mlp.gate_proj"": 204.0, ""mlp.up_proj"": 668.0, ""self_attn.o_proj"": 363.0, ""self_attn.v_proj"": 99.0}","{""mlp.down_proj"": -53.0, ""mlp.gate_proj"": -24.0, ""mlp.up_proj"": -27.0, ""self_attn.o_proj"": -24.0, ""self_attn.v_proj"": -17.0}","{""mlp.down_proj"": 0.0631704410011919, ""mlp.gate_proj"": 0.10526315789473684, ""mlp.up_proj"": 0.03884892086330935, ""self_attn.o_proj"": 0.06201550387596899, ""self_attn.v_proj"": 0.14655172413793102}",0.03777264916357963,0.045397300391048,7,equal7,True,"mlp.down_proj,mlp.gate_proj,mlp.up_proj,self_attn.k_proj,self_attn.o_proj,self_attn.q_proj,self_attn.v_proj",,306.0,327.42857142857144,306.0,-21.428571428571427,0.11216684708447426,0.06544502617801051,"{""mlp.down_proj"": 839.0, ""mlp.gate_proj"": 228.0, ""mlp.up_proj"": 695.0, ""self_attn.k_proj"": 16.0, ""self_attn.o_proj"": 387.0, ""self_attn.q_proj"": 11.0, ""self_attn.v_proj"": 116.0}","{""mlp.down_proj"": 786.0, ""mlp.gate_proj"": 204.0, ""mlp.up_proj"": 668.0, ""self_attn.k_proj"": 13.0, ""self_attn.o_proj"": 363.0, ""self_attn.q_proj"": 9.0, ""self_attn.v_proj"": 99.0}","{""mlp.down_proj"": -53.0, ""mlp.gate_proj"": -24.0, ""mlp.up_proj"": -27.0, ""self_attn.k_proj"": -3.0, ""self_attn.o_proj"": -24.0, ""self_attn.q_proj"": -2.0, ""self_attn.v_proj"": -17.0}","{""mlp.down_proj"": 0.0631704410011919, ""mlp.gate_proj"": 0.10526315789473684, ""mlp.up_proj"": 0.03884892086330935, ""self_attn.k_proj"": 0.1875, ""self_attn.o_proj"": 0.06201550387596899, ""self_attn.q_proj"": 0.18181818181818182, ""self_attn.v_proj"": 0.14655172413793102}",-0.028996897529846632,-7.571428571428573,118.0,False,True
qwen,opd,624,E_math,E_mathHeld,0.01,18,5,equal5_non_qk,True,"mlp.down_proj,mlp.gate_proj,mlp.up_proj,self_attn.o_proj,self_attn.v_proj","self_attn.q_proj,self_attn.k_proj",1631.6,1649.6,1631.6,-18.0,0.0132091643271674,0.010911736178467508,"{""mlp.down_proj"": 2176.0, ""mlp.gate_proj"": 1819.0, ""mlp.up_proj"": 2046.0, ""self_attn.o_proj"": 1520.0, ""self_attn.v_proj"": 687.0}","{""mlp.down_proj"": 2159.0, ""mlp.gate_proj"": 1792.0, ""mlp.up_proj"": 2034.0, ""self_attn.o_proj"": 1505.0, ""self_attn.v_proj"": 668.0}","{""mlp.down_proj"": -17.0, ""mlp.gate_proj"": -27.0, ""mlp.up_proj"": -12.0, ""self_attn.o_proj"": -15.0, ""self_attn.v_proj"": -19.0}","{""mlp.down_proj"": 0.0078125, ""mlp.gate_proj"": 0.014843320505772403, ""mlp.up_proj"": 0.005865102639296188, ""self_attn.o_proj"": 0.009868421052631578, ""self_attn.v_proj"": 0.027656477438136828}",0.01013178567182428,0.0030773786553431205,7,equal7,True,"mlp.down_proj,mlp.gate_proj,mlp.up_proj,self_attn.k_proj,self_attn.o_proj,self_attn.q_proj,self_attn.v_proj",,1316.857142857143,1339.0,1316.857142857143,-22.142857142857142,0.025742479782693655,0.016536861197055348,"{""mlp.down_proj"": 2176.0, ""mlp.gate_proj"": 1819.0, ""mlp.up_proj"": 2046.0, ""self_attn.k_proj"": 363.0, ""self_attn.o_proj"": 1520.0, ""self_attn.q_proj"": 762.0, ""self_attn.v_proj"": 687.0}","{""mlp.down_proj"": 2159.0, ""mlp.gate_proj"": 1792.0, ""mlp.up_proj"": 2034.0, ""self_attn.k_proj"": 343.0, ""self_attn.o_proj"": 1505.0, ""self_attn.q_proj"": 717.0, ""self_attn.v_proj"": 668.0}","{""mlp.down_proj"": -17.0, ""mlp.gate_proj"": -27.0, ""mlp.up_proj"": -12.0, ""self_attn.k_proj"": -20.0, ""self_attn.o_proj"": -15.0, ""self_attn.q_proj"": -45.0, ""self_attn.v_proj"": -19.0}","{""mlp.down_proj"": 0.0078125, ""mlp.gate_proj"": 0.014843320505772403, ""mlp.up_proj"": 0.005865102639296188, ""self_attn.k_proj"": 0.05509641873278237, ""self_attn.o_proj"": 0.009868421052631578, ""self_attn.q_proj"": 0.05905511811023622, ""self_attn.v_proj"": 0.027656477438136828}",-0.012533315455526255,4.142857142857142,314.742857142857,False,True
qwen,opd,624,E_math,E_mathHeld,0.025,18,5,equal5_non_qk,True,"mlp.down_proj,mlp.gate_proj,mlp.up_proj,self_attn.o_proj,self_attn.v_proj","self_attn.q_proj,self_attn.k_proj",1298.6,1322.2,1298.6,-23.6,0.02189636545277347,0.017849039479655222,"{""mlp.down_proj"": 1875.0, ""mlp.gate_proj"": 1369.0, ""mlp.up_proj"": 1691.0, ""self_attn.o_proj"": 1157.0, ""self_attn.v_proj"": 519.0}","{""mlp.down_proj"": 1850.0, ""mlp.gate_proj"": 1333.0, ""mlp.up_proj"": 1673.0, ""self_attn.o_proj"": 1142.0, ""self_attn.v_proj"": 495.0}","{""mlp.down_proj"": -25.0, ""mlp.gate_proj"": -36.0, ""mlp.up_proj"": -18.0, ""self_attn.o_proj"": -15.0, ""self_attn.v_proj"": -24.0}","{""mlp.down_proj"": 0.013333333333333334, ""mlp.gate_proj"": 0.026296566837107377, ""mlp.up_proj"": 0.010644589000591367, ""self_attn.o_proj"": 0.01296456352636128, ""self_attn.v_proj"": 0.046242774566473986}",0.01642045525478441,0.00547591019798906,7,equal7,True,"mlp.down_proj,mlp.gate_proj,mlp.up_proj,self_attn.k_proj,self_attn.o_proj,self_attn.q_proj,self_attn.v_proj",,1001.2857142857143,1025.5714285714287,1001.2857142857143,-24.285714285714285,0.04130353132968782,0.02368017829781311,"{""mlp.down_proj"": 1875.0, ""mlp.gate_proj"": 1369.0, ""mlp.up_proj"": 1691.0, ""self_attn.k_proj"": 189.0, ""self_attn.o_proj"": 1157.0, ""self_attn.q_proj"": 379.0, ""self_attn.v_proj"": 519.0}","{""mlp.down_proj"": 1850.0, ""mlp.gate_proj"": 1333.0, ""mlp.up_proj"": 1673.0, ""self_attn.k_proj"": 173.0, ""self_attn.o_proj"": 1142.0, ""self_attn.q_proj"": 343.0, ""self_attn.v_proj"": 495.0}","{""mlp.down_proj"": -25.0, ""mlp.gate_proj"": -36.0, ""mlp.up_proj"": -18.0, ""self_attn.k_proj"": -16.0, ""self_attn.o_proj"": -15.0, ""self_attn.q_proj"": -36.0, ""self_attn.v_proj"": -24.0}","{""mlp.down_proj"": 0.013333333333333334, ""mlp.gate_proj"": 0.026296566837107377, ""mlp.up_proj"": 0.010644589000591367, ""self_attn.k_proj"": 0.08465608465608465, ""self_attn.o_proj"": 0.01296456352636128, ""self_attn.q_proj"": 0.09498680738786279, ""self_attn.v_proj"": 0.046242774566473986}",-0.019407165876914354,0.6857142857142833,297.3142857142856,False,True
qwen,opd,624,E_math,E_mathHeld,0.05,18,5,equal5_non_qk,True,"mlp.down_proj,mlp.gate_proj,mlp.up_proj,self_attn.o_proj,self_attn.v_proj","self_attn.q_proj,self_attn.k_proj",988.0,1014.2,988.0,-26.2,0.032498641748565336,0.025833169000197245,"{""mlp.down_proj"": 1552.0, ""mlp.gate_proj"": 956.0, ""mlp.up_proj"": 1332.0, ""self_attn.o_proj"": 860.0, ""self_attn.v_proj"": 371.0}","{""mlp.down_proj"": 1520.0, ""mlp.gate_proj"": 918.0, ""mlp.up_proj"": 1311.0, ""self_attn.o_proj"": 846.0, ""self_attn.v_proj"": 345.0}","{""mlp.down_proj"": -32.0, ""mlp.gate_proj"": -38.0, ""mlp.up_proj"": -21.0, ""self_attn.o_proj"": -14.0, ""self_attn.v_proj"": -26.0}","{""mlp.down_proj"": 0.020618556701030927, ""mlp.gate_proj"": 0.0397489539748954, ""mlp.up_proj"": 0.015765765765765764, ""self_attn.o_proj"": 0.01627906976744186, ""self_attn.v_proj"": 0.07008086253369272}",0.024565718824490698,0.007932922924074638,7,equal7,True,"mlp.down_proj,mlp.gate_proj,mlp.up_proj,self_attn.k_proj,self_attn.o_proj,self_attn.q_proj,self_attn.v_proj",,735.1428571428571,758.1428571428571,735.1428571428571,-23.0,0.058373277523919805,0.03033729037120784,"{""mlp.down_proj"": 1552.0, ""mlp.gate_proj"": 956.0, ""mlp.up_proj"": 1332.0, ""self_attn.k_proj"": 82.0, ""self_attn.o_proj"": 860.0, ""self_attn.q_proj"": 154.0, ""self_attn.v_proj"": 371.0}","{""mlp.down_proj"": 1520.0, ""mlp.gate_proj"": 918.0, ""mlp.up_proj"": 1311.0, ""self_attn.k_proj"": 73.0, ""self_attn.o_proj"": 846.0, ""self_attn.q_proj"": 133.0, ""self_attn.v_proj"": 345.0}","{""mlp.down_proj"": -32.0, ""mlp.gate_proj"": -38.0, ""mlp.up_proj"": -21.0, ""self_attn.k_proj"": -9.0, ""self_attn.o_proj"": -14.0, ""self_attn.q_proj"": -21.0, ""self_attn.v_proj"": -26.0}","{""mlp.down_proj"": 0.020618556701030927, ""mlp.gate_proj"": 0.0397489539748954, ""mlp.up_proj"": 0.015765765765765764, ""self_attn.k_proj"": 0.10975609756097561, ""self_attn.o_proj"": 0.01627906976744186, ""self_attn.q_proj"": 0.13636363636363635, ""self_attn.v_proj"": 0.07008086253369272}",-0.025874635775354468,-3.1999999999999993,252.8571428571429,False,True
qwen,opd,624,E_math,E_mathHeld,0.1,18,5,equal5_non_qk,True,"mlp.down_proj,mlp.gate_proj,mlp.up_proj,self_attn.o_proj,self_attn.v_proj","self_attn.q_proj,self_attn.k_proj",647.6,673.2,647.6,-25.6,0.04988184184086715,0.038027332144979234,"{""mlp.down_proj"": 1147.0, ""mlp.gate_proj"": 529.0, ""mlp.up_proj"": 913.0, ""self_attn.o_proj"": 561.0, ""self_attn.v_proj"": 216.0}","{""mlp.down_proj"": 1111.0, ""mlp.gate_proj"": 495.0, ""mlp.up_proj"": 891.0, ""self_attn.o_proj"": 548.0, ""self_attn.v_proj"": 193.0}","{""mlp.down_proj"": -36.0, ""mlp.gate_proj"": -34.0, ""mlp.up_proj"": -22.0, ""self_attn.o_proj"": -13.0, ""self_attn.v_proj"": -23.0}","{""mlp.down_proj"": 0.03138622493461203, ""mlp.gate_proj"": 0.06427221172022685, ""mlp.up_proj"": 0.024096385542168676, ""self_attn.o_proj"": 0.023172905525846704, ""self_attn.v_proj"": 0.10648148148148148}",0.03777264916357963,0.012109192677287522,7,equal7,True,"mlp.down_proj,mlp.gate_proj,mlp.up_proj,self_attn.k_proj,self_attn.o_proj,self_attn.q_proj,self_attn.v_proj",,469.0,488.7142857142857,469.0,-19.714285714285715,0.08574509440246272,0.040339082139725244,"{""mlp.down_proj"": 1147.0, ""mlp.gate_proj"": 529.0, ""mlp.up_proj"": 913.0, ""self_attn.k_proj"": 24.0, ""self_attn.o_proj"": 561.0, ""self_attn.q_proj"": 31.0, ""self_attn.v_proj"": 216.0}","{""mlp.down_proj"": 1111.0, ""mlp.gate_proj"": 495.0, ""mlp.up_proj"": 891.0, ""self_attn.k_proj"": 21.0, ""self_attn.o_proj"": 548.0, ""self_attn.q_proj"": 24.0, ""self_attn.v_proj"": 193.0}","{""mlp.down_proj"": -36.0, ""mlp.gate_proj"": -34.0, ""mlp.up_proj"": -22.0, ""self_attn.k_proj"": -3.0, ""self_attn.o_proj"": -13.0, ""self_attn.q_proj"": -7.0, ""self_attn.v_proj"": -23.0}","{""mlp.down_proj"": 0.03138622493461203, ""mlp.gate_proj"": 0.06427221172022685, ""mlp.up_proj"": 0.024096385542168676, ""self_attn.k_proj"": 0.125, ""self_attn.o_proj"": 0.023172905525846704, ""self_attn.q_proj"": 0.22580645161290322, ""self_attn.v_proj"": 0.10648148148148148}",-0.035863252561595574,-5.885714285714286,178.60000000000002,False,True
qwen,opd,624,E_ood,E_mmluPro,0.01,18,5,equal5_non_qk,True,"mlp.down_proj,mlp.gate_proj,mlp.up_proj,self_attn.o_proj,self_attn.v_proj","self_attn.q_proj,self_attn.k_proj",1588.0,1610.4,1588.0,-22.4,0.015615830957102731,0.013909587680079539,"{""mlp.down_proj"": 2156.0, ""mlp.gate_proj"": 1667.0, ""mlp.up_proj"": 2029.0, ""self_attn.o_proj"": 1471.0, ""self_attn.v_proj"": 729.0}","{""mlp.down_proj"": 2143.0, ""mlp.gate_proj"": 1630.0, ""mlp.up_proj"": 2011.0, ""self_attn.o_proj"": 1443.0, ""self_attn.v_proj"": 713.0}","{""mlp.down_proj"": -13.0, ""mlp.gate_proj"": -37.0, ""mlp.up_proj"": -18.0, ""self_attn.o_proj"": -28.0, ""self_attn.v_proj"": -16.0}","{""mlp.down_proj"": 0.006029684601113173, ""mlp.gate_proj"": 0.022195560887822437, ""mlp.up_proj"": 0.008871365204534253, ""self_attn.o_proj"": 0.019034670292318152, ""self_attn.v_proj"": 0.02194787379972565}",0.01013178567182428,0.005484045285278452,7,equal7,True,"mlp.down_proj,mlp.gate_proj,mlp.up_proj,self_attn.k_proj,self_attn.o_proj,self_attn.q_proj,self_attn.v_proj",,1279.857142857143,1305.5714285714287,1279.857142857143,-25.714285714285715,0.02768465122421619,0.019695809169493428,"{""mlp.down_proj"": 2156.0, ""mlp.gate_proj"": 1667.0, ""mlp.up_proj"": 2029.0, ""self_attn.k_proj"": 402.0, ""self_attn.o_proj"": 1471.0, ""self_attn.q_proj"": 685.0, ""self_attn.v_proj"": 729.0}","{""mlp.down_proj"": 2143.0, ""mlp.gate_proj"": 1630.0, ""mlp.up_proj"": 2011.0, ""self_attn.k_proj"": 386.0, ""self_attn.o_proj"": 1443.0, ""self_attn.q_proj"": 633.0, ""self_attn.v_proj"": 713.0}","{""mlp.down_proj"": -13.0, ""mlp.gate_proj"": -37.0, ""mlp.up_proj"": -18.0, ""self_attn.k_proj"": -16.0, ""self_attn.o_proj"": -28.0, ""self_attn.q_proj"": -52.0, ""self_attn.v_proj"": -16.0}","{""mlp.down_proj"": 0.006029684601113173, ""mlp.gate_proj"": 0.022195560887822437, ""mlp.up_proj"": 0.008871365204534253, ""self_attn.k_proj"": 0.03980099502487562, ""self_attn.o_proj"": 0.019034670292318152, ""self_attn.q_proj"": 0.07591240875912408, ""self_attn.v_proj"": 0.02194787379972565}",-0.012068820267113457,3.3142857142857167,308.1428571428571,False,True
qwen,opd,624,E_ood,E_mmluPro,0.025,18,5,equal5_non_qk,True,"mlp.down_proj,mlp.gate_proj,mlp.up_proj,self_attn.o_proj,self_attn.v_proj","self_attn.q_proj,self_attn.k_proj",1241.0,1268.4,1241.0,-27.4,0.024823366833181645,0.021602018290760083,"{""mlp.down_proj"": 1847.0, ""mlp.gate_proj"": 1163.0, ""mlp.up_proj"": 1655.0, ""self_attn.o_proj"": 1105.0, ""self_attn.v_proj"": 572.0}","{""mlp.down_proj"": 1827.0, ""mlp.gate_proj"": 1120.0, ""mlp.up_proj"": 1630.0, ""self_attn.o_proj"": 1076.0, ""self_attn.v_proj"": 552.0}","{""mlp.down_proj"": -20.0, ""mlp.gate_proj"": -43.0, ""mlp.up_proj"": -25.0, ""self_attn.o_proj"": -29.0, ""self_attn.v_proj"": -20.0}","{""mlp.down_proj"": 0.010828370330265295, ""mlp.gate_proj"": 0.03697334479793637, ""mlp.up_proj"": 0.015105740181268883, ""self_attn.o_proj"": 0.026244343891402715, ""self_attn.v_proj"": 0.03496503496503497}",0.01642045525478441,0.008402911578397235,7,equal7,True,"mlp.down_proj,mlp.gate_proj,mlp.up_proj,self_attn.k_proj,self_attn.o_proj,self_attn.q_proj,self_attn.v_proj",,957.5714285714286,984.2857142857143,957.5714285714286,-26.714285714285715,0.04242725350774352,0.027140783744557393,"{""mlp.down_proj"": 1847.0, ""mlp.gate_proj"": 1163.0, ""mlp.up_proj"": 1655.0, ""self_attn.k_proj"": 230.0, ""self_attn.o_proj"": 1105.0, ""self_attn.q_proj"": 318.0, ""self_attn.v_proj"": 572.0}","{""mlp.down_proj"": 1827.0, ""mlp.gate_proj"": 1120.0, ""mlp.up_proj"": 1630.0, ""self_attn.k_proj"": 217.0, ""self_attn.o_proj"": 1076.0, ""self_attn.q_proj"": 281.0, ""self_attn.v_proj"": 552.0}","{""mlp.down_proj"": -20.0, ""mlp.gate_proj"": -43.0, ""mlp.up_proj"": -25.0, ""self_attn.k_proj"": -13.0, ""self_attn.o_proj"": -29.0, ""self_attn.q_proj"": -37.0, ""self_attn.v_proj"": -20.0}","{""mlp.down_proj"": 0.010828370330265295, ""mlp.gate_proj"": 0.03697334479793637, ""mlp.up_proj"": 0.015105740181268883, ""self_attn.k_proj"": 0.05652173913043478, ""self_attn.o_proj"": 0.026244343891402715, ""self_attn.q_proj"": 0.11635220125786164, ""self_attn.v_proj"": 0.03496503496503497}",-0.017603886674561874,-0.6857142857142833,283.42857142857144,False,True
qwen,opd,624,E_ood,E_mmluPro,0.05,18,5,equal5_non_qk,True,"mlp.down_proj,mlp.gate_proj,mlp.up_proj,self_attn.o_proj,self_attn.v_proj","self_attn.q_proj,self_attn.k_proj",925.8,954.4,925.8,-28.6,0.035539094024991336,0.029966471081307653,"{""mlp.down_proj"": 1519.0, ""mlp.gate_proj"": 731.0, ""mlp.up_proj"": 1281.0, ""self_attn.o_proj"": 810.0, ""self_attn.v_proj"": 431.0}","{""mlp.down_proj"": 1494.0, ""mlp.gate_proj"": 690.0, ""mlp.up_proj"": 1253.0, ""self_attn.o_proj"": 782.0, ""self_attn.v_proj"": 410.0}","{""mlp.down_proj"": -25.0, ""mlp.gate_proj"": -41.0, ""mlp.up_proj"": -28.0, ""self_attn.o_proj"": -28.0, ""self_attn.v_proj"": -21.0}","{""mlp.down_proj"": 0.016458196181698487, ""mlp.gate_proj"": 0.0560875512995896, ""mlp.up_proj"": 0.02185792349726776, ""self_attn.o_proj"": 0.0345679012345679, ""self_attn.v_proj"": 0.048723897911832945}",0.024565718824490698,0.010973375200500637,7,equal7,True,"mlp.down_proj,mlp.gate_proj,mlp.up_proj,self_attn.k_proj,self_attn.o_proj,self_attn.q_proj,self_attn.v_proj",,691.2857142857143,715.5714285714286,691.2857142857143,-24.285714285714285,0.05766939725068082,0.033938909962068185,"{""mlp.down_proj"": 1519.0, ""mlp.gate_proj"": 731.0, ""mlp.up_proj"": 1281.0, ""self_attn.k_proj"": 116.0, ""self_attn.o_proj"": 810.0, ""self_attn.q_proj"": 121.0, ""self_attn.v_proj"": 431.0}","{""mlp.down_proj"": 1494.0, ""mlp.gate_proj"": 690.0, ""mlp.up_proj"": 1253.0, ""self_attn.k_proj"": 108.0, ""self_attn.o_proj"": 782.0, ""self_attn.q_proj"": 102.0, ""self_attn.v_proj"": 410.0}","{""mlp.down_proj"": -25.0, ""mlp.gate_proj"": -41.0, ""mlp.up_proj"": -28.0, ""self_attn.k_proj"": -8.0, ""self_attn.o_proj"": -28.0, ""self_attn.q_proj"": -19.0, ""self_attn.v_proj"": -21.0}","{""mlp.down_proj"": 0.016458196181698487, ""mlp.gate_proj"": 0.0560875512995896, ""mlp.up_proj"": 0.02185792349726776, ""self_attn.k_proj"": 0.06896551724137931, ""self_attn.o_proj"": 0.0345679012345679, ""self_attn.q_proj"": 0.15702479338842976, ""self_attn.v_proj"": 0.048723897911832945}",-0.022130303225689485,-4.314285714285717,234.51428571428562,False,True
qwen,opd,624,E_ood,E_mmluPro,0.1,18,5,equal5_non_qk,True,"mlp.down_proj,mlp.gate_proj,mlp.up_proj,self_attn.o_proj,self_attn.v_proj","self_attn.q_proj,self_attn.k_proj",591.6,617.4,591.6,-25.8,0.0535899606592265,0.04178814382896008,"{""mlp.down_proj"": 1114.0, ""mlp.gate_proj"": 327.0, ""mlp.up_proj"": 850.0, ""self_attn.o_proj"": 518.0, ""self_attn.v_proj"": 278.0}","{""mlp.down_proj"": 1087.0, ""mlp.gate_proj"": 297.0, ""mlp.up_proj"": 823.0, ""self_attn.o_proj"": 493.0, ""self_attn.v_proj"": 258.0}","{""mlp.down_proj"": -27.0, ""mlp.gate_proj"": -30.0, ""mlp.up_proj"": -27.0, ""self_attn.o_proj"": -25.0, ""self_attn.v_proj"": -20.0}","{""mlp.down_proj"": 0.02423698384201077, ""mlp.gate_proj"": 0.09174311926605505, ""mlp.up_proj"": 0.03176470588235294, ""self_attn.o_proj"": 0.04826254826254826, ""self_attn.v_proj"": 0.07194244604316546}",0.03777264916357963,0.01581731149564687,7,equal7,True,"mlp.down_proj,mlp.gate_proj,mlp.up_proj,self_attn.k_proj,self_attn.o_proj,self_attn.q_proj,self_attn.v_proj",,430.85714285714283,450.42857142857144,430.85714285714283,-19.571428571428573,0.07838843343790904,0.04345068189026333,"{""mlp.down_proj"": 1114.0, ""mlp.gate_proj"": 327.0, ""mlp.up_proj"": 850.0, ""self_attn.k_proj"": 40.0, ""self_attn.o_proj"": 518.0, ""self_attn.q_proj"": 26.0, ""self_attn.v_proj"": 278.0}","{""mlp.down_proj"": 1087.0, ""mlp.gate_proj"": 297.0, ""mlp.up_proj"": 823.0, ""self_attn.k_proj"": 38.0, ""self_attn.o_proj"": 493.0, ""self_attn.q_proj"": 20.0, ""self_attn.v_proj"": 258.0}","{""mlp.down_proj"": -27.0, ""mlp.gate_proj"": -30.0, ""mlp.up_proj"": -27.0, ""self_attn.k_proj"": -2.0, ""self_attn.o_proj"": -25.0, ""self_attn.q_proj"": -6.0, ""self_attn.v_proj"": -20.0}","{""mlp.down_proj"": 0.02423698384201077, ""mlp.gate_proj"": 0.09174311926605505, ""mlp.up_proj"": 0.03176470588235294, ""self_attn.k_proj"": 0.05, ""self_attn.o_proj"": 0.04826254826254826, ""self_attn.q_proj"": 0.23076923076923078, ""self_attn.v_proj"": 0.07194244604316546}",-0.024798472778682537,-6.228571428571428,160.7428571428572,False,True
qwen,seqkd,5,E_general,E_general,0.01,18,5,equal5_non_qk,True,"mlp.down_proj,mlp.gate_proj,mlp.up_proj,self_attn.o_proj,self_attn.v_proj","self_attn.q_proj,self_attn.k_proj",1633.6,1634.4,1633.6,-0.8,0.00043946643612628066,0.0004894762604014818,"{""mlp.down_proj"": 2190.0, ""mlp.gate_proj"": 1641.0, ""mlp.up_proj"": 2064.0, ""self_attn.o_proj"": 1546.0, ""self_attn.v_proj"": 731.0}","{""mlp.down_proj"": 2189.0, ""mlp.gate_proj"": 1640.0, ""mlp.up_proj"": 2063.0, ""self_attn.o_proj"": 1545.0, ""self_attn.v_proj"": 731.0}","{""mlp.down_proj"": -1.0, ""mlp.gate_proj"": -1.0, ""mlp.up_proj"": -1.0, ""self_attn.o_proj"": -1.0, ""self_attn.v_proj"": 0.0}","{""mlp.down_proj"": 0.00045662100456621003, ""mlp.gate_proj"": 0.0006093845216331506, ""mlp.up_proj"": 0.00048449612403100775, ""self_attn.o_proj"": 0.000646830530401035, ""self_attn.v_proj"": 0.0}",0.00043946643612628066,0.0,7,equal7,True,"mlp.down_proj,mlp.gate_proj,mlp.up_proj,self_attn.k_proj,self_attn.o_proj,self_attn.q_proj,self_attn.v_proj",,1327.7142857142858,1328.4285714285713,1327.7142857142858,-0.7142857142857143,0.0006710474543759147,0.0005376922249703047,"{""mlp.down_proj"": 2190.0, ""mlp.gate_proj"": 1641.0, ""mlp.up_proj"": 2064.0, ""self_attn.k_proj"": 400.0, ""self_attn.o_proj"": 1546.0, ""self_attn.q_proj"": 727.0, ""self_attn.v_proj"": 731.0}","{""mlp.down_proj"": 2189.0, ""mlp.gate_proj"": 1640.0, ""mlp.up_proj"": 2063.0, ""self_attn.k_proj"": 399.0, ""self_attn.o_proj"": 1545.0, ""self_attn.q_proj"": 727.0, ""self_attn.v_proj"": 731.0}","{""mlp.down_proj"": -1.0, ""mlp.gate_proj"": -1.0, ""mlp.up_proj"": -1.0, ""self_attn.k_proj"": -1.0, ""self_attn.o_proj"": -1.0, ""self_attn.q_proj"": 0.0, ""self_attn.v_proj"": 0.0}","{""mlp.down_proj"": 0.00045662100456621003, ""mlp.gate_proj"": 0.0006093845216331506, ""mlp.up_proj"": 0.00048449612403100775, ""self_attn.k_proj"": 0.0025, ""self_attn.o_proj"": 0.000646830530401035, ""self_attn.q_proj"": 0.0, ""self_attn.v_proj"": 0.0}",-0.00023158101824963408,-0.08571428571428574,305.88571428571413,False,True
qwen,seqkd,5,E_general,E_general,0.025,18,5,equal5_non_qk,True,"mlp.down_proj,mlp.gate_proj,mlp.up_proj,self_attn.o_proj,self_attn.v_proj","self_attn.q_proj,self_attn.k_proj",1299.0,1299.6,1299.0,-0.6,0.00047027830749475657,0.0004616805170821092,"{""mlp.down_proj"": 1900.0, ""mlp.gate_proj"": 1133.0, ""mlp.up_proj"": 1706.0, ""self_attn.o_proj"": 1186.0, ""self_attn.v_proj"": 573.0}","{""mlp.down_proj"": 1900.0, ""mlp.gate_proj"": 1131.0, ""mlp.up_proj"": 1705.0, ""self_attn.o_proj"": 1186.0, ""self_attn.v_proj"": 573.0}","{""mlp.down_proj"": 0.0, ""mlp.gate_proj"": -2.0, ""mlp.up_proj"": -1.0, ""self_attn.o_proj"": 0.0, ""self_attn.v_proj"": 0.0}","{""mlp.down_proj"": 0.0, ""mlp.gate_proj"": 0.00176522506619594, ""mlp.up_proj"": 0.0005861664712778429, ""self_attn.o_proj"": 0.0, ""self_attn.v_proj"": 0.0}",0.00047027830749475657,0.0,7,equal7,True,"mlp.down_proj,mlp.gate_proj,mlp.up_proj,self_attn.k_proj,self_attn.o_proj,self_attn.q_proj,self_attn.v_proj",,1010.8571428571429,1011.2857142857143,1010.8571428571429,-0.42857142857142855,0.000335913076781969,0.00042378867071621887,"{""mlp.down_proj"": 1900.0, ""mlp.gate_proj"": 1133.0, ""mlp.up_proj"": 1706.0, ""self_attn.k_proj"": 227.0, ""self_attn.o_proj"": 1186.0, ""self_attn.q_proj"": 354.0, ""self_attn.v_proj"": 573.0}","{""mlp.down_proj"": 1900.0, ""mlp.gate_proj"": 1131.0, ""mlp.up_proj"": 1705.0, ""self_attn.k_proj"": 227.0, ""self_attn.o_proj"": 1186.0, ""self_attn.q_proj"": 354.0, ""self_attn.v_proj"": 573.0}","{""mlp.down_proj"": 0.0, ""mlp.gate_proj"": -2.0, ""mlp.up_proj"": -1.0, ""self_attn.k_proj"": 0.0, ""self_attn.o_proj"": 0.0, ""self_attn.q_proj"": 0.0, ""self_attn.v_proj"": 0.0}","{""mlp.down_proj"": 0.0, ""mlp.gate_proj"": 0.00176522506619594, ""mlp.up_proj"": 0.0005861664712778429, ""self_attn.k_proj"": 0.0, ""self_attn.o_proj"": 0.0, ""self_attn.q_proj"": 0.0, ""self_attn.v_proj"": 0.0}",0.00013436523071278758,-0.17142857142857143,288.1428571428571,False,True
qwen,seqkd,5,E_general,E_general,0.05,18,5,equal5_non_qk,True,"mlp.down_proj,mlp.gate_proj,mlp.up_proj,self_attn.o_proj,self_attn.v_proj","self_attn.q_proj,self_attn.k_proj",990.2,991.2,990.2,-1.0,0.001069928197870253,0.0010088781275221952,"{""mlp.down_proj"": 1590.0, ""mlp.gate_proj"": 701.0, ""mlp.up_proj"": 1344.0, ""self_attn.o_proj"": 890.0, ""self_attn.v_proj"": 431.0}","{""mlp.down_proj"": 1589.0, ""mlp.gate_proj"": 699.0, ""mlp.up_proj"": 1343.0, ""self_attn.o_proj"": 889.0, ""self_attn.v_proj"": 431.0}","{""mlp.down_proj"": -1.0, ""mlp.gate_proj"": -2.0, ""mlp.up_proj"": -1.0, ""self_attn.o_proj"": -1.0, ""self_attn.v_proj"": 0.0}","{""mlp.down_proj"": 0.0006289308176100629, ""mlp.gate_proj"": 0.0028530670470756064, ""mlp.up_proj"": 0.000744047619047619, ""self_attn.o_proj"": 0.0011235955056179776, ""self_attn.v_proj"": 0.0}",0.001069928197870253,0.0,7,equal7,True,"mlp.down_proj,mlp.gate_proj,mlp.up_proj,self_attn.k_proj,self_attn.o_proj,self_attn.q_proj,self_attn.v_proj",,744.0,744.7142857142857,744.0,-0.7142857142857143,0.0007642344270501808,0.0009591406100133626,"{""mlp.down_proj"": 1590.0, ""mlp.gate_proj"": 701.0, ""mlp.up_proj"": 1344.0, ""self_attn.k_proj"": 113.0, ""self_attn.o_proj"": 890.0, ""self_attn.q_proj"": 144.0, ""self_attn.v_proj"": 431.0}","{""mlp.down_proj"": 1589.0, ""mlp.gate_proj"": 699.0, ""mlp.up_proj"": 1343.0, ""self_attn.k_proj"": 113.0, ""self_attn.o_proj"": 889.0, ""self_attn.q_proj"": 144.0, ""self_attn.v_proj"": 431.0}","{""mlp.down_proj"": -1.0, ""mlp.gate_proj"": -2.0, ""mlp.up_proj"": -1.0, ""self_attn.k_proj"": 0.0, ""self_attn.o_proj"": -1.0, ""self_attn.q_proj"": 0.0, ""self_attn.v_proj"": 0.0}","{""mlp.down_proj"": 0.0006289308176100629, ""mlp.gate_proj"": 0.0028530670470756064, ""mlp.up_proj"": 0.000744047619047619, ""self_attn.k_proj"": 0.0, ""self_attn.o_proj"": 0.0011235955056179776, ""self_attn.q_proj"": 0.0, ""self_attn.v_proj"": 0.0}",0.00030569377082007227,-0.2857142857142857,246.20000000000005,False,True
qwen,seqkd,5,E_general,E_general,0.1,18,5,equal5_non_qk,True,"mlp.down_proj,mlp.gate_proj,mlp.up_proj,self_attn.o_proj,self_attn.v_proj","self_attn.q_proj,self_attn.k_proj",656.6,657.2,656.6,-0.6,0.0011728919071873232,0.000912964090079158,"{""mlp.down_proj"": 1200.0, ""mlp.gate_proj"": 300.0, ""mlp.up_proj"": 920.0, ""self_attn.o_proj"": 589.0, ""self_attn.v_proj"": 277.0}","{""mlp.down_proj"": 1199.0, ""mlp.gate_proj"": 299.0, ""mlp.up_proj"": 920.0, ""self_attn.o_proj"": 588.0, ""self_attn.v_proj"": 277.0}","{""mlp.down_proj"": -1.0, ""mlp.gate_proj"": -1.0, ""mlp.up_proj"": 0.0, ""self_attn.o_proj"": -1.0, ""self_attn.v_proj"": 0.0}","{""mlp.down_proj"": 0.0008333333333333334, ""mlp.gate_proj"": 0.0033333333333333335, ""mlp.up_proj"": 0.0, ""self_attn.o_proj"": 0.001697792869269949, ""self_attn.v_proj"": 0.0}",0.0011728919071873232,0.0,7,equal7,True,"mlp.down_proj,mlp.gate_proj,mlp.up_proj,self_attn.k_proj,self_attn.o_proj,self_attn.q_proj,self_attn.v_proj",,479.2857142857143,479.7142857142857,479.2857142857143,-0.42857142857142855,0.0008377799337052308,0.0008933889219774013,"{""mlp.down_proj"": 1200.0, ""mlp.gate_proj"": 300.0, ""mlp.up_proj"": 920.0, ""self_attn.k_proj"": 39.0, ""self_attn.o_proj"": 589.0, ""self_attn.q_proj"": 33.0, ""self_attn.v_proj"": 277.0}","{""mlp.down_proj"": 1199.0, ""mlp.gate_proj"": 299.0, ""mlp.up_proj"": 920.0, ""self_attn.k_proj"": 39.0, ""self_attn.o_proj"": 588.0, ""self_attn.q_proj"": 33.0, ""self_attn.v_proj"": 277.0}","{""mlp.down_proj"": -1.0, ""mlp.gate_proj"": -1.0, ""mlp.up_proj"": 0.0, ""self_attn.k_proj"": 0.0, ""self_attn.o_proj"": -1.0, ""self_attn.q_proj"": 0.0, ""self_attn.v_proj"": 0.0}","{""mlp.down_proj"": 0.0008333333333333334, ""mlp.gate_proj"": 0.0033333333333333335, ""mlp.up_proj"": 0.0, ""self_attn.k_proj"": 0.0, ""self_attn.o_proj"": 0.001697792869269949, ""self_attn.q_proj"": 0.0, ""self_attn.v_proj"": 0.0}",0.0003351119734820924,-0.17142857142857143,177.31428571428575,False,True
qwen,seqkd,5,E_if,E_ifeval,0.01,18,5,equal5_non_qk,True,"mlp.down_proj,mlp.gate_proj,mlp.up_proj,self_attn.o_proj,self_attn.v_proj","self_attn.q_proj,self_attn.k_proj",1484.6,1484.2,1484.6,0.4,-0.00025194421432771414,-0.0002695054574854222,"{""mlp.down_proj"": 2024.0, ""mlp.gate_proj"": 1528.0, ""mlp.up_proj"": 1933.0, ""self_attn.o_proj"": 1347.0, ""self_attn.v_proj"": 589.0}","{""mlp.down_proj"": 2024.0, ""mlp.gate_proj"": 1528.0, ""mlp.up_proj"": 1934.0, ""self_attn.o_proj"": 1348.0, ""self_attn.v_proj"": 589.0}","{""mlp.down_proj"": 0.0, ""mlp.gate_proj"": 0.0, ""mlp.up_proj"": 1.0, ""self_attn.o_proj"": 1.0, ""self_attn.v_proj"": 0.0}","{""mlp.down_proj"": 0.0, ""mlp.gate_proj"": 0.0, ""mlp.up_proj"": -0.0005173305742369374, ""self_attn.o_proj"": -0.0007423904974016332, ""self_attn.v_proj"": 0.0}",0.00043946643612628066,-0.0006914106504539949,7,equal7,True,"mlp.down_proj,mlp.gate_proj,mlp.up_proj,self_attn.k_proj,self_attn.o_proj,self_attn.q_proj,self_attn.v_proj",,1174.4285714285713,1174.0,1174.4285714285713,0.42857142857142855,-0.00045258828831477946,-0.00036505232416638085,"{""mlp.down_proj"": 2024.0, ""mlp.gate_proj"": 1528.0, ""mlp.up_proj"": 1933.0, ""self_attn.k_proj"": 273.0, ""self_attn.o_proj"": 1347.0, ""self_attn.q_proj"": 524.0, ""self_attn.v_proj"": 589.0}","{""mlp.down_proj"": 2024.0, ""mlp.gate_proj"": 1528.0, ""mlp.up_proj"": 1934.0, ""self_attn.k_proj"": 273.0, ""self_attn.o_proj"": 1348.0, ""self_attn.q_proj"": 525.0, ""self_attn.v_proj"": 589.0}","{""mlp.down_proj"": 0.0, ""mlp.gate_proj"": 0.0, ""mlp.up_proj"": 1.0, ""self_attn.k_proj"": 0.0, ""self_attn.o_proj"": 1.0, ""self_attn.q_proj"": 1.0, ""self_attn.v_proj"": 0.0}","{""mlp.down_proj"": 0.0, ""mlp.gate_proj"": 0.0, ""mlp.up_proj"": -0.0005173305742369374, ""self_attn.k_proj"": 0.0, ""self_attn.o_proj"": -0.0007423904974016332, ""self_attn.q_proj"": -0.0019083969465648854, ""self_attn.v_proj"": 0.0}",0.00020064407398706532,-0.028571428571428525,310.1714285714286,False,True
qwen,seqkd,5,E_if,E_ifeval,0.025,18,5,equal5_non_qk,True,"mlp.down_proj,mlp.gate_proj,mlp.up_proj,self_attn.o_proj,self_attn.v_proj","self_attn.q_proj,self_attn.k_proj",1110.0,1109.6,1110.0,0.4,-0.0002601714405267014,-0.0003604902667628794,"{""mlp.down_proj"": 1649.0, ""mlp.gate_proj"": 1005.0, ""mlp.up_proj"": 1521.0, ""self_attn.o_proj"": 969.0, ""self_attn.v_proj"": 404.0}","{""mlp.down_proj"": 1650.0, ""mlp.gate_proj"": 1004.0, ""mlp.up_proj"": 1522.0, ""self_attn.o_proj"": 970.0, ""self_attn.v_proj"": 404.0}","{""mlp.down_proj"": 1.0, ""mlp.gate_proj"": -1.0, ""mlp.up_proj"": 1.0, ""self_attn.o_proj"": 1.0, ""self_attn.v_proj"": 0.0}","{""mlp.down_proj"": -0.0006064281382656155, ""mlp.gate_proj"": 0.0009950248756218905, ""mlp.up_proj"": -0.0006574621959237344, ""self_attn.o_proj"": -0.0010319917440660474, ""self_attn.v_proj"": 0.0}",0.00047027830749475657,-0.0007304497480214579,7,equal7,True,"mlp.down_proj,mlp.gate_proj,mlp.up_proj,self_attn.k_proj,self_attn.o_proj,self_attn.q_proj,self_attn.v_proj",,840.4285714285714,840.0,840.4285714285714,0.42857142857142855,-0.0008693637425498309,-0.0005102040816326724,"{""mlp.down_proj"": 1649.0, ""mlp.gate_proj"": 1005.0, ""mlp.up_proj"": 1521.0, ""self_attn.k_proj"": 123.0, ""self_attn.o_proj"": 969.0, ""self_attn.q_proj"": 209.0, ""self_attn.v_proj"": 404.0}","{""mlp.down_proj"": 1650.0, ""mlp.gate_proj"": 1004.0, ""mlp.up_proj"": 1522.0, ""self_attn.k_proj"": 123.0, ""self_attn.o_proj"": 970.0, ""self_attn.q_proj"": 210.0, ""self_attn.v_proj"": 404.0}","{""mlp.down_proj"": 1.0, ""mlp.gate_proj"": -1.0, ""mlp.up_proj"": 1.0, ""self_attn.k_proj"": 0.0, ""self_attn.o_proj"": 1.0, ""self_attn.q_proj"": 1.0, ""self_attn.v_proj"": 0.0}","{""mlp.down_proj"": -0.0006064281382656155, ""mlp.gate_proj"": 0.0009950248756218905, ""mlp.up_proj"": -0.0006574621959237344, ""self_attn.k_proj"": 0.0, ""self_attn.o_proj"": -0.0010319917440660474, ""self_attn.q_proj"": -0.004784688995215311, ""self_attn.v_proj"": 0.0}",0.0006091923020231295,-0.028571428571428525,269.57142857142856,False,True
qwen,seqkd,5,E_if,E_ifeval,0.05,18,5,equal5_non_qk,True,"mlp.down_proj,mlp.gate_proj,mlp.up_proj,self_attn.o_proj,self_attn.v_proj","self_attn.q_proj,self_attn.k_proj",782.2,782.0,782.2,0.2,8.017592889540443e-06,-0.00025575447570338295,"{""mlp.down_proj"": 1274.0, ""mlp.gate_proj"": 584.0, ""mlp.up_proj"": 1127.0, ""self_attn.o_proj"": 672.0, ""self_attn.v_proj"": 253.0}","{""mlp.down_proj"": 1275.0, ""mlp.gate_proj"": 583.0, ""mlp.up_proj"": 1128.0, ""self_attn.o_proj"": 672.0, ""self_attn.v_proj"": 253.0}","{""mlp.down_proj"": 1.0, ""mlp.gate_proj"": -1.0, ""mlp.up_proj"": 1.0, ""self_attn.o_proj"": 0.0, ""self_attn.v_proj"": 0.0}","{""mlp.down_proj"": -0.0007849293563579278, ""mlp.gate_proj"": 0.0017123287671232876, ""mlp.up_proj"": -0.0008873114463176575, ""self_attn.o_proj"": 0.0, ""self_attn.v_proj"": 0.0}",0.001069928197870253,-0.0010619106049807128,7,equal7,True,"mlp.down_proj,mlp.gate_proj,mlp.up_proj,self_attn.k_proj,self_attn.o_proj,self_attn.q_proj,self_attn.v_proj",,575.8571428571429,575.7142857142857,575.8571428571429,0.14285714285714285,5.726852063957459e-06,-0.0002481389578165182,"{""mlp.down_proj"": 1274.0, ""mlp.gate_proj"": 584.0, ""mlp.up_proj"": 1127.0, ""self_attn.k_proj"": 50.0, ""self_attn.o_proj"": 672.0, ""self_attn.q_proj"": 70.0, ""self_attn.v_proj"": 253.0}","{""mlp.down_proj"": 1275.0, ""mlp.gate_proj"": 583.0, ""mlp.up_proj"": 1128.0, ""self_attn.k_proj"": 50.0, ""self_attn.o_proj"": 672.0, ""self_attn.q_proj"": 70.0, ""self_attn.v_proj"": 253.0}","{""mlp.down_proj"": 1.0, ""mlp.gate_proj"": -1.0, ""mlp.up_proj"": 1.0, ""self_attn.k_proj"": 0.0, ""self_attn.o_proj"": 0.0, ""self_attn.q_proj"": 0.0, ""self_attn.v_proj"": 0.0}","{""mlp.down_proj"": -0.0007849293563579278, ""mlp.gate_proj"": 0.0017123287671232876, ""mlp.up_proj"": -0.0008873114463176575, ""self_attn.k_proj"": 0.0, ""self_attn.o_proj"": 0.0, ""self_attn.q_proj"": 0.0, ""self_attn.v_proj"": 0.0}",2.2907408255829832e-06,0.05714285714285716,206.34285714285716,False,True
qwen,seqkd,5,E_if,E_ifeval,0.1,18,5,equal5_non_qk,True,"mlp.down_proj,mlp.gate_proj,mlp.up_proj,self_attn.o_proj,self_attn.v_proj","self_attn.q_proj,self_attn.k_proj",453.0,453.0,453.0,0.0,0.0005894231982834783,0.0,"{""mlp.down_proj"": 839.0, ""mlp.gate_proj"": 228.0, ""mlp.up_proj"": 695.0, ""self_attn.o_proj"": 387.0, ""self_attn.v_proj"": 116.0}","{""mlp.down_proj"": 839.0, ""mlp.gate_proj"": 227.0, ""mlp.up_proj"": 696.0, ""self_attn.o_proj"": 387.0, ""self_attn.v_proj"": 116.0}","{""mlp.down_proj"": 0.0, ""mlp.gate_proj"": -1.0, ""mlp.up_proj"": 1.0, ""self_attn.o_proj"": 0.0, ""self_attn.v_proj"": 0.0}","{""mlp.down_proj"": 0.0, ""mlp.gate_proj"": 0.0043859649122807015, ""mlp.up_proj"": -0.0014388489208633094, ""self_attn.o_proj"": 0.0, ""self_attn.v_proj"": 0.0}",0.0011728919071873232,-0.0005834687089038449,7,equal7,True,"mlp.down_proj,mlp.gate_proj,mlp.up_proj,self_attn.k_proj,self_attn.o_proj,self_attn.q_proj,self_attn.v_proj",,327.42857142857144,327.42857142857144,327.42857142857144,0.0,0.00042101657020248454,0.0,"{""mlp.down_proj"": 839.0, ""mlp.gate_proj"": 228.0, ""mlp.up_proj"": 695.0, ""self_attn.k_proj"": 16.0, ""self_attn.o_proj"": 387.0, ""self_attn.q_proj"": 11.0, ""self_attn.v_proj"": 116.0}","{""mlp.down_proj"": 839.0, ""mlp.gate_proj"": 227.0, ""mlp.up_proj"": 696.0, ""self_attn.k_proj"": 16.0, ""self_attn.o_proj"": 387.0, ""self_attn.q_proj"": 11.0, ""self_attn.v_proj"": 116.0}","{""mlp.down_proj"": 0.0, ""mlp.gate_proj"": -1.0, ""mlp.up_proj"": 1.0, ""self_attn.k_proj"": 0.0, ""self_attn.o_proj"": 0.0, ""self_attn.q_proj"": 0.0, ""self_attn.v_proj"": 0.0}","{""mlp.down_proj"": 0.0, ""mlp.gate_proj"": 0.0043859649122807015, ""mlp.up_proj"": -0.0014388489208633094, ""self_attn.k_proj"": 0.0, ""self_attn.o_proj"": 0.0, ""self_attn.q_proj"": 0.0, ""self_attn.v_proj"": 0.0}",0.0001684066280809938,0.0,125.57142857142856,False,True
qwen,seqkd,5,E_math,E_mathHeld,0.01,18,5,equal5_non_qk,True,"mlp.down_proj,mlp.gate_proj,mlp.up_proj,self_attn.o_proj,self_attn.v_proj","self_attn.q_proj,self_attn.k_proj",1650.4,1649.6,1650.4,0.8,-0.0006304019954266206,-0.0004849660523764439,"{""mlp.down_proj"": 2176.0, ""mlp.gate_proj"": 1819.0, ""mlp.up_proj"": 2046.0, ""self_attn.o_proj"": 1520.0, ""self_attn.v_proj"": 687.0}","{""mlp.down_proj"": 2176.0, ""mlp.gate_proj"": 1820.0, ""mlp.up_proj"": 2047.0, ""self_attn.o_proj"": 1521.0, ""self_attn.v_proj"": 688.0}","{""mlp.down_proj"": 0.0, ""mlp.gate_proj"": 1.0, ""mlp.up_proj"": 1.0, ""self_attn.o_proj"": 1.0, ""self_attn.v_proj"": 1.0}","{""mlp.down_proj"": 0.0, ""mlp.gate_proj"": -0.0005497526113249038, ""mlp.up_proj"": -0.0004887585532746823, ""self_attn.o_proj"": -0.0006578947368421052, ""self_attn.v_proj"": -0.001455604075691412}",0.00043946643612628066,-0.0010698684315529013,7,equal7,True,"mlp.down_proj,mlp.gate_proj,mlp.up_proj,self_attn.k_proj,self_attn.o_proj,self_attn.q_proj,self_attn.v_proj",,1339.5714285714287,1339.0,1339.5714285714287,0.5714285714285714,-0.00045028713959044327,-0.0004267577083111791,"{""mlp.down_proj"": 2176.0, ""mlp.gate_proj"": 1819.0, ""mlp.up_proj"": 2046.0, ""self_attn.k_proj"": 363.0, ""self_attn.o_proj"": 1520.0, ""self_attn.q_proj"": 762.0, ""self_attn.v_proj"": 687.0}","{""mlp.down_proj"": 2176.0, ""mlp.gate_proj"": 1820.0, ""mlp.up_proj"": 2047.0, ""self_attn.k_proj"": 363.0, ""self_attn.o_proj"": 1521.0, ""self_attn.q_proj"": 762.0, ""self_attn.v_proj"": 688.0}","{""mlp.down_proj"": 0.0, ""mlp.gate_proj"": 1.0, ""mlp.up_proj"": 1.0, ""self_attn.k_proj"": 0.0, ""self_attn.o_proj"": 1.0, ""self_attn.q_proj"": 0.0, ""self_attn.v_proj"": 1.0}","{""mlp.down_proj"": 0.0, ""mlp.gate_proj"": -0.0005497526113249038, ""mlp.up_proj"": -0.0004887585532746823, ""self_attn.k_proj"": 0.0, ""self_attn.o_proj"": -0.0006578947368421052, ""self_attn.q_proj"": 0.0, ""self_attn.v_proj"": -0.001455604075691412}",-0.00018011485583617736,0.22857142857142865,310.8285714285714,False,True
qwen,seqkd,5,E_math,E_mathHeld,0.025,18,5,equal5_non_qk,True,"mlp.down_proj,mlp.gate_proj,mlp.up_proj,self_attn.o_proj,self_attn.v_proj","self_attn.q_proj,self_attn.k_proj",1323.0,1322.2,1323.0,0.8,-0.0005438927627864288,-0.0006050521857509867,"{""mlp.down_proj"": 1875.0, ""mlp.gate_proj"": 1369.0, ""mlp.up_proj"": 1691.0, ""self_attn.o_proj"": 1157.0, ""self_attn.v_proj"": 519.0}","{""mlp.down_proj"": 1876.0, ""mlp.gate_proj"": 1370.0, ""mlp.up_proj"": 1692.0, ""self_attn.o_proj"": 1158.0, ""self_attn.v_proj"": 519.0}","{""mlp.down_proj"": 1.0, ""mlp.gate_proj"": 1.0, ""mlp.up_proj"": 1.0, ""self_attn.o_proj"": 1.0, ""self_attn.v_proj"": 0.0}","{""mlp.down_proj"": -0.0005333333333333334, ""mlp.gate_proj"": -0.0007304601899196494, ""mlp.up_proj"": -0.0005913660555884093, ""self_attn.o_proj"": -0.000864304235090752, ""self_attn.v_proj"": 0.0}",0.00047027830749475657,-0.0010141710702811853,7,equal7,True,"mlp.down_proj,mlp.gate_proj,mlp.up_proj,self_attn.k_proj,self_attn.o_proj,self_attn.q_proj,self_attn.v_proj",,1026.142857142857,1025.5714285714287,1026.142857142857,0.5714285714285714,-0.00038849483056173486,-0.0005571806658307689,"{""mlp.down_proj"": 1875.0, ""mlp.gate_proj"": 1369.0, ""mlp.up_proj"": 1691.0, ""self_attn.k_proj"": 189.0, ""self_attn.o_proj"": 1157.0, ""self_attn.q_proj"": 379.0, ""self_attn.v_proj"": 519.0}","{""mlp.down_proj"": 1876.0, ""mlp.gate_proj"": 1370.0, ""mlp.up_proj"": 1692.0, ""self_attn.k_proj"": 189.0, ""self_attn.o_proj"": 1158.0, ""self_attn.q_proj"": 379.0, ""self_attn.v_proj"": 519.0}","{""mlp.down_proj"": 1.0, ""mlp.gate_proj"": 1.0, ""mlp.up_proj"": 1.0, ""self_attn.k_proj"": 0.0, ""self_attn.o_proj"": 1.0, ""self_attn.q_proj"": 0.0, ""self_attn.v_proj"": 0.0}","{""mlp.down_proj"": -0.0005333333333333334, ""mlp.gate_proj"": -0.0007304601899196494, ""mlp.up_proj"": -0.0005913660555884093, ""self_attn.k_proj"": 0.0, ""self_attn.o_proj"": -0.000864304235090752, ""self_attn.q_proj"": 0.0, ""self_attn.v_proj"": 0.0}",-0.0001553979322246939,0.22857142857142865,296.8571428571429,False,True
qwen,seqkd,5,E_math,E_mathHeld,0.05,18,5,equal5_non_qk,True,"mlp.down_proj,mlp.gate_proj,mlp.up_proj,self_attn.o_proj,self_attn.v_proj","self_attn.q_proj,self_attn.k_proj",1015.0,1014.2,1015.0,0.8,-0.0007207792899869793,-0.000788799053441091,"{""mlp.down_proj"": 1552.0, ""mlp.gate_proj"": 956.0, ""mlp.up_proj"": 1332.0, ""self_attn.o_proj"": 860.0, ""self_attn.v_proj"": 371.0}","{""mlp.down_proj"": 1553.0, ""mlp.gate_proj"": 957.0, ""mlp.up_proj"": 1333.0, ""self_attn.o_proj"": 861.0, ""self_attn.v_proj"": 371.0}","{""mlp.down_proj"": 1.0, ""mlp.gate_proj"": 1.0, ""mlp.up_proj"": 1.0, ""self_attn.o_proj"": 1.0, ""self_attn.v_proj"": 0.0}","{""mlp.down_proj"": -0.0006443298969072165, ""mlp.gate_proj"": -0.0010460251046025104, ""mlp.up_proj"": -0.0007507507507507507, ""self_attn.o_proj"": -0.0011627906976744186, ""self_attn.v_proj"": 0.0}",0.001069928197870253,-0.0017907074878572324,7,equal7,True,"mlp.down_proj,mlp.gate_proj,mlp.up_proj,self_attn.k_proj,self_attn.o_proj,self_attn.q_proj,self_attn.v_proj",,758.7142857142857,758.1428571428571,758.7142857142857,0.5714285714285714,-0.0005148423499906995,-0.0007537214999057634,"{""mlp.down_proj"": 1552.0, ""mlp.gate_proj"": 956.0, ""mlp.up_proj"": 1332.0, ""self_attn.k_proj"": 82.0, ""self_attn.o_proj"": 860.0, ""self_attn.q_proj"": 154.0, ""self_attn.v_proj"": 371.0}","{""mlp.down_proj"": 1553.0, ""mlp.gate_proj"": 957.0, ""mlp.up_proj"": 1333.0, ""self_attn.k_proj"": 82.0, ""self_attn.o_proj"": 861.0, ""self_attn.q_proj"": 154.0, ""self_attn.v_proj"": 371.0}","{""mlp.down_proj"": 1.0, ""mlp.gate_proj"": 1.0, ""mlp.up_proj"": 1.0, ""self_attn.k_proj"": 0.0, ""self_attn.o_proj"": 1.0, ""self_attn.q_proj"": 0.0, ""self_attn.v_proj"": 0.0}","{""mlp.down_proj"": -0.0006443298969072165, ""mlp.gate_proj"": -0.0010460251046025104, ""mlp.up_proj"": -0.0007507507507507507, ""self_attn.k_proj"": 0.0, ""self_attn.o_proj"": -0.0011627906976744186, ""self_attn.q_proj"": 0.0, ""self_attn.v_proj"": 0.0}",-0.0002059369399962798,0.22857142857142865,256.28571428571433,False,True
qwen,seqkd,5,E_math,E_mathHeld,0.1,18,5,equal5_non_qk,True,"mlp.down_proj,mlp.gate_proj,mlp.up_proj,self_attn.o_proj,self_attn.v_proj","self_attn.q_proj,self_attn.k_proj",674.2,673.2,674.2,1.0,-0.0018717916425644709,-0.0014854426619132501,"{""mlp.down_proj"": 1147.0, ""mlp.gate_proj"": 529.0, ""mlp.up_proj"": 913.0, ""self_attn.o_proj"": 561.0, ""self_attn.v_proj"": 216.0}","{""mlp.down_proj"": 1149.0, ""mlp.gate_proj"": 530.0, ""mlp.up_proj"": 914.0, ""self_attn.o_proj"": 561.0, ""self_attn.v_proj"": 217.0}","{""mlp.down_proj"": 2.0, ""mlp.gate_proj"": 1.0, ""mlp.up_proj"": 1.0, ""self_attn.o_proj"": 0.0, ""self_attn.v_proj"": 1.0}","{""mlp.down_proj"": -0.0017436791630340018, ""mlp.gate_proj"": -0.001890359168241966, ""mlp.up_proj"": -0.001095290251916758, ""self_attn.o_proj"": 0.0, ""self_attn.v_proj"": -0.004629629629629629}",0.0011728919071873232,-0.003044683549751794,7,equal7,True,"mlp.down_proj,mlp.gate_proj,mlp.up_proj,self_attn.k_proj,self_attn.o_proj,self_attn.q_proj,self_attn.v_proj",,489.42857142857144,488.7142857142857,489.42857142857144,0.7142857142857143,-0.0013369940304031934,-0.0014615609470915102,"{""mlp.down_proj"": 1147.0, ""mlp.gate_proj"": 529.0, ""mlp.up_proj"": 913.0, ""self_attn.k_proj"": 24.0, ""self_attn.o_proj"": 561.0, ""self_attn.q_proj"": 31.0, ""self_attn.v_proj"": 216.0}","{""mlp.down_proj"": 1149.0, ""mlp.gate_proj"": 530.0, ""mlp.up_proj"": 914.0, ""self_attn.k_proj"": 24.0, ""self_attn.o_proj"": 561.0, ""self_attn.q_proj"": 31.0, ""self_attn.v_proj"": 217.0}","{""mlp.down_proj"": 2.0, ""mlp.gate_proj"": 1.0, ""mlp.up_proj"": 1.0, ""self_attn.k_proj"": 0.0, ""self_attn.o_proj"": 0.0, ""self_attn.q_proj"": 0.0, ""self_attn.v_proj"": 1.0}","{""mlp.down_proj"": -0.0017436791630340018, ""mlp.gate_proj"": -0.001890359168241966, ""mlp.up_proj"": -0.001095290251916758, ""self_attn.k_proj"": 0.0, ""self_attn.o_proj"": 0.0, ""self_attn.q_proj"": 0.0, ""self_attn.v_proj"": -0.004629629629629629}",-0.0005347976121612774,0.2857142857142857,184.7714285714286,False,True
qwen,seqkd,5,E_ood,E_mmluPro,0.01,18,5,equal5_non_qk,True,"mlp.down_proj,mlp.gate_proj,mlp.up_proj,self_attn.o_proj,self_attn.v_proj","self_attn.q_proj,self_attn.k_proj",1611.6,1610.4,1611.6,1.2,-0.0007032109738904003,-0.0007451564828612879,"{""mlp.down_proj"": 2156.0, ""mlp.gate_proj"": 1667.0, ""mlp.up_proj"": 2029.0, ""self_attn.o_proj"": 1471.0, ""self_attn.v_proj"": 729.0}","{""mlp.down_proj"": 2157.0, ""mlp.gate_proj"": 1669.0, ""mlp.up_proj"": 2030.0, ""self_attn.o_proj"": 1473.0, ""self_attn.v_proj"": 729.0}","{""mlp.down_proj"": 1.0, ""mlp.gate_proj"": 2.0, ""mlp.up_proj"": 1.0, ""self_attn.o_proj"": 2.0, ""self_attn.v_proj"": 0.0}","{""mlp.down_proj"": -0.00046382189239332097, ""mlp.gate_proj"": -0.0011997600479904018, ""mlp.up_proj"": -0.0004928536224741252, ""self_attn.o_proj"": -0.0013596193065941536, ""self_attn.v_proj"": 0.0}",0.00043946643612628066,-0.001142677410016681,7,equal7,True,"mlp.down_proj,mlp.gate_proj,mlp.up_proj,self_attn.k_proj,self_attn.o_proj,self_attn.q_proj,self_attn.v_proj",,1307.0,1305.5714285714287,1307.0,1.4285714285714286,-0.0014833113003289069,-0.0010942116205273353,"{""mlp.down_proj"": 2156.0, ""mlp.gate_proj"": 1667.0, ""mlp.up_proj"": 2029.0, ""self_attn.k_proj"": 402.0, ""self_attn.o_proj"": 1471.0, ""self_attn.q_proj"": 685.0, ""self_attn.v_proj"": 729.0}","{""mlp.down_proj"": 2157.0, ""mlp.gate_proj"": 1669.0, ""mlp.up_proj"": 2030.0, ""self_attn.k_proj"": 403.0, ""self_attn.o_proj"": 1473.0, ""self_attn.q_proj"": 688.0, ""self_attn.v_proj"": 729.0}","{""mlp.down_proj"": 1.0, ""mlp.gate_proj"": 2.0, ""mlp.up_proj"": 1.0, ""self_attn.k_proj"": 1.0, ""self_attn.o_proj"": 2.0, ""self_attn.q_proj"": 3.0, ""self_attn.v_proj"": 0.0}","{""mlp.down_proj"": -0.00046382189239332097, ""mlp.gate_proj"": -0.0011997600479904018, ""mlp.up_proj"": -0.0004928536224741252, ""self_attn.k_proj"": -0.0024875621890547263, ""self_attn.o_proj"": -0.0013596193065941536, ""self_attn.q_proj"": -0.004379562043795621, ""self_attn.v_proj"": 0.0}",0.0007801003264385066,-0.22857142857142865,304.5999999999999,False,True
qwen,seqkd,5,E_ood,E_mmluPro,0.025,18,5,equal5_non_qk,True,"mlp.down_proj,mlp.gate_proj,mlp.up_proj,self_attn.o_proj,self_attn.v_proj","self_attn.q_proj,self_attn.k_proj",1270.0,1268.4,1270.0,1.6,-0.0013005854049550599,-0.0012614317250078122,"{""mlp.down_proj"": 1847.0, ""mlp.gate_proj"": 1163.0, ""mlp.up_proj"": 1655.0, ""self_attn.o_proj"": 1105.0, ""self_attn.v_proj"": 572.0}","{""mlp.down_proj"": 1847.0, ""mlp.gate_proj"": 1166.0, ""mlp.up_proj"": 1657.0, ""self_attn.o_proj"": 1108.0, ""self_attn.v_proj"": 572.0}","{""mlp.down_proj"": 0.0, ""mlp.gate_proj"": 3.0, ""mlp.up_proj"": 2.0, ""self_attn.o_proj"": 3.0, ""self_attn.v_proj"": 0.0}","{""mlp.down_proj"": 0.0, ""mlp.gate_proj"": -0.0025795356835769563, ""mlp.up_proj"": -0.0012084592145015106, ""self_attn.o_proj"": -0.0027149321266968325, ""self_attn.v_proj"": 0.0}",0.00047027830749475657,-0.0017708637124498165,7,equal7,True,"mlp.down_proj,mlp.gate_proj,mlp.up_proj,self_attn.k_proj,self_attn.o_proj,self_attn.q_proj,self_attn.v_proj",,985.8571428571429,984.2857142857143,985.8571428571429,1.5714285714285714,-0.002276698469846606,-0.001596516690856297,"{""mlp.down_proj"": 1847.0, ""mlp.gate_proj"": 1163.0, ""mlp.up_proj"": 1655.0, ""self_attn.k_proj"": 230.0, ""self_attn.o_proj"": 1105.0, ""self_attn.q_proj"": 318.0, ""self_attn.v_proj"": 572.0}","{""mlp.down_proj"": 1847.0, ""mlp.gate_proj"": 1166.0, ""mlp.up_proj"": 1657.0, ""self_attn.k_proj"": 230.0, ""self_attn.o_proj"": 1108.0, ""self_attn.q_proj"": 321.0, ""self_attn.v_proj"": 572.0}","{""mlp.down_proj"": 0.0, ""mlp.gate_proj"": 3.0, ""mlp.up_proj"": 2.0, ""self_attn.k_proj"": 0.0, ""self_attn.o_proj"": 3.0, ""self_attn.q_proj"": 3.0, ""self_attn.v_proj"": 0.0}","{""mlp.down_proj"": 0.0, ""mlp.gate_proj"": -0.0025795356835769563, ""mlp.up_proj"": -0.0012084592145015106, ""self_attn.k_proj"": 0.0, ""self_attn.o_proj"": -0.0027149321266968325, ""self_attn.q_proj"": -0.009433962264150943, ""self_attn.v_proj"": 0.0}",0.0009761130648915459,0.028571428571428692,284.1428571428571,False,True
qwen,seqkd,5,E_ood,E_mmluPro,0.05,18,5,equal5_non_qk,True,"mlp.down_proj,mlp.gate_proj,mlp.up_proj,self_attn.o_proj,self_attn.v_proj","self_attn.q_proj,self_attn.k_proj",956.2,954.4,956.2,1.8,-0.0020054557938078274,-0.0018860016764460062,"{""mlp.down_proj"": 1519.0, ""mlp.gate_proj"": 731.0, ""mlp.up_proj"": 1281.0, ""self_attn.o_proj"": 810.0, ""self_attn.v_proj"": 431.0}","{""mlp.down_proj"": 1520.0, ""mlp.gate_proj"": 734.0, ""mlp.up_proj"": 1283.0, ""self_attn.o_proj"": 813.0, ""self_attn.v_proj"": 431.0}","{""mlp.down_proj"": 1.0, ""mlp.gate_proj"": 3.0, ""mlp.up_proj"": 2.0, ""self_attn.o_proj"": 3.0, ""self_attn.v_proj"": 0.0}","{""mlp.down_proj"": -0.0006583278472679394, ""mlp.gate_proj"": -0.004103967168262654, ""mlp.up_proj"": -0.00156128024980484, ""self_attn.o_proj"": -0.003703703703703704, ""self_attn.v_proj"": 0.0}",0.001069928197870253,-0.0030753839916780805,7,equal7,True,"mlp.down_proj,mlp.gate_proj,mlp.up_proj,self_attn.k_proj,self_attn.o_proj,self_attn.q_proj,self_attn.v_proj",,717.0,715.5714285714286,717.0,1.4285714285714286,-0.0026131059684223563,-0.0019964064683569804,"{""mlp.down_proj"": 1519.0, ""mlp.gate_proj"": 731.0, ""mlp.up_proj"": 1281.0, ""self_attn.k_proj"": 116.0, ""self_attn.o_proj"": 810.0, ""self_attn.q_proj"": 121.0, ""self_attn.v_proj"": 431.0}","{""mlp.down_proj"": 1520.0, ""mlp.gate_proj"": 734.0, ""mlp.up_proj"": 1283.0, ""self_attn.k_proj"": 116.0, ""self_attn.o_proj"": 813.0, ""self_attn.q_proj"": 122.0, ""self_attn.v_proj"": 431.0}","{""mlp.down_proj"": 1.0, ""mlp.gate_proj"": 3.0, ""mlp.up_proj"": 2.0, ""self_attn.k_proj"": 0.0, ""self_attn.o_proj"": 3.0, ""self_attn.q_proj"": 1.0, ""self_attn.v_proj"": 0.0}","{""mlp.down_proj"": -0.0006583278472679394, ""mlp.gate_proj"": -0.004103967168262654, ""mlp.up_proj"": -0.00156128024980484, ""self_attn.k_proj"": 0.0, ""self_attn.o_proj"": -0.003703703703703704, ""self_attn.q_proj"": -0.008264462809917356, ""self_attn.v_proj"": 0.0}",0.0006076501746145289,0.37142857142857144,239.20000000000005,False,True
qwen,seqkd,5,E_ood,E_mmluPro,0.1,18,5,equal5_non_qk,True,"mlp.down_proj,mlp.gate_proj,mlp.up_proj,self_attn.o_proj,self_attn.v_proj","self_attn.q_proj,self_attn.k_proj",619.0,617.4,619.0,1.6,-0.0028250970249980053,-0.002591512795594465,"{""mlp.down_proj"": 1114.0, ""mlp.gate_proj"": 327.0, ""mlp.up_proj"": 850.0, ""self_attn.o_proj"": 518.0, ""self_attn.v_proj"": 278.0}","{""mlp.down_proj"": 1116.0, ""mlp.gate_proj"": 329.0, ""mlp.up_proj"": 852.0, ""self_attn.o_proj"": 520.0, ""self_attn.v_proj"": 278.0}","{""mlp.down_proj"": 2.0, ""mlp.gate_proj"": 2.0, ""mlp.up_proj"": 2.0, ""self_attn.o_proj"": 2.0, ""self_attn.v_proj"": 0.0}","{""mlp.down_proj"": -0.0017953321364452424, ""mlp.gate_proj"": -0.0061162079510703364, ""mlp.up_proj"": -0.002352941176470588, ""self_attn.o_proj"": -0.003861003861003861, ""self_attn.v_proj"": 0.0}",0.0011728919071873232,-0.003997988932185328,7,equal7,True,"mlp.down_proj,mlp.gate_proj,mlp.up_proj,self_attn.k_proj,self_attn.o_proj,self_attn.q_proj,self_attn.v_proj",,451.7142857142857,450.42857142857144,451.7142857142857,1.2857142857142858,-0.0055893550178557185,-0.0028544243577545013,"{""mlp.down_proj"": 1114.0, ""mlp.gate_proj"": 327.0, ""mlp.up_proj"": 850.0, ""self_attn.k_proj"": 40.0, ""self_attn.o_proj"": 518.0, ""self_attn.q_proj"": 26.0, ""self_attn.v_proj"": 278.0}","{""mlp.down_proj"": 1116.0, ""mlp.gate_proj"": 329.0, ""mlp.up_proj"": 852.0, ""self_attn.k_proj"": 41.0, ""self_attn.o_proj"": 520.0, ""self_attn.q_proj"": 26.0, ""self_attn.v_proj"": 278.0}","{""mlp.down_proj"": 2.0, ""mlp.gate_proj"": 2.0, ""mlp.up_proj"": 2.0, ""self_attn.k_proj"": 1.0, ""self_attn.o_proj"": 2.0, ""self_attn.q_proj"": 0.0, ""self_attn.v_proj"": 0.0}","{""mlp.down_proj"": -0.0017953321364452424, ""mlp.gate_proj"": -0.0061162079510703364, ""mlp.up_proj"": -0.002352941176470588, ""self_attn.k_proj"": -0.025, ""self_attn.o_proj"": -0.003861003861003861, ""self_attn.q_proj"": 0.0, ""self_attn.v_proj"": 0.0}",0.002764257992857713,0.3142857142857143,167.28571428571428,False,True
qwen,seqkd,10,E_general,E_general,0.01,18,5,equal5_non_qk,True,"mlp.down_proj,mlp.gate_proj,mlp.up_proj,self_attn.o_proj,self_attn.v_proj","self_attn.q_proj,self_attn.k_proj",1633.4,1634.4,1633.4,-1.0,0.0005613433404529108,0.0006118453255017131,"{""mlp.down_proj"": 2190.0, ""mlp.gate_proj"": 1641.0, ""mlp.up_proj"": 2064.0, ""self_attn.o_proj"": 1546.0, ""self_attn.v_proj"": 731.0}","{""mlp.down_proj"": 2189.0, ""mlp.gate_proj"": 1639.0, ""mlp.up_proj"": 2063.0, ""self_attn.o_proj"": 1545.0, ""self_attn.v_proj"": 731.0}","{""mlp.down_proj"": -1.0, ""mlp.gate_proj"": -2.0, ""mlp.up_proj"": -1.0, ""self_attn.o_proj"": -1.0, ""self_attn.v_proj"": 0.0}","{""mlp.down_proj"": 0.00045662100456621003, ""mlp.gate_proj"": 0.001218769043266301, ""mlp.up_proj"": 0.00048449612403100775, ""self_attn.o_proj"": 0.000646830530401035, ""self_attn.v_proj"": 0.0}",0.0005613433404529108,0.0,7,equal7,True,"mlp.down_proj,mlp.gate_proj,mlp.up_proj,self_attn.k_proj,self_attn.o_proj,self_attn.q_proj,self_attn.v_proj",,1327.2857142857142,1328.4285714285713,1327.2857142857142,-1.1428571428571428,0.0011511069055897682,0.0008603075599526587,"{""mlp.down_proj"": 2190.0, ""mlp.gate_proj"": 1641.0, ""mlp.up_proj"": 2064.0, ""self_attn.k_proj"": 400.0, ""self_attn.o_proj"": 1546.0, ""self_attn.q_proj"": 727.0, ""self_attn.v_proj"": 731.0}","{""mlp.down_proj"": 2189.0, ""mlp.gate_proj"": 1639.0, ""mlp.up_proj"": 2063.0, ""self_attn.k_proj"": 399.0, ""self_attn.o_proj"": 1545.0, ""self_attn.q_proj"": 725.0, ""self_attn.v_proj"": 731.0}","{""mlp.down_proj"": -1.0, ""mlp.gate_proj"": -2.0, ""mlp.up_proj"": -1.0, ""self_attn.k_proj"": -1.0, ""self_attn.o_proj"": -1.0, ""self_attn.q_proj"": -2.0, ""self_attn.v_proj"": 0.0}","{""mlp.down_proj"": 0.00045662100456621003, ""mlp.gate_proj"": 0.001218769043266301, ""mlp.up_proj"": 0.00048449612403100775, ""self_attn.k_proj"": 0.0025, ""self_attn.o_proj"": 0.000646830530401035, ""self_attn.q_proj"": 0.002751031636863824, ""self_attn.v_proj"": 0.0}",-0.0005897635651368573,0.1428571428571428,306.11428571428587,False,True
qwen,seqkd,10,E_general,E_general,0.025,18,5,equal5_non_qk,True,"mlp.down_proj,mlp.gate_proj,mlp.up_proj,self_attn.o_proj,self_attn.v_proj","self_attn.q_proj,self_attn.k_proj",1298.2,1299.6,1298.2,-1.4,0.0012817083120669193,0.0010772545398583131,"{""mlp.down_proj"": 1900.0, ""mlp.gate_proj"": 1133.0, ""mlp.up_proj"": 1706.0, ""self_attn.o_proj"": 1186.0, ""self_attn.v_proj"": 573.0}","{""mlp.down_proj"": 1900.0, ""mlp.gate_proj"": 1130.0, ""mlp.up_proj"": 1704.0, ""self_attn.o_proj"": 1185.0, ""self_attn.v_proj"": 572.0}","{""mlp.down_proj"": 0.0, ""mlp.gate_proj"": -3.0, ""mlp.up_proj"": -2.0, ""self_attn.o_proj"": -1.0, ""self_attn.v_proj"": -1.0}","{""mlp.down_proj"": 0.0, ""mlp.gate_proj"": 0.00264783759929391, ""mlp.up_proj"": 0.0011723329425556857, ""self_attn.o_proj"": 0.0008431703204047217, ""self_attn.v_proj"": 0.0017452006980802793}",0.0012817083120669193,0.0,7,equal7,True,"mlp.down_proj,mlp.gate_proj,mlp.up_proj,self_attn.k_proj,self_attn.o_proj,self_attn.q_proj,self_attn.v_proj",,1010.1428571428571,1011.2857142857143,1010.1428571428571,-1.1428571428571428,0.0013190571881995347,0.0011301031219099545,"{""mlp.down_proj"": 1900.0, ""mlp.gate_proj"": 1133.0, ""mlp.up_proj"": 1706.0, ""self_attn.k_proj"": 227.0, ""self_attn.o_proj"": 1186.0, ""self_attn.q_proj"": 354.0, ""self_attn.v_proj"": 573.0}","{""mlp.down_proj"": 1900.0, ""mlp.gate_proj"": 1130.0, ""mlp.up_proj"": 1704.0, ""self_attn.k_proj"": 227.0, ""self_attn.o_proj"": 1185.0, ""self_attn.q_proj"": 353.0, ""self_attn.v_proj"": 572.0}","{""mlp.down_proj"": 0.0, ""mlp.gate_proj"": -3.0, ""mlp.up_proj"": -2.0, ""self_attn.k_proj"": 0.0, ""self_attn.o_proj"": -1.0, ""self_attn.q_proj"": -1.0, ""self_attn.v_proj"": -1.0}","{""mlp.down_proj"": 0.0, ""mlp.gate_proj"": 0.00264783759929391, ""mlp.up_proj"": 0.0011723329425556857, ""self_attn.k_proj"": 0.0, ""self_attn.o_proj"": 0.0008431703204047217, ""self_attn.q_proj"": 0.002824858757062147, ""self_attn.v_proj"": 0.0017452006980802793}",-3.734887613261544e-05,-0.2571428571428571,288.05714285714294,False,True
qwen,seqkd,10,E_general,E_general,0.05,18,5,equal5_non_qk,True,"mlp.down_proj,mlp.gate_proj,mlp.up_proj,self_attn.o_proj,self_attn.v_proj","self_attn.q_proj,self_attn.k_proj",989.6,991.2,989.6,-1.6,0.001968081549357175,0.0016142050040355354,"{""mlp.down_proj"": 1590.0, ""mlp.gate_proj"": 701.0, ""mlp.up_proj"": 1344.0, ""self_attn.o_proj"": 890.0, ""self_attn.v_proj"": 431.0}","{""mlp.down_proj"": 1589.0, ""mlp.gate_proj"": 698.0, ""mlp.up_proj"": 1342.0, ""self_attn.o_proj"": 889.0, ""self_attn.v_proj"": 430.0}","{""mlp.down_proj"": -1.0, ""mlp.gate_proj"": -3.0, ""mlp.up_proj"": -2.0, ""self_attn.o_proj"": -1.0, ""self_attn.v_proj"": -1.0}","{""mlp.down_proj"": 0.0006289308176100629, ""mlp.gate_proj"": 0.0042796005706134095, ""mlp.up_proj"": 0.001488095238095238, ""self_attn.o_proj"": 0.0011235955056179776, ""self_attn.v_proj"": 0.002320185614849188}",0.001968081549357175,0.0,7,equal7,True,"mlp.down_proj,mlp.gate_proj,mlp.up_proj,self_attn.k_proj,self_attn.o_proj,self_attn.q_proj,self_attn.v_proj",,743.4285714285714,744.7142857142857,743.4285714285714,-1.2857142857142858,0.002397836027318617,0.0017264530980240832,"{""mlp.down_proj"": 1590.0, ""mlp.gate_proj"": 701.0, ""mlp.up_proj"": 1344.0, ""self_attn.k_proj"": 113.0, ""self_attn.o_proj"": 890.0, ""self_attn.q_proj"": 144.0, ""self_attn.v_proj"": 431.0}","{""mlp.down_proj"": 1589.0, ""mlp.gate_proj"": 698.0, ""mlp.up_proj"": 1342.0, ""self_attn.k_proj"": 113.0, ""self_attn.o_proj"": 889.0, ""self_attn.q_proj"": 143.0, ""self_attn.v_proj"": 430.0}","{""mlp.down_proj"": -1.0, ""mlp.gate_proj"": -3.0, ""mlp.up_proj"": -2.0, ""self_attn.k_proj"": 0.0, ""self_attn.o_proj"": -1.0, ""self_attn.q_proj"": -1.0, ""self_attn.v_proj"": -1.0}","{""mlp.down_proj"": 0.0006289308176100629, ""mlp.gate_proj"": 0.0042796005706134095, ""mlp.up_proj"": 0.001488095238095238, ""self_attn.k_proj"": 0.0, ""self_attn.o_proj"": 0.0011235955056179776, ""self_attn.q_proj"": 0.006944444444444444, ""self_attn.v_proj"": 0.002320185614849188}",-0.00042975447796144177,-0.3142857142857143,246.17142857142858,False,True
qwen,seqkd,10,E_general,E_general,0.1,18,5,equal5_non_qk,True,"mlp.down_proj,mlp.gate_proj,mlp.up_proj,self_attn.o_proj,self_attn.v_proj","self_attn.q_proj,self_attn.k_proj",656.0,657.2,656.0,-1.2,0.002274341182549642,0.001825928180158316,"{""mlp.down_proj"": 1200.0, ""mlp.gate_proj"": 300.0, ""mlp.up_proj"": 920.0, ""self_attn.o_proj"": 589.0, ""self_attn.v_proj"": 277.0}","{""mlp.down_proj"": 1199.0, ""mlp.gate_proj"": 298.0, ""mlp.up_proj"": 918.0, ""self_attn.o_proj"": 588.0, ""self_attn.v_proj"": 277.0}","{""mlp.down_proj"": -1.0, ""mlp.gate_proj"": -2.0, ""mlp.up_proj"": -2.0, ""self_attn.o_proj"": -1.0, ""self_attn.v_proj"": 0.0}","{""mlp.down_proj"": 0.0008333333333333334, ""mlp.gate_proj"": 0.006666666666666667, ""mlp.up_proj"": 0.002173913043478261, ""self_attn.o_proj"": 0.001697792869269949, ""self_attn.v_proj"": 0.0}",0.002274341182549642,0.0,7,equal7,True,"mlp.down_proj,mlp.gate_proj,mlp.up_proj,self_attn.k_proj,self_attn.o_proj,self_attn.q_proj,self_attn.v_proj",,478.85714285714283,479.7142857142857,478.85714285714283,-0.8571428571428571,0.001624529416106887,0.0017867778439548026,"{""mlp.down_proj"": 1200.0, ""mlp.gate_proj"": 300.0, ""mlp.up_proj"": 920.0, ""self_attn.k_proj"": 39.0, ""self_attn.o_proj"": 589.0, ""self_attn.q_proj"": 33.0, ""self_attn.v_proj"": 277.0}","{""mlp.down_proj"": 1199.0, ""mlp.gate_proj"": 298.0, ""mlp.up_proj"": 918.0, ""self_attn.k_proj"": 39.0, ""self_attn.o_proj"": 588.0, ""self_attn.q_proj"": 33.0, ""self_attn.v_proj"": 277.0}","{""mlp.down_proj"": -1.0, ""mlp.gate_proj"": -2.0, ""mlp.up_proj"": -2.0, ""self_attn.k_proj"": 0.0, ""self_attn.o_proj"": -1.0, ""self_attn.q_proj"": 0.0, ""self_attn.v_proj"": 0.0}","{""mlp.down_proj"": 0.0008333333333333334, ""mlp.gate_proj"": 0.006666666666666667, ""mlp.up_proj"": 0.002173913043478261, ""self_attn.k_proj"": 0.0, ""self_attn.o_proj"": 0.001697792869269949, ""self_attn.q_proj"": 0.0, ""self_attn.v_proj"": 0.0}",0.0006498117664427551,-0.34285714285714286,177.14285714285717,False,True
qwen,seqkd,10,E_if,E_ifeval,0.01,18,5,equal5_non_qk,True,"mlp.down_proj,mlp.gate_proj,mlp.up_proj,self_attn.o_proj,self_attn.v_proj","self_attn.q_proj,self_attn.k_proj",1485.4,1484.2,1485.4,1.2,-0.0007289408246620853,-0.0008085163724565729,"{""mlp.down_proj"": 2024.0, ""mlp.gate_proj"": 1528.0, ""mlp.up_proj"": 1933.0, ""self_attn.o_proj"": 1347.0, ""self_attn.v_proj"": 589.0}","{""mlp.down_proj"": 2026.0, ""mlp.gate_proj"": 1529.0, ""mlp.up_proj"": 1934.0, ""self_attn.o_proj"": 1349.0, ""self_attn.v_proj"": 589.0}","{""mlp.down_proj"": 2.0, ""mlp.gate_proj"": 1.0, ""mlp.up_proj"": 1.0, ""self_attn.o_proj"": 2.0, ""self_attn.v_proj"": 0.0}","{""mlp.down_proj"": -0.0009881422924901185, ""mlp.gate_proj"": -0.0006544502617801048, ""mlp.up_proj"": -0.0005173305742369374, ""self_attn.o_proj"": -0.0014847809948032665, ""self_attn.v_proj"": 0.0}",0.0005613433404529108,-0.0012902841651149962,7,equal7,True,"mlp.down_proj,mlp.gate_proj,mlp.up_proj,self_attn.k_proj,self_attn.o_proj,self_attn.q_proj,self_attn.v_proj",,1175.142857142857,1174.0,1175.142857142857,1.1428571428571428,-0.0010659282880628855,-0.0009734728644438759,"{""mlp.down_proj"": 2024.0, ""mlp.gate_proj"": 1528.0, ""mlp.up_proj"": 1933.0, ""self_attn.k_proj"": 273.0, ""self_attn.o_proj"": 1347.0, ""self_attn.q_proj"": 524.0, ""self_attn.v_proj"": 589.0}","{""mlp.down_proj"": 2026.0, ""mlp.gate_proj"": 1529.0, ""mlp.up_proj"": 1934.0, ""self_attn.k_proj"": 273.0, ""self_attn.o_proj"": 1349.0, ""self_attn.q_proj"": 526.0, ""self_attn.v_proj"": 589.0}","{""mlp.down_proj"": 2.0, ""mlp.gate_proj"": 1.0, ""mlp.up_proj"": 1.0, ""self_attn.k_proj"": 0.0, ""self_attn.o_proj"": 2.0, ""self_attn.q_proj"": 2.0, ""self_attn.v_proj"": 0.0}","{""mlp.down_proj"": -0.0009881422924901185, ""mlp.gate_proj"": -0.0006544502617801048, ""mlp.up_proj"": -0.0005173305742369374, ""self_attn.k_proj"": 0.0, ""self_attn.o_proj"": -0.0014847809948032665, ""self_attn.q_proj"": -0.003816793893129771, ""self_attn.v_proj"": 0.0}",0.0003369874634008001,0.05714285714285716,310.257142857143,False,True
qwen,seqkd,10,E_if,E_ifeval,0.025,18,5,equal5_non_qk,True,"mlp.down_proj,mlp.gate_proj,mlp.up_proj,self_attn.o_proj,self_attn.v_proj","self_attn.q_proj,self_attn.k_proj",1111.0,1109.6,1111.0,1.4,-0.0010322450852664506,-0.001261715933669873,"{""mlp.down_proj"": 1649.0, ""mlp.gate_proj"": 1005.0, ""mlp.up_proj"": 1521.0, ""self_attn.o_proj"": 969.0, ""self_attn.v_proj"": 404.0}","{""mlp.down_proj"": 1652.0, ""mlp.gate_proj"": 1006.0, ""mlp.up_proj"": 1523.0, ""self_attn.o_proj"": 970.0, ""self_attn.v_proj"": 404.0}","{""mlp.down_proj"": 3.0, ""mlp.gate_proj"": 1.0, ""mlp.up_proj"": 2.0, ""self_attn.o_proj"": 1.0, ""self_attn.v_proj"": 0.0}","{""mlp.down_proj"": -0.0018192844147968466, ""mlp.gate_proj"": -0.0009950248756218905, ""mlp.up_proj"": -0.0013149243918474688, ""self_attn.o_proj"": -0.0010319917440660474, ""self_attn.v_proj"": 0.0}",0.0012817083120669193,-0.00231395339733337,7,equal7,True,"mlp.down_proj,mlp.gate_proj,mlp.up_proj,self_attn.k_proj,self_attn.o_proj,self_attn.q_proj,self_attn.v_proj",,841.2857142857143,840.0,841.2857142857143,1.2857142857142858,-0.0025822851031943672,-0.0015306122448980172,"{""mlp.down_proj"": 1649.0, ""mlp.gate_proj"": 1005.0, ""mlp.up_proj"": 1521.0, ""self_attn.k_proj"": 123.0, ""self_attn.o_proj"": 969.0, ""self_attn.q_proj"": 209.0, ""self_attn.v_proj"": 404.0}","{""mlp.down_proj"": 1652.0, ""mlp.gate_proj"": 1006.0, ""mlp.up_proj"": 1523.0, ""self_attn.k_proj"": 124.0, ""self_attn.o_proj"": 970.0, ""self_attn.q_proj"": 210.0, ""self_attn.v_proj"": 404.0}","{""mlp.down_proj"": 3.0, ""mlp.gate_proj"": 1.0, ""mlp.up_proj"": 2.0, ""self_attn.k_proj"": 1.0, ""self_attn.o_proj"": 1.0, ""self_attn.q_proj"": 1.0, ""self_attn.v_proj"": 0.0}","{""mlp.down_proj"": -0.0018192844147968466, ""mlp.gate_proj"": -0.0009950248756218905, ""mlp.up_proj"": -0.0013149243918474688, ""self_attn.k_proj"": -0.008130081300813009, ""self_attn.o_proj"": -0.0010319917440660474, ""self_attn.q_proj"": -0.004784688995215311, ""self_attn.v_proj"": 0.0}",0.0015500400179279167,0.1142857142857141,269.71428571428567,False,True
qwen,seqkd,10,E_if,E_ifeval,0.05,18,5,equal5_non_qk,True,"mlp.down_proj,mlp.gate_proj,mlp.up_proj,self_attn.o_proj,self_attn.v_proj","self_attn.q_proj,self_attn.k_proj",783.2,782.0,783.2,1.2,-0.0016163960263339144,-0.001534526854220007,"{""mlp.down_proj"": 1274.0, ""mlp.gate_proj"": 584.0, ""mlp.up_proj"": 1127.0, ""self_attn.o_proj"": 672.0, ""self_attn.v_proj"": 253.0}","{""mlp.down_proj"": 1277.0, ""mlp.gate_proj"": 584.0, ""mlp.up_proj"": 1129.0, ""self_attn.o_proj"": 672.0, ""self_attn.v_proj"": 254.0}","{""mlp.down_proj"": 3.0, ""mlp.gate_proj"": 0.0, ""mlp.up_proj"": 2.0, ""self_attn.o_proj"": 0.0, ""self_attn.v_proj"": 1.0}","{""mlp.down_proj"": -0.002354788069073783, ""mlp.gate_proj"": 0.0, ""mlp.up_proj"": -0.001774622892635315, ""self_attn.o_proj"": 0.0, ""self_attn.v_proj"": -0.003952569169960474}",0.001968081549357175,-0.0035844775756910894,7,equal7,True,"mlp.down_proj,mlp.gate_proj,mlp.up_proj,self_attn.k_proj,self_attn.o_proj,self_attn.q_proj,self_attn.v_proj",,576.5714285714286,575.7142857142857,576.5714285714286,0.8571428571428571,-0.0011545685902385103,-0.0014888337468983196,"{""mlp.down_proj"": 1274.0, ""mlp.gate_proj"": 584.0, ""mlp.up_proj"": 1127.0, ""self_attn.k_proj"": 50.0, ""self_attn.o_proj"": 672.0, ""self_attn.q_proj"": 70.0, ""self_attn.v_proj"": 253.0}","{""mlp.down_proj"": 1277.0, ""mlp.gate_proj"": 584.0, ""mlp.up_proj"": 1129.0, ""self_attn.k_proj"": 50.0, ""self_attn.o_proj"": 672.0, ""self_attn.q_proj"": 70.0, ""self_attn.v_proj"": 254.0}","{""mlp.down_proj"": 3.0, ""mlp.gate_proj"": 0.0, ""mlp.up_proj"": 2.0, ""self_attn.k_proj"": 0.0, ""self_attn.o_proj"": 0.0, ""self_attn.q_proj"": 0.0, ""self_attn.v_proj"": 1.0}","{""mlp.down_proj"": -0.002354788069073783, ""mlp.gate_proj"": 0.0, ""mlp.up_proj"": -0.001774622892635315, ""self_attn.k_proj"": 0.0, ""self_attn.o_proj"": 0.0, ""self_attn.q_proj"": 0.0, ""self_attn.v_proj"": -0.003952569169960474}",-0.0004618274360954041,0.34285714285714286,206.6285714285715,False,True
qwen,seqkd,10,E_if,E_ifeval,0.1,18,5,equal5_non_qk,True,"mlp.down_proj,mlp.gate_proj,mlp.up_proj,self_attn.o_proj,self_attn.v_proj","self_attn.q_proj,self_attn.k_proj",454.0,453.0,454.0,1.0,-0.0012906766362833452,-0.002207505518763797,"{""mlp.down_proj"": 839.0, ""mlp.gate_proj"": 228.0, ""mlp.up_proj"": 695.0, ""self_attn.o_proj"": 387.0, ""self_attn.v_proj"": 116.0}","{""mlp.down_proj"": 842.0, ""mlp.gate_proj"": 228.0, ""mlp.up_proj"": 697.0, ""self_attn.o_proj"": 387.0, ""self_attn.v_proj"": 116.0}","{""mlp.down_proj"": 3.0, ""mlp.gate_proj"": 0.0, ""mlp.up_proj"": 2.0, ""self_attn.o_proj"": 0.0, ""self_attn.v_proj"": 0.0}","{""mlp.down_proj"": -0.003575685339690107, ""mlp.gate_proj"": 0.0, ""mlp.up_proj"": -0.0028776978417266188, ""self_attn.o_proj"": 0.0, ""self_attn.v_proj"": 0.0}",0.002274341182549642,-0.0035650178188329873,7,equal7,True,"mlp.down_proj,mlp.gate_proj,mlp.up_proj,self_attn.k_proj,self_attn.o_proj,self_attn.q_proj,self_attn.v_proj",,328.14285714285717,327.42857142857144,328.14285714285717,0.7142857142857143,-0.0009219118830595322,-0.0021815008726003737,"{""mlp.down_proj"": 839.0, ""mlp.gate_proj"": 228.0, ""mlp.up_proj"": 695.0, ""self_attn.k_proj"": 16.0, ""self_attn.o_proj"": 387.0, ""self_attn.q_proj"": 11.0, ""self_attn.v_proj"": 116.0}","{""mlp.down_proj"": 842.0, ""mlp.gate_proj"": 228.0, ""mlp.up_proj"": 697.0, ""self_attn.k_proj"": 16.0, ""self_attn.o_proj"": 387.0, ""self_attn.q_proj"": 11.0, ""self_attn.v_proj"": 116.0}","{""mlp.down_proj"": 3.0, ""mlp.gate_proj"": 0.0, ""mlp.up_proj"": 2.0, ""self_attn.k_proj"": 0.0, ""self_attn.o_proj"": 0.0, ""self_attn.q_proj"": 0.0, ""self_attn.v_proj"": 0.0}","{""mlp.down_proj"": -0.003575685339690107, ""mlp.gate_proj"": 0.0, ""mlp.up_proj"": -0.0028776978417266188, ""self_attn.k_proj"": 0.0, ""self_attn.o_proj"": 0.0, ""self_attn.q_proj"": 0.0, ""self_attn.v_proj"": 0.0}",-0.000368764753223813,0.2857142857142857,125.85714285714283,False,True
qwen,seqkd,10,E_math,E_mathHeld,0.01,18,5,equal5_non_qk,True,"mlp.down_proj,mlp.gate_proj,mlp.up_proj,self_attn.o_proj,self_attn.v_proj","self_attn.q_proj,self_attn.k_proj",1651.0,1649.6,1651.0,1.4,-0.0009638432297659049,-0.0008486905916586391,"{""mlp.down_proj"": 2176.0, ""mlp.gate_proj"": 1819.0, ""mlp.up_proj"": 2046.0, ""self_attn.o_proj"": 1520.0, ""self_attn.v_proj"": 687.0}","{""mlp.down_proj"": 2177.0, ""mlp.gate_proj"": 1821.0, ""mlp.up_proj"": 2047.0, ""self_attn.o_proj"": 1522.0, ""self_attn.v_proj"": 688.0}","{""mlp.down_proj"": 1.0, ""mlp.gate_proj"": 2.0, ""mlp.up_proj"": 1.0, ""self_attn.o_proj"": 2.0, ""self_attn.v_proj"": 1.0}","{""mlp.down_proj"": -0.00045955882352941176, ""mlp.gate_proj"": -0.0010995052226498076, ""mlp.up_proj"": -0.0004887585532746823, ""self_attn.o_proj"": -0.0013157894736842105, ""self_attn.v_proj"": -0.001455604075691412}",0.0005613433404529108,-0.0015251865702188157,7,equal7,True,"mlp.down_proj,mlp.gate_proj,mlp.up_proj,self_attn.k_proj,self_attn.o_proj,self_attn.q_proj,self_attn.v_proj",,1340.2857142857142,1339.0,1340.2857142857142,1.2857142857142858,-0.001269481863353413,-0.0009602048436999408,"{""mlp.down_proj"": 2176.0, ""mlp.gate_proj"": 1819.0, ""mlp.up_proj"": 2046.0, ""self_attn.k_proj"": 363.0, ""self_attn.o_proj"": 1520.0, ""self_attn.q_proj"": 762.0, ""self_attn.v_proj"": 687.0}","{""mlp.down_proj"": 2177.0, ""mlp.gate_proj"": 1821.0, ""mlp.up_proj"": 2047.0, ""self_attn.k_proj"": 364.0, ""self_attn.o_proj"": 1522.0, ""self_attn.q_proj"": 763.0, ""self_attn.v_proj"": 688.0}","{""mlp.down_proj"": 1.0, ""mlp.gate_proj"": 2.0, ""mlp.up_proj"": 1.0, ""self_attn.k_proj"": 1.0, ""self_attn.o_proj"": 2.0, ""self_attn.q_proj"": 1.0, ""self_attn.v_proj"": 1.0}","{""mlp.down_proj"": -0.00045955882352941176, ""mlp.gate_proj"": -0.0010995052226498076, ""mlp.up_proj"": -0.0004887585532746823, ""self_attn.k_proj"": -0.0027548209366391185, ""self_attn.o_proj"": -0.0013157894736842105, ""self_attn.q_proj"": -0.0013123359580052493, ""self_attn.v_proj"": -0.001455604075691412}",0.0003056386335875082,0.1142857142857141,310.7142857142858,False,True
qwen,seqkd,10,E_math,E_mathHeld,0.025,18,5,equal5_non_qk,True,"mlp.down_proj,mlp.gate_proj,mlp.up_proj,self_attn.o_proj,self_attn.v_proj","self_attn.q_proj,self_attn.k_proj",1323.8,1322.2,1323.8,1.6,-0.0013548687691757922,-0.0012101043715019733,"{""mlp.down_proj"": 1875.0, ""mlp.gate_proj"": 1369.0, ""mlp.up_proj"": 1691.0, ""self_attn.o_proj"": 1157.0, ""self_attn.v_proj"": 519.0}","{""mlp.down_proj"": 1877.0, ""mlp.gate_proj"": 1371.0, ""mlp.up_proj"": 1692.0, ""self_attn.o_proj"": 1159.0, ""self_attn.v_proj"": 520.0}","{""mlp.down_proj"": 2.0, ""mlp.gate_proj"": 2.0, ""mlp.up_proj"": 1.0, ""self_attn.o_proj"": 2.0, ""self_attn.v_proj"": 1.0}","{""mlp.down_proj"": -0.0010666666666666667, ""mlp.gate_proj"": -0.0014609203798392988, ""mlp.up_proj"": -0.0005913660555884093, ""self_attn.o_proj"": -0.001728608470181504, ""self_attn.v_proj"": -0.0019267822736030828}",0.0012817083120669193,-0.0026365770812427115,7,equal7,True,"mlp.down_proj,mlp.gate_proj,mlp.up_proj,self_attn.k_proj,self_attn.o_proj,self_attn.q_proj,self_attn.v_proj",,1027.0,1025.5714285714287,1027.0,1.4285714285714286,-0.0021005530806178408,-0.001392951664577144,"{""mlp.down_proj"": 1875.0, ""mlp.gate_proj"": 1369.0, ""mlp.up_proj"": 1691.0, ""self_attn.k_proj"": 189.0, ""self_attn.o_proj"": 1157.0, ""self_attn.q_proj"": 379.0, ""self_attn.v_proj"": 519.0}","{""mlp.down_proj"": 1877.0, ""mlp.gate_proj"": 1371.0, ""mlp.up_proj"": 1692.0, ""self_attn.k_proj"": 190.0, ""self_attn.o_proj"": 1159.0, ""self_attn.q_proj"": 380.0, ""self_attn.v_proj"": 520.0}","{""mlp.down_proj"": 2.0, ""mlp.gate_proj"": 2.0, ""mlp.up_proj"": 1.0, ""self_attn.k_proj"": 1.0, ""self_attn.o_proj"": 2.0, ""self_attn.q_proj"": 1.0, ""self_attn.v_proj"": 1.0}","{""mlp.down_proj"": -0.0010666666666666667, ""mlp.gate_proj"": -0.0014609203798392988, ""mlp.up_proj"": -0.0005913660555884093, ""self_attn.k_proj"": -0.005291005291005291, ""self_attn.o_proj"": -0.001728608470181504, ""self_attn.q_proj"": -0.002638522427440633, ""self_attn.v_proj"": -0.0019267822736030828}",0.0007456843114420485,0.17142857142857149,296.79999999999995,False,True
qwen,seqkd,10,E_math,E_mathHeld,0.05,18,5,equal5_non_qk,True,"mlp.down_proj,mlp.gate_proj,mlp.up_proj,self_attn.o_proj,self_attn.v_proj","self_attn.q_proj,self_attn.k_proj",1016.0,1014.2,1016.0,1.8,-0.0016507636008944605,-0.0017747978702425107,"{""mlp.down_proj"": 1552.0, ""mlp.gate_proj"": 956.0, ""mlp.up_proj"": 1332.0, ""self_attn.o_proj"": 860.0, ""self_attn.v_proj"": 371.0}","{""mlp.down_proj"": 1554.0, ""mlp.gate_proj"": 959.0, ""mlp.up_proj"": 1334.0, ""self_attn.o_proj"": 862.0, ""self_attn.v_proj"": 371.0}","{""mlp.down_proj"": 2.0, ""mlp.gate_proj"": 3.0, ""mlp.up_proj"": 2.0, ""self_attn.o_proj"": 2.0, ""self_attn.v_proj"": 0.0}","{""mlp.down_proj"": -0.001288659793814433, ""mlp.gate_proj"": -0.0031380753138075313, ""mlp.up_proj"": -0.0015015015015015015, ""self_attn.o_proj"": -0.002325581395348837, ""self_attn.v_proj"": 0.0}",0.001968081549357175,-0.0036188451502516357,7,equal7,True,"mlp.down_proj,mlp.gate_proj,mlp.up_proj,self_attn.k_proj,self_attn.o_proj,self_attn.q_proj,self_attn.v_proj",,759.7142857142857,758.1428571428571,759.7142857142857,1.5714285714285714,-0.003848920921314044,-0.002072734124740887,"{""mlp.down_proj"": 1552.0, ""mlp.gate_proj"": 956.0, ""mlp.up_proj"": 1332.0, ""self_attn.k_proj"": 82.0, ""self_attn.o_proj"": 860.0, ""self_attn.q_proj"": 154.0, ""self_attn.v_proj"": 371.0}","{""mlp.down_proj"": 1554.0, ""mlp.gate_proj"": 959.0, ""mlp.up_proj"": 1334.0, ""self_attn.k_proj"": 83.0, ""self_attn.o_proj"": 862.0, ""self_attn.q_proj"": 155.0, ""self_attn.v_proj"": 371.0}","{""mlp.down_proj"": 2.0, ""mlp.gate_proj"": 3.0, ""mlp.up_proj"": 2.0, ""self_attn.k_proj"": 1.0, ""self_attn.o_proj"": 2.0, ""self_attn.q_proj"": 1.0, ""self_attn.v_proj"": 0.0}","{""mlp.down_proj"": -0.001288659793814433, ""mlp.gate_proj"": -0.0031380753138075313, ""mlp.up_proj"": -0.0015015015015015015, ""self_attn.k_proj"": -0.012195121951219513, ""self_attn.o_proj"": -0.002325581395348837, ""self_attn.q_proj"": -0.006493506493506494, ""self_attn.v_proj"": 0.0}",0.0021981573204195837,0.22857142857142865,256.28571428571433,False,True
qwen,seqkd,10,E_math,E_mathHeld,0.1,18,5,equal5_non_qk,True,"mlp.down_proj,mlp.gate_proj,mlp.up_proj,self_attn.o_proj,self_attn.v_proj","self_attn.q_proj,self_attn.k_proj",675.0,673.2,675.0,1.8,-0.002999795681758796,-0.0026737967914437825,"{""mlp.down_proj"": 1147.0, ""mlp.gate_proj"": 529.0, ""mlp.up_proj"": 913.0, ""self_attn.o_proj"": 561.0, ""self_attn.v_proj"": 216.0}","{""mlp.down_proj"": 1150.0, ""mlp.gate_proj"": 531.0, ""mlp.up_proj"": 915.0, ""self_attn.o_proj"": 562.0, ""self_attn.v_proj"": 217.0}","{""mlp.down_proj"": 3.0, ""mlp.gate_proj"": 2.0, ""mlp.up_proj"": 2.0, ""self_attn.o_proj"": 1.0, ""self_attn.v_proj"": 1.0}","{""mlp.down_proj"": -0.0026155187445510027, ""mlp.gate_proj"": -0.003780718336483932, ""mlp.up_proj"": -0.002190580503833516, ""self_attn.o_proj"": -0.0017825311942959, ""self_attn.v_proj"": -0.004629629629629629}",0.002274341182549642,-0.005274136864308438,7,equal7,True,"mlp.down_proj,mlp.gate_proj,mlp.up_proj,self_attn.k_proj,self_attn.o_proj,self_attn.q_proj,self_attn.v_proj",,490.0,488.7142857142857,490.0,1.2857142857142858,-0.002142711201256283,-0.002630809704764672,"{""mlp.down_proj"": 1147.0, ""mlp.gate_proj"": 529.0, ""mlp.up_proj"": 913.0, ""self_attn.k_proj"": 24.0, ""self_attn.o_proj"": 561.0, ""self_attn.q_proj"": 31.0, ""self_attn.v_proj"": 216.0}","{""mlp.down_proj"": 1150.0, ""mlp.gate_proj"": 531.0, ""mlp.up_proj"": 915.0, ""self_attn.k_proj"": 24.0, ""self_attn.o_proj"": 562.0, ""self_attn.q_proj"": 31.0, ""self_attn.v_proj"": 217.0}","{""mlp.down_proj"": 3.0, ""mlp.gate_proj"": 2.0, ""mlp.up_proj"": 2.0, ""self_attn.k_proj"": 0.0, ""self_attn.o_proj"": 1.0, ""self_attn.q_proj"": 0.0, ""self_attn.v_proj"": 1.0}","{""mlp.down_proj"": -0.0026155187445510027, ""mlp.gate_proj"": -0.003780718336483932, ""mlp.up_proj"": -0.002190580503833516, ""self_attn.k_proj"": 0.0, ""self_attn.o_proj"": -0.0017825311942959, ""self_attn.q_proj"": 0.0, ""self_attn.v_proj"": -0.004629629629629629}",-0.0008570844805025129,0.5142857142857142,185.0,False,True
qwen,seqkd,10,E_ood,E_mmluPro,0.01,18,5,equal5_non_qk,True,"mlp.down_proj,mlp.gate_proj,mlp.up_proj,self_attn.o_proj,self_attn.v_proj","self_attn.q_proj,self_attn.k_proj",1612.2,1610.4,1612.2,1.8,-0.0012062857055250504,-0.001117734724292073,"{""mlp.down_proj"": 2156.0, ""mlp.gate_proj"": 1667.0, ""mlp.up_proj"": 2029.0, ""self_attn.o_proj"": 1471.0, ""self_attn.v_proj"": 729.0}","{""mlp.down_proj"": 2158.0, ""mlp.gate_proj"": 1669.0, ""mlp.up_proj"": 2030.0, ""self_attn.o_proj"": 1474.0, ""self_attn.v_proj"": 730.0}","{""mlp.down_proj"": 2.0, ""mlp.gate_proj"": 2.0, ""mlp.up_proj"": 1.0, ""self_attn.o_proj"": 3.0, ""self_attn.v_proj"": 1.0}","{""mlp.down_proj"": -0.0009276437847866419, ""mlp.gate_proj"": -0.0011997600479904018, ""mlp.up_proj"": -0.0004928536224741252, ""self_attn.o_proj"": -0.0020394289598912306, ""self_attn.v_proj"": -0.0013717421124828531}",0.0005613433404529108,-0.0017676290459779612,7,equal7,True,"mlp.down_proj,mlp.gate_proj,mlp.up_proj,self_attn.k_proj,self_attn.o_proj,self_attn.q_proj,self_attn.v_proj",,1307.5714285714287,1305.5714285714287,1307.5714285714287,2.0,-0.0020512009678677343,-0.0015318962687383738,"{""mlp.down_proj"": 2156.0, ""mlp.gate_proj"": 1667.0, ""mlp.up_proj"": 2029.0, ""self_attn.k_proj"": 402.0, ""self_attn.o_proj"": 1471.0, ""self_attn.q_proj"": 685.0, ""self_attn.v_proj"": 729.0}","{""mlp.down_proj"": 2158.0, ""mlp.gate_proj"": 1669.0, ""mlp.up_proj"": 2030.0, ""self_attn.k_proj"": 403.0, ""self_attn.o_proj"": 1474.0, ""self_attn.q_proj"": 689.0, ""self_attn.v_proj"": 730.0}","{""mlp.down_proj"": 2.0, ""mlp.gate_proj"": 2.0, ""mlp.up_proj"": 1.0, ""self_attn.k_proj"": 1.0, ""self_attn.o_proj"": 3.0, ""self_attn.q_proj"": 4.0, ""self_attn.v_proj"": 1.0}","{""mlp.down_proj"": -0.0009276437847866419, ""mlp.gate_proj"": -0.0011997600479904018, ""mlp.up_proj"": -0.0004928536224741252, ""self_attn.k_proj"": -0.0024875621890547263, ""self_attn.o_proj"": -0.0020394289598912306, ""self_attn.q_proj"": -0.00583941605839416, ""self_attn.v_proj"": -0.0013717421124828531}",0.0008449152623426839,-0.19999999999999996,304.6285714285714,False,True
qwen,seqkd,10,E_ood,E_mmluPro,0.025,18,5,equal5_non_qk,True,"mlp.down_proj,mlp.gate_proj,mlp.up_proj,self_attn.o_proj,self_attn.v_proj","self_attn.q_proj,self_attn.k_proj",1270.6,1268.4,1270.6,2.2,-0.0018668031612107151,-0.0017344686218856969,"{""mlp.down_proj"": 1847.0, ""mlp.gate_proj"": 1163.0, ""mlp.up_proj"": 1655.0, ""self_attn.o_proj"": 1105.0, ""self_attn.v_proj"": 572.0}","{""mlp.down_proj"": 1849.0, ""mlp.gate_proj"": 1166.0, ""mlp.up_proj"": 1657.0, ""self_attn.o_proj"": 1108.0, ""self_attn.v_proj"": 573.0}","{""mlp.down_proj"": 2.0, ""mlp.gate_proj"": 3.0, ""mlp.up_proj"": 2.0, ""self_attn.o_proj"": 3.0, ""self_attn.v_proj"": 1.0}","{""mlp.down_proj"": -0.0010828370330265296, ""mlp.gate_proj"": -0.0025795356835769563, ""mlp.up_proj"": -0.0012084592145015106, ""self_attn.o_proj"": -0.0027149321266968325, ""self_attn.v_proj"": -0.0017482517482517483}",0.0012817083120669193,-0.0031485114732776346,7,equal7,True,"mlp.down_proj,mlp.gate_proj,mlp.up_proj,self_attn.k_proj,self_attn.o_proj,self_attn.q_proj,self_attn.v_proj",,986.4285714285714,984.2857142857143,986.4285714285714,2.142857142857143,-0.003302257736737292,-0.002177068214804031,"{""mlp.down_proj"": 1847.0, ""mlp.gate_proj"": 1163.0, ""mlp.up_proj"": 1655.0, ""self_attn.k_proj"": 230.0, ""self_attn.o_proj"": 1105.0, ""self_attn.q_proj"": 318.0, ""self_attn.v_proj"": 572.0}","{""mlp.down_proj"": 1849.0, ""mlp.gate_proj"": 1166.0, ""mlp.up_proj"": 1657.0, ""self_attn.k_proj"": 231.0, ""self_attn.o_proj"": 1108.0, ""self_attn.q_proj"": 321.0, ""self_attn.v_proj"": 573.0}","{""mlp.down_proj"": 2.0, ""mlp.gate_proj"": 3.0, ""mlp.up_proj"": 2.0, ""self_attn.k_proj"": 1.0, ""self_attn.o_proj"": 3.0, ""self_attn.q_proj"": 3.0, ""self_attn.v_proj"": 1.0}","{""mlp.down_proj"": -0.0010828370330265296, ""mlp.gate_proj"": -0.0025795356835769563, ""mlp.up_proj"": -0.0012084592145015106, ""self_attn.k_proj"": -0.004347826086956522, ""self_attn.o_proj"": -0.0027149321266968325, ""self_attn.q_proj"": -0.009433962264150943, ""self_attn.v_proj"": -0.0017482517482517483}",0.001435454575526577,0.057142857142857384,284.17142857142846,False,True
qwen,seqkd,10,E_ood,E_mmluPro,0.05,18,5,equal5_non_qk,True,"mlp.down_proj,mlp.gate_proj,mlp.up_proj,self_attn.o_proj,self_attn.v_proj","self_attn.q_proj,self_attn.k_proj",957.0,954.4,957.0,2.6,-0.002979737635931754,-0.002724224643755263,"{""mlp.down_proj"": 1519.0, ""mlp.gate_proj"": 731.0, ""mlp.up_proj"": 1281.0, ""self_attn.o_proj"": 810.0, ""self_attn.v_proj"": 431.0}","{""mlp.down_proj"": 1522.0, ""mlp.gate_proj"": 734.0, ""mlp.up_proj"": 1283.0, ""self_attn.o_proj"": 814.0, ""self_attn.v_proj"": 432.0}","{""mlp.down_proj"": 3.0, ""mlp.gate_proj"": 3.0, ""mlp.up_proj"": 2.0, ""self_attn.o_proj"": 4.0, ""self_attn.v_proj"": 1.0}","{""mlp.down_proj"": -0.0019749835418038184, ""mlp.gate_proj"": -0.004103967168262654, ""mlp.up_proj"": -0.00156128024980484, ""self_attn.o_proj"": -0.0049382716049382715, ""self_attn.v_proj"": -0.002320185614849188}",0.001968081549357175,-0.004947819185288929,7,equal7,True,"mlp.down_proj,mlp.gate_proj,mlp.up_proj,self_attn.k_proj,self_attn.o_proj,self_attn.q_proj,self_attn.v_proj",,717.8571428571429,715.5714285714286,717.8571428571429,2.2857142857142856,-0.005721186207809413,-0.0031942503493712,"{""mlp.down_proj"": 1519.0, ""mlp.gate_proj"": 731.0, ""mlp.up_proj"": 1281.0, ""self_attn.k_proj"": 116.0, ""self_attn.o_proj"": 810.0, ""self_attn.q_proj"": 121.0, ""self_attn.v_proj"": 431.0}","{""mlp.down_proj"": 1522.0, ""mlp.gate_proj"": 734.0, ""mlp.up_proj"": 1283.0, ""self_attn.k_proj"": 117.0, ""self_attn.o_proj"": 814.0, ""self_attn.q_proj"": 123.0, ""self_attn.v_proj"": 432.0}","{""mlp.down_proj"": 3.0, ""mlp.gate_proj"": 3.0, ""mlp.up_proj"": 2.0, ""self_attn.k_proj"": 1.0, ""self_attn.o_proj"": 4.0, ""self_attn.q_proj"": 2.0, ""self_attn.v_proj"": 1.0}","{""mlp.down_proj"": -0.0019749835418038184, ""mlp.gate_proj"": -0.004103967168262654, ""mlp.up_proj"": -0.00156128024980484, ""self_attn.k_proj"": -0.008620689655172414, ""self_attn.o_proj"": -0.0049382716049382715, ""self_attn.q_proj"": -0.01652892561983471, ""self_attn.v_proj"": -0.002320185614849188}",0.0027414485718776594,0.3142857142857145,239.1428571428571,False,True
qwen,seqkd,10,E_ood,E_mmluPro,0.1,18,5,equal5_non_qk,True,"mlp.down_proj,mlp.gate_proj,mlp.up_proj,self_attn.o_proj,self_attn.v_proj","self_attn.q_proj,self_attn.k_proj",620.0,617.4,620.0,2.6,-0.0045249824164661535,-0.0042112082928409825,"{""mlp.down_proj"": 1114.0, ""mlp.gate_proj"": 327.0, ""mlp.up_proj"": 850.0, ""self_attn.o_proj"": 518.0, ""self_attn.v_proj"": 278.0}","{""mlp.down_proj"": 1118.0, ""mlp.gate_proj"": 329.0, ""mlp.up_proj"": 853.0, ""self_attn.o_proj"": 521.0, ""self_attn.v_proj"": 279.0}","{""mlp.down_proj"": 4.0, ""mlp.gate_proj"": 2.0, ""mlp.up_proj"": 3.0, ""self_attn.o_proj"": 3.0, ""self_attn.v_proj"": 1.0}","{""mlp.down_proj"": -0.003590664272890485, ""mlp.gate_proj"": -0.0061162079510703364, ""mlp.up_proj"": -0.0035294117647058825, ""self_attn.o_proj"": -0.005791505791505791, ""self_attn.v_proj"": -0.0035971223021582736}",0.002274341182549642,-0.006799323599015796,7,equal7,True,"mlp.down_proj,mlp.gate_proj,mlp.up_proj,self_attn.k_proj,self_attn.o_proj,self_attn.q_proj,self_attn.v_proj",,452.42857142857144,450.42857142857144,452.42857142857144,2.0,-0.006803558868904396,-0.004440215667618141,"{""mlp.down_proj"": 1114.0, ""mlp.gate_proj"": 327.0, ""mlp.up_proj"": 850.0, ""self_attn.k_proj"": 40.0, ""self_attn.o_proj"": 518.0, ""self_attn.q_proj"": 26.0, ""self_attn.v_proj"": 278.0}","{""mlp.down_proj"": 1118.0, ""mlp.gate_proj"": 329.0, ""mlp.up_proj"": 853.0, ""self_attn.k_proj"": 41.0, ""self_attn.o_proj"": 521.0, ""self_attn.q_proj"": 26.0, ""self_attn.v_proj"": 279.0}","{""mlp.down_proj"": 4.0, ""mlp.gate_proj"": 2.0, ""mlp.up_proj"": 3.0, ""self_attn.k_proj"": 1.0, ""self_attn.o_proj"": 3.0, ""self_attn.q_proj"": 0.0, ""self_attn.v_proj"": 1.0}","{""mlp.down_proj"": -0.003590664272890485, ""mlp.gate_proj"": -0.0061162079510703364, ""mlp.up_proj"": -0.0035294117647058825, ""self_attn.k_proj"": -0.025, ""self_attn.o_proj"": -0.005791505791505791, ""self_attn.q_proj"": 0.0, ""self_attn.v_proj"": -0.0035971223021582736}",0.0022785764524382423,0.6000000000000001,167.57142857142856,False,True
qwen,seqkd,20,E_general,E_general,0.01,18,5,equal5_non_qk,True,"mlp.down_proj,mlp.gate_proj,mlp.up_proj,self_attn.o_proj,self_attn.v_proj","self_attn.q_proj,self_attn.k_proj",1632.6,1634.4,1632.6,-1.8,0.0011830833868834597,0.0011013215859031948,"{""mlp.down_proj"": 2190.0, ""mlp.gate_proj"": 1641.0, ""mlp.up_proj"": 2064.0, ""self_attn.o_proj"": 1546.0, ""self_attn.v_proj"": 731.0}","{""mlp.down_proj"": 2189.0, ""mlp.gate_proj"": 1638.0, ""mlp.up_proj"": 2062.0, ""self_attn.o_proj"": 1544.0, ""self_attn.v_proj"": 730.0}","{""mlp.down_proj"": -1.0, ""mlp.gate_proj"": -3.0, ""mlp.up_proj"": -2.0, ""self_attn.o_proj"": -2.0, ""self_attn.v_proj"": -1.0}","{""mlp.down_proj"": 0.00045662100456621003, ""mlp.gate_proj"": 0.0018281535648994515, ""mlp.up_proj"": 0.0009689922480620155, ""self_attn.o_proj"": 0.00129366106080207, ""self_attn.v_proj"": 0.0013679890560875513}",0.0011830833868834597,0.0,7,equal7,True,"mlp.down_proj,mlp.gate_proj,mlp.up_proj,self_attn.k_proj,self_attn.o_proj,self_attn.q_proj,self_attn.v_proj",,1326.7142857142858,1328.4285714285713,1326.7142857142858,-1.7142857142857142,0.0015952069387544458,0.0012904613399289024,"{""mlp.down_proj"": 2190.0, ""mlp.gate_proj"": 1641.0, ""mlp.up_proj"": 2064.0, ""self_attn.k_proj"": 400.0, ""self_attn.o_proj"": 1546.0, ""self_attn.q_proj"": 727.0, ""self_attn.v_proj"": 731.0}","{""mlp.down_proj"": 2189.0, ""mlp.gate_proj"": 1638.0, ""mlp.up_proj"": 2062.0, ""self_attn.k_proj"": 399.0, ""self_attn.o_proj"": 1544.0, ""self_attn.q_proj"": 725.0, ""self_attn.v_proj"": 730.0}","{""mlp.down_proj"": -1.0, ""mlp.gate_proj"": -3.0, ""mlp.up_proj"": -2.0, ""self_attn.k_proj"": -1.0, ""self_attn.o_proj"": -2.0, ""self_attn.q_proj"": -2.0, ""self_attn.v_proj"": -1.0}","{""mlp.down_proj"": 0.00045662100456621003, ""mlp.gate_proj"": 0.0018281535648994515, ""mlp.up_proj"": 0.0009689922480620155, ""self_attn.k_proj"": 0.0025, ""self_attn.o_proj"": 0.00129366106080207, ""self_attn.q_proj"": 0.002751031636863824, ""self_attn.v_proj"": 0.0013679890560875513}",-0.0004121235518709861,-0.08571428571428585,305.88571428571413,False,True
qwen,seqkd,20,E_general,E_general,0.025,18,5,equal5_non_qk,True,"mlp.down_proj,mlp.gate_proj,mlp.up_proj,self_attn.o_proj,self_attn.v_proj","self_attn.q_proj,self_attn.k_proj",1297.4,1299.6,1297.4,-2.2,0.0019127322411039704,0.001692828562634517,"{""mlp.down_proj"": 1900.0, ""mlp.gate_proj"": 1133.0, ""mlp.up_proj"": 1706.0, ""self_attn.o_proj"": 1186.0, ""self_attn.v_proj"": 573.0}","{""mlp.down_proj"": 1900.0, ""mlp.gate_proj"": 1129.0, ""mlp.up_proj"": 1703.0, ""self_attn.o_proj"": 1183.0, ""self_attn.v_proj"": 572.0}","{""mlp.down_proj"": 0.0, ""mlp.gate_proj"": -4.0, ""mlp.up_proj"": -3.0, ""self_attn.o_proj"": -3.0, ""self_attn.v_proj"": -1.0}","{""mlp.down_proj"": 0.0, ""mlp.gate_proj"": 0.00353045013239188, ""mlp.up_proj"": 0.0017584994138335288, ""self_attn.o_proj"": 0.002529510961214165, ""self_attn.v_proj"": 0.0017452006980802793}",0.0019127322411039704,0.0,7,equal7,True,"mlp.down_proj,mlp.gate_proj,mlp.up_proj,self_attn.k_proj,self_attn.o_proj,self_attn.q_proj,self_attn.v_proj",,1009.5714285714286,1011.2857142857143,1009.5714285714286,-1.7142857142857142,0.0017697885660831428,0.0016951546828648755,"{""mlp.down_proj"": 1900.0, ""mlp.gate_proj"": 1133.0, ""mlp.up_proj"": 1706.0, ""self_attn.k_proj"": 227.0, ""self_attn.o_proj"": 1186.0, ""self_attn.q_proj"": 354.0, ""self_attn.v_proj"": 573.0}","{""mlp.down_proj"": 1900.0, ""mlp.gate_proj"": 1129.0, ""mlp.up_proj"": 1703.0, ""self_attn.k_proj"": 227.0, ""self_attn.o_proj"": 1183.0, ""self_attn.q_proj"": 353.0, ""self_attn.v_proj"": 572.0}","{""mlp.down_proj"": 0.0, ""mlp.gate_proj"": -4.0, ""mlp.up_proj"": -3.0, ""self_attn.k_proj"": 0.0, ""self_attn.o_proj"": -3.0, ""self_attn.q_proj"": -1.0, ""self_attn.v_proj"": -1.0}","{""mlp.down_proj"": 0.0, ""mlp.gate_proj"": 0.00353045013239188, ""mlp.up_proj"": 0.0017584994138335288, ""self_attn.k_proj"": 0.0, ""self_attn.o_proj"": 0.002529510961214165, ""self_attn.q_proj"": 0.002824858757062147, ""self_attn.v_proj"": 0.0017452006980802793}",0.00014294367502082762,-0.485714285714286,287.82857142857154,False,True
qwen,seqkd,20,E_general,E_general,0.05,18,5,equal5_non_qk,True,"mlp.down_proj,mlp.gate_proj,mlp.up_proj,self_attn.o_proj,self_attn.v_proj","self_attn.q_proj,self_attn.k_proj",988.8,991.2,988.8,-2.4,0.00285163598012145,0.0024213075060533604,"{""mlp.down_proj"": 1590.0, ""mlp.gate_proj"": 701.0, ""mlp.up_proj"": 1344.0, ""self_attn.o_proj"": 890.0, ""self_attn.v_proj"": 431.0}","{""mlp.down_proj"": 1589.0, ""mlp.gate_proj"": 697.0, ""mlp.up_proj"": 1341.0, ""self_attn.o_proj"": 887.0, ""self_attn.v_proj"": 430.0}","{""mlp.down_proj"": -1.0, ""mlp.gate_proj"": -4.0, ""mlp.up_proj"": -3.0, ""self_attn.o_proj"": -3.0, ""self_attn.v_proj"": -1.0}","{""mlp.down_proj"": 0.0006289308176100629, ""mlp.gate_proj"": 0.005706134094151213, ""mlp.up_proj"": 0.002232142857142857, ""self_attn.o_proj"": 0.0033707865168539327, ""self_attn.v_proj"": 0.002320185614849188}",0.00285163598012145,0.0,7,equal7,True,"mlp.down_proj,mlp.gate_proj,mlp.up_proj,self_attn.k_proj,self_attn.o_proj,self_attn.q_proj,self_attn.v_proj",,742.8571428571429,744.7142857142857,742.8571428571429,-1.8571428571428572,0.003028946335007385,0.002493765586034804,"{""mlp.down_proj"": 1590.0, ""mlp.gate_proj"": 701.0, ""mlp.up_proj"": 1344.0, ""self_attn.k_proj"": 113.0, ""self_attn.o_proj"": 890.0, ""self_attn.q_proj"": 144.0, ""self_attn.v_proj"": 431.0}","{""mlp.down_proj"": 1589.0, ""mlp.gate_proj"": 697.0, ""mlp.up_proj"": 1341.0, ""self_attn.k_proj"": 113.0, ""self_attn.o_proj"": 887.0, ""self_attn.q_proj"": 143.0, ""self_attn.v_proj"": 430.0}","{""mlp.down_proj"": -1.0, ""mlp.gate_proj"": -4.0, ""mlp.up_proj"": -3.0, ""self_attn.k_proj"": 0.0, ""self_attn.o_proj"": -3.0, ""self_attn.q_proj"": -1.0, ""self_attn.v_proj"": -1.0}","{""mlp.down_proj"": 0.0006289308176100629, ""mlp.gate_proj"": 0.005706134094151213, ""mlp.up_proj"": 0.002232142857142857, ""self_attn.k_proj"": 0.0, ""self_attn.o_proj"": 0.0033707865168539327, ""self_attn.q_proj"": 0.006944444444444444, ""self_attn.v_proj"": 0.002320185614849188}",-0.00017731035488593484,-0.5428571428571427,245.94285714285706,False,True
qwen,seqkd,20,E_general,E_general,0.1,18,5,equal5_non_qk,True,"mlp.down_proj,mlp.gate_proj,mlp.up_proj,self_attn.o_proj,self_attn.v_proj","self_attn.q_proj,self_attn.k_proj",655.2,657.2,655.2,-2.0,0.0038928712952552664,0.0030432136335970784,"{""mlp.down_proj"": 1200.0, ""mlp.gate_proj"": 300.0, ""mlp.up_proj"": 920.0, ""self_attn.o_proj"": 589.0, ""self_attn.v_proj"": 277.0}","{""mlp.down_proj"": 1199.0, ""mlp.gate_proj"": 298.0, ""mlp.up_proj"": 917.0, ""self_attn.o_proj"": 586.0, ""self_attn.v_proj"": 276.0}","{""mlp.down_proj"": -1.0, ""mlp.gate_proj"": -2.0, ""mlp.up_proj"": -3.0, ""self_attn.o_proj"": -3.0, ""self_attn.v_proj"": -1.0}","{""mlp.down_proj"": 0.0008333333333333334, ""mlp.gate_proj"": 0.006666666666666667, ""mlp.up_proj"": 0.003260869565217391, ""self_attn.o_proj"": 0.0050933786078098476, ""self_attn.v_proj"": 0.0036101083032490976}",0.0038928712952552664,0.0,7,equal7,True,"mlp.down_proj,mlp.gate_proj,mlp.up_proj,self_attn.k_proj,self_attn.o_proj,self_attn.q_proj,self_attn.v_proj",,478.2857142857143,479.7142857142857,478.2857142857143,-1.4285714285714286,0.002780622353753762,0.0029779630732579255,"{""mlp.down_proj"": 1200.0, ""mlp.gate_proj"": 300.0, ""mlp.up_proj"": 920.0, ""self_attn.k_proj"": 39.0, ""self_attn.o_proj"": 589.0, ""self_attn.q_proj"": 33.0, ""self_attn.v_proj"": 277.0}","{""mlp.down_proj"": 1199.0, ""mlp.gate_proj"": 298.0, ""mlp.up_proj"": 917.0, ""self_attn.k_proj"": 39.0, ""self_attn.o_proj"": 586.0, ""self_attn.q_proj"": 33.0, ""self_attn.v_proj"": 276.0}","{""mlp.down_proj"": -1.0, ""mlp.gate_proj"": -2.0, ""mlp.up_proj"": -3.0, ""self_attn.k_proj"": 0.0, ""self_attn.o_proj"": -3.0, ""self_attn.q_proj"": 0.0, ""self_attn.v_proj"": -1.0}","{""mlp.down_proj"": 0.0008333333333333334, ""mlp.gate_proj"": 0.006666666666666667, ""mlp.up_proj"": 0.003260869565217391, ""self_attn.k_proj"": 0.0, ""self_attn.o_proj"": 0.0050933786078098476, ""self_attn.q_proj"": 0.0, ""self_attn.v_proj"": 0.0036101083032490976}",0.0011122489415015045,-0.5714285714285714,176.91428571428577,False,True
qwen,seqkd,20,E_if,E_ifeval,0.01,18,5,equal5_non_qk,True,"mlp.down_proj,mlp.gate_proj,mlp.up_proj,self_attn.o_proj,self_attn.v_proj","self_attn.q_proj,self_attn.k_proj",1486.6,1484.2,1486.6,2.4,-0.001681037946804843,-0.0016170327449129924,"{""mlp.down_proj"": 2024.0, ""mlp.gate_proj"": 1528.0, ""mlp.up_proj"": 1933.0, ""self_attn.o_proj"": 1347.0, ""self_attn.v_proj"": 589.0}","{""mlp.down_proj"": 2027.0, ""mlp.gate_proj"": 1531.0, ""mlp.up_proj"": 1935.0, ""self_attn.o_proj"": 1350.0, ""self_attn.v_proj"": 590.0}","{""mlp.down_proj"": 3.0, ""mlp.gate_proj"": 3.0, ""mlp.up_proj"": 2.0, ""self_attn.o_proj"": 3.0, ""self_attn.v_proj"": 1.0}","{""mlp.down_proj"": -0.0014822134387351778, ""mlp.gate_proj"": -0.001963350785340314, ""mlp.up_proj"": -0.0010346611484738748, ""self_attn.o_proj"": -0.0022271714922048997, ""self_attn.v_proj"": -0.001697792869269949}",0.0011830833868834597,-0.0028641213336883025,7,equal7,True,"mlp.down_proj,mlp.gate_proj,mlp.up_proj,self_attn.k_proj,self_attn.o_proj,self_attn.q_proj,self_attn.v_proj",,1176.5714285714287,1174.0,1176.5714285714287,2.5714285714285716,-0.0030871683042646147,-0.002190313944998866,"{""mlp.down_proj"": 2024.0, ""mlp.gate_proj"": 1528.0, ""mlp.up_proj"": 1933.0, ""self_attn.k_proj"": 273.0, ""self_attn.o_proj"": 1347.0, ""self_attn.q_proj"": 524.0, ""self_attn.v_proj"": 589.0}","{""mlp.down_proj"": 2027.0, ""mlp.gate_proj"": 1531.0, ""mlp.up_proj"": 1935.0, ""self_attn.k_proj"": 274.0, ""self_attn.o_proj"": 1350.0, ""self_attn.q_proj"": 529.0, ""self_attn.v_proj"": 590.0}","{""mlp.down_proj"": 3.0, ""mlp.gate_proj"": 3.0, ""mlp.up_proj"": 2.0, ""self_attn.k_proj"": 1.0, ""self_attn.o_proj"": 3.0, ""self_attn.q_proj"": 5.0, ""self_attn.v_proj"": 1.0}","{""mlp.down_proj"": -0.0014822134387351778, ""mlp.gate_proj"": -0.001963350785340314, ""mlp.up_proj"": -0.0010346611484738748, ""self_attn.k_proj"": -0.003663003663003663, ""self_attn.o_proj"": -0.0022271714922048997, ""self_attn.q_proj"": -0.009541984732824428, ""self_attn.v_proj"": -0.001697792869269949}",0.0014061303574597716,-0.1714285714285717,310.02857142857124,False,True
qwen,seqkd,20,E_if,E_ifeval,0.025,18,5,equal5_non_qk,True,"mlp.down_proj,mlp.gate_proj,mlp.up_proj,self_attn.o_proj,self_attn.v_proj","self_attn.q_proj,self_attn.k_proj",1112.2,1109.6,1112.2,2.6,-0.0023742741445851577,-0.002343186733958306,"{""mlp.down_proj"": 1649.0, ""mlp.gate_proj"": 1005.0, ""mlp.up_proj"": 1521.0, ""self_attn.o_proj"": 969.0, ""self_attn.v_proj"": 404.0}","{""mlp.down_proj"": 1654.0, ""mlp.gate_proj"": 1008.0, ""mlp.up_proj"": 1523.0, ""self_attn.o_proj"": 971.0, ""self_attn.v_proj"": 405.0}","{""mlp.down_proj"": 5.0, ""mlp.gate_proj"": 3.0, ""mlp.up_proj"": 2.0, ""self_attn.o_proj"": 2.0, ""self_attn.v_proj"": 1.0}","{""mlp.down_proj"": -0.0030321406913280777, ""mlp.gate_proj"": -0.0029850746268656717, ""mlp.up_proj"": -0.0013149243918474688, ""self_attn.o_proj"": -0.0020639834881320948, ""self_attn.v_proj"": -0.0024752475247524753}",0.0019127322411039704,-0.004287006385689128,7,equal7,True,"mlp.down_proj,mlp.gate_proj,mlp.up_proj,self_attn.k_proj,self_attn.o_proj,self_attn.q_proj,self_attn.v_proj",,842.4285714285714,840.0,842.4285714285714,2.4285714285714284,-0.004907931287054961,-0.0028911564625850534,"{""mlp.down_proj"": 1649.0, ""mlp.gate_proj"": 1005.0, ""mlp.up_proj"": 1521.0, ""self_attn.k_proj"": 123.0, ""self_attn.o_proj"": 969.0, ""self_attn.q_proj"": 209.0, ""self_attn.v_proj"": 404.0}","{""mlp.down_proj"": 1654.0, ""mlp.gate_proj"": 1008.0, ""mlp.up_proj"": 1523.0, ""self_attn.k_proj"": 124.0, ""self_attn.o_proj"": 971.0, ""self_attn.q_proj"": 212.0, ""self_attn.v_proj"": 405.0}","{""mlp.down_proj"": 5.0, ""mlp.gate_proj"": 3.0, ""mlp.up_proj"": 2.0, ""self_attn.k_proj"": 1.0, ""self_attn.o_proj"": 2.0, ""self_attn.q_proj"": 3.0, ""self_attn.v_proj"": 1.0}","{""mlp.down_proj"": -0.0030321406913280777, ""mlp.gate_proj"": -0.0029850746268656717, ""mlp.up_proj"": -0.0013149243918474688, ""self_attn.k_proj"": -0.008130081300813009, ""self_attn.o_proj"": -0.0020639834881320948, ""self_attn.q_proj"": -0.014354066985645933, ""self_attn.v_proj"": -0.0024752475247524753}",0.0025336571424698037,0.1714285714285717,269.7714285714286,False,True
qwen,seqkd,20,E_if,E_ifeval,0.05,18,5,equal5_non_qk,True,"mlp.down_proj,mlp.gate_proj,mlp.up_proj,self_attn.o_proj,self_attn.v_proj","self_attn.q_proj,self_attn.k_proj",784.8,782.0,784.8,2.8,-0.00403788031787266,-0.0035805626598464893,"{""mlp.down_proj"": 1274.0, ""mlp.gate_proj"": 584.0, ""mlp.up_proj"": 1127.0, ""self_attn.o_proj"": 672.0, ""self_attn.v_proj"": 253.0}","{""mlp.down_proj"": 1280.0, ""mlp.gate_proj"": 586.0, ""mlp.up_proj"": 1130.0, ""self_attn.o_proj"": 673.0, ""self_attn.v_proj"": 255.0}","{""mlp.down_proj"": 6.0, ""mlp.gate_proj"": 2.0, ""mlp.up_proj"": 3.0, ""self_attn.o_proj"": 1.0, ""self_attn.v_proj"": 2.0}","{""mlp.down_proj"": -0.004709576138147566, ""mlp.gate_proj"": -0.003424657534246575, ""mlp.up_proj"": -0.0026619343389529724, ""self_attn.o_proj"": -0.001488095238095238, ""self_attn.v_proj"": -0.007905138339920948}",0.00285163598012145,-0.00688951629799411,7,equal7,True,"mlp.down_proj,mlp.gate_proj,mlp.up_proj,self_attn.k_proj,self_attn.o_proj,self_attn.q_proj,self_attn.v_proj",,578.0,575.7142857142857,578.0,2.2857142857142856,-0.0077821594107253715,-0.00397022332506212,"{""mlp.down_proj"": 1274.0, ""mlp.gate_proj"": 584.0, ""mlp.up_proj"": 1127.0, ""self_attn.k_proj"": 50.0, ""self_attn.o_proj"": 672.0, ""self_attn.q_proj"": 70.0, ""self_attn.v_proj"": 253.0}","{""mlp.down_proj"": 1280.0, ""mlp.gate_proj"": 586.0, ""mlp.up_proj"": 1130.0, ""self_attn.k_proj"": 51.0, ""self_attn.o_proj"": 673.0, ""self_attn.q_proj"": 71.0, ""self_attn.v_proj"": 255.0}","{""mlp.down_proj"": 6.0, ""mlp.gate_proj"": 2.0, ""mlp.up_proj"": 3.0, ""self_attn.k_proj"": 1.0, ""self_attn.o_proj"": 1.0, ""self_attn.q_proj"": 1.0, ""self_attn.v_proj"": 2.0}","{""mlp.down_proj"": -0.004709576138147566, ""mlp.gate_proj"": -0.003424657534246575, ""mlp.up_proj"": -0.0026619343389529724, ""self_attn.k_proj"": -0.02, ""self_attn.o_proj"": -0.001488095238095238, ""self_attn.q_proj"": -0.014285714285714285, ""self_attn.v_proj"": -0.007905138339920948}",0.0037442790928527113,0.5142857142857142,206.79999999999995,False,True
qwen,seqkd,20,E_if,E_ifeval,0.1,18,5,equal5_non_qk,True,"mlp.down_proj,mlp.gate_proj,mlp.up_proj,self_attn.o_proj,self_attn.v_proj","self_attn.q_proj,self_attn.k_proj",455.4,453.0,455.4,2.4,-0.005411710267517726,-0.005298013245033062,"{""mlp.down_proj"": 839.0, ""mlp.gate_proj"": 228.0, ""mlp.up_proj"": 695.0, ""self_attn.o_proj"": 387.0, ""self_attn.v_proj"": 116.0}","{""mlp.down_proj"": 845.0, ""mlp.gate_proj"": 229.0, ""mlp.up_proj"": 698.0, ""self_attn.o_proj"": 388.0, ""self_attn.v_proj"": 117.0}","{""mlp.down_proj"": 6.0, ""mlp.gate_proj"": 1.0, ""mlp.up_proj"": 3.0, ""self_attn.o_proj"": 1.0, ""self_attn.v_proj"": 1.0}","{""mlp.down_proj"": -0.007151370679380214, ""mlp.gate_proj"": -0.0043859649122807015, ""mlp.up_proj"": -0.004316546762589928, ""self_attn.o_proj"": -0.002583979328165375, ""self_attn.v_proj"": -0.008620689655172414}",0.0038928712952552664,-0.009304581562772992,7,equal7,True,"mlp.down_proj,mlp.gate_proj,mlp.up_proj,self_attn.k_proj,self_attn.o_proj,self_attn.q_proj,self_attn.v_proj",,329.14285714285717,327.42857142857144,329.14285714285717,1.7142857142857142,-0.003865507333941233,-0.005235602094240862,"{""mlp.down_proj"": 839.0, ""mlp.gate_proj"": 228.0, ""mlp.up_proj"": 695.0, ""self_attn.k_proj"": 16.0, ""self_attn.o_proj"": 387.0, ""self_attn.q_proj"": 11.0, ""self_attn.v_proj"": 116.0}","{""mlp.down_proj"": 845.0, ""mlp.gate_proj"": 229.0, ""mlp.up_proj"": 698.0, ""self_attn.k_proj"": 16.0, ""self_attn.o_proj"": 388.0, ""self_attn.q_proj"": 11.0, ""self_attn.v_proj"": 117.0}","{""mlp.down_proj"": 6.0, ""mlp.gate_proj"": 1.0, ""mlp.up_proj"": 3.0, ""self_attn.k_proj"": 0.0, ""self_attn.o_proj"": 1.0, ""self_attn.q_proj"": 0.0, ""self_attn.v_proj"": 1.0}","{""mlp.down_proj"": -0.007151370679380214, ""mlp.gate_proj"": -0.0043859649122807015, ""mlp.up_proj"": -0.004316546762589928, ""self_attn.k_proj"": 0.0, ""self_attn.o_proj"": -0.002583979328165375, ""self_attn.q_proj"": 0.0, ""self_attn.v_proj"": -0.008620689655172414}",-0.001546202933576493,0.6857142857142857,126.25714285714281,False,True
qwen,seqkd,20,E_math,E_mathHeld,0.01,18,5,equal5_non_qk,True,"mlp.down_proj,mlp.gate_proj,mlp.up_proj,self_attn.o_proj,self_attn.v_proj","self_attn.q_proj,self_attn.k_proj",1651.4,1649.6,1651.4,1.8,-0.0011657055167367681,-0.001091173617846861,"{""mlp.down_proj"": 2176.0, ""mlp.gate_proj"": 1819.0, ""mlp.up_proj"": 2046.0, ""self_attn.o_proj"": 1520.0, ""self_attn.v_proj"": 687.0}","{""mlp.down_proj"": 2178.0, ""mlp.gate_proj"": 1822.0, ""mlp.up_proj"": 2047.0, ""self_attn.o_proj"": 1522.0, ""self_attn.v_proj"": 688.0}","{""mlp.down_proj"": 2.0, ""mlp.gate_proj"": 3.0, ""mlp.up_proj"": 1.0, ""self_attn.o_proj"": 2.0, ""self_attn.v_proj"": 1.0}","{""mlp.down_proj"": -0.0009191176470588235, ""mlp.gate_proj"": -0.0016492578339747114, ""mlp.up_proj"": -0.0004887585532746823, ""self_attn.o_proj"": -0.0013157894736842105, ""self_attn.v_proj"": -0.001455604075691412}",0.0011830833868834597,-0.0023487889036202278,7,equal7,True,"mlp.down_proj,mlp.gate_proj,mlp.up_proj,self_attn.k_proj,self_attn.o_proj,self_attn.q_proj,self_attn.v_proj",,1340.857142857143,1339.0,1340.857142857143,1.8571428571428572,-0.0017886223420483867,-0.00138696255201112,"{""mlp.down_proj"": 2176.0, ""mlp.gate_proj"": 1819.0, ""mlp.up_proj"": 2046.0, ""self_attn.k_proj"": 363.0, ""self_attn.o_proj"": 1520.0, ""self_attn.q_proj"": 762.0, ""self_attn.v_proj"": 687.0}","{""mlp.down_proj"": 2178.0, ""mlp.gate_proj"": 1822.0, ""mlp.up_proj"": 2047.0, ""self_attn.k_proj"": 364.0, ""self_attn.o_proj"": 1522.0, ""self_attn.q_proj"": 765.0, ""self_attn.v_proj"": 688.0}","{""mlp.down_proj"": 2.0, ""mlp.gate_proj"": 3.0, ""mlp.up_proj"": 1.0, ""self_attn.k_proj"": 1.0, ""self_attn.o_proj"": 2.0, ""self_attn.q_proj"": 3.0, ""self_attn.v_proj"": 1.0}","{""mlp.down_proj"": -0.0009191176470588235, ""mlp.gate_proj"": -0.0016492578339747114, ""mlp.up_proj"": -0.0004887585532746823, ""self_attn.k_proj"": -0.0027548209366391185, ""self_attn.o_proj"": -0.0013157894736842105, ""self_attn.q_proj"": -0.003937007874015748, ""self_attn.v_proj"": -0.001455604075691412}",0.0006229168253116186,-0.05714285714285716,310.5428571428572,False,True
qwen,seqkd,20,E_math,E_mathHeld,0.025,18,5,equal5_non_qk,True,"mlp.down_proj,mlp.gate_proj,mlp.up_proj,self_attn.o_proj,self_attn.v_proj","self_attn.q_proj,self_attn.k_proj",1324.4,1322.2,1324.4,2.2,-0.0017804883208445393,-0.0016638935108153421,"{""mlp.down_proj"": 1875.0, ""mlp.gate_proj"": 1369.0, ""mlp.up_proj"": 1691.0, ""self_attn.o_proj"": 1157.0, ""self_attn.v_proj"": 519.0}","{""mlp.down_proj"": 1878.0, ""mlp.gate_proj"": 1372.0, ""mlp.up_proj"": 1692.0, ""self_attn.o_proj"": 1160.0, ""self_attn.v_proj"": 520.0}","{""mlp.down_proj"": 3.0, ""mlp.gate_proj"": 3.0, ""mlp.up_proj"": 1.0, ""self_attn.o_proj"": 3.0, ""self_attn.v_proj"": 1.0}","{""mlp.down_proj"": -0.0016, ""mlp.gate_proj"": -0.002191380569758948, ""mlp.up_proj"": -0.0005913660555884093, ""self_attn.o_proj"": -0.0025929127052722557, ""self_attn.v_proj"": -0.0019267822736030828}",0.0019127322411039704,-0.00369322056194851,7,equal7,True,"mlp.down_proj,mlp.gate_proj,mlp.up_proj,self_attn.k_proj,self_attn.o_proj,self_attn.q_proj,self_attn.v_proj",,1027.5714285714287,1025.5714285714287,1027.5714285714287,2.0,-0.002781498821444179,-0.0019501323304081347,"{""mlp.down_proj"": 1875.0, ""mlp.gate_proj"": 1369.0, ""mlp.up_proj"": 1691.0, ""self_attn.k_proj"": 189.0, ""self_attn.o_proj"": 1157.0, ""self_attn.q_proj"": 379.0, ""self_attn.v_proj"": 519.0}","{""mlp.down_proj"": 1878.0, ""mlp.gate_proj"": 1372.0, ""mlp.up_proj"": 1692.0, ""self_attn.k_proj"": 190.0, ""self_attn.o_proj"": 1160.0, ""self_attn.q_proj"": 381.0, ""self_attn.v_proj"": 520.0}","{""mlp.down_proj"": 3.0, ""mlp.gate_proj"": 3.0, ""mlp.up_proj"": 1.0, ""self_attn.k_proj"": 1.0, ""self_attn.o_proj"": 3.0, ""self_attn.q_proj"": 2.0, ""self_attn.v_proj"": 1.0}","{""mlp.down_proj"": -0.0016, ""mlp.gate_proj"": -0.002191380569758948, ""mlp.up_proj"": -0.0005913660555884093, ""self_attn.k_proj"": -0.005291005291005291, ""self_attn.o_proj"": -0.0025929127052722557, ""self_attn.q_proj"": -0.005277044854881266, ""self_attn.v_proj"": -0.0019267822736030828}",0.0010010105005996397,0.20000000000000018,296.8285714285714,False,True
qwen,seqkd,20,E_math,E_mathHeld,0.05,18,5,equal5_non_qk,True,"mlp.down_proj,mlp.gate_proj,mlp.up_proj,self_attn.o_proj,self_attn.v_proj","self_attn.q_proj,self_attn.k_proj",1016.8,1014.2,1016.8,2.6,-0.002656784138529332,-0.002563596923683602,"{""mlp.down_proj"": 1552.0, ""mlp.gate_proj"": 956.0, ""mlp.up_proj"": 1332.0, ""self_attn.o_proj"": 860.0, ""self_attn.v_proj"": 371.0}","{""mlp.down_proj"": 1556.0, ""mlp.gate_proj"": 960.0, ""mlp.up_proj"": 1334.0, ""self_attn.o_proj"": 862.0, ""self_attn.v_proj"": 372.0}","{""mlp.down_proj"": 4.0, ""mlp.gate_proj"": 4.0, ""mlp.up_proj"": 2.0, ""self_attn.o_proj"": 2.0, ""self_attn.v_proj"": 1.0}","{""mlp.down_proj"": -0.002577319587628866, ""mlp.gate_proj"": -0.0041841004184100415, ""mlp.up_proj"": -0.0015015015015015015, ""self_attn.o_proj"": -0.002325581395348837, ""self_attn.v_proj"": -0.0026954177897574125}",0.00285163598012145,-0.005508420118650782,7,equal7,True,"mlp.down_proj,mlp.gate_proj,mlp.up_proj,self_attn.k_proj,self_attn.o_proj,self_attn.q_proj,self_attn.v_proj",,760.4285714285714,758.1428571428571,760.4285714285714,2.2857142857142856,-0.005495150804411307,-0.003014885999623204,"{""mlp.down_proj"": 1552.0, ""mlp.gate_proj"": 956.0, ""mlp.up_proj"": 1332.0, ""self_attn.k_proj"": 82.0, ""self_attn.o_proj"": 860.0, ""self_attn.q_proj"": 154.0, ""self_attn.v_proj"": 371.0}","{""mlp.down_proj"": 1556.0, ""mlp.gate_proj"": 960.0, ""mlp.up_proj"": 1334.0, ""self_attn.k_proj"": 83.0, ""self_attn.o_proj"": 862.0, ""self_attn.q_proj"": 156.0, ""self_attn.v_proj"": 372.0}","{""mlp.down_proj"": 4.0, ""mlp.gate_proj"": 4.0, ""mlp.up_proj"": 2.0, ""self_attn.k_proj"": 1.0, ""self_attn.o_proj"": 2.0, ""self_attn.q_proj"": 2.0, ""self_attn.v_proj"": 1.0}","{""mlp.down_proj"": -0.002577319587628866, ""mlp.gate_proj"": -0.0041841004184100415, ""mlp.up_proj"": -0.0015015015015015015, ""self_attn.k_proj"": -0.012195121951219513, ""self_attn.o_proj"": -0.002325581395348837, ""self_attn.q_proj"": -0.012987012987012988, ""self_attn.v_proj"": -0.0026954177897574125}",0.0028383666658819756,0.3142857142857145,256.3714285714285,False,True
qwen,seqkd,20,E_math,E_mathHeld,0.1,18,5,equal5_non_qk,True,"mlp.down_proj,mlp.gate_proj,mlp.up_proj,self_attn.o_proj,self_attn.v_proj","self_attn.q_proj,self_attn.k_proj",675.8,673.2,675.8,2.6,-0.004104675181662383,-0.003862150920974315,"{""mlp.down_proj"": 1147.0, ""mlp.gate_proj"": 529.0, ""mlp.up_proj"": 913.0, ""self_attn.o_proj"": 561.0, ""self_attn.v_proj"": 216.0}","{""mlp.down_proj"": 1152.0, ""mlp.gate_proj"": 533.0, ""mlp.up_proj"": 915.0, ""self_attn.o_proj"": 562.0, ""self_attn.v_proj"": 217.0}","{""mlp.down_proj"": 5.0, ""mlp.gate_proj"": 4.0, ""mlp.up_proj"": 2.0, ""self_attn.o_proj"": 1.0, ""self_attn.v_proj"": 1.0}","{""mlp.down_proj"": -0.004359197907585004, ""mlp.gate_proj"": -0.007561436672967864, ""mlp.up_proj"": -0.002190580503833516, ""self_attn.o_proj"": -0.0017825311942959, ""self_attn.v_proj"": -0.004629629629629629}",0.0038928712952552664,-0.007997546476917649,7,equal7,True,"mlp.down_proj,mlp.gate_proj,mlp.up_proj,self_attn.k_proj,self_attn.o_proj,self_attn.q_proj,self_attn.v_proj",,490.57142857142856,488.7142857142857,490.57142857142856,1.8571428571428572,-0.0029319108440445593,-0.003800058462437834,"{""mlp.down_proj"": 1147.0, ""mlp.gate_proj"": 529.0, ""mlp.up_proj"": 913.0, ""self_attn.k_proj"": 24.0, ""self_attn.o_proj"": 561.0, ""self_attn.q_proj"": 31.0, ""self_attn.v_proj"": 216.0}","{""mlp.down_proj"": 1152.0, ""mlp.gate_proj"": 533.0, ""mlp.up_proj"": 915.0, ""self_attn.k_proj"": 24.0, ""self_attn.o_proj"": 562.0, ""self_attn.q_proj"": 31.0, ""self_attn.v_proj"": 217.0}","{""mlp.down_proj"": 5.0, ""mlp.gate_proj"": 4.0, ""mlp.up_proj"": 2.0, ""self_attn.k_proj"": 0.0, ""self_attn.o_proj"": 1.0, ""self_attn.q_proj"": 0.0, ""self_attn.v_proj"": 1.0}","{""mlp.down_proj"": -0.004359197907585004, ""mlp.gate_proj"": -0.007561436672967864, ""mlp.up_proj"": -0.002190580503833516, ""self_attn.k_proj"": 0.0, ""self_attn.o_proj"": -0.0017825311942959, ""self_attn.q_proj"": 0.0, ""self_attn.v_proj"": -0.004629629629629629}",-0.001172764337617824,0.7428571428571429,185.2285714285714,False,True
qwen,seqkd,20,E_ood,E_mmluPro,0.01,18,5,equal5_non_qk,True,"mlp.down_proj,mlp.gate_proj,mlp.up_proj,self_attn.o_proj,self_attn.v_proj","self_attn.q_proj,self_attn.k_proj",1612.4,1610.4,1612.4,2.0,-0.0012990500840037145,-0.0012419274714356682,"{""mlp.down_proj"": 2156.0, ""mlp.gate_proj"": 1667.0, ""mlp.up_proj"": 2029.0, ""self_attn.o_proj"": 1471.0, ""self_attn.v_proj"": 729.0}","{""mlp.down_proj"": 2159.0, ""mlp.gate_proj"": 1669.0, ""mlp.up_proj"": 2030.0, ""self_attn.o_proj"": 1474.0, ""self_attn.v_proj"": 730.0}","{""mlp.down_proj"": 3.0, ""mlp.gate_proj"": 2.0, ""mlp.up_proj"": 1.0, ""self_attn.o_proj"": 3.0, ""self_attn.v_proj"": 1.0}","{""mlp.down_proj"": -0.0013914656771799629, ""mlp.gate_proj"": -0.0011997600479904018, ""mlp.up_proj"": -0.0004928536224741252, ""self_attn.o_proj"": -0.0020394289598912306, ""self_attn.v_proj"": -0.0013717421124828531}",0.0011830833868834597,-0.002482133470887174,7,equal7,True,"mlp.down_proj,mlp.gate_proj,mlp.up_proj,self_attn.k_proj,self_attn.o_proj,self_attn.q_proj,self_attn.v_proj",,1308.0,1305.5714285714287,1308.0,2.4285714285714284,-0.002681377838731532,-0.0018601597548965221,"{""mlp.down_proj"": 2156.0, ""mlp.gate_proj"": 1667.0, ""mlp.up_proj"": 2029.0, ""self_attn.k_proj"": 402.0, ""self_attn.o_proj"": 1471.0, ""self_attn.q_proj"": 685.0, ""self_attn.v_proj"": 729.0}","{""mlp.down_proj"": 2159.0, ""mlp.gate_proj"": 1669.0, ""mlp.up_proj"": 2030.0, ""self_attn.k_proj"": 404.0, ""self_attn.o_proj"": 1474.0, ""self_attn.q_proj"": 690.0, ""self_attn.v_proj"": 730.0}","{""mlp.down_proj"": 3.0, ""mlp.gate_proj"": 2.0, ""mlp.up_proj"": 1.0, ""self_attn.k_proj"": 2.0, ""self_attn.o_proj"": 3.0, ""self_attn.q_proj"": 5.0, ""self_attn.v_proj"": 1.0}","{""mlp.down_proj"": -0.0013914656771799629, ""mlp.gate_proj"": -0.0011997600479904018, ""mlp.up_proj"": -0.0004928536224741252, ""self_attn.k_proj"": -0.004975124378109453, ""self_attn.o_proj"": -0.0020394289598912306, ""self_attn.q_proj"": -0.0072992700729927005, ""self_attn.v_proj"": -0.0013717421124828531}",0.0013823277547278176,-0.4285714285714284,304.4000000000001,False,True
qwen,seqkd,20,E_ood,E_mmluPro,0.025,18,5,equal5_non_qk,True,"mlp.down_proj,mlp.gate_proj,mlp.up_proj,self_attn.o_proj,self_attn.v_proj","self_attn.q_proj,self_attn.k_proj",1270.8,1268.4,1270.8,2.4,-0.00196252464636587,-0.0018921475875117182,"{""mlp.down_proj"": 1847.0, ""mlp.gate_proj"": 1163.0, ""mlp.up_proj"": 1655.0, ""self_attn.o_proj"": 1105.0, ""self_attn.v_proj"": 572.0}","{""mlp.down_proj"": 1851.0, ""mlp.gate_proj"": 1166.0, ""mlp.up_proj"": 1656.0, ""self_attn.o_proj"": 1108.0, ""self_attn.v_proj"": 573.0}","{""mlp.down_proj"": 4.0, ""mlp.gate_proj"": 3.0, ""mlp.up_proj"": 1.0, ""self_attn.o_proj"": 3.0, ""self_attn.v_proj"": 1.0}","{""mlp.down_proj"": -0.002165674066053059, ""mlp.gate_proj"": -0.0025795356835769563, ""mlp.up_proj"": -0.0006042296072507553, ""self_attn.o_proj"": -0.0027149321266968325, ""self_attn.v_proj"": -0.0017482517482517483}",0.0019127322411039704,-0.0038752568874698403,7,equal7,True,"mlp.down_proj,mlp.gate_proj,mlp.up_proj,self_attn.k_proj,self_attn.o_proj,self_attn.q_proj,self_attn.v_proj",,986.7142857142857,984.2857142857143,986.7142857142857,2.4285714285714284,-0.003819866524426733,-0.00246734397677784,"{""mlp.down_proj"": 1847.0, ""mlp.gate_proj"": 1163.0, ""mlp.up_proj"": 1655.0, ""self_attn.k_proj"": 230.0, ""self_attn.o_proj"": 1105.0, ""self_attn.q_proj"": 318.0, ""self_attn.v_proj"": 572.0}","{""mlp.down_proj"": 1851.0, ""mlp.gate_proj"": 1166.0, ""mlp.up_proj"": 1656.0, ""self_attn.k_proj"": 231.0, ""self_attn.o_proj"": 1108.0, ""self_attn.q_proj"": 322.0, ""self_attn.v_proj"": 573.0}","{""mlp.down_proj"": 4.0, ""mlp.gate_proj"": 3.0, ""mlp.up_proj"": 1.0, ""self_attn.k_proj"": 1.0, ""self_attn.o_proj"": 3.0, ""self_attn.q_proj"": 4.0, ""self_attn.v_proj"": 1.0}","{""mlp.down_proj"": -0.002165674066053059, ""mlp.gate_proj"": -0.0025795356835769563, ""mlp.up_proj"": -0.0006042296072507553, ""self_attn.k_proj"": -0.004347826086956522, ""self_attn.o_proj"": -0.0027149321266968325, ""self_attn.q_proj"": -0.012578616352201259, ""self_attn.v_proj"": -0.0017482517482517483}",0.001857341878060863,-0.02857142857142847,284.0857142857143,False,True
qwen,seqkd,20,E_ood,E_mmluPro,0.05,18,5,equal5_non_qk,True,"mlp.down_proj,mlp.gate_proj,mlp.up_proj,self_attn.o_proj,self_attn.v_proj","self_attn.q_proj,self_attn.k_proj",957.4,954.4,957.4,3.0,-0.0032697530058095267,-0.0031433361274098913,"{""mlp.down_proj"": 1519.0, ""mlp.gate_proj"": 731.0, ""mlp.up_proj"": 1281.0, ""self_attn.o_proj"": 810.0, ""self_attn.v_proj"": 431.0}","{""mlp.down_proj"": 1524.0, ""mlp.gate_proj"": 735.0, ""mlp.up_proj"": 1283.0, ""self_attn.o_proj"": 813.0, ""self_attn.v_proj"": 432.0}","{""mlp.down_proj"": 5.0, ""mlp.gate_proj"": 4.0, ""mlp.up_proj"": 2.0, ""self_attn.o_proj"": 3.0, ""self_attn.v_proj"": 1.0}","{""mlp.down_proj"": -0.0032916392363396972, ""mlp.gate_proj"": -0.005471956224350205, ""mlp.up_proj"": -0.00156128024980484, ""self_attn.o_proj"": -0.003703703703703704, ""self_attn.v_proj"": -0.002320185614849188}",0.00285163598012145,-0.006121388985930977,7,equal7,True,"mlp.down_proj,mlp.gate_proj,mlp.up_proj,self_attn.k_proj,self_attn.o_proj,self_attn.q_proj,self_attn.v_proj",,718.2857142857143,715.5714285714286,718.2857142857143,2.7142857142857144,-0.007108977587710302,-0.00379317228987831,"{""mlp.down_proj"": 1519.0, ""mlp.gate_proj"": 731.0, ""mlp.up_proj"": 1281.0, ""self_attn.k_proj"": 116.0, ""self_attn.o_proj"": 810.0, ""self_attn.q_proj"": 121.0, ""self_attn.v_proj"": 431.0}","{""mlp.down_proj"": 1524.0, ""mlp.gate_proj"": 735.0, ""mlp.up_proj"": 1283.0, ""self_attn.k_proj"": 117.0, ""self_attn.o_proj"": 813.0, ""self_attn.q_proj"": 124.0, ""self_attn.v_proj"": 432.0}","{""mlp.down_proj"": 5.0, ""mlp.gate_proj"": 4.0, ""mlp.up_proj"": 2.0, ""self_attn.k_proj"": 1.0, ""self_attn.o_proj"": 3.0, ""self_attn.q_proj"": 3.0, ""self_attn.v_proj"": 1.0}","{""mlp.down_proj"": -0.0032916392363396972, ""mlp.gate_proj"": -0.005471956224350205, ""mlp.up_proj"": -0.00156128024980484, ""self_attn.k_proj"": -0.008620689655172414, ""self_attn.o_proj"": -0.003703703703703704, ""self_attn.q_proj"": -0.024793388429752067, ""self_attn.v_proj"": -0.002320185614849188}",0.0038392245819007754,0.2857142857142856,239.11428571428564,False,True
qwen,seqkd,20,E_ood,E_mmluPro,0.1,18,5,equal5_non_qk,True,"mlp.down_proj,mlp.gate_proj,mlp.up_proj,self_attn.o_proj,self_attn.v_proj","self_attn.q_proj,self_attn.k_proj",620.4,617.4,620.4,3.0,-0.00510956925276185,-0.004859086491739553,"{""mlp.down_proj"": 1114.0, ""mlp.gate_proj"": 327.0, ""mlp.up_proj"": 850.0, ""self_attn.o_proj"": 518.0, ""self_attn.v_proj"": 278.0}","{""mlp.down_proj"": 1120.0, ""mlp.gate_proj"": 330.0, ""mlp.up_proj"": 853.0, ""self_attn.o_proj"": 520.0, ""self_attn.v_proj"": 279.0}","{""mlp.down_proj"": 6.0, ""mlp.gate_proj"": 3.0, ""mlp.up_proj"": 3.0, ""self_attn.o_proj"": 2.0, ""self_attn.v_proj"": 1.0}","{""mlp.down_proj"": -0.005385996409335727, ""mlp.gate_proj"": -0.009174311926605505, ""mlp.up_proj"": -0.0035294117647058825, ""self_attn.o_proj"": -0.003861003861003861, ""self_attn.v_proj"": -0.0035971223021582736}",0.0038928712952552664,-0.009002440548017117,7,equal7,True,"mlp.down_proj,mlp.gate_proj,mlp.up_proj,self_attn.k_proj,self_attn.o_proj,self_attn.q_proj,self_attn.v_proj",,452.85714285714283,450.42857142857144,452.85714285714283,2.4285714285714284,-0.012715626389335388,-0.005391690453536224,"{""mlp.down_proj"": 1114.0, ""mlp.gate_proj"": 327.0, ""mlp.up_proj"": 850.0, ""self_attn.k_proj"": 40.0, ""self_attn.o_proj"": 518.0, ""self_attn.q_proj"": 26.0, ""self_attn.v_proj"": 278.0}","{""mlp.down_proj"": 1120.0, ""mlp.gate_proj"": 330.0, ""mlp.up_proj"": 853.0, ""self_attn.k_proj"": 41.0, ""self_attn.o_proj"": 520.0, ""self_attn.q_proj"": 27.0, ""self_attn.v_proj"": 279.0}","{""mlp.down_proj"": 6.0, ""mlp.gate_proj"": 3.0, ""mlp.up_proj"": 3.0, ""self_attn.k_proj"": 1.0, ""self_attn.o_proj"": 2.0, ""self_attn.q_proj"": 1.0, ""self_attn.v_proj"": 1.0}","{""mlp.down_proj"": -0.005385996409335727, ""mlp.gate_proj"": -0.009174311926605505, ""mlp.up_proj"": -0.0035294117647058825, ""self_attn.k_proj"": -0.025, ""self_attn.o_proj"": -0.003861003861003861, ""self_attn.q_proj"": -0.038461538461538464, ""self_attn.v_proj"": -0.0035971223021582736}",0.0076060571365735375,0.5714285714285716,167.54285714285714,False,True
qwen,seqkd,40,E_general,E_general,0.01,18,5,equal5_non_qk,True,"mlp.down_proj,mlp.gate_proj,mlp.up_proj,self_attn.o_proj,self_attn.v_proj","self_attn.q_proj,self_attn.k_proj",1631.2,1634.4,1631.2,-3.2,0.0021473906446340878,0.0019579050416055096,"{""mlp.down_proj"": 2190.0, ""mlp.gate_proj"": 1641.0, ""mlp.up_proj"": 2064.0, ""self_attn.o_proj"": 1546.0, ""self_attn.v_proj"": 731.0}","{""mlp.down_proj"": 2188.0, ""mlp.gate_proj"": 1636.0, ""mlp.up_proj"": 2061.0, ""self_attn.o_proj"": 1542.0, ""self_attn.v_proj"": 729.0}","{""mlp.down_proj"": -2.0, ""mlp.gate_proj"": -5.0, ""mlp.up_proj"": -3.0, ""self_attn.o_proj"": -4.0, ""self_attn.v_proj"": -2.0}","{""mlp.down_proj"": 0.0009132420091324201, ""mlp.gate_proj"": 0.0030469226081657527, ""mlp.up_proj"": 0.0014534883720930232, ""self_attn.o_proj"": 0.00258732212160414, ""self_attn.v_proj"": 0.0027359781121751026}",0.0021473906446340878,0.0,7,equal7,True,"mlp.down_proj,mlp.gate_proj,mlp.up_proj,self_attn.k_proj,self_attn.o_proj,self_attn.q_proj,self_attn.v_proj",,1325.0,1328.4285714285713,1325.0,-3.4285714285714284,0.003427149733394558,0.002580922679857976,"{""mlp.down_proj"": 2190.0, ""mlp.gate_proj"": 1641.0, ""mlp.up_proj"": 2064.0, ""self_attn.k_proj"": 400.0, ""self_attn.o_proj"": 1546.0, ""self_attn.q_proj"": 727.0, ""self_attn.v_proj"": 731.0}","{""mlp.down_proj"": 2188.0, ""mlp.gate_proj"": 1636.0, ""mlp.up_proj"": 2061.0, ""self_attn.k_proj"": 398.0, ""self_attn.o_proj"": 1542.0, ""self_attn.q_proj"": 721.0, ""self_attn.v_proj"": 729.0}","{""mlp.down_proj"": -2.0, ""mlp.gate_proj"": -5.0, ""mlp.up_proj"": -3.0, ""self_attn.k_proj"": -2.0, ""self_attn.o_proj"": -4.0, ""self_attn.q_proj"": -6.0, ""self_attn.v_proj"": -2.0}","{""mlp.down_proj"": 0.0009132420091324201, ""mlp.gate_proj"": 0.0030469226081657527, ""mlp.up_proj"": 0.0014534883720930232, ""self_attn.k_proj"": 0.005, ""self_attn.o_proj"": 0.00258732212160414, ""self_attn.q_proj"": 0.008253094910591471, ""self_attn.v_proj"": 0.0027359781121751026}",-0.0012797590887604704,0.2285714285714282,306.20000000000005,False,True
qwen,seqkd,40,E_general,E_general,0.025,18,5,equal5_non_qk,True,"mlp.down_proj,mlp.gate_proj,mlp.up_proj,self_attn.o_proj,self_attn.v_proj","self_attn.q_proj,self_attn.k_proj",1296.0,1299.6,1296.0,-3.6,0.003111211068085201,0.002770083102493005,"{""mlp.down_proj"": 1900.0, ""mlp.gate_proj"": 1133.0, ""mlp.up_proj"": 1706.0, ""self_attn.o_proj"": 1186.0, ""self_attn.v_proj"": 573.0}","{""mlp.down_proj"": 1898.0, ""mlp.gate_proj"": 1127.0, ""mlp.up_proj"": 1702.0, ""self_attn.o_proj"": 1182.0, ""self_attn.v_proj"": 571.0}","{""mlp.down_proj"": -2.0, ""mlp.gate_proj"": -6.0, ""mlp.up_proj"": -4.0, ""self_attn.o_proj"": -4.0, ""self_attn.v_proj"": -2.0}","{""mlp.down_proj"": 0.0010526315789473684, ""mlp.gate_proj"": 0.00529567519858782, ""mlp.up_proj"": 0.0023446658851113715, ""self_attn.o_proj"": 0.003372681281618887, ""self_attn.v_proj"": 0.0034904013961605585}",0.003111211068085201,0.0,7,equal7,True,"mlp.down_proj,mlp.gate_proj,mlp.up_proj,self_attn.k_proj,self_attn.o_proj,self_attn.q_proj,self_attn.v_proj",,1008.0,1011.2857142857143,1008.0,-3.2857142857142856,0.0044658252446124185,0.0032490464754909368,"{""mlp.down_proj"": 1900.0, ""mlp.gate_proj"": 1133.0, ""mlp.up_proj"": 1706.0, ""self_attn.k_proj"": 227.0, ""self_attn.o_proj"": 1186.0, ""self_attn.q_proj"": 354.0, ""self_attn.v_proj"": 573.0}","{""mlp.down_proj"": 1898.0, ""mlp.gate_proj"": 1127.0, ""mlp.up_proj"": 1702.0, ""self_attn.k_proj"": 226.0, ""self_attn.o_proj"": 1182.0, ""self_attn.q_proj"": 350.0, ""self_attn.v_proj"": 571.0}","{""mlp.down_proj"": -2.0, ""mlp.gate_proj"": -6.0, ""mlp.up_proj"": -4.0, ""self_attn.k_proj"": -1.0, ""self_attn.o_proj"": -4.0, ""self_attn.q_proj"": -4.0, ""self_attn.v_proj"": -2.0}","{""mlp.down_proj"": 0.0010526315789473684, ""mlp.gate_proj"": 0.00529567519858782, ""mlp.up_proj"": 0.0023446658851113715, ""self_attn.k_proj"": 0.004405286343612335, ""self_attn.o_proj"": 0.003372681281618887, ""self_attn.q_proj"": 0.011299435028248588, ""self_attn.v_proj"": 0.0034904013961605585}",-0.0013546141765272174,-0.3142857142857145,288.0,False,True
qwen,seqkd,40,E_general,E_general,0.05,18,5,equal5_non_qk,True,"mlp.down_proj,mlp.gate_proj,mlp.up_proj,self_attn.o_proj,self_attn.v_proj","self_attn.q_proj,self_attn.k_proj",987.2,991.2,987.2,-4.0,0.004660196988293078,0.004035512510088781,"{""mlp.down_proj"": 1590.0, ""mlp.gate_proj"": 701.0, ""mlp.up_proj"": 1344.0, ""self_attn.o_proj"": 890.0, ""self_attn.v_proj"": 431.0}","{""mlp.down_proj"": 1587.0, ""mlp.gate_proj"": 695.0, ""mlp.up_proj"": 1339.0, ""self_attn.o_proj"": 886.0, ""self_attn.v_proj"": 429.0}","{""mlp.down_proj"": -3.0, ""mlp.gate_proj"": -6.0, ""mlp.up_proj"": -5.0, ""self_attn.o_proj"": -4.0, ""self_attn.v_proj"": -2.0}","{""mlp.down_proj"": 0.0018867924528301887, ""mlp.gate_proj"": 0.008559201141226819, ""mlp.up_proj"": 0.003720238095238095, ""self_attn.o_proj"": 0.0044943820224719105, ""self_attn.v_proj"": 0.004640371229698376}",0.004660196988293078,0.0,7,equal7,True,"mlp.down_proj,mlp.gate_proj,mlp.up_proj,self_attn.k_proj,self_attn.o_proj,self_attn.q_proj,self_attn.v_proj",,741.5714285714286,744.7142857142857,741.5714285714286,-3.142857142857143,0.00531283911862204,0.00422021868405904,"{""mlp.down_proj"": 1590.0, ""mlp.gate_proj"": 701.0, ""mlp.up_proj"": 1344.0, ""self_attn.k_proj"": 113.0, ""self_attn.o_proj"": 890.0, ""self_attn.q_proj"": 144.0, ""self_attn.v_proj"": 431.0}","{""mlp.down_proj"": 1587.0, ""mlp.gate_proj"": 695.0, ""mlp.up_proj"": 1339.0, ""self_attn.k_proj"": 113.0, ""self_attn.o_proj"": 886.0, ""self_attn.q_proj"": 142.0, ""self_attn.v_proj"": 429.0}","{""mlp.down_proj"": -3.0, ""mlp.gate_proj"": -6.0, ""mlp.up_proj"": -5.0, ""self_attn.k_proj"": 0.0, ""self_attn.o_proj"": -4.0, ""self_attn.q_proj"": -2.0, ""self_attn.v_proj"": -2.0}","{""mlp.down_proj"": 0.0018867924528301887, ""mlp.gate_proj"": 0.008559201141226819, ""mlp.up_proj"": 0.003720238095238095, ""self_attn.k_proj"": 0.0, ""self_attn.o_proj"": 0.0044943820224719105, ""self_attn.q_proj"": 0.013888888888888888, ""self_attn.v_proj"": 0.004640371229698376}",-0.0006526421303289622,-0.8571428571428572,245.6285714285715,False,True
qwen,seqkd,40,E_general,E_general,0.1,18,5,equal5_non_qk,True,"mlp.down_proj,mlp.gate_proj,mlp.up_proj,self_attn.o_proj,self_attn.v_proj","self_attn.q_proj,self_attn.k_proj",654.0,657.2,654.0,-3.2,0.006498950926919579,0.004869141813755394,"{""mlp.down_proj"": 1200.0, ""mlp.gate_proj"": 300.0, ""mlp.up_proj"": 920.0, ""self_attn.o_proj"": 589.0, ""self_attn.v_proj"": 277.0}","{""mlp.down_proj"": 1197.0, ""mlp.gate_proj"": 296.0, ""mlp.up_proj"": 916.0, ""self_attn.o_proj"": 586.0, ""self_attn.v_proj"": 275.0}","{""mlp.down_proj"": -3.0, ""mlp.gate_proj"": -4.0, ""mlp.up_proj"": -4.0, ""self_attn.o_proj"": -3.0, ""self_attn.v_proj"": -2.0}","{""mlp.down_proj"": 0.0025, ""mlp.gate_proj"": 0.013333333333333334, ""mlp.up_proj"": 0.004347826086956522, ""self_attn.o_proj"": 0.0050933786078098476, ""self_attn.v_proj"": 0.007220216606498195}",0.006498950926919579,0.0,7,equal7,True,"mlp.down_proj,mlp.gate_proj,mlp.up_proj,self_attn.k_proj,self_attn.o_proj,self_attn.q_proj,self_attn.v_proj",,477.2857142857143,479.7142857142857,477.2857142857143,-2.4285714285714284,0.008971112133946886,0.005062537224538449,"{""mlp.down_proj"": 1200.0, ""mlp.gate_proj"": 300.0, ""mlp.up_proj"": 920.0, ""self_attn.k_proj"": 39.0, ""self_attn.o_proj"": 589.0, ""self_attn.q_proj"": 33.0, ""self_attn.v_proj"": 277.0}","{""mlp.down_proj"": 1197.0, ""mlp.gate_proj"": 296.0, ""mlp.up_proj"": 916.0, ""self_attn.k_proj"": 39.0, ""self_attn.o_proj"": 586.0, ""self_attn.q_proj"": 32.0, ""self_attn.v_proj"": 275.0}","{""mlp.down_proj"": -3.0, ""mlp.gate_proj"": -4.0, ""mlp.up_proj"": -4.0, ""self_attn.k_proj"": 0.0, ""self_attn.o_proj"": -3.0, ""self_attn.q_proj"": -1.0, ""self_attn.v_proj"": -2.0}","{""mlp.down_proj"": 0.0025, ""mlp.gate_proj"": 0.013333333333333334, ""mlp.up_proj"": 0.004347826086956522, ""self_attn.k_proj"": 0.0, ""self_attn.o_proj"": 0.0050933786078098476, ""self_attn.q_proj"": 0.030303030303030304, ""self_attn.v_proj"": 0.007220216606498195}",-0.0024721612070273073,-0.7714285714285718,176.71428571428572,False,True
qwen,seqkd,40,E_if,E_ifeval,0.01,18,5,equal5_non_qk,True,"mlp.down_proj,mlp.gate_proj,mlp.up_proj,self_attn.o_proj,self_attn.v_proj","self_attn.q_proj,self_attn.k_proj",1485.6,1484.2,1485.6,1.4,-0.0010012474811604548,-0.0009432691011992074,"{""mlp.down_proj"": 2024.0, ""mlp.gate_proj"": 1528.0, ""mlp.up_proj"": 1933.0, ""self_attn.o_proj"": 1347.0, ""self_attn.v_proj"": 589.0}","{""mlp.down_proj"": 2027.0, ""mlp.gate_proj"": 1530.0, ""mlp.up_proj"": 1934.0, ""self_attn.o_proj"": 1347.0, ""self_attn.v_proj"": 590.0}","{""mlp.down_proj"": 3.0, ""mlp.gate_proj"": 2.0, ""mlp.up_proj"": 1.0, ""self_attn.o_proj"": 0.0, ""self_attn.v_proj"": 1.0}","{""mlp.down_proj"": -0.0014822134387351778, ""mlp.gate_proj"": -0.0013089005235602095, ""mlp.up_proj"": -0.0005173305742369374, ""self_attn.o_proj"": 0.0, ""self_attn.v_proj"": -0.001697792869269949}",0.0021473906446340878,-0.003148638125794543,7,equal7,True,"mlp.down_proj,mlp.gate_proj,mlp.up_proj,self_attn.k_proj,self_attn.o_proj,self_attn.q_proj,self_attn.v_proj",,1175.7142857142858,1174.0,1175.7142857142858,1.7142857142857142,-0.00232897555072364,-0.0014602092966659109,"{""mlp.down_proj"": 2024.0, ""mlp.gate_proj"": 1528.0, ""mlp.up_proj"": 1933.0, ""self_attn.k_proj"": 273.0, ""self_attn.o_proj"": 1347.0, ""self_attn.q_proj"": 524.0, ""self_attn.v_proj"": 589.0}","{""mlp.down_proj"": 2027.0, ""mlp.gate_proj"": 1530.0, ""mlp.up_proj"": 1934.0, ""self_attn.k_proj"": 274.0, ""self_attn.o_proj"": 1347.0, ""self_attn.q_proj"": 528.0, ""self_attn.v_proj"": 590.0}","{""mlp.down_proj"": 3.0, ""mlp.gate_proj"": 2.0, ""mlp.up_proj"": 1.0, ""self_attn.k_proj"": 1.0, ""self_attn.o_proj"": 0.0, ""self_attn.q_proj"": 4.0, ""self_attn.v_proj"": 1.0}","{""mlp.down_proj"": -0.0014822134387351778, ""mlp.gate_proj"": -0.0013089005235602095, ""mlp.up_proj"": -0.0005173305742369374, ""self_attn.k_proj"": -0.003663003663003663, ""self_attn.o_proj"": 0.0, ""self_attn.q_proj"": -0.007633587786259542, ""self_attn.v_proj"": -0.001697792869269949}",0.001327728069563185,-0.3142857142857143,309.88571428571413,False,True
qwen,seqkd,40,E_if,E_ifeval,0.025,18,5,equal5_non_qk,True,"mlp.down_proj,mlp.gate_proj,mlp.up_proj,self_attn.o_proj,self_attn.v_proj","self_attn.q_proj,self_attn.k_proj",1111.2,1109.6,1111.2,1.6,-0.0015096944049964906,-0.0014419610670513127,"{""mlp.down_proj"": 1649.0, ""mlp.gate_proj"": 1005.0, ""mlp.up_proj"": 1521.0, ""self_attn.o_proj"": 969.0, ""self_attn.v_proj"": 404.0}","{""mlp.down_proj"": 1653.0, ""mlp.gate_proj"": 1007.0, ""mlp.up_proj"": 1522.0, ""self_attn.o_proj"": 969.0, ""self_attn.v_proj"": 405.0}","{""mlp.down_proj"": 4.0, ""mlp.gate_proj"": 2.0, ""mlp.up_proj"": 1.0, ""self_attn.o_proj"": 0.0, ""self_attn.v_proj"": 1.0}","{""mlp.down_proj"": -0.002425712553062462, ""mlp.gate_proj"": -0.001990049751243781, ""mlp.up_proj"": -0.0006574621959237344, ""self_attn.o_proj"": 0.0, ""self_attn.v_proj"": -0.0024752475247524753}",0.003111211068085201,-0.004620905473081692,7,equal7,True,"mlp.down_proj,mlp.gate_proj,mlp.up_proj,self_attn.k_proj,self_attn.o_proj,self_attn.q_proj,self_attn.v_proj",,841.7142857142857,840.0,841.7142857142857,1.7142857142857142,-0.0042903743302059125,-0.0020408163265305543,"{""mlp.down_proj"": 1649.0, ""mlp.gate_proj"": 1005.0, ""mlp.up_proj"": 1521.0, ""self_attn.k_proj"": 123.0, ""self_attn.o_proj"": 969.0, ""self_attn.q_proj"": 209.0, ""self_attn.v_proj"": 404.0}","{""mlp.down_proj"": 1653.0, ""mlp.gate_proj"": 1007.0, ""mlp.up_proj"": 1522.0, ""self_attn.k_proj"": 124.0, ""self_attn.o_proj"": 969.0, ""self_attn.q_proj"": 212.0, ""self_attn.v_proj"": 405.0}","{""mlp.down_proj"": 4.0, ""mlp.gate_proj"": 2.0, ""mlp.up_proj"": 1.0, ""self_attn.k_proj"": 1.0, ""self_attn.o_proj"": 0.0, ""self_attn.q_proj"": 3.0, ""self_attn.v_proj"": 1.0}","{""mlp.down_proj"": -0.002425712553062462, ""mlp.gate_proj"": -0.001990049751243781, ""mlp.up_proj"": -0.0006574621959237344, ""self_attn.k_proj"": -0.008130081300813009, ""self_attn.o_proj"": 0.0, ""self_attn.q_proj"": -0.014354066985645933, ""self_attn.v_proj"": -0.0024752475247524753}",0.002780679925209422,-0.1142857142857141,269.4857142857144,False,True
qwen,seqkd,40,E_if,E_ifeval,0.05,18,5,equal5_non_qk,True,"mlp.down_proj,mlp.gate_proj,mlp.up_proj,self_attn.o_proj,self_attn.v_proj","self_attn.q_proj,self_attn.k_proj",783.8,782.0,783.8,1.8,-0.002317680228107353,-0.002301790281329865,"{""mlp.down_proj"": 1274.0, ""mlp.gate_proj"": 584.0, ""mlp.up_proj"": 1127.0, ""self_attn.o_proj"": 672.0, ""self_attn.v_proj"": 253.0}","{""mlp.down_proj"": 1279.0, ""mlp.gate_proj"": 586.0, ""mlp.up_proj"": 1129.0, ""self_attn.o_proj"": 671.0, ""self_attn.v_proj"": 254.0}","{""mlp.down_proj"": 5.0, ""mlp.gate_proj"": 2.0, ""mlp.up_proj"": 2.0, ""self_attn.o_proj"": -1.0, ""self_attn.v_proj"": 1.0}","{""mlp.down_proj"": -0.003924646781789639, ""mlp.gate_proj"": -0.003424657534246575, ""mlp.up_proj"": -0.001774622892635315, ""self_attn.o_proj"": 0.001488095238095238, ""self_attn.v_proj"": -0.003952569169960474}",0.004660196988293078,-0.006977877216400431,7,equal7,True,"mlp.down_proj,mlp.gate_proj,mlp.up_proj,self_attn.k_proj,self_attn.o_proj,self_attn.q_proj,self_attn.v_proj",,577.2857142857143,575.7142857142857,577.2857142857143,1.5714285714285714,-0.0065534450608930065,-0.0027295285359803185,"{""mlp.down_proj"": 1274.0, ""mlp.gate_proj"": 584.0, ""mlp.up_proj"": 1127.0, ""self_attn.k_proj"": 50.0, ""self_attn.o_proj"": 672.0, ""self_attn.q_proj"": 70.0, ""self_attn.v_proj"": 253.0}","{""mlp.down_proj"": 1279.0, ""mlp.gate_proj"": 586.0, ""mlp.up_proj"": 1129.0, ""self_attn.k_proj"": 51.0, ""self_attn.o_proj"": 671.0, ""self_attn.q_proj"": 71.0, ""self_attn.v_proj"": 254.0}","{""mlp.down_proj"": 5.0, ""mlp.gate_proj"": 2.0, ""mlp.up_proj"": 2.0, ""self_attn.k_proj"": 1.0, ""self_attn.o_proj"": -1.0, ""self_attn.q_proj"": 1.0, ""self_attn.v_proj"": 1.0}","{""mlp.down_proj"": -0.003924646781789639, ""mlp.gate_proj"": -0.003424657534246575, ""mlp.up_proj"": -0.001774622892635315, ""self_attn.k_proj"": -0.02, ""self_attn.o_proj"": 0.001488095238095238, ""self_attn.q_proj"": -0.014285714285714285, ""self_attn.v_proj"": -0.003952569169960474}",0.004235764832785654,0.22857142857142865,206.51428571428562,False,True
qwen,seqkd,40,E_if,E_ifeval,0.1,18,5,equal5_non_qk,True,"mlp.down_proj,mlp.gate_proj,mlp.up_proj,self_attn.o_proj,self_attn.v_proj","self_attn.q_proj,self_attn.k_proj",454.4,453.0,454.4,1.4,-0.0033351738637998327,-0.0030905077262692654,"{""mlp.down_proj"": 839.0, ""mlp.gate_proj"": 228.0, ""mlp.up_proj"": 695.0, ""self_attn.o_proj"": 387.0, ""self_attn.v_proj"": 116.0}","{""mlp.down_proj"": 844.0, ""mlp.gate_proj"": 229.0, ""mlp.up_proj"": 697.0, ""self_attn.o_proj"": 385.0, ""self_attn.v_proj"": 117.0}","{""mlp.down_proj"": 5.0, ""mlp.gate_proj"": 1.0, ""mlp.up_proj"": 2.0, ""self_attn.o_proj"": -2.0, ""self_attn.v_proj"": 1.0}","{""mlp.down_proj"": -0.0059594755661501785, ""mlp.gate_proj"": -0.0043859649122807015, ""mlp.up_proj"": -0.0028776978417266188, ""self_attn.o_proj"": 0.00516795865633075, ""self_attn.v_proj"": -0.008620689655172414}",0.006498950926919579,-0.009834124790719411,7,equal7,True,"mlp.down_proj,mlp.gate_proj,mlp.up_proj,self_attn.k_proj,self_attn.o_proj,self_attn.q_proj,self_attn.v_proj",,328.42857142857144,327.42857142857144,328.42857142857144,1.0,-0.002382267045571309,-0.0030541012216404886,"{""mlp.down_proj"": 839.0, ""mlp.gate_proj"": 228.0, ""mlp.up_proj"": 695.0, ""self_attn.k_proj"": 16.0, ""self_attn.o_proj"": 387.0, ""self_attn.q_proj"": 11.0, ""self_attn.v_proj"": 116.0}","{""mlp.down_proj"": 844.0, ""mlp.gate_proj"": 229.0, ""mlp.up_proj"": 697.0, ""self_attn.k_proj"": 16.0, ""self_attn.o_proj"": 385.0, ""self_attn.q_proj"": 11.0, ""self_attn.v_proj"": 117.0}","{""mlp.down_proj"": 5.0, ""mlp.gate_proj"": 1.0, ""mlp.up_proj"": 2.0, ""self_attn.k_proj"": 0.0, ""self_attn.o_proj"": -2.0, ""self_attn.q_proj"": 0.0, ""self_attn.v_proj"": 1.0}","{""mlp.down_proj"": -0.0059594755661501785, ""mlp.gate_proj"": -0.0043859649122807015, ""mlp.up_proj"": -0.0028776978417266188, ""self_attn.k_proj"": 0.0, ""self_attn.o_proj"": 0.00516795865633075, ""self_attn.q_proj"": 0.0, ""self_attn.v_proj"": -0.008620689655172414}",-0.0009529068182285239,0.3999999999999999,125.97142857142853,False,True
qwen,seqkd,40,E_math,E_mathHeld,0.01,18,5,equal5_non_qk,True,"mlp.down_proj,mlp.gate_proj,mlp.up_proj,self_attn.o_proj,self_attn.v_proj","self_attn.q_proj,self_attn.k_proj",1650.4,1649.6,1650.4,0.8,-0.00044339175660426493,-0.0004849660523764439,"{""mlp.down_proj"": 2176.0, ""mlp.gate_proj"": 1819.0, ""mlp.up_proj"": 2046.0, ""self_attn.o_proj"": 1520.0, ""self_attn.v_proj"": 687.0}","{""mlp.down_proj"": 2177.0, ""mlp.gate_proj"": 1821.0, ""mlp.up_proj"": 2046.0, ""self_attn.o_proj"": 1521.0, ""self_attn.v_proj"": 687.0}","{""mlp.down_proj"": 1.0, ""mlp.gate_proj"": 2.0, ""mlp.up_proj"": 0.0, ""self_attn.o_proj"": 1.0, ""self_attn.v_proj"": 0.0}","{""mlp.down_proj"": -0.00045955882352941176, ""mlp.gate_proj"": -0.0010995052226498076, ""mlp.up_proj"": 0.0, ""self_attn.o_proj"": -0.0006578947368421052, ""self_attn.v_proj"": 0.0}",0.0021473906446340878,-0.0025907824012383527,7,equal7,True,"mlp.down_proj,mlp.gate_proj,mlp.up_proj,self_attn.k_proj,self_attn.o_proj,self_attn.q_proj,self_attn.v_proj",,1339.4285714285713,1339.0,1339.4285714285713,0.42857142857142855,-0.00012923183214515362,-0.000320068281233257,"{""mlp.down_proj"": 2176.0, ""mlp.gate_proj"": 1819.0, ""mlp.up_proj"": 2046.0, ""self_attn.k_proj"": 363.0, ""self_attn.o_proj"": 1520.0, ""self_attn.q_proj"": 762.0, ""self_attn.v_proj"": 687.0}","{""mlp.down_proj"": 2177.0, ""mlp.gate_proj"": 1821.0, ""mlp.up_proj"": 2046.0, ""self_attn.k_proj"": 363.0, ""self_attn.o_proj"": 1521.0, ""self_attn.q_proj"": 761.0, ""self_attn.v_proj"": 687.0}","{""mlp.down_proj"": 1.0, ""mlp.gate_proj"": 2.0, ""mlp.up_proj"": 0.0, ""self_attn.k_proj"": 0.0, ""self_attn.o_proj"": 1.0, ""self_attn.q_proj"": -1.0, ""self_attn.v_proj"": 0.0}","{""mlp.down_proj"": -0.00045955882352941176, ""mlp.gate_proj"": -0.0010995052226498076, ""mlp.up_proj"": 0.0, ""self_attn.k_proj"": 0.0, ""self_attn.o_proj"": -0.0006578947368421052, ""self_attn.q_proj"": 0.0013123359580052493, ""self_attn.v_proj"": 0.0}",-0.0003141599244591113,0.3714285714285715,310.97142857142876,False,True
qwen,seqkd,40,E_math,E_mathHeld,0.025,18,5,equal5_non_qk,True,"mlp.down_proj,mlp.gate_proj,mlp.up_proj,self_attn.o_proj,self_attn.v_proj","self_attn.q_proj,self_attn.k_proj",1323.2,1322.2,1323.2,1.0,-0.0004658826486168773,-0.0007563152321887763,"{""mlp.down_proj"": 1875.0, ""mlp.gate_proj"": 1369.0, ""mlp.up_proj"": 1691.0, ""self_attn.o_proj"": 1157.0, ""self_attn.v_proj"": 519.0}","{""mlp.down_proj"": 1877.0, ""mlp.gate_proj"": 1371.0, ""mlp.up_proj"": 1691.0, ""self_attn.o_proj"": 1159.0, ""self_attn.v_proj"": 518.0}","{""mlp.down_proj"": 2.0, ""mlp.gate_proj"": 2.0, ""mlp.up_proj"": 0.0, ""self_attn.o_proj"": 2.0, ""self_attn.v_proj"": -1.0}","{""mlp.down_proj"": -0.0010666666666666667, ""mlp.gate_proj"": -0.0014609203798392988, ""mlp.up_proj"": 0.0, ""self_attn.o_proj"": -0.001728608470181504, ""self_attn.v_proj"": 0.0019267822736030828}",0.003111211068085201,-0.0035770937167020783,7,equal7,True,"mlp.down_proj,mlp.gate_proj,mlp.up_proj,self_attn.k_proj,self_attn.o_proj,self_attn.q_proj,self_attn.v_proj",,1026.2857142857142,1025.5714285714287,1026.2857142857142,0.7142857142857143,-0.00033277332044062664,-0.0006964758322884611,"{""mlp.down_proj"": 1875.0, ""mlp.gate_proj"": 1369.0, ""mlp.up_proj"": 1691.0, ""self_attn.k_proj"": 189.0, ""self_attn.o_proj"": 1157.0, ""self_attn.q_proj"": 379.0, ""self_attn.v_proj"": 519.0}","{""mlp.down_proj"": 1877.0, ""mlp.gate_proj"": 1371.0, ""mlp.up_proj"": 1691.0, ""self_attn.k_proj"": 189.0, ""self_attn.o_proj"": 1159.0, ""self_attn.q_proj"": 379.0, ""self_attn.v_proj"": 518.0}","{""mlp.down_proj"": 2.0, ""mlp.gate_proj"": 2.0, ""mlp.up_proj"": 0.0, ""self_attn.k_proj"": 0.0, ""self_attn.o_proj"": 2.0, ""self_attn.q_proj"": 0.0, ""self_attn.v_proj"": -1.0}","{""mlp.down_proj"": -0.0010666666666666667, ""mlp.gate_proj"": -0.0014609203798392988, ""mlp.up_proj"": 0.0, ""self_attn.k_proj"": 0.0, ""self_attn.o_proj"": -0.001728608470181504, ""self_attn.q_proj"": 0.0, ""self_attn.v_proj"": 0.0019267822736030828}",-0.00013310932817625068,0.2857142857142857,296.9142857142858,False,True
qwen,seqkd,40,E_math,E_mathHeld,0.05,18,5,equal5_non_qk,True,"mlp.down_proj,mlp.gate_proj,mlp.up_proj,self_attn.o_proj,self_attn.v_proj","self_attn.q_proj,self_attn.k_proj",1015.4,1014.2,1015.4,1.2,-0.0007289717532579442,-0.0011831985801616365,"{""mlp.down_proj"": 1552.0, ""mlp.gate_proj"": 956.0, ""mlp.up_proj"": 1332.0, ""self_attn.o_proj"": 860.0, ""self_attn.v_proj"": 371.0}","{""mlp.down_proj"": 1554.0, ""mlp.gate_proj"": 959.0, ""mlp.up_proj"": 1333.0, ""self_attn.o_proj"": 861.0, ""self_attn.v_proj"": 370.0}","{""mlp.down_proj"": 2.0, ""mlp.gate_proj"": 3.0, ""mlp.up_proj"": 1.0, ""self_attn.o_proj"": 1.0, ""self_attn.v_proj"": -1.0}","{""mlp.down_proj"": -0.001288659793814433, ""mlp.gate_proj"": -0.0031380753138075313, ""mlp.up_proj"": -0.0007507507507507507, ""self_attn.o_proj"": -0.0011627906976744186, ""self_attn.v_proj"": 0.0026954177897574125}",0.004660196988293078,-0.005389168741551022,7,equal7,True,"mlp.down_proj,mlp.gate_proj,mlp.up_proj,self_attn.k_proj,self_attn.o_proj,self_attn.q_proj,self_attn.v_proj",,759.1428571428571,758.1428571428571,759.1428571428571,1.0,-0.0022628543882156045,-0.0013190126248351236,"{""mlp.down_proj"": 1552.0, ""mlp.gate_proj"": 956.0, ""mlp.up_proj"": 1332.0, ""self_attn.k_proj"": 82.0, ""self_attn.o_proj"": 860.0, ""self_attn.q_proj"": 154.0, ""self_attn.v_proj"": 371.0}","{""mlp.down_proj"": 1554.0, ""mlp.gate_proj"": 959.0, ""mlp.up_proj"": 1333.0, ""self_attn.k_proj"": 83.0, ""self_attn.o_proj"": 861.0, ""self_attn.q_proj"": 154.0, ""self_attn.v_proj"": 370.0}","{""mlp.down_proj"": 2.0, ""mlp.gate_proj"": 3.0, ""mlp.up_proj"": 1.0, ""self_attn.k_proj"": 1.0, ""self_attn.o_proj"": 1.0, ""self_attn.q_proj"": 0.0, ""self_attn.v_proj"": -1.0}","{""mlp.down_proj"": -0.001288659793814433, ""mlp.gate_proj"": -0.0031380753138075313, ""mlp.up_proj"": -0.0007507507507507507, ""self_attn.k_proj"": -0.012195121951219513, ""self_attn.o_proj"": -0.0011627906976744186, ""self_attn.q_proj"": 0.0, ""self_attn.v_proj"": 0.0026954177897574125}",0.0015338826349576603,0.19999999999999996,256.25714285714287,False,True
qwen,seqkd,40,E_math,E_mathHeld,0.1,18,5,equal5_non_qk,True,"mlp.down_proj,mlp.gate_proj,mlp.up_proj,self_attn.o_proj,self_attn.v_proj","self_attn.q_proj,self_attn.k_proj",674.6,673.2,674.6,1.4,-0.0018763773002387317,-0.0020796197266785164,"{""mlp.down_proj"": 1147.0, ""mlp.gate_proj"": 529.0, ""mlp.up_proj"": 913.0, ""self_attn.o_proj"": 561.0, ""self_attn.v_proj"": 216.0}","{""mlp.down_proj"": 1150.0, ""mlp.gate_proj"": 532.0, ""mlp.up_proj"": 914.0, ""self_attn.o_proj"": 561.0, ""self_attn.v_proj"": 216.0}","{""mlp.down_proj"": 3.0, ""mlp.gate_proj"": 3.0, ""mlp.up_proj"": 1.0, ""self_attn.o_proj"": 0.0, ""self_attn.v_proj"": 0.0}","{""mlp.down_proj"": -0.0026155187445510027, ""mlp.gate_proj"": -0.005671077504725898, ""mlp.up_proj"": -0.001095290251916758, ""self_attn.o_proj"": 0.0, ""self_attn.v_proj"": 0.0}",0.006498950926919579,-0.00837532822715831,7,equal7,True,"mlp.down_proj,mlp.gate_proj,mlp.up_proj,self_attn.k_proj,self_attn.o_proj,self_attn.q_proj,self_attn.v_proj",,489.7142857142857,488.7142857142857,489.7142857142857,1.0,-0.0013402695001705227,-0.0020461853259280912,"{""mlp.down_proj"": 1147.0, ""mlp.gate_proj"": 529.0, ""mlp.up_proj"": 913.0, ""self_attn.k_proj"": 24.0, ""self_attn.o_proj"": 561.0, ""self_attn.q_proj"": 31.0, ""self_attn.v_proj"": 216.0}","{""mlp.down_proj"": 1150.0, ""mlp.gate_proj"": 532.0, ""mlp.up_proj"": 914.0, ""self_attn.k_proj"": 24.0, ""self_attn.o_proj"": 561.0, ""self_attn.q_proj"": 31.0, ""self_attn.v_proj"": 216.0}","{""mlp.down_proj"": 3.0, ""mlp.gate_proj"": 3.0, ""mlp.up_proj"": 1.0, ""self_attn.k_proj"": 0.0, ""self_attn.o_proj"": 0.0, ""self_attn.q_proj"": 0.0, ""self_attn.v_proj"": 0.0}","{""mlp.down_proj"": -0.0026155187445510027, ""mlp.gate_proj"": -0.005671077504725898, ""mlp.up_proj"": -0.001095290251916758, ""self_attn.k_proj"": 0.0, ""self_attn.o_proj"": 0.0, ""self_attn.q_proj"": 0.0, ""self_attn.v_proj"": 0.0}",-0.000536107800068209,0.3999999999999999,184.8857142857143,False,True
qwen,seqkd,40,E_ood,E_mmluPro,0.01,18,5,equal5_non_qk,True,"mlp.down_proj,mlp.gate_proj,mlp.up_proj,self_attn.o_proj,self_attn.v_proj","self_attn.q_proj,self_attn.k_proj",1610.8,1610.4,1610.8,0.4,-4.714226512017312e-05,-0.0002483854942870489,"{""mlp.down_proj"": 2156.0, ""mlp.gate_proj"": 1667.0, ""mlp.up_proj"": 2029.0, ""self_attn.o_proj"": 1471.0, ""self_attn.v_proj"": 729.0}","{""mlp.down_proj"": 2158.0, ""mlp.gate_proj"": 1667.0, ""mlp.up_proj"": 2029.0, ""self_attn.o_proj"": 1472.0, ""self_attn.v_proj"": 728.0}","{""mlp.down_proj"": 2.0, ""mlp.gate_proj"": 0.0, ""mlp.up_proj"": 0.0, ""self_attn.o_proj"": 1.0, ""self_attn.v_proj"": -1.0}","{""mlp.down_proj"": -0.0009276437847866419, ""mlp.gate_proj"": 0.0, ""mlp.up_proj"": 0.0, ""self_attn.o_proj"": -0.0006798096532970768, ""self_attn.v_proj"": 0.0013717421124828531}",0.0021473906446340878,-0.002194532909754261,7,equal7,True,"mlp.down_proj,mlp.gate_proj,mlp.up_proj,self_attn.k_proj,self_attn.o_proj,self_attn.q_proj,self_attn.v_proj",,1306.0,1305.5714285714287,1306.0,0.42857142857142855,-0.0003890390735222274,-0.0003282634861581483,"{""mlp.down_proj"": 2156.0, ""mlp.gate_proj"": 1667.0, ""mlp.up_proj"": 2029.0, ""self_attn.k_proj"": 402.0, ""self_attn.o_proj"": 1471.0, ""self_attn.q_proj"": 685.0, ""self_attn.v_proj"": 729.0}","{""mlp.down_proj"": 2158.0, ""mlp.gate_proj"": 1667.0, ""mlp.up_proj"": 2029.0, ""self_attn.k_proj"": 403.0, ""self_attn.o_proj"": 1472.0, ""self_attn.q_proj"": 685.0, ""self_attn.v_proj"": 728.0}","{""mlp.down_proj"": 2.0, ""mlp.gate_proj"": 0.0, ""mlp.up_proj"": 0.0, ""self_attn.k_proj"": 1.0, ""self_attn.o_proj"": 1.0, ""self_attn.q_proj"": 0.0, ""self_attn.v_proj"": -1.0}","{""mlp.down_proj"": -0.0009276437847866419, ""mlp.gate_proj"": 0.0, ""mlp.up_proj"": 0.0, ""self_attn.k_proj"": -0.0024875621890547263, ""self_attn.o_proj"": -0.0006798096532970768, ""self_attn.q_proj"": 0.0, ""self_attn.v_proj"": 0.0013717421124828531}",0.0003418968084020543,-0.028571428571428525,304.79999999999995,False,True
qwen,seqkd,40,E_ood,E_mmluPro,0.025,18,5,equal5_non_qk,True,"mlp.down_proj,mlp.gate_proj,mlp.up_proj,self_attn.o_proj,self_attn.v_proj","self_attn.q_proj,self_attn.k_proj",1269.2,1268.4,1269.2,0.8,-0.0003281652809425285,-0.0006307158625039061,"{""mlp.down_proj"": 1847.0, ""mlp.gate_proj"": 1163.0, ""mlp.up_proj"": 1655.0, ""self_attn.o_proj"": 1105.0, ""self_attn.v_proj"": 572.0}","{""mlp.down_proj"": 1850.0, ""mlp.gate_proj"": 1164.0, ""mlp.up_proj"": 1655.0, ""self_attn.o_proj"": 1106.0, ""self_attn.v_proj"": 571.0}","{""mlp.down_proj"": 3.0, ""mlp.gate_proj"": 1.0, ""mlp.up_proj"": 0.0, ""self_attn.o_proj"": 1.0, ""self_attn.v_proj"": -1.0}","{""mlp.down_proj"": -0.0016242555495397943, ""mlp.gate_proj"": -0.0008598452278589854, ""mlp.up_proj"": 0.0, ""self_attn.o_proj"": -0.0009049773755656109, ""self_attn.v_proj"": 0.0017482517482517483}",0.003111211068085201,-0.0034393763490277295,7,equal7,True,"mlp.down_proj,mlp.gate_proj,mlp.up_proj,self_attn.k_proj,self_attn.o_proj,self_attn.q_proj,self_attn.v_proj",,985.1428571428571,984.2857142857143,985.1428571428571,0.8571428571428571,-0.0013047580828170686,-0.000870827285921543,"{""mlp.down_proj"": 1847.0, ""mlp.gate_proj"": 1163.0, ""mlp.up_proj"": 1655.0, ""self_attn.k_proj"": 230.0, ""self_attn.o_proj"": 1105.0, ""self_attn.q_proj"": 318.0, ""self_attn.v_proj"": 572.0}","{""mlp.down_proj"": 1850.0, ""mlp.gate_proj"": 1164.0, ""mlp.up_proj"": 1655.0, ""self_attn.k_proj"": 231.0, ""self_attn.o_proj"": 1106.0, ""self_attn.q_proj"": 319.0, ""self_attn.v_proj"": 571.0}","{""mlp.down_proj"": 3.0, ""mlp.gate_proj"": 1.0, ""mlp.up_proj"": 0.0, ""self_attn.k_proj"": 1.0, ""self_attn.o_proj"": 1.0, ""self_attn.q_proj"": 1.0, ""self_attn.v_proj"": -1.0}","{""mlp.down_proj"": -0.0016242555495397943, ""mlp.gate_proj"": -0.0008598452278589854, ""mlp.up_proj"": 0.0, ""self_attn.k_proj"": -0.004347826086956522, ""self_attn.o_proj"": -0.0009049773755656109, ""self_attn.q_proj"": -0.0031446540880503146, ""self_attn.v_proj"": 0.0017482517482517483}",0.00097659280187454,-0.05714285714285705,284.05714285714294,False,True
qwen,seqkd,40,E_ood,E_mmluPro,0.05,18,5,equal5_non_qk,True,"mlp.down_proj,mlp.gate_proj,mlp.up_proj,self_attn.o_proj,self_attn.v_proj","self_attn.q_proj,self_attn.k_proj",955.4,954.4,955.4,1.0,-0.0006983845571022635,-0.0010477787091366304,"{""mlp.down_proj"": 1519.0, ""mlp.gate_proj"": 731.0, ""mlp.up_proj"": 1281.0, ""self_attn.o_proj"": 810.0, ""self_attn.v_proj"": 431.0}","{""mlp.down_proj"": 1522.0, ""mlp.gate_proj"": 732.0, ""mlp.up_proj"": 1281.0, ""self_attn.o_proj"": 812.0, ""self_attn.v_proj"": 430.0}","{""mlp.down_proj"": 3.0, ""mlp.gate_proj"": 1.0, ""mlp.up_proj"": 0.0, ""self_attn.o_proj"": 2.0, ""self_attn.v_proj"": -1.0}","{""mlp.down_proj"": -0.0019749835418038184, ""mlp.gate_proj"": -0.0013679890560875513, ""mlp.up_proj"": 0.0, ""self_attn.o_proj"": -0.0024691358024691358, ""self_attn.v_proj"": 0.002320185614849188}",0.004660196988293078,-0.005358581545395341,7,equal7,True,"mlp.down_proj,mlp.gate_proj,mlp.up_proj,self_attn.k_proj,self_attn.o_proj,self_attn.q_proj,self_attn.v_proj",,716.5714285714286,715.5714285714286,716.5714285714286,1.0,-0.00291101075008587,-0.0013974845278498702,"{""mlp.down_proj"": 1519.0, ""mlp.gate_proj"": 731.0, ""mlp.up_proj"": 1281.0, ""self_attn.k_proj"": 116.0, ""self_attn.o_proj"": 810.0, ""self_attn.q_proj"": 121.0, ""self_attn.v_proj"": 431.0}","{""mlp.down_proj"": 1522.0, ""mlp.gate_proj"": 732.0, ""mlp.up_proj"": 1281.0, ""self_attn.k_proj"": 117.0, ""self_attn.o_proj"": 812.0, ""self_attn.q_proj"": 122.0, ""self_attn.v_proj"": 430.0}","{""mlp.down_proj"": 3.0, ""mlp.gate_proj"": 1.0, ""mlp.up_proj"": 0.0, ""self_attn.k_proj"": 1.0, ""self_attn.o_proj"": 2.0, ""self_attn.q_proj"": 1.0, ""self_attn.v_proj"": -1.0}","{""mlp.down_proj"": -0.0019749835418038184, ""mlp.gate_proj"": -0.0013679890560875513, ""mlp.up_proj"": 0.0, ""self_attn.k_proj"": -0.008620689655172414, ""self_attn.o_proj"": -0.0024691358024691358, ""self_attn.q_proj"": -0.008264462809917356, ""self_attn.v_proj"": 0.002320185614849188}",0.0022126261929836066,0.0,238.82857142857142,False,True
qwen,seqkd,40,E_ood,E_mmluPro,0.1,18,5,equal5_non_qk,True,"mlp.down_proj,mlp.gate_proj,mlp.up_proj,self_attn.o_proj,self_attn.v_proj","self_attn.q_proj,self_attn.k_proj",618.8,617.4,618.8,1.4,-0.0014112569066454452,-0.002267573696145088,"{""mlp.down_proj"": 1114.0, ""mlp.gate_proj"": 327.0, ""mlp.up_proj"": 850.0, ""self_attn.o_proj"": 518.0, ""self_attn.v_proj"": 278.0}","{""mlp.down_proj"": 1119.0, ""mlp.gate_proj"": 328.0, ""mlp.up_proj"": 851.0, ""self_attn.o_proj"": 519.0, ""self_attn.v_proj"": 277.0}","{""mlp.down_proj"": 5.0, ""mlp.gate_proj"": 1.0, ""mlp.up_proj"": 1.0, ""self_attn.o_proj"": 1.0, ""self_attn.v_proj"": -1.0}","{""mlp.down_proj"": -0.004488330341113106, ""mlp.gate_proj"": -0.0030581039755351682, ""mlp.up_proj"": -0.001176470588235294, ""self_attn.o_proj"": -0.0019305019305019305, ""self_attn.v_proj"": 0.0035971223021582736}",0.006498950926919579,-0.007910207833565025,7,equal7,True,"mlp.down_proj,mlp.gate_proj,mlp.up_proj,self_attn.k_proj,self_attn.o_proj,self_attn.q_proj,self_attn.v_proj",,451.57142857142856,450.42857142857144,451.57142857142856,1.1428571428571428,-0.0045794692190324615,-0.002537266095781723,"{""mlp.down_proj"": 1114.0, ""mlp.gate_proj"": 327.0, ""mlp.up_proj"": 850.0, ""self_attn.k_proj"": 40.0, ""self_attn.o_proj"": 518.0, ""self_attn.q_proj"": 26.0, ""self_attn.v_proj"": 278.0}","{""mlp.down_proj"": 1119.0, ""mlp.gate_proj"": 328.0, ""mlp.up_proj"": 851.0, ""self_attn.k_proj"": 41.0, ""self_attn.o_proj"": 519.0, ""self_attn.q_proj"": 26.0, ""self_attn.v_proj"": 277.0}","{""mlp.down_proj"": 5.0, ""mlp.gate_proj"": 1.0, ""mlp.up_proj"": 1.0, ""self_attn.k_proj"": 1.0, ""self_attn.o_proj"": 1.0, ""self_attn.q_proj"": 0.0, ""self_attn.v_proj"": -1.0}","{""mlp.down_proj"": -0.004488330341113106, ""mlp.gate_proj"": -0.0030581039755351682, ""mlp.up_proj"": -0.001176470588235294, ""self_attn.k_proj"": -0.025, ""self_attn.o_proj"": -0.0019305019305019305, ""self_attn.q_proj"": 0.0, ""self_attn.v_proj"": 0.0035971223021582736}",0.0031682123123870165,0.2571428571428571,167.2285714285714,False,True
qwen,seqkd,80,E_general,E_general,0.01,18,5,equal5_non_qk,True,"mlp.down_proj,mlp.gate_proj,mlp.up_proj,self_attn.o_proj,self_attn.v_proj","self_attn.q_proj,self_attn.k_proj",1628.8,1634.4,1628.8,-5.6,0.0038497398292489347,0.003426333822809677,"{""mlp.down_proj"": 2190.0, ""mlp.gate_proj"": 1641.0, ""mlp.up_proj"": 2064.0, ""self_attn.o_proj"": 1546.0, ""self_attn.v_proj"": 731.0}","{""mlp.down_proj"": 2186.0, ""mlp.gate_proj"": 1632.0, ""mlp.up_proj"": 2060.0, ""self_attn.o_proj"": 1539.0, ""self_attn.v_proj"": 727.0}","{""mlp.down_proj"": -4.0, ""mlp.gate_proj"": -9.0, ""mlp.up_proj"": -4.0, ""self_attn.o_proj"": -7.0, ""self_attn.v_proj"": -4.0}","{""mlp.down_proj"": 0.0018264840182648401, ""mlp.gate_proj"": 0.005484460694698354, ""mlp.up_proj"": 0.001937984496124031, ""self_attn.o_proj"": 0.004527813712807244, ""self_attn.v_proj"": 0.005471956224350205}",0.0038497398292489347,0.0,7,equal7,True,"mlp.down_proj,mlp.gate_proj,mlp.up_proj,self_attn.k_proj,self_attn.o_proj,self_attn.q_proj,self_attn.v_proj",,1322.0,1328.4285714285713,1322.0,-6.428571428571429,0.006732914969408504,0.00483923002473377,"{""mlp.down_proj"": 2190.0, ""mlp.gate_proj"": 1641.0, ""mlp.up_proj"": 2064.0, ""self_attn.k_proj"": 400.0, ""self_attn.o_proj"": 1546.0, ""self_attn.q_proj"": 727.0, ""self_attn.v_proj"": 731.0}","{""mlp.down_proj"": 2186.0, ""mlp.gate_proj"": 1632.0, ""mlp.up_proj"": 2060.0, ""self_attn.k_proj"": 396.0, ""self_attn.o_proj"": 1539.0, ""self_attn.q_proj"": 714.0, ""self_attn.v_proj"": 727.0}","{""mlp.down_proj"": -4.0, ""mlp.gate_proj"": -9.0, ""mlp.up_proj"": -4.0, ""self_attn.k_proj"": -4.0, ""self_attn.o_proj"": -7.0, ""self_attn.q_proj"": -13.0, ""self_attn.v_proj"": -4.0}","{""mlp.down_proj"": 0.0018264840182648401, ""mlp.gate_proj"": 0.005484460694698354, ""mlp.up_proj"": 0.001937984496124031, ""self_attn.k_proj"": 0.01, ""self_attn.o_proj"": 0.004527813712807244, ""self_attn.q_proj"": 0.017881705639614855, ""self_attn.v_proj"": 0.005471956224350205}",-0.0028831751401595697,0.8285714285714292,306.79999999999995,False,True
qwen,seqkd,80,E_general,E_general,0.025,18,5,equal5_non_qk,True,"mlp.down_proj,mlp.gate_proj,mlp.up_proj,self_attn.o_proj,self_attn.v_proj","self_attn.q_proj,self_attn.k_proj",1292.8,1299.6,1292.8,-6.8,0.006097102274469519,0.005232379193597996,"{""mlp.down_proj"": 1900.0, ""mlp.gate_proj"": 1133.0, ""mlp.up_proj"": 1706.0, ""self_attn.o_proj"": 1186.0, ""self_attn.v_proj"": 573.0}","{""mlp.down_proj"": 1895.0, ""mlp.gate_proj"": 1122.0, ""mlp.up_proj"": 1700.0, ""self_attn.o_proj"": 1179.0, ""self_attn.v_proj"": 568.0}","{""mlp.down_proj"": -5.0, ""mlp.gate_proj"": -11.0, ""mlp.up_proj"": -6.0, ""self_attn.o_proj"": -7.0, ""self_attn.v_proj"": -5.0}","{""mlp.down_proj"": 0.002631578947368421, ""mlp.gate_proj"": 0.009708737864077669, ""mlp.up_proj"": 0.0035169988276670576, ""self_attn.o_proj"": 0.005902192242833052, ""self_attn.v_proj"": 0.008726003490401396}",0.006097102274469519,0.0,7,equal7,True,"mlp.down_proj,mlp.gate_proj,mlp.up_proj,self_attn.k_proj,self_attn.o_proj,self_attn.q_proj,self_attn.v_proj",,1004.7142857142857,1011.2857142857143,1004.7142857142857,-6.571428571428571,0.009875014173820558,0.0064980929509818736,"{""mlp.down_proj"": 1900.0, ""mlp.gate_proj"": 1133.0, ""mlp.up_proj"": 1706.0, ""self_attn.k_proj"": 227.0, ""self_attn.o_proj"": 1186.0, ""self_attn.q_proj"": 354.0, ""self_attn.v_proj"": 573.0}","{""mlp.down_proj"": 1895.0, ""mlp.gate_proj"": 1122.0, ""mlp.up_proj"": 1700.0, ""self_attn.k_proj"": 224.0, ""self_attn.o_proj"": 1179.0, ""self_attn.q_proj"": 345.0, ""self_attn.v_proj"": 568.0}","{""mlp.down_proj"": -5.0, ""mlp.gate_proj"": -11.0, ""mlp.up_proj"": -6.0, ""self_attn.k_proj"": -3.0, ""self_attn.o_proj"": -7.0, ""self_attn.q_proj"": -9.0, ""self_attn.v_proj"": -5.0}","{""mlp.down_proj"": 0.002631578947368421, ""mlp.gate_proj"": 0.009708737864077669, ""mlp.up_proj"": 0.0035169988276670576, ""self_attn.k_proj"": 0.013215859030837005, ""self_attn.o_proj"": 0.005902192242833052, ""self_attn.q_proj"": 0.025423728813559324, ""self_attn.v_proj"": 0.008726003490401396}",-0.003777911899351039,-0.22857142857142865,288.0857142857143,False,True
qwen,seqkd,80,E_general,E_general,0.05,18,5,equal5_non_qk,True,"mlp.down_proj,mlp.gate_proj,mlp.up_proj,self_attn.o_proj,self_attn.v_proj","self_attn.q_proj,self_attn.k_proj",983.8,991.2,983.8,-7.4,0.008953762885818279,0.007465698143664337,"{""mlp.down_proj"": 1590.0, ""mlp.gate_proj"": 701.0, ""mlp.up_proj"": 1344.0, ""self_attn.o_proj"": 890.0, ""self_attn.v_proj"": 431.0}","{""mlp.down_proj"": 1583.0, ""mlp.gate_proj"": 690.0, ""mlp.up_proj"": 1337.0, ""self_attn.o_proj"": 883.0, ""self_attn.v_proj"": 426.0}","{""mlp.down_proj"": -7.0, ""mlp.gate_proj"": -11.0, ""mlp.up_proj"": -7.0, ""self_attn.o_proj"": -7.0, ""self_attn.v_proj"": -5.0}","{""mlp.down_proj"": 0.00440251572327044, ""mlp.gate_proj"": 0.015691868758915834, ""mlp.up_proj"": 0.005208333333333333, ""self_attn.o_proj"": 0.007865168539325843, ""self_attn.v_proj"": 0.01160092807424594}",0.008953762885818279,0.0,7,equal7,True,"mlp.down_proj,mlp.gate_proj,mlp.up_proj,self_attn.k_proj,self_attn.o_proj,self_attn.q_proj,self_attn.v_proj",,738.4285714285714,744.7142857142857,738.4285714285714,-6.285714285714286,0.013884307385080199,0.00844043736811808,"{""mlp.down_proj"": 1590.0, ""mlp.gate_proj"": 701.0, ""mlp.up_proj"": 1344.0, ""self_attn.k_proj"": 113.0, ""self_attn.o_proj"": 890.0, ""self_attn.q_proj"": 144.0, ""self_attn.v_proj"": 431.0}","{""mlp.down_proj"": 1583.0, ""mlp.gate_proj"": 690.0, ""mlp.up_proj"": 1337.0, ""self_attn.k_proj"": 111.0, ""self_attn.o_proj"": 883.0, ""self_attn.q_proj"": 139.0, ""self_attn.v_proj"": 426.0}","{""mlp.down_proj"": -7.0, ""mlp.gate_proj"": -11.0, ""mlp.up_proj"": -7.0, ""self_attn.k_proj"": -2.0, ""self_attn.o_proj"": -7.0, ""self_attn.q_proj"": -5.0, ""self_attn.v_proj"": -5.0}","{""mlp.down_proj"": 0.00440251572327044, ""mlp.gate_proj"": 0.015691868758915834, ""mlp.up_proj"": 0.005208333333333333, ""self_attn.k_proj"": 0.017699115044247787, ""self_attn.o_proj"": 0.007865168539325843, ""self_attn.q_proj"": 0.034722222222222224, ""self_attn.v_proj"": 0.01160092807424594}",-0.00493054449926192,-1.1142857142857148,245.3714285714285,False,True
qwen,seqkd,80,E_general,E_general,0.1,18,5,equal5_non_qk,True,"mlp.down_proj,mlp.gate_proj,mlp.up_proj,self_attn.o_proj,self_attn.v_proj","self_attn.q_proj,self_attn.k_proj",650.6,657.2,650.6,-6.6,0.013669198876807818,0.010042604990870393,"{""mlp.down_proj"": 1200.0, ""mlp.gate_proj"": 300.0, ""mlp.up_proj"": 920.0, ""self_attn.o_proj"": 589.0, ""self_attn.v_proj"": 277.0}","{""mlp.down_proj"": 1193.0, ""mlp.gate_proj"": 292.0, ""mlp.up_proj"": 913.0, ""self_attn.o_proj"": 583.0, ""self_attn.v_proj"": 272.0}","{""mlp.down_proj"": -7.0, ""mlp.gate_proj"": -8.0, ""mlp.up_proj"": -7.0, ""self_attn.o_proj"": -6.0, ""self_attn.v_proj"": -5.0}","{""mlp.down_proj"": 0.005833333333333334, ""mlp.gate_proj"": 0.02666666666666667, ""mlp.up_proj"": 0.007608695652173913, ""self_attn.o_proj"": 0.010186757215619695, ""self_attn.v_proj"": 0.018050541516245487}",0.013669198876807818,0.0,7,equal7,True,"mlp.down_proj,mlp.gate_proj,mlp.up_proj,self_attn.k_proj,self_attn.o_proj,self_attn.q_proj,self_attn.v_proj",,474.57142857142856,479.7142857142857,474.57142857142856,-5.142857142857143,0.022084725804446478,0.01072066706372846,"{""mlp.down_proj"": 1200.0, ""mlp.gate_proj"": 300.0, ""mlp.up_proj"": 920.0, ""self_attn.k_proj"": 39.0, ""self_attn.o_proj"": 589.0, ""self_attn.q_proj"": 33.0, ""self_attn.v_proj"": 277.0}","{""mlp.down_proj"": 1193.0, ""mlp.gate_proj"": 292.0, ""mlp.up_proj"": 913.0, ""self_attn.k_proj"": 38.0, ""self_attn.o_proj"": 583.0, ""self_attn.q_proj"": 31.0, ""self_attn.v_proj"": 272.0}","{""mlp.down_proj"": -7.0, ""mlp.gate_proj"": -8.0, ""mlp.up_proj"": -7.0, ""self_attn.k_proj"": -1.0, ""self_attn.o_proj"": -6.0, ""self_attn.q_proj"": -2.0, ""self_attn.v_proj"": -5.0}","{""mlp.down_proj"": 0.005833333333333334, ""mlp.gate_proj"": 0.02666666666666667, ""mlp.up_proj"": 0.007608695652173913, ""self_attn.k_proj"": 0.02564102564102564, ""self_attn.o_proj"": 0.010186757215619695, ""self_attn.q_proj"": 0.06060606060606061, ""self_attn.v_proj"": 0.018050541516245487}",-0.00841552692763866,-1.4571428571428564,176.02857142857147,False,True
qwen,seqkd,80,E_if,E_ifeval,0.01,18,5,equal5_non_qk,True,"mlp.down_proj,mlp.gate_proj,mlp.up_proj,self_attn.o_proj,self_attn.v_proj","self_attn.q_proj,self_attn.k_proj",1480.8,1484.2,1480.8,-3.4,0.002551908886822895,0.002290796388626931,"{""mlp.down_proj"": 2024.0, ""mlp.gate_proj"": 1528.0, ""mlp.up_proj"": 1933.0, ""self_attn.o_proj"": 1347.0, ""self_attn.v_proj"": 589.0}","{""mlp.down_proj"": 2021.0, ""mlp.gate_proj"": 1524.0, ""mlp.up_proj"": 1930.0, ""self_attn.o_proj"": 1342.0, ""self_attn.v_proj"": 587.0}","{""mlp.down_proj"": -3.0, ""mlp.gate_proj"": -4.0, ""mlp.up_proj"": -3.0, ""self_attn.o_proj"": -5.0, ""self_attn.v_proj"": -2.0}","{""mlp.down_proj"": 0.0014822134387351778, ""mlp.gate_proj"": 0.002617801047120419, ""mlp.up_proj"": 0.0015519917227108122, ""self_attn.o_proj"": 0.003711952487008166, ""self_attn.v_proj"": 0.003395585738539898}",0.0038497398292489347,-0.0012978309424260398,7,equal7,True,"mlp.down_proj,mlp.gate_proj,mlp.up_proj,self_attn.k_proj,self_attn.o_proj,self_attn.q_proj,self_attn.v_proj",,1171.0,1174.0,1171.0,-3.0,0.003414620807607367,0.002555366269165247,"{""mlp.down_proj"": 2024.0, ""mlp.gate_proj"": 1528.0, ""mlp.up_proj"": 1933.0, ""self_attn.k_proj"": 273.0, ""self_attn.o_proj"": 1347.0, ""self_attn.q_proj"": 524.0, ""self_attn.v_proj"": 589.0}","{""mlp.down_proj"": 2021.0, ""mlp.gate_proj"": 1524.0, ""mlp.up_proj"": 1930.0, ""self_attn.k_proj"": 271.0, ""self_attn.o_proj"": 1342.0, ""self_attn.q_proj"": 522.0, ""self_attn.v_proj"": 587.0}","{""mlp.down_proj"": -3.0, ""mlp.gate_proj"": -4.0, ""mlp.up_proj"": -3.0, ""self_attn.k_proj"": -2.0, ""self_attn.o_proj"": -5.0, ""self_attn.q_proj"": -2.0, ""self_attn.v_proj"": -2.0}","{""mlp.down_proj"": 0.0014822134387351778, ""mlp.gate_proj"": 0.002617801047120419, ""mlp.up_proj"": 0.0015519917227108122, ""self_attn.k_proj"": 0.007326007326007326, ""self_attn.o_proj"": 0.003711952487008166, ""self_attn.q_proj"": 0.003816793893129771, ""self_attn.v_proj"": 0.003395585738539898}",-0.000862711920784472,-0.3999999999999999,309.79999999999995,False,True
qwen,seqkd,80,E_if,E_ifeval,0.025,18,5,equal5_non_qk,True,"mlp.down_proj,mlp.gate_proj,mlp.up_proj,self_attn.o_proj,self_attn.v_proj","self_attn.q_proj,self_attn.k_proj",1105.6,1109.6,1105.6,-4.0,0.0044695043101774115,0.0036049026676279743,"{""mlp.down_proj"": 1649.0, ""mlp.gate_proj"": 1005.0, ""mlp.up_proj"": 1521.0, ""self_attn.o_proj"": 969.0, ""self_attn.v_proj"": 404.0}","{""mlp.down_proj"": 1646.0, ""mlp.gate_proj"": 999.0, ""mlp.up_proj"": 1518.0, ""self_attn.o_proj"": 964.0, ""self_attn.v_proj"": 401.0}","{""mlp.down_proj"": -3.0, ""mlp.gate_proj"": -6.0, ""mlp.up_proj"": -3.0, ""self_attn.o_proj"": -5.0, ""self_attn.v_proj"": -3.0}","{""mlp.down_proj"": 0.0018192844147968466, ""mlp.gate_proj"": 0.005970149253731343, ""mlp.up_proj"": 0.0019723865877712033, ""self_attn.o_proj"": 0.005159958720330237, ""self_attn.v_proj"": 0.007425742574257425}",0.006097102274469519,-0.0016275979642921077,7,equal7,True,"mlp.down_proj,mlp.gate_proj,mlp.up_proj,self_attn.k_proj,self_attn.o_proj,self_attn.q_proj,self_attn.v_proj",,837.0,840.0,837.0,-3.0,0.0038760300780146238,0.0035714285714285713,"{""mlp.down_proj"": 1649.0, ""mlp.gate_proj"": 1005.0, ""mlp.up_proj"": 1521.0, ""self_attn.k_proj"": 123.0, ""self_attn.o_proj"": 969.0, ""self_attn.q_proj"": 209.0, ""self_attn.v_proj"": 404.0}","{""mlp.down_proj"": 1646.0, ""mlp.gate_proj"": 999.0, ""mlp.up_proj"": 1518.0, ""self_attn.k_proj"": 123.0, ""self_attn.o_proj"": 964.0, ""self_attn.q_proj"": 208.0, ""self_attn.v_proj"": 401.0}","{""mlp.down_proj"": -3.0, ""mlp.gate_proj"": -6.0, ""mlp.up_proj"": -3.0, ""self_attn.k_proj"": 0.0, ""self_attn.o_proj"": -5.0, ""self_attn.q_proj"": -1.0, ""self_attn.v_proj"": -3.0}","{""mlp.down_proj"": 0.0018192844147968466, ""mlp.gate_proj"": 0.005970149253731343, ""mlp.up_proj"": 0.0019723865877712033, ""self_attn.k_proj"": 0.0, ""self_attn.o_proj"": 0.005159958720330237, ""self_attn.q_proj"": 0.004784688995215311, ""self_attn.v_proj"": 0.007425742574257425}",0.0005934742321627878,-1.0,268.5999999999999,False,True
qwen,seqkd,80,E_if,E_ifeval,0.05,18,5,equal5_non_qk,True,"mlp.down_proj,mlp.gate_proj,mlp.up_proj,self_attn.o_proj,self_attn.v_proj","self_attn.q_proj,self_attn.k_proj",777.8,782.0,777.8,-4.2,0.0064168633629622315,0.005370843989769879,"{""mlp.down_proj"": 1274.0, ""mlp.gate_proj"": 584.0, ""mlp.up_proj"": 1127.0, ""self_attn.o_proj"": 672.0, ""self_attn.v_proj"": 253.0}","{""mlp.down_proj"": 1270.0, ""mlp.gate_proj"": 579.0, ""mlp.up_proj"": 1123.0, ""self_attn.o_proj"": 666.0, ""self_attn.v_proj"": 251.0}","{""mlp.down_proj"": -4.0, ""mlp.gate_proj"": -5.0, ""mlp.up_proj"": -4.0, ""self_attn.o_proj"": -6.0, ""self_attn.v_proj"": -2.0}","{""mlp.down_proj"": 0.0031397174254317113, ""mlp.gate_proj"": 0.008561643835616438, ""mlp.up_proj"": 0.00354924578527063, ""self_attn.o_proj"": 0.008928571428571428, ""self_attn.v_proj"": 0.007905138339920948}",0.008953762885818279,-0.002536899522856047,7,equal7,True,"mlp.down_proj,mlp.gate_proj,mlp.up_proj,self_attn.k_proj,self_attn.o_proj,self_attn.q_proj,self_attn.v_proj",,572.5714285714286,575.7142857142857,572.5714285714286,-3.142857142857143,0.0066242901572179215,0.005459057071960241,"{""mlp.down_proj"": 1274.0, ""mlp.gate_proj"": 584.0, ""mlp.up_proj"": 1127.0, ""self_attn.k_proj"": 50.0, ""self_attn.o_proj"": 672.0, ""self_attn.q_proj"": 70.0, ""self_attn.v_proj"": 253.0}","{""mlp.down_proj"": 1270.0, ""mlp.gate_proj"": 579.0, ""mlp.up_proj"": 1123.0, ""self_attn.k_proj"": 50.0, ""self_attn.o_proj"": 666.0, ""self_attn.q_proj"": 69.0, ""self_attn.v_proj"": 251.0}","{""mlp.down_proj"": -4.0, ""mlp.gate_proj"": -5.0, ""mlp.up_proj"": -4.0, ""self_attn.k_proj"": 0.0, ""self_attn.o_proj"": -6.0, ""self_attn.q_proj"": -1.0, ""self_attn.v_proj"": -2.0}","{""mlp.down_proj"": 0.0031397174254317113, ""mlp.gate_proj"": 0.008561643835616438, ""mlp.up_proj"": 0.00354924578527063, ""self_attn.k_proj"": 0.0, ""self_attn.o_proj"": 0.008928571428571428, ""self_attn.q_proj"": 0.014285714285714285, ""self_attn.v_proj"": 0.007905138339920948}",-0.00020742679425569,-1.0571428571428574,205.2285714285714,False,True
qwen,seqkd,80,E_if,E_ifeval,0.1,18,5,equal5_non_qk,True,"mlp.down_proj,mlp.gate_proj,mlp.up_proj,self_attn.o_proj,self_attn.v_proj","self_attn.q_proj,self_attn.k_proj",449.6,453.0,449.6,-3.4,0.009633714632126433,0.007505518763796859,"{""mlp.down_proj"": 839.0, ""mlp.gate_proj"": 228.0, ""mlp.up_proj"": 695.0, ""self_attn.o_proj"": 387.0, ""self_attn.v_proj"": 116.0}","{""mlp.down_proj"": 835.0, ""mlp.gate_proj"": 224.0, ""mlp.up_proj"": 692.0, ""self_attn.o_proj"": 382.0, ""self_attn.v_proj"": 115.0}","{""mlp.down_proj"": -4.0, ""mlp.gate_proj"": -4.0, ""mlp.up_proj"": -3.0, ""self_attn.o_proj"": -5.0, ""self_attn.v_proj"": -1.0}","{""mlp.down_proj"": 0.004767580452920143, ""mlp.gate_proj"": 0.017543859649122806, ""mlp.up_proj"": 0.004316546762589928, ""self_attn.o_proj"": 0.012919896640826873, ""self_attn.v_proj"": 0.008620689655172414}",0.013669198876807818,-0.004035484244681385,7,equal7,True,"mlp.down_proj,mlp.gate_proj,mlp.up_proj,self_attn.k_proj,self_attn.o_proj,self_attn.q_proj,self_attn.v_proj",,324.85714285714283,327.42857142857144,324.85714285714283,-2.5714285714285716,0.015809796165804597,0.00785340314136138,"{""mlp.down_proj"": 839.0, ""mlp.gate_proj"": 228.0, ""mlp.up_proj"": 695.0, ""self_attn.k_proj"": 16.0, ""self_attn.o_proj"": 387.0, ""self_attn.q_proj"": 11.0, ""self_attn.v_proj"": 116.0}","{""mlp.down_proj"": 835.0, ""mlp.gate_proj"": 224.0, ""mlp.up_proj"": 692.0, ""self_attn.k_proj"": 15.0, ""self_attn.o_proj"": 382.0, ""self_attn.q_proj"": 11.0, ""self_attn.v_proj"": 115.0}","{""mlp.down_proj"": -4.0, ""mlp.gate_proj"": -4.0, ""mlp.up_proj"": -3.0, ""self_attn.k_proj"": -1.0, ""self_attn.o_proj"": -5.0, ""self_attn.q_proj"": 0.0, ""self_attn.v_proj"": -1.0}","{""mlp.down_proj"": 0.004767580452920143, ""mlp.gate_proj"": 0.017543859649122806, ""mlp.up_proj"": 0.004316546762589928, ""self_attn.k_proj"": 0.0625, ""self_attn.o_proj"": 0.012919896640826873, ""self_attn.q_proj"": 0.0, ""self_attn.v_proj"": 0.008620689655172414}",-0.006176081533678164,-0.8285714285714283,124.74285714285719,False,True
qwen,seqkd,80,E_math,E_mathHeld,0.01,18,5,equal5_non_qk,True,"mlp.down_proj,mlp.gate_proj,mlp.up_proj,self_attn.o_proj,self_attn.v_proj","self_attn.q_proj,self_attn.k_proj",1646.6,1649.6,1646.6,-3.0,0.002399977567543394,0.0018186226964112514,"{""mlp.down_proj"": 2176.0, ""mlp.gate_proj"": 1819.0, ""mlp.up_proj"": 2046.0, ""self_attn.o_proj"": 1520.0, ""self_attn.v_proj"": 687.0}","{""mlp.down_proj"": 2174.0, ""mlp.gate_proj"": 1816.0, ""mlp.up_proj"": 2044.0, ""self_attn.o_proj"": 1516.0, ""self_attn.v_proj"": 683.0}","{""mlp.down_proj"": -2.0, ""mlp.gate_proj"": -3.0, ""mlp.up_proj"": -2.0, ""self_attn.o_proj"": -4.0, ""self_attn.v_proj"": -4.0}","{""mlp.down_proj"": 0.0009191176470588235, ""mlp.gate_proj"": 0.0016492578339747114, ""mlp.up_proj"": 0.0009775171065493646, ""self_attn.o_proj"": 0.002631578947368421, ""self_attn.v_proj"": 0.005822416302765648}",0.0038497398292489347,-0.0014497622617055408,7,equal7,True,"mlp.down_proj,mlp.gate_proj,mlp.up_proj,self_attn.k_proj,self_attn.o_proj,self_attn.q_proj,self_attn.v_proj",,1334.7142857142858,1339.0,1334.7142857142858,-4.285714285714286,0.00555676458585215,0.003200682812333249,"{""mlp.down_proj"": 2176.0, ""mlp.gate_proj"": 1819.0, ""mlp.up_proj"": 2046.0, ""self_attn.k_proj"": 363.0, ""self_attn.o_proj"": 1520.0, ""self_attn.q_proj"": 762.0, ""self_attn.v_proj"": 687.0}","{""mlp.down_proj"": 2174.0, ""mlp.gate_proj"": 1816.0, ""mlp.up_proj"": 2044.0, ""self_attn.k_proj"": 358.0, ""self_attn.o_proj"": 1516.0, ""self_attn.q_proj"": 752.0, ""self_attn.v_proj"": 683.0}","{""mlp.down_proj"": -2.0, ""mlp.gate_proj"": -3.0, ""mlp.up_proj"": -2.0, ""self_attn.k_proj"": -5.0, ""self_attn.o_proj"": -4.0, ""self_attn.q_proj"": -10.0, ""self_attn.v_proj"": -4.0}","{""mlp.down_proj"": 0.0009191176470588235, ""mlp.gate_proj"": 0.0016492578339747114, ""mlp.up_proj"": 0.0009775171065493646, ""self_attn.k_proj"": 0.013774104683195593, ""self_attn.o_proj"": 0.002631578947368421, ""self_attn.q_proj"": 0.013123359580052493, ""self_attn.v_proj"": 0.005822416302765648}",-0.0031567870183087563,1.2857142857142856,311.88571428571413,False,True
qwen,seqkd,80,E_math,E_mathHeld,0.025,18,5,equal5_non_qk,True,"mlp.down_proj,mlp.gate_proj,mlp.up_proj,self_attn.o_proj,self_attn.v_proj","self_attn.q_proj,self_attn.k_proj",1318.2,1322.2,1318.2,-4.0,0.004262769901685066,0.003025260928755105,"{""mlp.down_proj"": 1875.0, ""mlp.gate_proj"": 1369.0, ""mlp.up_proj"": 1691.0, ""self_attn.o_proj"": 1157.0, ""self_attn.v_proj"": 519.0}","{""mlp.down_proj"": 1872.0, ""mlp.gate_proj"": 1365.0, ""mlp.up_proj"": 1688.0, ""self_attn.o_proj"": 1153.0, ""self_attn.v_proj"": 513.0}","{""mlp.down_proj"": -3.0, ""mlp.gate_proj"": -4.0, ""mlp.up_proj"": -3.0, ""self_attn.o_proj"": -4.0, ""self_attn.v_proj"": -6.0}","{""mlp.down_proj"": 0.0016, ""mlp.gate_proj"": 0.0029218407596785976, ""mlp.up_proj"": 0.0017740981667652277, ""self_attn.o_proj"": 0.003457216940363008, ""self_attn.v_proj"": 0.011560693641618497}",0.006097102274469519,-0.0018343323727844536,7,equal7,True,"mlp.down_proj,mlp.gate_proj,mlp.up_proj,self_attn.k_proj,self_attn.o_proj,self_attn.q_proj,self_attn.v_proj",,1021.0,1025.5714285714287,1021.0,-4.571428571428571,0.009083721441710223,0.00445744532664726,"{""mlp.down_proj"": 1875.0, ""mlp.gate_proj"": 1369.0, ""mlp.up_proj"": 1691.0, ""self_attn.k_proj"": 189.0, ""self_attn.o_proj"": 1157.0, ""self_attn.q_proj"": 379.0, ""self_attn.v_proj"": 519.0}","{""mlp.down_proj"": 1872.0, ""mlp.gate_proj"": 1365.0, ""mlp.up_proj"": 1688.0, ""self_attn.k_proj"": 185.0, ""self_attn.o_proj"": 1153.0, ""self_attn.q_proj"": 371.0, ""self_attn.v_proj"": 513.0}","{""mlp.down_proj"": -3.0, ""mlp.gate_proj"": -4.0, ""mlp.up_proj"": -3.0, ""self_attn.k_proj"": -4.0, ""self_attn.o_proj"": -4.0, ""self_attn.q_proj"": -8.0, ""self_attn.v_proj"": -6.0}","{""mlp.down_proj"": 0.0016, ""mlp.gate_proj"": 0.0029218407596785976, ""mlp.up_proj"": 0.0017740981667652277, ""self_attn.k_proj"": 0.021164021164021163, ""self_attn.o_proj"": 0.003457216940363008, ""self_attn.q_proj"": 0.021108179419525065, ""self_attn.v_proj"": 0.011560693641618497}",-0.004820951540025158,0.5714285714285712,297.20000000000005,False,True
qwen,seqkd,80,E_math,E_mathHeld,0.05,18,5,equal5_non_qk,True,"mlp.down_proj,mlp.gate_proj,mlp.up_proj,self_attn.o_proj,self_attn.v_proj","self_attn.q_proj,self_attn.k_proj",1010.0,1014.2,1010.0,-4.2,0.005967468357506662,0.004141195030566008,"{""mlp.down_proj"": 1552.0, ""mlp.gate_proj"": 956.0, ""mlp.up_proj"": 1332.0, ""self_attn.o_proj"": 860.0, ""self_attn.v_proj"": 371.0}","{""mlp.down_proj"": 1548.0, ""mlp.gate_proj"": 952.0, ""mlp.up_proj"": 1329.0, ""self_attn.o_proj"": 856.0, ""self_attn.v_proj"": 365.0}","{""mlp.down_proj"": -4.0, ""mlp.gate_proj"": -4.0, ""mlp.up_proj"": -3.0, ""self_attn.o_proj"": -4.0, ""self_attn.v_proj"": -6.0}","{""mlp.down_proj"": 0.002577319587628866, ""mlp.gate_proj"": 0.0041841004184100415, ""mlp.up_proj"": 0.0022522522522522522, ""self_attn.o_proj"": 0.004651162790697674, ""self_attn.v_proj"": 0.016172506738544475}",0.008953762885818279,-0.0029862945283116163,7,equal7,True,"mlp.down_proj,mlp.gate_proj,mlp.up_proj,self_attn.k_proj,self_attn.o_proj,self_attn.q_proj,self_attn.v_proj",,754.2857142857143,758.1428571428571,754.2857142857143,-3.857142857142857,0.011457373094856903,0.00508762012436394,"{""mlp.down_proj"": 1552.0, ""mlp.gate_proj"": 956.0, ""mlp.up_proj"": 1332.0, ""self_attn.k_proj"": 82.0, ""self_attn.o_proj"": 860.0, ""self_attn.q_proj"": 154.0, ""self_attn.v_proj"": 371.0}","{""mlp.down_proj"": 1548.0, ""mlp.gate_proj"": 952.0, ""mlp.up_proj"": 1329.0, ""self_attn.k_proj"": 80.0, ""self_attn.o_proj"": 856.0, ""self_attn.q_proj"": 150.0, ""self_attn.v_proj"": 365.0}","{""mlp.down_proj"": -4.0, ""mlp.gate_proj"": -4.0, ""mlp.up_proj"": -3.0, ""self_attn.k_proj"": -2.0, ""self_attn.o_proj"": -4.0, ""self_attn.q_proj"": -4.0, ""self_attn.v_proj"": -6.0}","{""mlp.down_proj"": 0.002577319587628866, ""mlp.gate_proj"": 0.0041841004184100415, ""mlp.up_proj"": 0.0022522522522522522, ""self_attn.k_proj"": 0.024390243902439025, ""self_attn.o_proj"": 0.004651162790697674, ""self_attn.q_proj"": 0.025974025974025976, ""self_attn.v_proj"": 0.016172506738544475}",-0.005489904737350241,-0.34285714285714297,255.71428571428567,False,True
qwen,seqkd,80,E_math,E_mathHeld,0.1,18,5,equal5_non_qk,True,"mlp.down_proj,mlp.gate_proj,mlp.up_proj,self_attn.o_proj,self_attn.v_proj","self_attn.q_proj,self_attn.k_proj",669.2,673.2,669.2,-4.0,0.008922587736023576,0.0059417706476530005,"{""mlp.down_proj"": 1147.0, ""mlp.gate_proj"": 529.0, ""mlp.up_proj"": 913.0, ""self_attn.o_proj"": 561.0, ""self_attn.v_proj"": 216.0}","{""mlp.down_proj"": 1143.0, ""mlp.gate_proj"": 525.0, ""mlp.up_proj"": 910.0, ""self_attn.o_proj"": 557.0, ""self_attn.v_proj"": 211.0}","{""mlp.down_proj"": -4.0, ""mlp.gate_proj"": -4.0, ""mlp.up_proj"": -3.0, ""self_attn.o_proj"": -4.0, ""self_attn.v_proj"": -5.0}","{""mlp.down_proj"": 0.0034873583260680036, ""mlp.gate_proj"": 0.007561436672967864, ""mlp.up_proj"": 0.0032858707557502738, ""self_attn.o_proj"": 0.0071301247771836, ""self_attn.v_proj"": 0.023148148148148147}",0.013669198876807818,-0.0047466111407842414,7,equal7,True,"mlp.down_proj,mlp.gate_proj,mlp.up_proj,self_attn.k_proj,self_attn.o_proj,self_attn.q_proj,self_attn.v_proj",,485.42857142857144,488.7142857142857,485.42857142857144,-3.2857142857142856,0.021542247768434657,0.006723180356620854,"{""mlp.down_proj"": 1147.0, ""mlp.gate_proj"": 529.0, ""mlp.up_proj"": 913.0, ""self_attn.k_proj"": 24.0, ""self_attn.o_proj"": 561.0, ""self_attn.q_proj"": 31.0, ""self_attn.v_proj"": 216.0}","{""mlp.down_proj"": 1143.0, ""mlp.gate_proj"": 525.0, ""mlp.up_proj"": 910.0, ""self_attn.k_proj"": 23.0, ""self_attn.o_proj"": 557.0, ""self_attn.q_proj"": 29.0, ""self_attn.v_proj"": 211.0}","{""mlp.down_proj"": -4.0, ""mlp.gate_proj"": -4.0, ""mlp.up_proj"": -3.0, ""self_attn.k_proj"": -1.0, ""self_attn.o_proj"": -4.0, ""self_attn.q_proj"": -2.0, ""self_attn.v_proj"": -5.0}","{""mlp.down_proj"": 0.0034873583260680036, ""mlp.gate_proj"": 0.007561436672967864, ""mlp.up_proj"": 0.0032858707557502738, ""self_attn.k_proj"": 0.041666666666666664, ""self_attn.o_proj"": 0.0071301247771836, ""self_attn.q_proj"": 0.06451612903225806, ""self_attn.v_proj"": 0.023148148148148147}",-0.01261966003241108,-0.7142857142857144,183.7714285714286,False,True
qwen,seqkd,80,E_ood,E_mmluPro,0.01,18,5,equal5_non_qk,True,"mlp.down_proj,mlp.gate_proj,mlp.up_proj,self_attn.o_proj,self_attn.v_proj","self_attn.q_proj,self_attn.k_proj",1606.4,1610.4,1606.4,-4.0,0.003021497854700155,0.0024838549428713363,"{""mlp.down_proj"": 2156.0, ""mlp.gate_proj"": 1667.0, ""mlp.up_proj"": 2029.0, ""self_attn.o_proj"": 1471.0, ""self_attn.v_proj"": 729.0}","{""mlp.down_proj"": 2155.0, ""mlp.gate_proj"": 1661.0, ""mlp.up_proj"": 2026.0, ""self_attn.o_proj"": 1465.0, ""self_attn.v_proj"": 725.0}","{""mlp.down_proj"": -1.0, ""mlp.gate_proj"": -6.0, ""mlp.up_proj"": -3.0, ""self_attn.o_proj"": -6.0, ""self_attn.v_proj"": -4.0}","{""mlp.down_proj"": 0.00046382189239332097, ""mlp.gate_proj"": 0.003599280143971206, ""mlp.up_proj"": 0.0014785608674223755, ""self_attn.o_proj"": 0.004078857919782461, ""self_attn.v_proj"": 0.0054869684499314125}",0.0038497398292489347,-0.0008282419745487797,7,equal7,True,"mlp.down_proj,mlp.gate_proj,mlp.up_proj,self_attn.k_proj,self_attn.o_proj,self_attn.q_proj,self_attn.v_proj",,1301.0,1305.5714285714287,1301.0,-4.571428571428571,0.004954450542513661,0.0035014771856877866,"{""mlp.down_proj"": 2156.0, ""mlp.gate_proj"": 1667.0, ""mlp.up_proj"": 2029.0, ""self_attn.k_proj"": 402.0, ""self_attn.o_proj"": 1471.0, ""self_attn.q_proj"": 685.0, ""self_attn.v_proj"": 729.0}","{""mlp.down_proj"": 2155.0, ""mlp.gate_proj"": 1661.0, ""mlp.up_proj"": 2026.0, ""self_attn.k_proj"": 400.0, ""self_attn.o_proj"": 1465.0, ""self_attn.q_proj"": 675.0, ""self_attn.v_proj"": 725.0}","{""mlp.down_proj"": -1.0, ""mlp.gate_proj"": -6.0, ""mlp.up_proj"": -3.0, ""self_attn.k_proj"": -2.0, ""self_attn.o_proj"": -6.0, ""self_attn.q_proj"": -10.0, ""self_attn.v_proj"": -4.0}","{""mlp.down_proj"": 0.00046382189239332097, ""mlp.gate_proj"": 0.003599280143971206, ""mlp.up_proj"": 0.0014785608674223755, ""self_attn.k_proj"": 0.004975124378109453, ""self_attn.o_proj"": 0.004078857919782461, ""self_attn.q_proj"": 0.014598540145985401, ""self_attn.v_proj"": 0.0054869684499314125}",-0.0019329526878135057,0.5714285714285712,305.4000000000001,False,True
qwen,seqkd,80,E_ood,E_mmluPro,0.025,18,5,equal5_non_qk,True,"mlp.down_proj,mlp.gate_proj,mlp.up_proj,self_attn.o_proj,self_attn.v_proj","self_attn.q_proj,self_attn.k_proj",1263.8,1268.4,1263.8,-4.6,0.0043883086606886215,0.0036266162093977735,"{""mlp.down_proj"": 1847.0, ""mlp.gate_proj"": 1163.0, ""mlp.up_proj"": 1655.0, ""self_attn.o_proj"": 1105.0, ""self_attn.v_proj"": 572.0}","{""mlp.down_proj"": 1845.0, ""mlp.gate_proj"": 1156.0, ""mlp.up_proj"": 1651.0, ""self_attn.o_proj"": 1099.0, ""self_attn.v_proj"": 568.0}","{""mlp.down_proj"": -2.0, ""mlp.gate_proj"": -7.0, ""mlp.up_proj"": -4.0, ""self_attn.o_proj"": -6.0, ""self_attn.v_proj"": -4.0}","{""mlp.down_proj"": 0.0010828370330265296, ""mlp.gate_proj"": 0.0060189165950128975, ""mlp.up_proj"": 0.002416918429003021, ""self_attn.o_proj"": 0.005429864253393665, ""self_attn.v_proj"": 0.006993006993006993}",0.006097102274469519,-0.0017087936137808978,7,equal7,True,"mlp.down_proj,mlp.gate_proj,mlp.up_proj,self_attn.k_proj,self_attn.o_proj,self_attn.q_proj,self_attn.v_proj",,979.7142857142857,984.2857142857143,979.7142857142857,-4.571428571428571,0.007521396299101194,0.004644412191582101,"{""mlp.down_proj"": 1847.0, ""mlp.gate_proj"": 1163.0, ""mlp.up_proj"": 1655.0, ""self_attn.k_proj"": 230.0, ""self_attn.o_proj"": 1105.0, ""self_attn.q_proj"": 318.0, ""self_attn.v_proj"": 572.0}","{""mlp.down_proj"": 1845.0, ""mlp.gate_proj"": 1156.0, ""mlp.up_proj"": 1651.0, ""self_attn.k_proj"": 228.0, ""self_attn.o_proj"": 1099.0, ""self_attn.q_proj"": 311.0, ""self_attn.v_proj"": 568.0}","{""mlp.down_proj"": -2.0, ""mlp.gate_proj"": -7.0, ""mlp.up_proj"": -4.0, ""self_attn.k_proj"": -2.0, ""self_attn.o_proj"": -6.0, ""self_attn.q_proj"": -7.0, ""self_attn.v_proj"": -4.0}","{""mlp.down_proj"": 0.0010828370330265296, ""mlp.gate_proj"": 0.0060189165950128975, ""mlp.up_proj"": 0.002416918429003021, ""self_attn.k_proj"": 0.008695652173913044, ""self_attn.o_proj"": 0.005429864253393665, ""self_attn.q_proj"": 0.0220125786163522, ""self_attn.v_proj"": 0.006993006993006993}",-0.0031330876384125725,-0.02857142857142847,284.0857142857143,False,True
qwen,seqkd,80,E_ood,E_mmluPro,0.05,18,5,equal5_non_qk,True,"mlp.down_proj,mlp.gate_proj,mlp.up_proj,self_attn.o_proj,self_attn.v_proj","self_attn.q_proj,self_attn.k_proj",950.2,954.4,950.2,-4.2,0.005620146499248092,0.004400670578373776,"{""mlp.down_proj"": 1519.0, ""mlp.gate_proj"": 731.0, ""mlp.up_proj"": 1281.0, ""self_attn.o_proj"": 810.0, ""self_attn.v_proj"": 431.0}","{""mlp.down_proj"": 1517.0, ""mlp.gate_proj"": 725.0, ""mlp.up_proj"": 1277.0, ""self_attn.o_proj"": 805.0, ""self_attn.v_proj"": 427.0}","{""mlp.down_proj"": -2.0, ""mlp.gate_proj"": -6.0, ""mlp.up_proj"": -4.0, ""self_attn.o_proj"": -5.0, ""self_attn.v_proj"": -4.0}","{""mlp.down_proj"": 0.0013166556945358788, ""mlp.gate_proj"": 0.008207934336525308, ""mlp.up_proj"": 0.00312256049960968, ""self_attn.o_proj"": 0.006172839506172839, ""self_attn.v_proj"": 0.009280742459396751}",0.008953762885818279,-0.0033336163865701866,7,equal7,True,"mlp.down_proj,mlp.gate_proj,mlp.up_proj,self_attn.k_proj,self_attn.o_proj,self_attn.q_proj,self_attn.v_proj",,712.0,715.5714285714286,712.0,-3.5714285714285716,0.008787830083023564,0.0049910161708923715,"{""mlp.down_proj"": 1519.0, ""mlp.gate_proj"": 731.0, ""mlp.up_proj"": 1281.0, ""self_attn.k_proj"": 116.0, ""self_attn.o_proj"": 810.0, ""self_attn.q_proj"": 121.0, ""self_attn.v_proj"": 431.0}","{""mlp.down_proj"": 1517.0, ""mlp.gate_proj"": 725.0, ""mlp.up_proj"": 1277.0, ""self_attn.k_proj"": 115.0, ""self_attn.o_proj"": 805.0, ""self_attn.q_proj"": 118.0, ""self_attn.v_proj"": 427.0}","{""mlp.down_proj"": -2.0, ""mlp.gate_proj"": -6.0, ""mlp.up_proj"": -4.0, ""self_attn.k_proj"": -1.0, ""self_attn.o_proj"": -5.0, ""self_attn.q_proj"": -3.0, ""self_attn.v_proj"": -4.0}","{""mlp.down_proj"": 0.0013166556945358788, ""mlp.gate_proj"": 0.008207934336525308, ""mlp.up_proj"": 0.00312256049960968, ""self_attn.k_proj"": 0.008620689655172414, ""self_attn.o_proj"": 0.006172839506172839, ""self_attn.q_proj"": 0.024793388429752067, ""self_attn.v_proj"": 0.009280742459396751}",-0.0031676835837754717,-0.6285714285714286,238.20000000000005,False,True
qwen,seqkd,80,E_ood,E_mmluPro,0.1,18,5,equal5_non_qk,True,"mlp.down_proj,mlp.gate_proj,mlp.up_proj,self_attn.o_proj,self_attn.v_proj","self_attn.q_proj,self_attn.k_proj",613.8,617.4,613.8,-3.6,0.008319631732886908,0.005830903790087501,"{""mlp.down_proj"": 1114.0, ""mlp.gate_proj"": 327.0, ""mlp.up_proj"": 850.0, ""self_attn.o_proj"": 518.0, ""self_attn.v_proj"": 278.0}","{""mlp.down_proj"": 1112.0, ""mlp.gate_proj"": 323.0, ""mlp.up_proj"": 847.0, ""self_attn.o_proj"": 513.0, ""self_attn.v_proj"": 274.0}","{""mlp.down_proj"": -2.0, ""mlp.gate_proj"": -4.0, ""mlp.up_proj"": -3.0, ""self_attn.o_proj"": -5.0, ""self_attn.v_proj"": -4.0}","{""mlp.down_proj"": 0.0017953321364452424, ""mlp.gate_proj"": 0.012232415902140673, ""mlp.up_proj"": 0.0035294117647058825, ""self_attn.o_proj"": 0.009652509652509652, ""self_attn.v_proj"": 0.014388489208633094}",0.013669198876807818,-0.005349567143920909,7,equal7,True,"mlp.down_proj,mlp.gate_proj,mlp.up_proj,self_attn.k_proj,self_attn.o_proj,self_attn.q_proj,self_attn.v_proj",,447.85714285714283,450.42857142857144,447.85714285714283,-2.5714285714285716,0.007865671017996144,0.005708848715509129,"{""mlp.down_proj"": 1114.0, ""mlp.gate_proj"": 327.0, ""mlp.up_proj"": 850.0, ""self_attn.k_proj"": 40.0, ""self_attn.o_proj"": 518.0, ""self_attn.q_proj"": 26.0, ""self_attn.v_proj"": 278.0}","{""mlp.down_proj"": 1112.0, ""mlp.gate_proj"": 323.0, ""mlp.up_proj"": 847.0, ""self_attn.k_proj"": 41.0, ""self_attn.o_proj"": 513.0, ""self_attn.q_proj"": 25.0, ""self_attn.v_proj"": 274.0}","{""mlp.down_proj"": -2.0, ""mlp.gate_proj"": -4.0, ""mlp.up_proj"": -3.0, ""self_attn.k_proj"": 1.0, ""self_attn.o_proj"": -5.0, ""self_attn.q_proj"": -1.0, ""self_attn.v_proj"": -4.0}","{""mlp.down_proj"": 0.0017953321364452424, ""mlp.gate_proj"": 0.012232415902140673, ""mlp.up_proj"": 0.0035294117647058825, ""self_attn.k_proj"": -0.025, ""self_attn.o_proj"": 0.009652509652509652, ""self_attn.q_proj"": 0.038461538461538464, ""self_attn.v_proj"": 0.014388489208633094}",0.0004539607148907644,-1.0285714285714285,165.94285714285712,False,True
qwen,seqkd,160,E_general,E_general,0.01,18,5,equal5_non_qk,True,"mlp.down_proj,mlp.gate_proj,mlp.up_proj,self_attn.o_proj,self_attn.v_proj","self_attn.q_proj,self_attn.k_proj",1625.2,1634.4,1625.2,-9.2,0.006434475450315363,0.005628976994615789,"{""mlp.down_proj"": 2190.0, ""mlp.gate_proj"": 1641.0, ""mlp.up_proj"": 2064.0, ""self_attn.o_proj"": 1546.0, ""self_attn.v_proj"": 731.0}","{""mlp.down_proj"": 2183.0, ""mlp.gate_proj"": 1628.0, ""mlp.up_proj"": 2059.0, ""self_attn.o_proj"": 1532.0, ""self_attn.v_proj"": 724.0}","{""mlp.down_proj"": -7.0, ""mlp.gate_proj"": -13.0, ""mlp.up_proj"": -5.0, ""self_attn.o_proj"": -14.0, ""self_attn.v_proj"": -7.0}","{""mlp.down_proj"": 0.0031963470319634705, ""mlp.gate_proj"": 0.007921998781230956, ""mlp.up_proj"": 0.0024224806201550387, ""self_attn.o_proj"": 0.009055627425614488, ""self_attn.v_proj"": 0.009575923392612859}",0.006434475450315363,0.0,7,equal7,True,"mlp.down_proj,mlp.gate_proj,mlp.up_proj,self_attn.k_proj,self_attn.o_proj,self_attn.q_proj,self_attn.v_proj",,1318.0,1328.4285714285713,1318.0,-10.428571428571429,0.011026099088602151,0.00785030648456816,"{""mlp.down_proj"": 2190.0, ""mlp.gate_proj"": 1641.0, ""mlp.up_proj"": 2064.0, ""self_attn.k_proj"": 400.0, ""self_attn.o_proj"": 1546.0, ""self_attn.q_proj"": 727.0, ""self_attn.v_proj"": 731.0}","{""mlp.down_proj"": 2183.0, ""mlp.gate_proj"": 1628.0, ""mlp.up_proj"": 2059.0, ""self_attn.k_proj"": 393.0, ""self_attn.o_proj"": 1532.0, ""self_attn.q_proj"": 707.0, ""self_attn.v_proj"": 724.0}","{""mlp.down_proj"": -7.0, ""mlp.gate_proj"": -13.0, ""mlp.up_proj"": -5.0, ""self_attn.k_proj"": -7.0, ""self_attn.o_proj"": -14.0, ""self_attn.q_proj"": -20.0, ""self_attn.v_proj"": -7.0}","{""mlp.down_proj"": 0.0031963470319634705, ""mlp.gate_proj"": 0.007921998781230956, ""mlp.up_proj"": 0.0024224806201550387, ""self_attn.k_proj"": 0.0175, ""self_attn.o_proj"": 0.009055627425614488, ""self_attn.q_proj"": 0.027510316368638238, ""self_attn.v_proj"": 0.009575923392612859}",-0.0045916236382867875,1.2285714285714295,307.20000000000005,False,True
qwen,seqkd,160,E_general,E_general,0.025,18,5,equal5_non_qk,True,"mlp.down_proj,mlp.gate_proj,mlp.up_proj,self_attn.o_proj,self_attn.v_proj","self_attn.q_proj,self_attn.k_proj",1288.6,1299.6,1288.6,-11.0,0.009862792895072352,0.008464142813173285,"{""mlp.down_proj"": 1900.0, ""mlp.gate_proj"": 1133.0, ""mlp.up_proj"": 1706.0, ""self_attn.o_proj"": 1186.0, ""self_attn.v_proj"": 573.0}","{""mlp.down_proj"": 1891.0, ""mlp.gate_proj"": 1117.0, ""mlp.up_proj"": 1698.0, ""self_attn.o_proj"": 1172.0, ""self_attn.v_proj"": 565.0}","{""mlp.down_proj"": -9.0, ""mlp.gate_proj"": -16.0, ""mlp.up_proj"": -8.0, ""self_attn.o_proj"": -14.0, ""self_attn.v_proj"": -8.0}","{""mlp.down_proj"": 0.004736842105263158, ""mlp.gate_proj"": 0.01412180052956752, ""mlp.up_proj"": 0.004689331770222743, ""self_attn.o_proj"": 0.011804384485666104, ""self_attn.v_proj"": 0.013961605584642234}",0.009862792895072352,0.0,7,equal7,True,"mlp.down_proj,mlp.gate_proj,mlp.up_proj,self_attn.k_proj,self_attn.o_proj,self_attn.q_proj,self_attn.v_proj",,1000.4285714285714,1011.2857142857143,1000.4285714285714,-10.857142857142858,0.01687408055613828,0.010735979658143838,"{""mlp.down_proj"": 1900.0, ""mlp.gate_proj"": 1133.0, ""mlp.up_proj"": 1706.0, ""self_attn.k_proj"": 227.0, ""self_attn.o_proj"": 1186.0, ""self_attn.q_proj"": 354.0, ""self_attn.v_proj"": 573.0}","{""mlp.down_proj"": 1891.0, ""mlp.gate_proj"": 1117.0, ""mlp.up_proj"": 1698.0, ""self_attn.k_proj"": 221.0, ""self_attn.o_proj"": 1172.0, ""self_attn.q_proj"": 339.0, ""self_attn.v_proj"": 565.0}","{""mlp.down_proj"": -9.0, ""mlp.gate_proj"": -16.0, ""mlp.up_proj"": -8.0, ""self_attn.k_proj"": -6.0, ""self_attn.o_proj"": -14.0, ""self_attn.q_proj"": -15.0, ""self_attn.v_proj"": -8.0}","{""mlp.down_proj"": 0.004736842105263158, ""mlp.gate_proj"": 0.01412180052956752, ""mlp.up_proj"": 0.004689331770222743, ""self_attn.k_proj"": 0.02643171806167401, ""self_attn.o_proj"": 0.011804384485666104, ""self_attn.q_proj"": 0.0423728813559322, ""self_attn.v_proj"": 0.013961605584642234}",-0.007011287661065929,-0.14285714285714235,288.17142857142846,False,True
qwen,seqkd,160,E_general,E_general,0.05,18,5,equal5_non_qk,True,"mlp.down_proj,mlp.gate_proj,mlp.up_proj,self_attn.o_proj,self_attn.v_proj","self_attn.q_proj,self_attn.k_proj",979.0,991.2,979.0,-12.2,0.014861814637851722,0.012308313155770828,"{""mlp.down_proj"": 1590.0, ""mlp.gate_proj"": 701.0, ""mlp.up_proj"": 1344.0, ""self_attn.o_proj"": 890.0, ""self_attn.v_proj"": 431.0}","{""mlp.down_proj"": 1577.0, ""mlp.gate_proj"": 685.0, ""mlp.up_proj"": 1335.0, ""self_attn.o_proj"": 876.0, ""self_attn.v_proj"": 422.0}","{""mlp.down_proj"": -13.0, ""mlp.gate_proj"": -16.0, ""mlp.up_proj"": -9.0, ""self_attn.o_proj"": -14.0, ""self_attn.v_proj"": -9.0}","{""mlp.down_proj"": 0.008176100628930818, ""mlp.gate_proj"": 0.02282453637660485, ""mlp.up_proj"": 0.006696428571428571, ""self_attn.o_proj"": 0.015730337078651686, ""self_attn.v_proj"": 0.02088167053364269}",0.014861814637851722,0.0,7,equal7,True,"mlp.down_proj,mlp.gate_proj,mlp.up_proj,self_attn.k_proj,self_attn.o_proj,self_attn.q_proj,self_attn.v_proj",,734.1428571428571,744.7142857142857,734.1428571428571,-10.571428571428571,0.024601043325393458,0.014195281028198713,"{""mlp.down_proj"": 1590.0, ""mlp.gate_proj"": 701.0, ""mlp.up_proj"": 1344.0, ""self_attn.k_proj"": 113.0, ""self_attn.o_proj"": 890.0, ""self_attn.q_proj"": 144.0, ""self_attn.v_proj"": 431.0}","{""mlp.down_proj"": 1577.0, ""mlp.gate_proj"": 685.0, ""mlp.up_proj"": 1335.0, ""self_attn.k_proj"": 109.0, ""self_attn.o_proj"": 876.0, ""self_attn.q_proj"": 135.0, ""self_attn.v_proj"": 422.0}","{""mlp.down_proj"": -13.0, ""mlp.gate_proj"": -16.0, ""mlp.up_proj"": -9.0, ""self_attn.k_proj"": -4.0, ""self_attn.o_proj"": -14.0, ""self_attn.q_proj"": -9.0, ""self_attn.v_proj"": -9.0}","{""mlp.down_proj"": 0.008176100628930818, ""mlp.gate_proj"": 0.02282453637660485, ""mlp.up_proj"": 0.006696428571428571, ""self_attn.k_proj"": 0.035398230088495575, ""self_attn.o_proj"": 0.015730337078651686, ""self_attn.q_proj"": 0.0625, ""self_attn.v_proj"": 0.02088167053364269}",-0.009739228687541736,-1.6285714285714281,244.8571428571429,False,True
qwen,seqkd,160,E_general,E_general,0.1,18,5,equal5_non_qk,True,"mlp.down_proj,mlp.gate_proj,mlp.up_proj,self_attn.o_proj,self_attn.v_proj","self_attn.q_proj,self_attn.k_proj",645.6,657.2,645.6,-11.6,0.02341970278276184,0.017650639074863087,"{""mlp.down_proj"": 1200.0, ""mlp.gate_proj"": 300.0, ""mlp.up_proj"": 920.0, ""self_attn.o_proj"": 589.0, ""self_attn.v_proj"": 277.0}","{""mlp.down_proj"": 1186.0, ""mlp.gate_proj"": 288.0, ""mlp.up_proj"": 910.0, ""self_attn.o_proj"": 576.0, ""self_attn.v_proj"": 268.0}","{""mlp.down_proj"": -14.0, ""mlp.gate_proj"": -12.0, ""mlp.up_proj"": -10.0, ""self_attn.o_proj"": -13.0, ""self_attn.v_proj"": -9.0}","{""mlp.down_proj"": 0.011666666666666667, ""mlp.gate_proj"": 0.04, ""mlp.up_proj"": 0.010869565217391304, ""self_attn.o_proj"": 0.022071307300509338, ""self_attn.v_proj"": 0.032490974729241874}",0.02341970278276184,0.0,7,equal7,True,"mlp.down_proj,mlp.gate_proj,mlp.up_proj,self_attn.k_proj,self_attn.o_proj,self_attn.q_proj,self_attn.v_proj",,470.85714285714283,479.7142857142857,470.85714285714283,-8.857142857142858,0.03337837578056082,0.018463371054198995,"{""mlp.down_proj"": 1200.0, ""mlp.gate_proj"": 300.0, ""mlp.up_proj"": 920.0, ""self_attn.k_proj"": 39.0, ""self_attn.o_proj"": 589.0, ""self_attn.q_proj"": 33.0, ""self_attn.v_proj"": 277.0}","{""mlp.down_proj"": 1186.0, ""mlp.gate_proj"": 288.0, ""mlp.up_proj"": 910.0, ""self_attn.k_proj"": 38.0, ""self_attn.o_proj"": 576.0, ""self_attn.q_proj"": 30.0, ""self_attn.v_proj"": 268.0}","{""mlp.down_proj"": -14.0, ""mlp.gate_proj"": -12.0, ""mlp.up_proj"": -10.0, ""self_attn.k_proj"": -1.0, ""self_attn.o_proj"": -13.0, ""self_attn.q_proj"": -3.0, ""self_attn.v_proj"": -9.0}","{""mlp.down_proj"": 0.011666666666666667, ""mlp.gate_proj"": 0.04, ""mlp.up_proj"": 0.010869565217391304, ""self_attn.k_proj"": 0.02564102564102564, ""self_attn.o_proj"": 0.022071307300509338, ""self_attn.q_proj"": 0.09090909090909091, ""self_attn.v_proj"": 0.032490974729241874}",-0.00995867299779898,-2.742857142857142,174.7428571428572,False,True
qwen,seqkd,160,E_if,E_ifeval,0.01,18,5,equal5_non_qk,True,"mlp.down_proj,mlp.gate_proj,mlp.up_proj,self_attn.o_proj,self_attn.v_proj","self_attn.q_proj,self_attn.k_proj",1473.4,1484.2,1473.4,-10.8,0.0084290061518273,0.00727664735210885,"{""mlp.down_proj"": 2024.0, ""mlp.gate_proj"": 1528.0, ""mlp.up_proj"": 1933.0, ""self_attn.o_proj"": 1347.0, ""self_attn.v_proj"": 589.0}","{""mlp.down_proj"": 2013.0, ""mlp.gate_proj"": 1516.0, ""mlp.up_proj"": 1925.0, ""self_attn.o_proj"": 1332.0, ""self_attn.v_proj"": 581.0}","{""mlp.down_proj"": -11.0, ""mlp.gate_proj"": -12.0, ""mlp.up_proj"": -8.0, ""self_attn.o_proj"": -15.0, ""self_attn.v_proj"": -8.0}","{""mlp.down_proj"": 0.005434782608695652, ""mlp.gate_proj"": 0.007853403141361256, ""mlp.up_proj"": 0.004138644593895499, ""self_attn.o_proj"": 0.011135857461024499, ""self_attn.v_proj"": 0.013582342954159592}",0.006434475450315363,0.0019945307015119366,7,equal7,True,"mlp.down_proj,mlp.gate_proj,mlp.up_proj,self_attn.k_proj,self_attn.o_proj,self_attn.q_proj,self_attn.v_proj",,1163.5714285714287,1174.0,1163.5714285714287,-10.428571428571429,0.012955259965562965,0.008882939888050537,"{""mlp.down_proj"": 2024.0, ""mlp.gate_proj"": 1528.0, ""mlp.up_proj"": 1933.0, ""self_attn.k_proj"": 273.0, ""self_attn.o_proj"": 1347.0, ""self_attn.q_proj"": 524.0, ""self_attn.v_proj"": 589.0}","{""mlp.down_proj"": 2013.0, ""mlp.gate_proj"": 1516.0, ""mlp.up_proj"": 1925.0, ""self_attn.k_proj"": 266.0, ""self_attn.o_proj"": 1332.0, ""self_attn.q_proj"": 512.0, ""self_attn.v_proj"": 581.0}","{""mlp.down_proj"": -11.0, ""mlp.gate_proj"": -12.0, ""mlp.up_proj"": -8.0, ""self_attn.k_proj"": -7.0, ""self_attn.o_proj"": -15.0, ""self_attn.q_proj"": -12.0, ""self_attn.v_proj"": -8.0}","{""mlp.down_proj"": 0.005434782608695652, ""mlp.gate_proj"": 0.007853403141361256, ""mlp.up_proj"": 0.004138644593895499, ""self_attn.k_proj"": 0.02564102564102564, ""self_attn.o_proj"": 0.011135857461024499, ""self_attn.q_proj"": 0.022900763358778626, ""self_attn.v_proj"": 0.013582342954159592}",-0.004526253813735665,-0.3714285714285719,309.8285714285714,False,True
qwen,seqkd,160,E_if,E_ifeval,0.025,18,5,equal5_non_qk,True,"mlp.down_proj,mlp.gate_proj,mlp.up_proj,self_attn.o_proj,self_attn.v_proj","self_attn.q_proj,self_attn.k_proj",1096.6,1109.6,1096.6,-13.0,0.013802196649447332,0.011715933669790917,"{""mlp.down_proj"": 1649.0, ""mlp.gate_proj"": 1005.0, ""mlp.up_proj"": 1521.0, ""self_attn.o_proj"": 969.0, ""self_attn.v_proj"": 404.0}","{""mlp.down_proj"": 1634.0, ""mlp.gate_proj"": 990.0, ""mlp.up_proj"": 1510.0, ""self_attn.o_proj"": 954.0, ""self_attn.v_proj"": 395.0}","{""mlp.down_proj"": -15.0, ""mlp.gate_proj"": -15.0, ""mlp.up_proj"": -11.0, ""self_attn.o_proj"": -15.0, ""self_attn.v_proj"": -9.0}","{""mlp.down_proj"": 0.009096422073984234, ""mlp.gate_proj"": 0.014925373134328358, ""mlp.up_proj"": 0.007232084155161078, ""self_attn.o_proj"": 0.015479876160990712, ""self_attn.v_proj"": 0.022277227722772276}",0.009862792895072352,0.00393940375437498,7,equal7,True,"mlp.down_proj,mlp.gate_proj,mlp.up_proj,self_attn.k_proj,self_attn.o_proj,self_attn.q_proj,self_attn.v_proj",,829.1428571428571,840.0,829.1428571428571,-10.857142857142858,0.01928916163099941,0.01292517006802725,"{""mlp.down_proj"": 1649.0, ""mlp.gate_proj"": 1005.0, ""mlp.up_proj"": 1521.0, ""self_attn.k_proj"": 123.0, ""self_attn.o_proj"": 969.0, ""self_attn.q_proj"": 209.0, ""self_attn.v_proj"": 404.0}","{""mlp.down_proj"": 1634.0, ""mlp.gate_proj"": 990.0, ""mlp.up_proj"": 1510.0, ""self_attn.k_proj"": 119.0, ""self_attn.o_proj"": 954.0, ""self_attn.q_proj"": 202.0, ""self_attn.v_proj"": 395.0}","{""mlp.down_proj"": -15.0, ""mlp.gate_proj"": -15.0, ""mlp.up_proj"": -11.0, ""self_attn.k_proj"": -4.0, ""self_attn.o_proj"": -15.0, ""self_attn.q_proj"": -7.0, ""self_attn.v_proj"": -9.0}","{""mlp.down_proj"": 0.009096422073984234, ""mlp.gate_proj"": 0.014925373134328358, ""mlp.up_proj"": 0.007232084155161078, ""self_attn.k_proj"": 0.032520325203252036, ""self_attn.o_proj"": 0.015479876160990712, ""self_attn.q_proj"": 0.03349282296650718, ""self_attn.v_proj"": 0.022277227722772276}",-0.00548696498155208,-2.1428571428571423,267.4571428571428,False,True
qwen,seqkd,160,E_if,E_ifeval,0.05,18,5,equal5_non_qk,True,"mlp.down_proj,mlp.gate_proj,mlp.up_proj,self_attn.o_proj,self_attn.v_proj","self_attn.q_proj,self_attn.k_proj",768.4,782.0,768.4,-13.6,0.02065034925368457,0.017391304347826115,"{""mlp.down_proj"": 1274.0, ""mlp.gate_proj"": 584.0, ""mlp.up_proj"": 1127.0, ""self_attn.o_proj"": 672.0, ""self_attn.v_proj"": 253.0}","{""mlp.down_proj"": 1255.0, ""mlp.gate_proj"": 571.0, ""mlp.up_proj"": 1115.0, ""self_attn.o_proj"": 656.0, ""self_attn.v_proj"": 245.0}","{""mlp.down_proj"": -19.0, ""mlp.gate_proj"": -13.0, ""mlp.up_proj"": -12.0, ""self_attn.o_proj"": -16.0, ""self_attn.v_proj"": -8.0}","{""mlp.down_proj"": 0.014913657770800628, ""mlp.gate_proj"": 0.02226027397260274, ""mlp.up_proj"": 0.01064773735581189, ""self_attn.o_proj"": 0.023809523809523808, ""self_attn.v_proj"": 0.03162055335968379}",0.014861814637851722,0.005788534615832846,7,equal7,True,"mlp.down_proj,mlp.gate_proj,mlp.up_proj,self_attn.k_proj,self_attn.o_proj,self_attn.q_proj,self_attn.v_proj",,565.1428571428571,575.7142857142857,565.1428571428571,-10.571428571428571,0.028627800487325716,0.018362282878411886,"{""mlp.down_proj"": 1274.0, ""mlp.gate_proj"": 584.0, ""mlp.up_proj"": 1127.0, ""self_attn.k_proj"": 50.0, ""self_attn.o_proj"": 672.0, ""self_attn.q_proj"": 70.0, ""self_attn.v_proj"": 253.0}","{""mlp.down_proj"": 1255.0, ""mlp.gate_proj"": 571.0, ""mlp.up_proj"": 1115.0, ""self_attn.k_proj"": 48.0, ""self_attn.o_proj"": 656.0, ""self_attn.q_proj"": 66.0, ""self_attn.v_proj"": 245.0}","{""mlp.down_proj"": -19.0, ""mlp.gate_proj"": -13.0, ""mlp.up_proj"": -12.0, ""self_attn.k_proj"": -2.0, ""self_attn.o_proj"": -16.0, ""self_attn.q_proj"": -4.0, ""self_attn.v_proj"": -8.0}","{""mlp.down_proj"": 0.014913657770800628, ""mlp.gate_proj"": 0.02226027397260274, ""mlp.up_proj"": 0.01064773735581189, ""self_attn.k_proj"": 0.04, ""self_attn.o_proj"": 0.023809523809523808, ""self_attn.q_proj"": 0.05714285714285714, ""self_attn.v_proj"": 0.03162055335968379}",-0.007977451233641148,-3.0285714285714285,203.25714285714287,False,True
qwen,seqkd,160,E_if,E_ifeval,0.1,18,5,equal5_non_qk,True,"mlp.down_proj,mlp.gate_proj,mlp.up_proj,self_attn.o_proj,self_attn.v_proj","self_attn.q_proj,self_attn.k_proj",441.0,453.0,441.0,-12.0,0.033407754625994636,0.026490066225165563,"{""mlp.down_proj"": 839.0, ""mlp.gate_proj"": 228.0, ""mlp.up_proj"": 695.0, ""self_attn.o_proj"": 387.0, ""self_attn.v_proj"": 116.0}","{""mlp.down_proj"": 819.0, ""mlp.gate_proj"": 219.0, ""mlp.up_proj"": 684.0, ""self_attn.o_proj"": 373.0, ""self_attn.v_proj"": 110.0}","{""mlp.down_proj"": -20.0, ""mlp.gate_proj"": -9.0, ""mlp.up_proj"": -11.0, ""self_attn.o_proj"": -14.0, ""self_attn.v_proj"": -6.0}","{""mlp.down_proj"": 0.023837902264600714, ""mlp.gate_proj"": 0.039473684210526314, ""mlp.up_proj"": 0.015827338129496403, ""self_attn.o_proj"": 0.03617571059431524, ""self_attn.v_proj"": 0.05172413793103448}",0.02341970278276184,0.009988051843232797,7,equal7,True,"mlp.down_proj,mlp.gate_proj,mlp.up_proj,self_attn.k_proj,self_attn.o_proj,self_attn.q_proj,self_attn.v_proj",,318.57142857142856,327.42857142857144,318.57142857142856,-8.857142857142858,0.045778266291294854,0.027050610820244427,"{""mlp.down_proj"": 839.0, ""mlp.gate_proj"": 228.0, ""mlp.up_proj"": 695.0, ""self_attn.k_proj"": 16.0, ""self_attn.o_proj"": 387.0, ""self_attn.q_proj"": 11.0, ""self_attn.v_proj"": 116.0}","{""mlp.down_proj"": 819.0, ""mlp.gate_proj"": 219.0, ""mlp.up_proj"": 684.0, ""self_attn.k_proj"": 15.0, ""self_attn.o_proj"": 373.0, ""self_attn.q_proj"": 10.0, ""self_attn.v_proj"": 110.0}","{""mlp.down_proj"": -20.0, ""mlp.gate_proj"": -9.0, ""mlp.up_proj"": -11.0, ""self_attn.k_proj"": -1.0, ""self_attn.o_proj"": -14.0, ""self_attn.q_proj"": -1.0, ""self_attn.v_proj"": -6.0}","{""mlp.down_proj"": 0.023837902264600714, ""mlp.gate_proj"": 0.039473684210526314, ""mlp.up_proj"": 0.015827338129496403, ""self_attn.k_proj"": 0.0625, ""self_attn.o_proj"": 0.03617571059431524, ""self_attn.q_proj"": 0.09090909090909091, ""self_attn.v_proj"": 0.05172413793103448}",-0.012370511665300218,-3.1428571428571423,122.42857142857144,False,True
qwen,seqkd,160,E_math,E_mathHeld,0.01,18,5,equal5_non_qk,True,"mlp.down_proj,mlp.gate_proj,mlp.up_proj,self_attn.o_proj,self_attn.v_proj","self_attn.q_proj,self_attn.k_proj",1638.8,1649.6,1638.8,-10.8,0.008123172318727667,0.0065470417070804775,"{""mlp.down_proj"": 2176.0, ""mlp.gate_proj"": 1819.0, ""mlp.up_proj"": 2046.0, ""self_attn.o_proj"": 1520.0, ""self_attn.v_proj"": 687.0}","{""mlp.down_proj"": 2167.0, ""mlp.gate_proj"": 1805.0, ""mlp.up_proj"": 2039.0, ""self_attn.o_proj"": 1508.0, ""self_attn.v_proj"": 675.0}","{""mlp.down_proj"": -9.0, ""mlp.gate_proj"": -14.0, ""mlp.up_proj"": -7.0, ""self_attn.o_proj"": -12.0, ""self_attn.v_proj"": -12.0}","{""mlp.down_proj"": 0.004136029411764706, ""mlp.gate_proj"": 0.007696536558548653, ""mlp.up_proj"": 0.003421309872922776, ""self_attn.o_proj"": 0.007894736842105263, ""self_attn.v_proj"": 0.017467248908296942}",0.006434475450315363,0.0016886968684123038,7,equal7,True,"mlp.down_proj,mlp.gate_proj,mlp.up_proj,self_attn.k_proj,self_attn.o_proj,self_attn.q_proj,self_attn.v_proj",,1325.857142857143,1339.0,1325.857142857143,-13.142857142857142,0.015605276102868302,0.009815427291155423,"{""mlp.down_proj"": 2176.0, ""mlp.gate_proj"": 1819.0, ""mlp.up_proj"": 2046.0, ""self_attn.k_proj"": 363.0, ""self_attn.o_proj"": 1520.0, ""self_attn.q_proj"": 762.0, ""self_attn.v_proj"": 687.0}","{""mlp.down_proj"": 2167.0, ""mlp.gate_proj"": 1805.0, ""mlp.up_proj"": 2039.0, ""self_attn.k_proj"": 350.0, ""self_attn.o_proj"": 1508.0, ""self_attn.q_proj"": 737.0, ""self_attn.v_proj"": 675.0}","{""mlp.down_proj"": -9.0, ""mlp.gate_proj"": -14.0, ""mlp.up_proj"": -7.0, ""self_attn.k_proj"": -13.0, ""self_attn.o_proj"": -12.0, ""self_attn.q_proj"": -25.0, ""self_attn.v_proj"": -12.0}","{""mlp.down_proj"": 0.004136029411764706, ""mlp.gate_proj"": 0.007696536558548653, ""mlp.up_proj"": 0.003421309872922776, ""self_attn.k_proj"": 0.03581267217630854, ""self_attn.o_proj"": 0.007894736842105263, ""self_attn.q_proj"": 0.03280839895013123, ""self_attn.v_proj"": 0.017467248908296942}",-0.007482103784140635,2.3428571428571416,312.94285714285706,False,True
qwen,seqkd,160,E_math,E_mathHeld,0.025,18,5,equal5_non_qk,True,"mlp.down_proj,mlp.gate_proj,mlp.up_proj,self_attn.o_proj,self_attn.v_proj","self_attn.q_proj,self_attn.k_proj",1308.0,1322.2,1308.0,-14.2,0.013451533171383775,0.010739676297080657,"{""mlp.down_proj"": 1875.0, ""mlp.gate_proj"": 1369.0, ""mlp.up_proj"": 1691.0, ""self_attn.o_proj"": 1157.0, ""self_attn.v_proj"": 519.0}","{""mlp.down_proj"": 1861.0, ""mlp.gate_proj"": 1351.0, ""mlp.up_proj"": 1680.0, ""self_attn.o_proj"": 1144.0, ""self_attn.v_proj"": 504.0}","{""mlp.down_proj"": -14.0, ""mlp.gate_proj"": -18.0, ""mlp.up_proj"": -11.0, ""self_attn.o_proj"": -13.0, ""self_attn.v_proj"": -15.0}","{""mlp.down_proj"": 0.007466666666666667, ""mlp.gate_proj"": 0.013148283418553688, ""mlp.up_proj"": 0.006505026611472502, ""self_attn.o_proj"": 0.011235955056179775, ""self_attn.v_proj"": 0.028901734104046242}",0.009862792895072352,0.0035887402763114234,7,equal7,True,"mlp.down_proj,mlp.gate_proj,mlp.up_proj,self_attn.k_proj,self_attn.o_proj,self_attn.q_proj,self_attn.v_proj",,1011.1428571428571,1025.5714285714287,1011.1428571428571,-14.428571428571429,0.024705452473683498,0.01406881181223024,"{""mlp.down_proj"": 1875.0, ""mlp.gate_proj"": 1369.0, ""mlp.up_proj"": 1691.0, ""self_attn.k_proj"": 189.0, ""self_attn.o_proj"": 1157.0, ""self_attn.q_proj"": 379.0, ""self_attn.v_proj"": 519.0}","{""mlp.down_proj"": 1861.0, ""mlp.gate_proj"": 1351.0, ""mlp.up_proj"": 1680.0, ""self_attn.k_proj"": 179.0, ""self_attn.o_proj"": 1144.0, ""self_attn.q_proj"": 359.0, ""self_attn.v_proj"": 504.0}","{""mlp.down_proj"": -14.0, ""mlp.gate_proj"": -18.0, ""mlp.up_proj"": -11.0, ""self_attn.k_proj"": -10.0, ""self_attn.o_proj"": -13.0, ""self_attn.q_proj"": -20.0, ""self_attn.v_proj"": -15.0}","{""mlp.down_proj"": 0.007466666666666667, ""mlp.gate_proj"": 0.013148283418553688, ""mlp.up_proj"": 0.006505026611472502, ""self_attn.k_proj"": 0.05291005291005291, ""self_attn.o_proj"": 0.011235955056179775, ""self_attn.q_proj"": 0.052770448548812667, ""self_attn.v_proj"": 0.028901734104046242}",-0.011253919302299723,0.22857142857142954,296.8571428571429,False,True
qwen,seqkd,160,E_math,E_mathHeld,0.05,18,5,equal5_non_qk,True,"mlp.down_proj,mlp.gate_proj,mlp.up_proj,self_attn.o_proj,self_attn.v_proj","self_attn.q_proj,self_attn.k_proj",998.6,1014.2,998.6,-15.6,0.019766161740103236,0.01538158154210217,"{""mlp.down_proj"": 1552.0, ""mlp.gate_proj"": 956.0, ""mlp.up_proj"": 1332.0, ""self_attn.o_proj"": 860.0, ""self_attn.v_proj"": 371.0}","{""mlp.down_proj"": 1535.0, ""mlp.gate_proj"": 937.0, ""mlp.up_proj"": 1319.0, ""self_attn.o_proj"": 847.0, ""self_attn.v_proj"": 355.0}","{""mlp.down_proj"": -17.0, ""mlp.gate_proj"": -19.0, ""mlp.up_proj"": -13.0, ""self_attn.o_proj"": -13.0, ""self_attn.v_proj"": -16.0}","{""mlp.down_proj"": 0.01095360824742268, ""mlp.gate_proj"": 0.0198744769874477, ""mlp.up_proj"": 0.00975975975975976, ""self_attn.o_proj"": 0.015116279069767442, ""self_attn.v_proj"": 0.0431266846361186}",0.014861814637851722,0.004904347102251514,7,equal7,True,"mlp.down_proj,mlp.gate_proj,mlp.up_proj,self_attn.k_proj,self_attn.o_proj,self_attn.q_proj,self_attn.v_proj",,744.4285714285714,758.1428571428571,744.4285714285714,-13.714285714285714,0.035703374047130164,0.01808931599773877,"{""mlp.down_proj"": 1552.0, ""mlp.gate_proj"": 956.0, ""mlp.up_proj"": 1332.0, ""self_attn.k_proj"": 82.0, ""self_attn.o_proj"": 860.0, ""self_attn.q_proj"": 154.0, ""self_attn.v_proj"": 371.0}","{""mlp.down_proj"": 1535.0, ""mlp.gate_proj"": 937.0, ""mlp.up_proj"": 1319.0, ""self_attn.k_proj"": 76.0, ""self_attn.o_proj"": 847.0, ""self_attn.q_proj"": 142.0, ""self_attn.v_proj"": 355.0}","{""mlp.down_proj"": -17.0, ""mlp.gate_proj"": -19.0, ""mlp.up_proj"": -13.0, ""self_attn.k_proj"": -6.0, ""self_attn.o_proj"": -13.0, ""self_attn.q_proj"": -12.0, ""self_attn.v_proj"": -16.0}","{""mlp.down_proj"": 0.01095360824742268, ""mlp.gate_proj"": 0.0198744769874477, ""mlp.up_proj"": 0.00975975975975976, ""self_attn.k_proj"": 0.07317073170731707, ""self_attn.o_proj"": 0.015116279069767442, ""self_attn.q_proj"": 0.07792207792207792, ""self_attn.v_proj"": 0.0431266846361186}",-0.015937212307026927,-1.8857142857142861,254.17142857142858,False,True
qwen,seqkd,160,E_math,E_mathHeld,0.1,18,5,equal5_non_qk,True,"mlp.down_proj,mlp.gate_proj,mlp.up_proj,self_attn.o_proj,self_attn.v_proj","self_attn.q_proj,self_attn.k_proj",658.0,673.2,658.0,-15.2,0.030048062116427333,0.022578728461081467,"{""mlp.down_proj"": 1147.0, ""mlp.gate_proj"": 529.0, ""mlp.up_proj"": 913.0, ""self_attn.o_proj"": 561.0, ""self_attn.v_proj"": 216.0}","{""mlp.down_proj"": 1128.0, ""mlp.gate_proj"": 512.0, ""mlp.up_proj"": 899.0, ""self_attn.o_proj"": 549.0, ""self_attn.v_proj"": 202.0}","{""mlp.down_proj"": -19.0, ""mlp.gate_proj"": -17.0, ""mlp.up_proj"": -14.0, ""self_attn.o_proj"": -12.0, ""self_attn.v_proj"": -14.0}","{""mlp.down_proj"": 0.016564952048823016, ""mlp.gate_proj"": 0.03213610586011342, ""mlp.up_proj"": 0.01533406352683461, ""self_attn.o_proj"": 0.0213903743315508, ""self_attn.v_proj"": 0.06481481481481481}",0.02341970278276184,0.006628359333665495,7,equal7,True,"mlp.down_proj,mlp.gate_proj,mlp.up_proj,self_attn.k_proj,self_attn.o_proj,self_attn.q_proj,self_attn.v_proj",,477.0,488.7142857142857,477.0,-11.714285714285714,0.051800843139998005,0.023969599532300514,"{""mlp.down_proj"": 1147.0, ""mlp.gate_proj"": 529.0, ""mlp.up_proj"": 913.0, ""self_attn.k_proj"": 24.0, ""self_attn.o_proj"": 561.0, ""self_attn.q_proj"": 31.0, ""self_attn.v_proj"": 216.0}","{""mlp.down_proj"": 1128.0, ""mlp.gate_proj"": 512.0, ""mlp.up_proj"": 899.0, ""self_attn.k_proj"": 22.0, ""self_attn.o_proj"": 549.0, ""self_attn.q_proj"": 27.0, ""self_attn.v_proj"": 202.0}","{""mlp.down_proj"": -19.0, ""mlp.gate_proj"": -17.0, ""mlp.up_proj"": -14.0, ""self_attn.k_proj"": -2.0, ""self_attn.o_proj"": -12.0, ""self_attn.q_proj"": -4.0, ""self_attn.v_proj"": -14.0}","{""mlp.down_proj"": 0.016564952048823016, ""mlp.gate_proj"": 0.03213610586011342, ""mlp.up_proj"": 0.01533406352683461, ""self_attn.k_proj"": 0.08333333333333333, ""self_attn.o_proj"": 0.0213903743315508, ""self_attn.q_proj"": 0.12903225806451613, ""self_attn.v_proj"": 0.06481481481481481}",-0.021752781023570672,-3.4857142857142858,181.0,False,True
qwen,seqkd,160,E_ood,E_mmluPro,0.01,18,5,equal5_non_qk,True,"mlp.down_proj,mlp.gate_proj,mlp.up_proj,self_attn.o_proj,self_attn.v_proj","self_attn.q_proj,self_attn.k_proj",1599.2,1610.4,1599.2,-11.2,0.008045256767294425,0.006954793840039769,"{""mlp.down_proj"": 2156.0, ""mlp.gate_proj"": 1667.0, ""mlp.up_proj"": 2029.0, ""self_attn.o_proj"": 1471.0, ""self_attn.v_proj"": 729.0}","{""mlp.down_proj"": 2150.0, ""mlp.gate_proj"": 1651.0, ""mlp.up_proj"": 2021.0, ""self_attn.o_proj"": 1454.0, ""self_attn.v_proj"": 720.0}","{""mlp.down_proj"": -6.0, ""mlp.gate_proj"": -16.0, ""mlp.up_proj"": -8.0, ""self_attn.o_proj"": -17.0, ""self_attn.v_proj"": -9.0}","{""mlp.down_proj"": 0.0027829313543599257, ""mlp.gate_proj"": 0.009598080383923215, ""mlp.up_proj"": 0.003942828979793002, ""self_attn.o_proj"": 0.011556764106050306, ""self_attn.v_proj"": 0.012345679012345678}",0.006434475450315363,0.0016107813169790614,7,equal7,True,"mlp.down_proj,mlp.gate_proj,mlp.up_proj,self_attn.k_proj,self_attn.o_proj,self_attn.q_proj,self_attn.v_proj",,1292.7142857142858,1305.5714285714287,1292.7142857142858,-12.857142857142858,0.014011855104067423,0.009847904584746714,"{""mlp.down_proj"": 2156.0, ""mlp.gate_proj"": 1667.0, ""mlp.up_proj"": 2029.0, ""self_attn.k_proj"": 402.0, ""self_attn.o_proj"": 1471.0, ""self_attn.q_proj"": 685.0, ""self_attn.v_proj"": 729.0}","{""mlp.down_proj"": 2150.0, ""mlp.gate_proj"": 1651.0, ""mlp.up_proj"": 2021.0, ""self_attn.k_proj"": 394.0, ""self_attn.o_proj"": 1454.0, ""self_attn.q_proj"": 659.0, ""self_attn.v_proj"": 720.0}","{""mlp.down_proj"": -6.0, ""mlp.gate_proj"": -16.0, ""mlp.up_proj"": -8.0, ""self_attn.k_proj"": -8.0, ""self_attn.o_proj"": -17.0, ""self_attn.q_proj"": -26.0, ""self_attn.v_proj"": -9.0}","{""mlp.down_proj"": 0.0027829313543599257, ""mlp.gate_proj"": 0.009598080383923215, ""mlp.up_proj"": 0.003942828979793002, ""self_attn.k_proj"": 0.01990049751243781, ""self_attn.o_proj"": 0.011556764106050306, ""self_attn.q_proj"": 0.03795620437956204, ""self_attn.v_proj"": 0.012345679012345678}",-0.005966598336772998,1.6571428571428584,306.48571428571427,False,True
qwen,seqkd,160,E_ood,E_mmluPro,0.025,18,5,equal5_non_qk,True,"mlp.down_proj,mlp.gate_proj,mlp.up_proj,self_attn.o_proj,self_attn.v_proj","self_attn.q_proj,self_attn.k_proj",1254.8,1268.4,1254.8,-13.6,0.012602630957919258,0.010722169662567121,"{""mlp.down_proj"": 1847.0, ""mlp.gate_proj"": 1163.0, ""mlp.up_proj"": 1655.0, ""self_attn.o_proj"": 1105.0, ""self_attn.v_proj"": 572.0}","{""mlp.down_proj"": 1837.0, ""mlp.gate_proj"": 1144.0, ""mlp.up_proj"": 1644.0, ""self_attn.o_proj"": 1088.0, ""self_attn.v_proj"": 561.0}","{""mlp.down_proj"": -10.0, ""mlp.gate_proj"": -19.0, ""mlp.up_proj"": -11.0, ""self_attn.o_proj"": -17.0, ""self_attn.v_proj"": -11.0}","{""mlp.down_proj"": 0.005414185165132647, ""mlp.gate_proj"": 0.01633705932932072, ""mlp.up_proj"": 0.006646525679758308, ""self_attn.o_proj"": 0.015384615384615385, ""self_attn.v_proj"": 0.019230769230769232}",0.009862792895072352,0.002739838062846906,7,equal7,True,"mlp.down_proj,mlp.gate_proj,mlp.up_proj,self_attn.k_proj,self_attn.o_proj,self_attn.q_proj,self_attn.v_proj",,971.0,984.2857142857143,971.0,-13.285714285714286,0.02143595871188537,0.013497822931785244,"{""mlp.down_proj"": 1847.0, ""mlp.gate_proj"": 1163.0, ""mlp.up_proj"": 1655.0, ""self_attn.k_proj"": 230.0, ""self_attn.o_proj"": 1105.0, ""self_attn.q_proj"": 318.0, ""self_attn.v_proj"": 572.0}","{""mlp.down_proj"": 1837.0, ""mlp.gate_proj"": 1144.0, ""mlp.up_proj"": 1644.0, ""self_attn.k_proj"": 223.0, ""self_attn.o_proj"": 1088.0, ""self_attn.q_proj"": 300.0, ""self_attn.v_proj"": 561.0}","{""mlp.down_proj"": -10.0, ""mlp.gate_proj"": -19.0, ""mlp.up_proj"": -11.0, ""self_attn.k_proj"": -7.0, ""self_attn.o_proj"": -17.0, ""self_attn.q_proj"": -18.0, ""self_attn.v_proj"": -11.0}","{""mlp.down_proj"": 0.005414185165132647, ""mlp.gate_proj"": 0.01633705932932072, ""mlp.up_proj"": 0.006646525679758308, ""self_attn.k_proj"": 0.030434782608695653, ""self_attn.o_proj"": 0.015384615384615385, ""self_attn.q_proj"": 0.05660377358490566, ""self_attn.v_proj"": 0.019230769230769232}",-0.008833327753966114,-0.31428571428571317,283.79999999999995,False,True
qwen,seqkd,160,E_ood,E_mmluPro,0.05,18,5,equal5_non_qk,True,"mlp.down_proj,mlp.gate_proj,mlp.up_proj,self_attn.o_proj,self_attn.v_proj","self_attn.q_proj,self_attn.k_proj",940.0,954.4,940.0,-14.4,0.018109948788187787,0.015088013411567453,"{""mlp.down_proj"": 1519.0, ""mlp.gate_proj"": 731.0, ""mlp.up_proj"": 1281.0, ""self_attn.o_proj"": 810.0, ""self_attn.v_proj"": 431.0}","{""mlp.down_proj"": 1507.0, ""mlp.gate_proj"": 712.0, ""mlp.up_proj"": 1268.0, ""self_attn.o_proj"": 793.0, ""self_attn.v_proj"": 420.0}","{""mlp.down_proj"": -12.0, ""mlp.gate_proj"": -19.0, ""mlp.up_proj"": -13.0, ""self_attn.o_proj"": -17.0, ""self_attn.v_proj"": -11.0}","{""mlp.down_proj"": 0.007899934167215274, ""mlp.gate_proj"": 0.025991792065663474, ""mlp.up_proj"": 0.01014832162373146, ""self_attn.o_proj"": 0.020987654320987655, ""self_attn.v_proj"": 0.025522041763341066}",0.014861814637851722,0.0032481341503360645,7,equal7,True,"mlp.down_proj,mlp.gate_proj,mlp.up_proj,self_attn.k_proj,self_attn.o_proj,self_attn.q_proj,self_attn.v_proj",,703.2857142857143,715.5714285714286,703.2857142857143,-12.285714285714286,0.029668161522971737,0.017169095627869745,"{""mlp.down_proj"": 1519.0, ""mlp.gate_proj"": 731.0, ""mlp.up_proj"": 1281.0, ""self_attn.k_proj"": 116.0, ""self_attn.o_proj"": 810.0, ""self_attn.q_proj"": 121.0, ""self_attn.v_proj"": 431.0}","{""mlp.down_proj"": 1507.0, ""mlp.gate_proj"": 712.0, ""mlp.up_proj"": 1268.0, ""self_attn.k_proj"": 112.0, ""self_attn.o_proj"": 793.0, ""self_attn.q_proj"": 111.0, ""self_attn.v_proj"": 420.0}","{""mlp.down_proj"": -12.0, ""mlp.gate_proj"": -19.0, ""mlp.up_proj"": -13.0, ""self_attn.k_proj"": -4.0, ""self_attn.o_proj"": -17.0, ""self_attn.q_proj"": -10.0, ""self_attn.v_proj"": -11.0}","{""mlp.down_proj"": 0.007899934167215274, ""mlp.gate_proj"": 0.025991792065663474, ""mlp.up_proj"": 0.01014832162373146, ""self_attn.k_proj"": 0.034482758620689655, ""self_attn.o_proj"": 0.020987654320987655, ""self_attn.q_proj"": 0.08264462809917356, ""self_attn.v_proj"": 0.025522041763341066}",-0.01155821273478395,-2.114285714285714,236.71428571428567,False,True
qwen,seqkd,160,E_ood,E_mmluPro,0.1,18,5,equal5_non_qk,True,"mlp.down_proj,mlp.gate_proj,mlp.up_proj,self_attn.o_proj,self_attn.v_proj","self_attn.q_proj,self_attn.k_proj",604.0,617.4,604.0,-13.4,0.028046721680643434,0.0217039196631033,"{""mlp.down_proj"": 1114.0, ""mlp.gate_proj"": 327.0, ""mlp.up_proj"": 850.0, ""self_attn.o_proj"": 518.0, ""self_attn.v_proj"": 278.0}","{""mlp.down_proj"": 1101.0, ""mlp.gate_proj"": 313.0, ""mlp.up_proj"": 837.0, ""self_attn.o_proj"": 502.0, ""self_attn.v_proj"": 267.0}","{""mlp.down_proj"": -13.0, ""mlp.gate_proj"": -14.0, ""mlp.up_proj"": -13.0, ""self_attn.o_proj"": -16.0, ""self_attn.v_proj"": -11.0}","{""mlp.down_proj"": 0.011669658886894075, ""mlp.gate_proj"": 0.04281345565749235, ""mlp.up_proj"": 0.015294117647058824, ""self_attn.o_proj"": 0.03088803088803089, ""self_attn.v_proj"": 0.039568345323741004}",0.02341970278276184,0.0046270188978815956,7,equal7,True,"mlp.down_proj,mlp.gate_proj,mlp.up_proj,self_attn.k_proj,self_attn.o_proj,self_attn.q_proj,self_attn.v_proj",,440.2857142857143,450.42857142857144,440.2857142857143,-10.142857142857142,0.04008831768397608,0.022518236600063486,"{""mlp.down_proj"": 1114.0, ""mlp.gate_proj"": 327.0, ""mlp.up_proj"": 850.0, ""self_attn.k_proj"": 40.0, ""self_attn.o_proj"": 518.0, ""self_attn.q_proj"": 26.0, ""self_attn.v_proj"": 278.0}","{""mlp.down_proj"": 1101.0, ""mlp.gate_proj"": 313.0, ""mlp.up_proj"": 837.0, ""self_attn.k_proj"": 39.0, ""self_attn.o_proj"": 502.0, ""self_attn.q_proj"": 23.0, ""self_attn.v_proj"": 267.0}","{""mlp.down_proj"": -13.0, ""mlp.gate_proj"": -14.0, ""mlp.up_proj"": -13.0, ""self_attn.k_proj"": -1.0, ""self_attn.o_proj"": -16.0, ""self_attn.q_proj"": -3.0, ""self_attn.v_proj"": -11.0}","{""mlp.down_proj"": 0.011669658886894075, ""mlp.gate_proj"": 0.04281345565749235, ""mlp.up_proj"": 0.015294117647058824, ""self_attn.k_proj"": 0.025, ""self_attn.o_proj"": 0.03088803088803089, ""self_attn.q_proj"": 0.11538461538461539, ""self_attn.v_proj"": 0.039568345323741004}",-0.012041596003332648,-3.257142857142858,163.71428571428572,False,True
qwen,seqkd,320,E_general,E_general,0.01,18,5,equal5_non_qk,True,"mlp.down_proj,mlp.gate_proj,mlp.up_proj,self_attn.o_proj,self_attn.v_proj","self_attn.q_proj,self_attn.k_proj",1621.8,1634.4,1621.8,-12.6,0.008857378084027577,0.007709251101321669,"{""mlp.down_proj"": 2190.0, ""mlp.gate_proj"": 1641.0, ""mlp.up_proj"": 2064.0, ""self_attn.o_proj"": 1546.0, ""self_attn.v_proj"": 731.0}","{""mlp.down_proj"": 2180.0, ""mlp.gate_proj"": 1624.0, ""mlp.up_proj"": 2057.0, ""self_attn.o_proj"": 1527.0, ""self_attn.v_proj"": 721.0}","{""mlp.down_proj"": -10.0, ""mlp.gate_proj"": -17.0, ""mlp.up_proj"": -7.0, ""self_attn.o_proj"": -19.0, ""self_attn.v_proj"": -10.0}","{""mlp.down_proj"": 0.0045662100456621, ""mlp.gate_proj"": 0.010359536867763558, ""mlp.up_proj"": 0.003391472868217054, ""self_attn.o_proj"": 0.012289780077619664, ""self_attn.v_proj"": 0.013679890560875513}",0.008857378084027577,0.0,7,equal7,True,"mlp.down_proj,mlp.gate_proj,mlp.up_proj,self_attn.k_proj,self_attn.o_proj,self_attn.q_proj,self_attn.v_proj",,1314.0,1328.4285714285713,1314.0,-14.428571428571429,0.01556083107397136,0.010861382944402552,"{""mlp.down_proj"": 2190.0, ""mlp.gate_proj"": 1641.0, ""mlp.up_proj"": 2064.0, ""self_attn.k_proj"": 400.0, ""self_attn.o_proj"": 1546.0, ""self_attn.q_proj"": 727.0, ""self_attn.v_proj"": 731.0}","{""mlp.down_proj"": 2180.0, ""mlp.gate_proj"": 1624.0, ""mlp.up_proj"": 2057.0, ""self_attn.k_proj"": 389.0, ""self_attn.o_proj"": 1527.0, ""self_attn.q_proj"": 700.0, ""self_attn.v_proj"": 721.0}","{""mlp.down_proj"": -10.0, ""mlp.gate_proj"": -17.0, ""mlp.up_proj"": -7.0, ""self_attn.k_proj"": -11.0, ""self_attn.o_proj"": -19.0, ""self_attn.q_proj"": -27.0, ""self_attn.v_proj"": -10.0}","{""mlp.down_proj"": 0.0045662100456621, ""mlp.gate_proj"": 0.010359536867763558, ""mlp.up_proj"": 0.003391472868217054, ""self_attn.k_proj"": 0.0275, ""self_attn.o_proj"": 0.012289780077619664, ""self_attn.q_proj"": 0.037138927097661624, ""self_attn.v_proj"": 0.013679890560875513}",-0.006703452989943782,1.8285714285714292,307.79999999999995,False,True
qwen,seqkd,320,E_general,E_general,0.025,18,5,equal5_non_qk,True,"mlp.down_proj,mlp.gate_proj,mlp.up_proj,self_attn.o_proj,self_attn.v_proj","self_attn.q_proj,self_attn.k_proj",1283.8,1299.6,1283.8,-15.8,0.014431826952802035,0.012157586949830683,"{""mlp.down_proj"": 1900.0, ""mlp.gate_proj"": 1133.0, ""mlp.up_proj"": 1706.0, ""self_attn.o_proj"": 1186.0, ""self_attn.v_proj"": 573.0}","{""mlp.down_proj"": 1886.0, ""mlp.gate_proj"": 1112.0, ""mlp.up_proj"": 1696.0, ""self_attn.o_proj"": 1165.0, ""self_attn.v_proj"": 560.0}","{""mlp.down_proj"": -14.0, ""mlp.gate_proj"": -21.0, ""mlp.up_proj"": -10.0, ""self_attn.o_proj"": -21.0, ""self_attn.v_proj"": -13.0}","{""mlp.down_proj"": 0.007368421052631579, ""mlp.gate_proj"": 0.018534863195057368, ""mlp.up_proj"": 0.005861664712778429, ""self_attn.o_proj"": 0.01770657672849916, ""self_attn.v_proj"": 0.02268760907504363}",0.014431826952802035,0.0,7,equal7,True,"mlp.down_proj,mlp.gate_proj,mlp.up_proj,self_attn.k_proj,self_attn.o_proj,self_attn.q_proj,self_attn.v_proj",,995.7142857142857,1011.2857142857143,995.7142857142857,-15.571428571428571,0.024446963679260896,0.015397655036022133,"{""mlp.down_proj"": 1900.0, ""mlp.gate_proj"": 1133.0, ""mlp.up_proj"": 1706.0, ""self_attn.k_proj"": 227.0, ""self_attn.o_proj"": 1186.0, ""self_attn.q_proj"": 354.0, ""self_attn.v_proj"": 573.0}","{""mlp.down_proj"": 1886.0, ""mlp.gate_proj"": 1112.0, ""mlp.up_proj"": 1696.0, ""self_attn.k_proj"": 218.0, ""self_attn.o_proj"": 1165.0, ""self_attn.q_proj"": 333.0, ""self_attn.v_proj"": 560.0}","{""mlp.down_proj"": -14.0, ""mlp.gate_proj"": -21.0, ""mlp.up_proj"": -10.0, ""self_attn.k_proj"": -9.0, ""self_attn.o_proj"": -21.0, ""self_attn.q_proj"": -21.0, ""self_attn.v_proj"": -13.0}","{""mlp.down_proj"": 0.007368421052631579, ""mlp.gate_proj"": 0.018534863195057368, ""mlp.up_proj"": 0.005861664712778429, ""self_attn.k_proj"": 0.039647577092511016, ""self_attn.o_proj"": 0.01770657672849916, ""self_attn.q_proj"": 0.059322033898305086, ""self_attn.v_proj"": 0.02268760907504363}",-0.010015136726458861,-0.22857142857142954,288.0857142857143,False,True
qwen,seqkd,320,E_general,E_general,0.05,18,5,equal5_non_qk,True,"mlp.down_proj,mlp.gate_proj,mlp.up_proj,self_attn.o_proj,self_attn.v_proj","self_attn.q_proj,self_attn.k_proj",973.6,991.2,973.6,-17.6,0.021846750159634366,0.01775625504439066,"{""mlp.down_proj"": 1590.0, ""mlp.gate_proj"": 701.0, ""mlp.up_proj"": 1344.0, ""self_attn.o_proj"": 890.0, ""self_attn.v_proj"": 431.0}","{""mlp.down_proj"": 1571.0, ""mlp.gate_proj"": 680.0, ""mlp.up_proj"": 1332.0, ""self_attn.o_proj"": 869.0, ""self_attn.v_proj"": 416.0}","{""mlp.down_proj"": -19.0, ""mlp.gate_proj"": -21.0, ""mlp.up_proj"": -12.0, ""self_attn.o_proj"": -21.0, ""self_attn.v_proj"": -15.0}","{""mlp.down_proj"": 0.011949685534591196, ""mlp.gate_proj"": 0.029957203994293864, ""mlp.up_proj"": 0.008928571428571428, ""self_attn.o_proj"": 0.02359550561797753, ""self_attn.v_proj"": 0.03480278422273782}",0.021846750159634366,0.0,7,equal7,True,"mlp.down_proj,mlp.gate_proj,mlp.up_proj,self_attn.k_proj,self_attn.o_proj,self_attn.q_proj,self_attn.v_proj",,729.5714285714286,744.7142857142857,729.5714285714286,-15.142857142857142,0.035094918466321214,0.02033378093228463,"{""mlp.down_proj"": 1590.0, ""mlp.gate_proj"": 701.0, ""mlp.up_proj"": 1344.0, ""self_attn.k_proj"": 113.0, ""self_attn.o_proj"": 890.0, ""self_attn.q_proj"": 144.0, ""self_attn.v_proj"": 431.0}","{""mlp.down_proj"": 1571.0, ""mlp.gate_proj"": 680.0, ""mlp.up_proj"": 1332.0, ""self_attn.k_proj"": 107.0, ""self_attn.o_proj"": 869.0, ""self_attn.q_proj"": 132.0, ""self_attn.v_proj"": 416.0}","{""mlp.down_proj"": -19.0, ""mlp.gate_proj"": -21.0, ""mlp.up_proj"": -12.0, ""self_attn.k_proj"": -6.0, ""self_attn.o_proj"": -21.0, ""self_attn.q_proj"": -12.0, ""self_attn.v_proj"": -15.0}","{""mlp.down_proj"": 0.011949685534591196, ""mlp.gate_proj"": 0.029957203994293864, ""mlp.up_proj"": 0.008928571428571428, ""self_attn.k_proj"": 0.05309734513274336, ""self_attn.o_proj"": 0.02359550561797753, ""self_attn.q_proj"": 0.08333333333333333, ""self_attn.v_proj"": 0.03480278422273782}",-0.013248168306686847,-2.457142857142859,244.02857142857147,False,True
qwen,seqkd,320,E_general,E_general,0.1,18,5,equal5_non_qk,True,"mlp.down_proj,mlp.gate_proj,mlp.up_proj,self_attn.o_proj,self_attn.v_proj","self_attn.q_proj,self_attn.k_proj",640.8,657.2,640.8,-16.4,0.03288600310884502,0.02495435179549618,"{""mlp.down_proj"": 1200.0, ""mlp.gate_proj"": 300.0, ""mlp.up_proj"": 920.0, ""self_attn.o_proj"": 589.0, ""self_attn.v_proj"": 277.0}","{""mlp.down_proj"": 1179.0, ""mlp.gate_proj"": 285.0, ""mlp.up_proj"": 907.0, ""self_attn.o_proj"": 570.0, ""self_attn.v_proj"": 263.0}","{""mlp.down_proj"": -21.0, ""mlp.gate_proj"": -15.0, ""mlp.up_proj"": -13.0, ""self_attn.o_proj"": -19.0, ""self_attn.v_proj"": -14.0}","{""mlp.down_proj"": 0.0175, ""mlp.gate_proj"": 0.05, ""mlp.up_proj"": 0.014130434782608696, ""self_attn.o_proj"": 0.03225806451612903, ""self_attn.v_proj"": 0.05054151624548736}",0.03288600310884502,0.0,7,equal7,True,"mlp.down_proj,mlp.gate_proj,mlp.up_proj,self_attn.k_proj,self_attn.o_proj,self_attn.q_proj,self_attn.v_proj",,467.0,479.7142857142857,467.0,-12.714285714285714,0.051795030525631884,0.02650387135199525,"{""mlp.down_proj"": 1200.0, ""mlp.gate_proj"": 300.0, ""mlp.up_proj"": 920.0, ""self_attn.k_proj"": 39.0, ""self_attn.o_proj"": 589.0, ""self_attn.q_proj"": 33.0, ""self_attn.v_proj"": 277.0}","{""mlp.down_proj"": 1179.0, ""mlp.gate_proj"": 285.0, ""mlp.up_proj"": 907.0, ""self_attn.k_proj"": 36.0, ""self_attn.o_proj"": 570.0, ""self_attn.q_proj"": 29.0, ""self_attn.v_proj"": 263.0}","{""mlp.down_proj"": -21.0, ""mlp.gate_proj"": -15.0, ""mlp.up_proj"": -13.0, ""self_attn.k_proj"": -3.0, ""self_attn.o_proj"": -19.0, ""self_attn.q_proj"": -4.0, ""self_attn.v_proj"": -14.0}","{""mlp.down_proj"": 0.0175, ""mlp.gate_proj"": 0.05, ""mlp.up_proj"": 0.014130434782608696, ""self_attn.k_proj"": 0.07692307692307693, ""self_attn.o_proj"": 0.03225806451612903, ""self_attn.q_proj"": 0.12121212121212122, ""self_attn.v_proj"": 0.05054151624548736}",-0.018909027416786864,-3.685714285714285,173.79999999999995,False,True
qwen,seqkd,320,E_if,E_ifeval,0.01,18,5,equal5_non_qk,True,"mlp.down_proj,mlp.gate_proj,mlp.up_proj,self_attn.o_proj,self_attn.v_proj","self_attn.q_proj,self_attn.k_proj",1467.4,1484.2,1467.4,-16.8,0.01317345237210161,0.01131922921439156,"{""mlp.down_proj"": 2024.0, ""mlp.gate_proj"": 1528.0, ""mlp.up_proj"": 1933.0, ""self_attn.o_proj"": 1347.0, ""self_attn.v_proj"": 589.0}","{""mlp.down_proj"": 2005.0, ""mlp.gate_proj"": 1511.0, ""mlp.up_proj"": 1921.0, ""self_attn.o_proj"": 1324.0, ""self_attn.v_proj"": 576.0}","{""mlp.down_proj"": -19.0, ""mlp.gate_proj"": -17.0, ""mlp.up_proj"": -12.0, ""self_attn.o_proj"": -23.0, ""self_attn.v_proj"": -13.0}","{""mlp.down_proj"": 0.009387351778656126, ""mlp.gate_proj"": 0.01112565445026178, ""mlp.up_proj"": 0.006207966890843249, ""self_attn.o_proj"": 0.017074981440237565, ""self_attn.v_proj"": 0.022071307300509338}",0.008857378084027577,0.004316074288074033,7,equal7,True,"mlp.down_proj,mlp.gate_proj,mlp.up_proj,self_attn.k_proj,self_attn.o_proj,self_attn.q_proj,self_attn.v_proj",,1157.7142857142858,1174.0,1157.7142857142858,-16.285714285714285,0.020345692019754454,0.01387198831832557,"{""mlp.down_proj"": 2024.0, ""mlp.gate_proj"": 1528.0, ""mlp.up_proj"": 1933.0, ""self_attn.k_proj"": 273.0, ""self_attn.o_proj"": 1347.0, ""self_attn.q_proj"": 524.0, ""self_attn.v_proj"": 589.0}","{""mlp.down_proj"": 2005.0, ""mlp.gate_proj"": 1511.0, ""mlp.up_proj"": 1921.0, ""self_attn.k_proj"": 262.0, ""self_attn.o_proj"": 1324.0, ""self_attn.q_proj"": 505.0, ""self_attn.v_proj"": 576.0}","{""mlp.down_proj"": -19.0, ""mlp.gate_proj"": -17.0, ""mlp.up_proj"": -12.0, ""self_attn.k_proj"": -11.0, ""self_attn.o_proj"": -23.0, ""self_attn.q_proj"": -19.0, ""self_attn.v_proj"": -13.0}","{""mlp.down_proj"": 0.009387351778656126, ""mlp.gate_proj"": 0.01112565445026178, ""mlp.up_proj"": 0.006207966890843249, ""self_attn.k_proj"": 0.040293040293040296, ""self_attn.o_proj"": 0.017074981440237565, ""self_attn.q_proj"": 0.03625954198473282, ""self_attn.v_proj"": 0.022071307300509338}",-0.007172239647652843,-0.514285714285716,309.6857142857143,False,True
qwen,seqkd,320,E_if,E_ifeval,0.025,18,5,equal5_non_qk,True,"mlp.down_proj,mlp.gate_proj,mlp.up_proj,self_attn.o_proj,self_attn.v_proj","self_attn.q_proj,self_attn.k_proj",1089.6,1109.6,1089.6,-20.0,0.021121658289248675,0.018024513338139873,"{""mlp.down_proj"": 1649.0, ""mlp.gate_proj"": 1005.0, ""mlp.up_proj"": 1521.0, ""self_attn.o_proj"": 969.0, ""self_attn.v_proj"": 404.0}","{""mlp.down_proj"": 1623.0, ""mlp.gate_proj"": 985.0, ""mlp.up_proj"": 1505.0, ""self_attn.o_proj"": 945.0, ""self_attn.v_proj"": 390.0}","{""mlp.down_proj"": -26.0, ""mlp.gate_proj"": -20.0, ""mlp.up_proj"": -16.0, ""self_attn.o_proj"": -24.0, ""self_attn.v_proj"": -14.0}","{""mlp.down_proj"": 0.015767131594906003, ""mlp.gate_proj"": 0.01990049751243781, ""mlp.up_proj"": 0.01051939513477975, ""self_attn.o_proj"": 0.02476780185758514, ""self_attn.v_proj"": 0.034653465346534656}",0.014431826952802035,0.00668983133644664,7,equal7,True,"mlp.down_proj,mlp.gate_proj,mlp.up_proj,self_attn.k_proj,self_attn.o_proj,self_attn.q_proj,self_attn.v_proj",,823.0,840.0,823.0,-17.0,0.03141930407064545,0.02023809523809524,"{""mlp.down_proj"": 1649.0, ""mlp.gate_proj"": 1005.0, ""mlp.up_proj"": 1521.0, ""self_attn.k_proj"": 123.0, ""self_attn.o_proj"": 969.0, ""self_attn.q_proj"": 209.0, ""self_attn.v_proj"": 404.0}","{""mlp.down_proj"": 1623.0, ""mlp.gate_proj"": 985.0, ""mlp.up_proj"": 1505.0, ""self_attn.k_proj"": 116.0, ""self_attn.o_proj"": 945.0, ""self_attn.q_proj"": 197.0, ""self_attn.v_proj"": 390.0}","{""mlp.down_proj"": -26.0, ""mlp.gate_proj"": -20.0, ""mlp.up_proj"": -16.0, ""self_attn.k_proj"": -7.0, ""self_attn.o_proj"": -24.0, ""self_attn.q_proj"": -12.0, ""self_attn.v_proj"": -14.0}","{""mlp.down_proj"": 0.015767131594906003, ""mlp.gate_proj"": 0.01990049751243781, ""mlp.up_proj"": 0.01051939513477975, ""self_attn.k_proj"": 0.056910569105691054, ""self_attn.o_proj"": 0.02476780185758514, ""self_attn.q_proj"": 0.05741626794258373, ""self_attn.v_proj"": 0.034653465346534656}",-0.010297645781396775,-3.0,266.5999999999999,False,True
qwen,seqkd,320,E_if,E_ifeval,0.05,18,5,equal5_non_qk,True,"mlp.down_proj,mlp.gate_proj,mlp.up_proj,self_attn.o_proj,self_attn.v_proj","self_attn.q_proj,self_attn.k_proj",761.0,782.0,761.0,-21.0,0.03180178963383251,0.026854219948849106,"{""mlp.down_proj"": 1274.0, ""mlp.gate_proj"": 584.0, ""mlp.up_proj"": 1127.0, ""self_attn.o_proj"": 672.0, ""self_attn.v_proj"": 253.0}","{""mlp.down_proj"": 1242.0, ""mlp.gate_proj"": 566.0, ""mlp.up_proj"": 1109.0, ""self_attn.o_proj"": 648.0, ""self_attn.v_proj"": 240.0}","{""mlp.down_proj"": -32.0, ""mlp.gate_proj"": -18.0, ""mlp.up_proj"": -18.0, ""self_attn.o_proj"": -24.0, ""self_attn.v_proj"": -13.0}","{""mlp.down_proj"": 0.02511773940345369, ""mlp.gate_proj"": 0.030821917808219176, ""mlp.up_proj"": 0.015971606033717833, ""self_attn.o_proj"": 0.03571428571428571, ""self_attn.v_proj"": 0.05138339920948617}",0.021846750159634366,0.009955039474198145,7,equal7,True,"mlp.down_proj,mlp.gate_proj,mlp.up_proj,self_attn.k_proj,self_attn.o_proj,self_attn.q_proj,self_attn.v_proj",,559.4285714285714,575.7142857142857,559.4285714285714,-16.285714285714285,0.04353189055477833,0.028287841191066886,"{""mlp.down_proj"": 1274.0, ""mlp.gate_proj"": 584.0, ""mlp.up_proj"": 1127.0, ""self_attn.k_proj"": 50.0, ""self_attn.o_proj"": 672.0, ""self_attn.q_proj"": 70.0, ""self_attn.v_proj"": 253.0}","{""mlp.down_proj"": 1242.0, ""mlp.gate_proj"": 566.0, ""mlp.up_proj"": 1109.0, ""self_attn.k_proj"": 47.0, ""self_attn.o_proj"": 648.0, ""self_attn.q_proj"": 64.0, ""self_attn.v_proj"": 240.0}","{""mlp.down_proj"": -32.0, ""mlp.gate_proj"": -18.0, ""mlp.up_proj"": -18.0, ""self_attn.k_proj"": -3.0, ""self_attn.o_proj"": -24.0, ""self_attn.q_proj"": -6.0, ""self_attn.v_proj"": -13.0}","{""mlp.down_proj"": 0.02511773940345369, ""mlp.gate_proj"": 0.030821917808219176, ""mlp.up_proj"": 0.015971606033717833, ""self_attn.k_proj"": 0.06, ""self_attn.o_proj"": 0.03571428571428571, ""self_attn.q_proj"": 0.08571428571428572, ""self_attn.v_proj"": 0.05138339920948617}",-0.01173010092094582,-4.714285714285715,201.57142857142856,False,True
qwen,seqkd,320,E_if,E_ifeval,0.1,18,5,equal5_non_qk,True,"mlp.down_proj,mlp.gate_proj,mlp.up_proj,self_attn.o_proj,self_attn.v_proj","self_attn.q_proj,self_attn.k_proj",433.8,453.0,433.8,-19.2,0.05242194702881832,0.04238410596026487,"{""mlp.down_proj"": 839.0, ""mlp.gate_proj"": 228.0, ""mlp.up_proj"": 695.0, ""self_attn.o_proj"": 387.0, ""self_attn.v_proj"": 116.0}","{""mlp.down_proj"": 805.0, ""mlp.gate_proj"": 216.0, ""mlp.up_proj"": 677.0, ""self_attn.o_proj"": 365.0, ""self_attn.v_proj"": 106.0}","{""mlp.down_proj"": -34.0, ""mlp.gate_proj"": -12.0, ""mlp.up_proj"": -18.0, ""self_attn.o_proj"": -22.0, ""self_attn.v_proj"": -10.0}","{""mlp.down_proj"": 0.04052443384982122, ""mlp.gate_proj"": 0.05263157894736842, ""mlp.up_proj"": 0.025899280575539568, ""self_attn.o_proj"": 0.056847545219638244, ""self_attn.v_proj"": 0.08620689655172414}",0.03288600310884502,0.0195359439199733,7,equal7,True,"mlp.down_proj,mlp.gate_proj,mlp.up_proj,self_attn.k_proj,self_attn.o_proj,self_attn.q_proj,self_attn.v_proj",,313.2857142857143,327.42857142857144,313.2857142857143,-14.142857142857142,0.06828840372188322,0.043193717277486984,"{""mlp.down_proj"": 839.0, ""mlp.gate_proj"": 228.0, ""mlp.up_proj"": 695.0, ""self_attn.k_proj"": 16.0, ""self_attn.o_proj"": 387.0, ""self_attn.q_proj"": 11.0, ""self_attn.v_proj"": 116.0}","{""mlp.down_proj"": 805.0, ""mlp.gate_proj"": 216.0, ""mlp.up_proj"": 677.0, ""self_attn.k_proj"": 14.0, ""self_attn.o_proj"": 365.0, ""self_attn.q_proj"": 10.0, ""self_attn.v_proj"": 106.0}","{""mlp.down_proj"": -34.0, ""mlp.gate_proj"": -12.0, ""mlp.up_proj"": -18.0, ""self_attn.k_proj"": -2.0, ""self_attn.o_proj"": -22.0, ""self_attn.q_proj"": -1.0, ""self_attn.v_proj"": -10.0}","{""mlp.down_proj"": 0.04052443384982122, ""mlp.gate_proj"": 0.05263157894736842, ""mlp.up_proj"": 0.025899280575539568, ""self_attn.k_proj"": 0.125, ""self_attn.o_proj"": 0.056847545219638244, ""self_attn.q_proj"": 0.09090909090909091, ""self_attn.v_proj"": 0.08620689655172414}",-0.015866456693064898,-5.057142857142857,120.51428571428573,False,True
qwen,seqkd,320,E_math,E_mathHeld,0.01,18,5,equal5_non_qk,True,"mlp.down_proj,mlp.gate_proj,mlp.up_proj,self_attn.o_proj,self_attn.v_proj","self_attn.q_proj,self_attn.k_proj",1632.6,1649.6,1632.6,-17.0,0.012613031450111199,0.01030552861299709,"{""mlp.down_proj"": 2176.0, ""mlp.gate_proj"": 1819.0, ""mlp.up_proj"": 2046.0, ""self_attn.o_proj"": 1520.0, ""self_attn.v_proj"": 687.0}","{""mlp.down_proj"": 2161.0, ""mlp.gate_proj"": 1797.0, ""mlp.up_proj"": 2035.0, ""self_attn.o_proj"": 1501.0, ""self_attn.v_proj"": 669.0}","{""mlp.down_proj"": -15.0, ""mlp.gate_proj"": -22.0, ""mlp.up_proj"": -11.0, ""self_attn.o_proj"": -19.0, ""self_attn.v_proj"": -18.0}","{""mlp.down_proj"": 0.006893382352941176, ""mlp.gate_proj"": 0.012094557449147883, ""mlp.up_proj"": 0.005376344086021506, ""self_attn.o_proj"": 0.0125, ""self_attn.v_proj"": 0.026200873362445413}",0.008857378084027577,0.003755653366083621,7,equal7,True,"mlp.down_proj,mlp.gate_proj,mlp.up_proj,self_attn.k_proj,self_attn.o_proj,self_attn.q_proj,self_attn.v_proj",,1318.857142857143,1339.0,1318.857142857143,-20.142857142857142,0.023423312213270497,0.015043209217966475,"{""mlp.down_proj"": 2176.0, ""mlp.gate_proj"": 1819.0, ""mlp.up_proj"": 2046.0, ""self_attn.k_proj"": 363.0, ""self_attn.o_proj"": 1520.0, ""self_attn.q_proj"": 762.0, ""self_attn.v_proj"": 687.0}","{""mlp.down_proj"": 2161.0, ""mlp.gate_proj"": 1797.0, ""mlp.up_proj"": 2035.0, ""self_attn.k_proj"": 344.0, ""self_attn.o_proj"": 1501.0, ""self_attn.q_proj"": 725.0, ""self_attn.v_proj"": 669.0}","{""mlp.down_proj"": -15.0, ""mlp.gate_proj"": -22.0, ""mlp.up_proj"": -11.0, ""self_attn.k_proj"": -19.0, ""self_attn.o_proj"": -19.0, ""self_attn.q_proj"": -37.0, ""self_attn.v_proj"": -18.0}","{""mlp.down_proj"": 0.006893382352941176, ""mlp.gate_proj"": 0.012094557449147883, ""mlp.up_proj"": 0.005376344086021506, ""self_attn.k_proj"": 0.05234159779614325, ""self_attn.o_proj"": 0.0125, ""self_attn.q_proj"": 0.048556430446194225, ""self_attn.v_proj"": 0.026200873362445413}",-0.010810280763159298,3.1428571428571423,313.742857142857,False,True
qwen,seqkd,320,E_math,E_mathHeld,0.025,18,5,equal5_non_qk,True,"mlp.down_proj,mlp.gate_proj,mlp.up_proj,self_attn.o_proj,self_attn.v_proj","self_attn.q_proj,self_attn.k_proj",1299.8,1322.2,1299.8,-22.4,0.020753979179202145,0.016941461201028657,"{""mlp.down_proj"": 1875.0, ""mlp.gate_proj"": 1369.0, ""mlp.up_proj"": 1691.0, ""self_attn.o_proj"": 1157.0, ""self_attn.v_proj"": 519.0}","{""mlp.down_proj"": 1852.0, ""mlp.gate_proj"": 1340.0, ""mlp.up_proj"": 1673.0, ""self_attn.o_proj"": 1137.0, ""self_attn.v_proj"": 497.0}","{""mlp.down_proj"": -23.0, ""mlp.gate_proj"": -29.0, ""mlp.up_proj"": -18.0, ""self_attn.o_proj"": -20.0, ""self_attn.v_proj"": -22.0}","{""mlp.down_proj"": 0.012266666666666667, ""mlp.gate_proj"": 0.021183345507669833, ""mlp.up_proj"": 0.010644589000591367, ""self_attn.o_proj"": 0.01728608470181504, ""self_attn.v_proj"": 0.04238921001926782}",0.014431826952802035,0.00632215222640011,7,equal7,True,"mlp.down_proj,mlp.gate_proj,mlp.up_proj,self_attn.k_proj,self_attn.o_proj,self_attn.q_proj,self_attn.v_proj",,1003.2857142857143,1025.5714285714287,1003.2857142857143,-22.285714285714285,0.03709316080812407,0.021730045967404975,"{""mlp.down_proj"": 1875.0, ""mlp.gate_proj"": 1369.0, ""mlp.up_proj"": 1691.0, ""self_attn.k_proj"": 189.0, ""self_attn.o_proj"": 1157.0, ""self_attn.q_proj"": 379.0, ""self_attn.v_proj"": 519.0}","{""mlp.down_proj"": 1852.0, ""mlp.gate_proj"": 1340.0, ""mlp.up_proj"": 1673.0, ""self_attn.k_proj"": 174.0, ""self_attn.o_proj"": 1137.0, ""self_attn.q_proj"": 350.0, ""self_attn.v_proj"": 497.0}","{""mlp.down_proj"": -23.0, ""mlp.gate_proj"": -29.0, ""mlp.up_proj"": -18.0, ""self_attn.k_proj"": -15.0, ""self_attn.o_proj"": -20.0, ""self_attn.q_proj"": -29.0, ""self_attn.v_proj"": -22.0}","{""mlp.down_proj"": 0.012266666666666667, ""mlp.gate_proj"": 0.021183345507669833, ""mlp.up_proj"": 0.010644589000591367, ""self_attn.k_proj"": 0.07936507936507936, ""self_attn.o_proj"": 0.01728608470181504, ""self_attn.q_proj"": 0.07651715039577836, ""self_attn.v_proj"": 0.04238921001926782}",-0.016339181628921923,-0.11428571428571388,296.5142857142856,False,True
qwen,seqkd,320,E_math,E_mathHeld,0.05,18,5,equal5_non_qk,True,"mlp.down_proj,mlp.gate_proj,mlp.up_proj,self_attn.o_proj,self_attn.v_proj","self_attn.q_proj,self_attn.k_proj",989.2,1014.2,989.2,-25.0,0.03086109822513039,0.024649970420035496,"{""mlp.down_proj"": 1552.0, ""mlp.gate_proj"": 956.0, ""mlp.up_proj"": 1332.0, ""self_attn.o_proj"": 860.0, ""self_attn.v_proj"": 371.0}","{""mlp.down_proj"": 1522.0, ""mlp.gate_proj"": 925.0, ""mlp.up_proj"": 1311.0, ""self_attn.o_proj"": 841.0, ""self_attn.v_proj"": 347.0}","{""mlp.down_proj"": -30.0, ""mlp.gate_proj"": -31.0, ""mlp.up_proj"": -21.0, ""self_attn.o_proj"": -19.0, ""self_attn.v_proj"": -24.0}","{""mlp.down_proj"": 0.019329896907216496, ""mlp.gate_proj"": 0.032426778242677826, ""mlp.up_proj"": 0.015765765765765764, ""self_attn.o_proj"": 0.022093023255813953, ""self_attn.v_proj"": 0.0646900269541779}",0.021846750159634366,0.009014348065496024,7,equal7,True,"mlp.down_proj,mlp.gate_proj,mlp.up_proj,self_attn.k_proj,self_attn.o_proj,self_attn.q_proj,self_attn.v_proj",,736.5714285714286,758.1428571428571,736.5714285714286,-21.571428571428573,0.05349302843946256,0.028452986621443358,"{""mlp.down_proj"": 1552.0, ""mlp.gate_proj"": 956.0, ""mlp.up_proj"": 1332.0, ""self_attn.k_proj"": 82.0, ""self_attn.o_proj"": 860.0, ""self_attn.q_proj"": 154.0, ""self_attn.v_proj"": 371.0}","{""mlp.down_proj"": 1522.0, ""mlp.gate_proj"": 925.0, ""mlp.up_proj"": 1311.0, ""self_attn.k_proj"": 73.0, ""self_attn.o_proj"": 841.0, ""self_attn.q_proj"": 137.0, ""self_attn.v_proj"": 347.0}","{""mlp.down_proj"": -30.0, ""mlp.gate_proj"": -31.0, ""mlp.up_proj"": -21.0, ""self_attn.k_proj"": -9.0, ""self_attn.o_proj"": -19.0, ""self_attn.q_proj"": -17.0, ""self_attn.v_proj"": -24.0}","{""mlp.down_proj"": 0.019329896907216496, ""mlp.gate_proj"": 0.032426778242677826, ""mlp.up_proj"": 0.015765765765765764, ""self_attn.k_proj"": 0.10975609756097561, ""self_attn.o_proj"": 0.022093023255813953, ""self_attn.q_proj"": 0.11038961038961038, ""self_attn.v_proj"": 0.0646900269541779}",-0.02263193021433217,-3.428571428571427,252.6285714285715,False,True
qwen,seqkd,320,E_math,E_mathHeld,0.1,18,5,equal5_non_qk,True,"mlp.down_proj,mlp.gate_proj,mlp.up_proj,self_attn.o_proj,self_attn.v_proj","self_attn.q_proj,self_attn.k_proj",648.8,673.2,648.8,-24.4,0.046817282515165634,0.036244800950683435,"{""mlp.down_proj"": 1147.0, ""mlp.gate_proj"": 529.0, ""mlp.up_proj"": 913.0, ""self_attn.o_proj"": 561.0, ""self_attn.v_proj"": 216.0}","{""mlp.down_proj"": 1113.0, ""mlp.gate_proj"": 502.0, ""mlp.up_proj"": 891.0, ""self_attn.o_proj"": 543.0, ""self_attn.v_proj"": 195.0}","{""mlp.down_proj"": -34.0, ""mlp.gate_proj"": -27.0, ""mlp.up_proj"": -22.0, ""self_attn.o_proj"": -18.0, ""self_attn.v_proj"": -21.0}","{""mlp.down_proj"": 0.02964254577157803, ""mlp.gate_proj"": 0.05103969754253308, ""mlp.up_proj"": 0.024096385542168676, ""self_attn.o_proj"": 0.03208556149732621, ""self_attn.v_proj"": 0.09722222222222222}",0.03288600310884502,0.013931279406320614,7,equal7,True,"mlp.down_proj,mlp.gate_proj,mlp.up_proj,self_attn.k_proj,self_attn.o_proj,self_attn.q_proj,self_attn.v_proj",,470.14285714285717,488.7142857142857,470.14285714285717,-18.571428571428573,0.0743395335937819,0.0380005846243788,"{""mlp.down_proj"": 1147.0, ""mlp.gate_proj"": 529.0, ""mlp.up_proj"": 913.0, ""self_attn.k_proj"": 24.0, ""self_attn.o_proj"": 561.0, ""self_attn.q_proj"": 31.0, ""self_attn.v_proj"": 216.0}","{""mlp.down_proj"": 1113.0, ""mlp.gate_proj"": 502.0, ""mlp.up_proj"": 891.0, ""self_attn.k_proj"": 21.0, ""self_attn.o_proj"": 543.0, ""self_attn.q_proj"": 26.0, ""self_attn.v_proj"": 195.0}","{""mlp.down_proj"": -34.0, ""mlp.gate_proj"": -27.0, ""mlp.up_proj"": -22.0, ""self_attn.k_proj"": -3.0, ""self_attn.o_proj"": -18.0, ""self_attn.q_proj"": -5.0, ""self_attn.v_proj"": -21.0}","{""mlp.down_proj"": 0.02964254577157803, ""mlp.gate_proj"": 0.05103969754253308, ""mlp.up_proj"": 0.024096385542168676, ""self_attn.k_proj"": 0.125, ""self_attn.o_proj"": 0.03208556149732621, ""self_attn.q_proj"": 0.16129032258064516, ""self_attn.v_proj"": 0.09722222222222222}",-0.027522251078616264,-5.828571428571426,178.6571428571428,False,True
qwen,seqkd,320,E_ood,E_mmluPro,0.01,18,5,equal5_non_qk,True,"mlp.down_proj,mlp.gate_proj,mlp.up_proj,self_attn.o_proj,self_attn.v_proj","self_attn.q_proj,self_attn.k_proj",1593.0,1610.4,1593.0,-17.4,0.01222941425445025,0.010804769001490369,"{""mlp.down_proj"": 2156.0, ""mlp.gate_proj"": 1667.0, ""mlp.up_proj"": 2029.0, ""self_attn.o_proj"": 1471.0, ""self_attn.v_proj"": 729.0}","{""mlp.down_proj"": 2145.0, ""mlp.gate_proj"": 1642.0, ""mlp.up_proj"": 2015.0, ""self_attn.o_proj"": 1447.0, ""self_attn.v_proj"": 716.0}","{""mlp.down_proj"": -11.0, ""mlp.gate_proj"": -25.0, ""mlp.up_proj"": -14.0, ""self_attn.o_proj"": -24.0, ""self_attn.v_proj"": -13.0}","{""mlp.down_proj"": 0.00510204081632653, ""mlp.gate_proj"": 0.014997000599880024, ""mlp.up_proj"": 0.006899950714637753, ""self_attn.o_proj"": 0.016315431679129844, ""self_attn.v_proj"": 0.01783264746227709}",0.008857378084027577,0.0033720361704226726,7,equal7,True,"mlp.down_proj,mlp.gate_proj,mlp.up_proj,self_attn.k_proj,self_attn.o_proj,self_attn.q_proj,self_attn.v_proj",,1285.5714285714287,1305.5714285714287,1285.5714285714287,-20.0,0.021697077187700614,0.015318962687383739,"{""mlp.down_proj"": 2156.0, ""mlp.gate_proj"": 1667.0, ""mlp.up_proj"": 2029.0, ""self_attn.k_proj"": 402.0, ""self_attn.o_proj"": 1471.0, ""self_attn.q_proj"": 685.0, ""self_attn.v_proj"": 729.0}","{""mlp.down_proj"": 2145.0, ""mlp.gate_proj"": 1642.0, ""mlp.up_proj"": 2015.0, ""self_attn.k_proj"": 389.0, ""self_attn.o_proj"": 1447.0, ""self_attn.q_proj"": 645.0, ""self_attn.v_proj"": 716.0}","{""mlp.down_proj"": -11.0, ""mlp.gate_proj"": -25.0, ""mlp.up_proj"": -14.0, ""self_attn.k_proj"": -13.0, ""self_attn.o_proj"": -24.0, ""self_attn.q_proj"": -40.0, ""self_attn.v_proj"": -13.0}","{""mlp.down_proj"": 0.00510204081632653, ""mlp.gate_proj"": 0.014997000599880024, ""mlp.up_proj"": 0.006899950714637753, ""self_attn.k_proj"": 0.03233830845771144, ""self_attn.o_proj"": 0.016315431679129844, ""self_attn.q_proj"": 0.058394160583941604, ""self_attn.v_proj"": 0.01783264746227709}",-0.009467662933250364,2.6000000000000014,307.42857142857133,False,True
qwen,seqkd,320,E_ood,E_mmluPro,0.025,18,5,equal5_non_qk,True,"mlp.down_proj,mlp.gate_proj,mlp.up_proj,self_attn.o_proj,self_attn.v_proj","self_attn.q_proj,self_attn.k_proj",1246.6,1268.4,1246.6,-21.8,0.019945905127849002,0.01718700725323256,"{""mlp.down_proj"": 1847.0, ""mlp.gate_proj"": 1163.0, ""mlp.up_proj"": 1655.0, ""self_attn.o_proj"": 1105.0, ""self_attn.v_proj"": 572.0}","{""mlp.down_proj"": 1830.0, ""mlp.gate_proj"": 1133.0, ""mlp.up_proj"": 1636.0, ""self_attn.o_proj"": 1079.0, ""self_attn.v_proj"": 555.0}","{""mlp.down_proj"": -17.0, ""mlp.gate_proj"": -30.0, ""mlp.up_proj"": -19.0, ""self_attn.o_proj"": -26.0, ""self_attn.v_proj"": -17.0}","{""mlp.down_proj"": 0.009204114780725501, ""mlp.gate_proj"": 0.025795356835769563, ""mlp.up_proj"": 0.011480362537764351, ""self_attn.o_proj"": 0.023529411764705882, ""self_attn.v_proj"": 0.02972027972027972}",0.014431826952802035,0.005514078175046967,7,equal7,True,"mlp.down_proj,mlp.gate_proj,mlp.up_proj,self_attn.k_proj,self_attn.o_proj,self_attn.q_proj,self_attn.v_proj",,963.1428571428571,984.2857142857143,963.1428571428571,-21.142857142857142,0.033657989580167934,0.021480406386066846,"{""mlp.down_proj"": 1847.0, ""mlp.gate_proj"": 1163.0, ""mlp.up_proj"": 1655.0, ""self_attn.k_proj"": 230.0, ""self_attn.o_proj"": 1105.0, ""self_attn.q_proj"": 318.0, ""self_attn.v_proj"": 572.0}","{""mlp.down_proj"": 1830.0, ""mlp.gate_proj"": 1133.0, ""mlp.up_proj"": 1636.0, ""self_attn.k_proj"": 219.0, ""self_attn.o_proj"": 1079.0, ""self_attn.q_proj"": 290.0, ""self_attn.v_proj"": 555.0}","{""mlp.down_proj"": -17.0, ""mlp.gate_proj"": -30.0, ""mlp.up_proj"": -19.0, ""self_attn.k_proj"": -11.0, ""self_attn.o_proj"": -26.0, ""self_attn.q_proj"": -28.0, ""self_attn.v_proj"": -17.0}","{""mlp.down_proj"": 0.009204114780725501, ""mlp.gate_proj"": 0.025795356835769563, ""mlp.up_proj"": 0.011480362537764351, ""self_attn.k_proj"": 0.04782608695652174, ""self_attn.o_proj"": 0.023529411764705882, ""self_attn.q_proj"": 0.0880503144654088, ""self_attn.v_proj"": 0.02972027972027972}",-0.013712084452318932,-0.6571428571428584,283.4571428571428,False,True
qwen,seqkd,320,E_ood,E_mmluPro,0.05,18,5,equal5_non_qk,True,"mlp.down_proj,mlp.gate_proj,mlp.up_proj,self_attn.o_proj,self_attn.v_proj","self_attn.q_proj,self_attn.k_proj",931.4,954.4,931.4,-23.0,0.028659637753033707,0.0240989103101425,"{""mlp.down_proj"": 1519.0, ""mlp.gate_proj"": 731.0, ""mlp.up_proj"": 1281.0, ""self_attn.o_proj"": 810.0, ""self_attn.v_proj"": 431.0}","{""mlp.down_proj"": 1498.0, ""mlp.gate_proj"": 702.0, ""mlp.up_proj"": 1259.0, ""self_attn.o_proj"": 785.0, ""self_attn.v_proj"": 413.0}","{""mlp.down_proj"": -21.0, ""mlp.gate_proj"": -29.0, ""mlp.up_proj"": -22.0, ""self_attn.o_proj"": -25.0, ""self_attn.v_proj"": -18.0}","{""mlp.down_proj"": 0.013824884792626729, ""mlp.gate_proj"": 0.03967168262653899, ""mlp.up_proj"": 0.01717408274785324, ""self_attn.o_proj"": 0.030864197530864196, ""self_attn.v_proj"": 0.04176334106728538}",0.021846750159634366,0.00681288759339934,7,equal7,True,"mlp.down_proj,mlp.gate_proj,mlp.up_proj,self_attn.k_proj,self_attn.o_proj,self_attn.q_proj,self_attn.v_proj",,696.0,715.5714285714286,696.0,-19.571428571428573,0.046801422642876546,0.027350768616490294,"{""mlp.down_proj"": 1519.0, ""mlp.gate_proj"": 731.0, ""mlp.up_proj"": 1281.0, ""self_attn.k_proj"": 116.0, ""self_attn.o_proj"": 810.0, ""self_attn.q_proj"": 121.0, ""self_attn.v_proj"": 431.0}","{""mlp.down_proj"": 1498.0, ""mlp.gate_proj"": 702.0, ""mlp.up_proj"": 1259.0, ""self_attn.k_proj"": 109.0, ""self_attn.o_proj"": 785.0, ""self_attn.q_proj"": 106.0, ""self_attn.v_proj"": 413.0}","{""mlp.down_proj"": -21.0, ""mlp.gate_proj"": -29.0, ""mlp.up_proj"": -22.0, ""self_attn.k_proj"": -7.0, ""self_attn.o_proj"": -25.0, ""self_attn.q_proj"": -15.0, ""self_attn.v_proj"": -18.0}","{""mlp.down_proj"": 0.013824884792626729, ""mlp.gate_proj"": 0.03967168262653899, ""mlp.up_proj"": 0.01717408274785324, ""self_attn.k_proj"": 0.0603448275862069, ""self_attn.o_proj"": 0.030864197530864196, ""self_attn.q_proj"": 0.12396694214876033, ""self_attn.v_proj"": 0.04176334106728538}",-0.01814178488984284,-3.428571428571427,235.39999999999998,False,True
qwen,seqkd,320,E_ood,E_mmluPro,0.1,18,5,equal5_non_qk,True,"mlp.down_proj,mlp.gate_proj,mlp.up_proj,self_attn.o_proj,self_attn.v_proj","self_attn.q_proj,self_attn.k_proj",595.6,617.4,595.6,-21.8,0.04477087437613728,0.03530936183997401,"{""mlp.down_proj"": 1114.0, ""mlp.gate_proj"": 327.0, ""mlp.up_proj"": 850.0, ""self_attn.o_proj"": 518.0, ""self_attn.v_proj"": 278.0}","{""mlp.down_proj"": 1090.0, ""mlp.gate_proj"": 305.0, ""mlp.up_proj"": 828.0, ""self_attn.o_proj"": 495.0, ""self_attn.v_proj"": 260.0}","{""mlp.down_proj"": -24.0, ""mlp.gate_proj"": -22.0, ""mlp.up_proj"": -22.0, ""self_attn.o_proj"": -23.0, ""self_attn.v_proj"": -18.0}","{""mlp.down_proj"": 0.02154398563734291, ""mlp.gate_proj"": 0.0672782874617737, ""mlp.up_proj"": 0.02588235294117647, ""self_attn.o_proj"": 0.0444015444015444, ""self_attn.v_proj"": 0.06474820143884892}",0.03288600310884502,0.011884871267292263,7,equal7,True,"mlp.down_proj,mlp.gate_proj,mlp.up_proj,self_attn.k_proj,self_attn.o_proj,self_attn.q_proj,self_attn.v_proj",,434.0,450.42857142857144,434.0,-16.428571428571427,0.06110007510383431,0.03647320012686334,"{""mlp.down_proj"": 1114.0, ""mlp.gate_proj"": 327.0, ""mlp.up_proj"": 850.0, ""self_attn.k_proj"": 40.0, ""self_attn.o_proj"": 518.0, ""self_attn.q_proj"": 26.0, ""self_attn.v_proj"": 278.0}","{""mlp.down_proj"": 1090.0, ""mlp.gate_proj"": 305.0, ""mlp.up_proj"": 828.0, ""self_attn.k_proj"": 38.0, ""self_attn.o_proj"": 495.0, ""self_attn.q_proj"": 22.0, ""self_attn.v_proj"": 260.0}","{""mlp.down_proj"": -24.0, ""mlp.gate_proj"": -22.0, ""mlp.up_proj"": -22.0, ""self_attn.k_proj"": -2.0, ""self_attn.o_proj"": -23.0, ""self_attn.q_proj"": -4.0, ""self_attn.v_proj"": -18.0}","{""mlp.down_proj"": 0.02154398563734291, ""mlp.gate_proj"": 0.0672782874617737, ""mlp.up_proj"": 0.02588235294117647, ""self_attn.k_proj"": 0.05, ""self_attn.o_proj"": 0.0444015444015444, ""self_attn.q_proj"": 0.15384615384615385, ""self_attn.v_proj"": 0.06474820143884892}",-0.01632920072769703,-5.371428571428574,161.60000000000002,False,True
qwen,seqkd,480,E_general,E_general,0.01,18,5,equal5_non_qk,True,"mlp.down_proj,mlp.gate_proj,mlp.up_proj,self_attn.o_proj,self_attn.v_proj","self_attn.q_proj,self_attn.k_proj",1619.4,1634.4,1619.4,-15.0,0.010559727268642426,0.009177679882525698,"{""mlp.down_proj"": 2190.0, ""mlp.gate_proj"": 1641.0, ""mlp.up_proj"": 2064.0, ""self_attn.o_proj"": 1546.0, ""self_attn.v_proj"": 731.0}","{""mlp.down_proj"": 2178.0, ""mlp.gate_proj"": 1620.0, ""mlp.up_proj"": 2056.0, ""self_attn.o_proj"": 1524.0, ""self_attn.v_proj"": 719.0}","{""mlp.down_proj"": -12.0, ""mlp.gate_proj"": -21.0, ""mlp.up_proj"": -8.0, ""self_attn.o_proj"": -22.0, ""self_attn.v_proj"": -12.0}","{""mlp.down_proj"": 0.005479452054794521, ""mlp.gate_proj"": 0.012797074954296161, ""mlp.up_proj"": 0.003875968992248062, ""self_attn.o_proj"": 0.014230271668822769, ""self_attn.v_proj"": 0.016415868673050615}",0.010559727268642426,0.0,7,equal7,True,"mlp.down_proj,mlp.gate_proj,mlp.up_proj,self_attn.k_proj,self_attn.o_proj,self_attn.q_proj,self_attn.v_proj",,1311.142857142857,1328.4285714285713,1311.142857142857,-17.285714285714285,0.018670094050209318,0.013012151844284284,"{""mlp.down_proj"": 2190.0, ""mlp.gate_proj"": 1641.0, ""mlp.up_proj"": 2064.0, ""self_attn.k_proj"": 400.0, ""self_attn.o_proj"": 1546.0, ""self_attn.q_proj"": 727.0, ""self_attn.v_proj"": 731.0}","{""mlp.down_proj"": 2178.0, ""mlp.gate_proj"": 1620.0, ""mlp.up_proj"": 2056.0, ""self_attn.k_proj"": 387.0, ""self_attn.o_proj"": 1524.0, ""self_attn.q_proj"": 694.0, ""self_attn.v_proj"": 719.0}","{""mlp.down_proj"": -12.0, ""mlp.gate_proj"": -21.0, ""mlp.up_proj"": -8.0, ""self_attn.k_proj"": -13.0, ""self_attn.o_proj"": -22.0, ""self_attn.q_proj"": -33.0, ""self_attn.v_proj"": -12.0}","{""mlp.down_proj"": 0.005479452054794521, ""mlp.gate_proj"": 0.012797074954296161, ""mlp.up_proj"": 0.003875968992248062, ""self_attn.k_proj"": 0.0325, ""self_attn.o_proj"": 0.014230271668822769, ""self_attn.q_proj"": 0.0453920220082531, ""self_attn.v_proj"": 0.016415868673050615}",-0.008110366781566892,2.2857142857142847,308.257142857143,False,True
qwen,seqkd,480,E_general,E_general,0.025,18,5,equal5_non_qk,True,"mlp.down_proj,mlp.gate_proj,mlp.up_proj,self_attn.o_proj,self_attn.v_proj","self_attn.q_proj,self_attn.k_proj",1281.0,1299.6,1281.0,-18.6,0.0168921555129507,0.014312096029547484,"{""mlp.down_proj"": 1900.0, ""mlp.gate_proj"": 1133.0, ""mlp.up_proj"": 1706.0, ""self_attn.o_proj"": 1186.0, ""self_attn.v_proj"": 573.0}","{""mlp.down_proj"": 1883.0, ""mlp.gate_proj"": 1108.0, ""mlp.up_proj"": 1694.0, ""self_attn.o_proj"": 1162.0, ""self_attn.v_proj"": 558.0}","{""mlp.down_proj"": -17.0, ""mlp.gate_proj"": -25.0, ""mlp.up_proj"": -12.0, ""self_attn.o_proj"": -24.0, ""self_attn.v_proj"": -15.0}","{""mlp.down_proj"": 0.008947368421052631, ""mlp.gate_proj"": 0.02206531332744925, ""mlp.up_proj"": 0.007033997655334115, ""self_attn.o_proj"": 0.02023608768971332, ""self_attn.v_proj"": 0.02617801047120419}",0.0168921555129507,0.0,7,equal7,True,"mlp.down_proj,mlp.gate_proj,mlp.up_proj,self_attn.k_proj,self_attn.o_proj,self_attn.q_proj,self_attn.v_proj",,992.8571428571429,1011.2857142857143,992.8571428571429,-18.428571428571427,0.02907719946729184,0.01822291284079674,"{""mlp.down_proj"": 1900.0, ""mlp.gate_proj"": 1133.0, ""mlp.up_proj"": 1706.0, ""self_attn.k_proj"": 227.0, ""self_attn.o_proj"": 1186.0, ""self_attn.q_proj"": 354.0, ""self_attn.v_proj"": 573.0}","{""mlp.down_proj"": 1883.0, ""mlp.gate_proj"": 1108.0, ""mlp.up_proj"": 1694.0, ""self_attn.k_proj"": 216.0, ""self_attn.o_proj"": 1162.0, ""self_attn.q_proj"": 329.0, ""self_attn.v_proj"": 558.0}","{""mlp.down_proj"": -17.0, ""mlp.gate_proj"": -25.0, ""mlp.up_proj"": -12.0, ""self_attn.k_proj"": -11.0, ""self_attn.o_proj"": -24.0, ""self_attn.q_proj"": -25.0, ""self_attn.v_proj"": -15.0}","{""mlp.down_proj"": 0.008947368421052631, ""mlp.gate_proj"": 0.02206531332744925, ""mlp.up_proj"": 0.007033997655334115, ""self_attn.k_proj"": 0.048458149779735685, ""self_attn.o_proj"": 0.02023608768971332, ""self_attn.q_proj"": 0.07062146892655367, ""self_attn.v_proj"": 0.02617801047120419}",-0.012185043954341137,-0.17142857142857437,288.1428571428571,False,True
qwen,seqkd,480,E_general,E_general,0.05,18,5,equal5_non_qk,True,"mlp.down_proj,mlp.gate_proj,mlp.up_proj,self_attn.o_proj,self_attn.v_proj","self_attn.q_proj,self_attn.k_proj",971.0,991.2,971.0,-20.2,0.024801148942990316,0.02037933817594839,"{""mlp.down_proj"": 1590.0, ""mlp.gate_proj"": 701.0, ""mlp.up_proj"": 1344.0, ""self_attn.o_proj"": 890.0, ""self_attn.v_proj"": 431.0}","{""mlp.down_proj"": 1568.0, ""mlp.gate_proj"": 676.0, ""mlp.up_proj"": 1330.0, ""self_attn.o_proj"": 866.0, ""self_attn.v_proj"": 415.0}","{""mlp.down_proj"": -22.0, ""mlp.gate_proj"": -25.0, ""mlp.up_proj"": -14.0, ""self_attn.o_proj"": -24.0, ""self_attn.v_proj"": -16.0}","{""mlp.down_proj"": 0.013836477987421384, ""mlp.gate_proj"": 0.03566333808844508, ""mlp.up_proj"": 0.010416666666666666, ""self_attn.o_proj"": 0.02696629213483146, ""self_attn.v_proj"": 0.037122969837587005}",0.024801148942990316,0.0,7,equal7,True,"mlp.down_proj,mlp.gate_proj,mlp.up_proj,self_attn.k_proj,self_attn.o_proj,self_attn.q_proj,self_attn.v_proj",,727.1428571428571,744.7142857142857,727.1428571428571,-17.571428571428573,0.04144561629092651,0.023594859006330307,"{""mlp.down_proj"": 1590.0, ""mlp.gate_proj"": 701.0, ""mlp.up_proj"": 1344.0, ""self_attn.k_proj"": 113.0, ""self_attn.o_proj"": 890.0, ""self_attn.q_proj"": 144.0, ""self_attn.v_proj"": 431.0}","{""mlp.down_proj"": 1568.0, ""mlp.gate_proj"": 676.0, ""mlp.up_proj"": 1330.0, ""self_attn.k_proj"": 106.0, ""self_attn.o_proj"": 866.0, ""self_attn.q_proj"": 129.0, ""self_attn.v_proj"": 415.0}","{""mlp.down_proj"": -22.0, ""mlp.gate_proj"": -25.0, ""mlp.up_proj"": -14.0, ""self_attn.k_proj"": -7.0, ""self_attn.o_proj"": -24.0, ""self_attn.q_proj"": -15.0, ""self_attn.v_proj"": -16.0}","{""mlp.down_proj"": 0.013836477987421384, ""mlp.gate_proj"": 0.03566333808844508, ""mlp.up_proj"": 0.010416666666666666, ""self_attn.k_proj"": 0.061946902654867256, ""self_attn.o_proj"": 0.02696629213483146, ""self_attn.q_proj"": 0.10416666666666667, ""self_attn.v_proj"": 0.037122969837587005}",-0.016644467347936193,-2.6285714285714263,243.8571428571429,False,True
qwen,seqkd,480,E_general,E_general,0.1,18,5,equal5_non_qk,True,"mlp.down_proj,mlp.gate_proj,mlp.up_proj,self_attn.o_proj,self_attn.v_proj","self_attn.q_proj,self_attn.k_proj",637.8,657.2,637.8,-19.4,0.03861683809373561,0.029519172245891796,"{""mlp.down_proj"": 1200.0, ""mlp.gate_proj"": 300.0, ""mlp.up_proj"": 920.0, ""self_attn.o_proj"": 589.0, ""self_attn.v_proj"": 277.0}","{""mlp.down_proj"": 1174.0, ""mlp.gate_proj"": 282.0, ""mlp.up_proj"": 905.0, ""self_attn.o_proj"": 567.0, ""self_attn.v_proj"": 261.0}","{""mlp.down_proj"": -26.0, ""mlp.gate_proj"": -18.0, ""mlp.up_proj"": -15.0, ""self_attn.o_proj"": -22.0, ""self_attn.v_proj"": -16.0}","{""mlp.down_proj"": 0.021666666666666667, ""mlp.gate_proj"": 0.06, ""mlp.up_proj"": 0.016304347826086956, ""self_attn.o_proj"": 0.03735144312393888, ""self_attn.v_proj"": 0.05776173285198556}",0.03861683809373561,0.0,7,equal7,True,"mlp.down_proj,mlp.gate_proj,mlp.up_proj,self_attn.k_proj,self_attn.o_proj,self_attn.q_proj,self_attn.v_proj",,464.7142857142857,479.7142857142857,464.7142857142857,-15.0,0.060217488415272365,0.03126861226920786,"{""mlp.down_proj"": 1200.0, ""mlp.gate_proj"": 300.0, ""mlp.up_proj"": 920.0, ""self_attn.k_proj"": 39.0, ""self_attn.o_proj"": 589.0, ""self_attn.q_proj"": 33.0, ""self_attn.v_proj"": 277.0}","{""mlp.down_proj"": 1174.0, ""mlp.gate_proj"": 282.0, ""mlp.up_proj"": 905.0, ""self_attn.k_proj"": 36.0, ""self_attn.o_proj"": 567.0, ""self_attn.q_proj"": 28.0, ""self_attn.v_proj"": 261.0}","{""mlp.down_proj"": -26.0, ""mlp.gate_proj"": -18.0, ""mlp.up_proj"": -15.0, ""self_attn.k_proj"": -3.0, ""self_attn.o_proj"": -22.0, ""self_attn.q_proj"": -5.0, ""self_attn.v_proj"": -16.0}","{""mlp.down_proj"": 0.021666666666666667, ""mlp.gate_proj"": 0.06, ""mlp.up_proj"": 0.016304347826086956, ""self_attn.k_proj"": 0.07692307692307693, ""self_attn.o_proj"": 0.03735144312393888, ""self_attn.q_proj"": 0.15151515151515152, ""self_attn.v_proj"": 0.05776173285198556}",-0.021600650321536755,-4.399999999999999,173.08571428571423,False,True
qwen,seqkd,480,E_if,E_ifeval,0.01,18,5,equal5_non_qk,True,"mlp.down_proj,mlp.gate_proj,mlp.up_proj,self_attn.o_proj,self_attn.v_proj","self_attn.q_proj,self_attn.k_proj",1463.8,1484.2,1463.8,-20.4,0.015834011378557847,0.013744778331761279,"{""mlp.down_proj"": 2024.0, ""mlp.gate_proj"": 1528.0, ""mlp.up_proj"": 1933.0, ""self_attn.o_proj"": 1347.0, ""self_attn.v_proj"": 589.0}","{""mlp.down_proj"": 2001.0, ""mlp.gate_proj"": 1505.0, ""mlp.up_proj"": 1919.0, ""self_attn.o_proj"": 1320.0, ""self_attn.v_proj"": 574.0}","{""mlp.down_proj"": -23.0, ""mlp.gate_proj"": -23.0, ""mlp.up_proj"": -14.0, ""self_attn.o_proj"": -27.0, ""self_attn.v_proj"": -15.0}","{""mlp.down_proj"": 0.011363636363636364, ""mlp.gate_proj"": 0.015052356020942409, ""mlp.up_proj"": 0.007242628039317123, ""self_attn.o_proj"": 0.0200445434298441, ""self_attn.v_proj"": 0.025466893039049237}",0.010559727268642426,0.005274284109915421,7,equal7,True,"mlp.down_proj,mlp.gate_proj,mlp.up_proj,self_attn.k_proj,self_attn.o_proj,self_attn.q_proj,self_attn.v_proj",,1154.0,1174.0,1154.0,-20.0,0.024928432596565568,0.017035775127768313,"{""mlp.down_proj"": 2024.0, ""mlp.gate_proj"": 1528.0, ""mlp.up_proj"": 1933.0, ""self_attn.k_proj"": 273.0, ""self_attn.o_proj"": 1347.0, ""self_attn.q_proj"": 524.0, ""self_attn.v_proj"": 589.0}","{""mlp.down_proj"": 2001.0, ""mlp.gate_proj"": 1505.0, ""mlp.up_proj"": 1919.0, ""self_attn.k_proj"": 260.0, ""self_attn.o_proj"": 1320.0, ""self_attn.q_proj"": 499.0, ""self_attn.v_proj"": 574.0}","{""mlp.down_proj"": -23.0, ""mlp.gate_proj"": -23.0, ""mlp.up_proj"": -14.0, ""self_attn.k_proj"": -13.0, ""self_attn.o_proj"": -27.0, ""self_attn.q_proj"": -25.0, ""self_attn.v_proj"": -15.0}","{""mlp.down_proj"": 0.011363636363636364, ""mlp.gate_proj"": 0.015052356020942409, ""mlp.up_proj"": 0.007242628039317123, ""self_attn.k_proj"": 0.047619047619047616, ""self_attn.o_proj"": 0.0200445434298441, ""self_attn.q_proj"": 0.04770992366412214, ""self_attn.v_proj"": 0.025466893039049237}",-0.009094421218007721,-0.3999999999999986,309.79999999999995,False,True
qwen,seqkd,480,E_if,E_ifeval,0.025,18,5,equal5_non_qk,True,"mlp.down_proj,mlp.gate_proj,mlp.up_proj,self_attn.o_proj,self_attn.v_proj","self_attn.q_proj,self_attn.k_proj",1085.2,1109.6,1085.2,-24.4,0.025748621133572246,0.02198990627253052,"{""mlp.down_proj"": 1649.0, ""mlp.gate_proj"": 1005.0, ""mlp.up_proj"": 1521.0, ""self_attn.o_proj"": 969.0, ""self_attn.v_proj"": 404.0}","{""mlp.down_proj"": 1617.0, ""mlp.gate_proj"": 979.0, ""mlp.up_proj"": 1502.0, ""self_attn.o_proj"": 941.0, ""self_attn.v_proj"": 387.0}","{""mlp.down_proj"": -32.0, ""mlp.gate_proj"": -26.0, ""mlp.up_proj"": -19.0, ""self_attn.o_proj"": -28.0, ""self_attn.v_proj"": -17.0}","{""mlp.down_proj"": 0.019405700424499697, ""mlp.gate_proj"": 0.025870646766169153, ""mlp.up_proj"": 0.012491781722550954, ""self_attn.o_proj"": 0.02889576883384933, ""self_attn.v_proj"": 0.04207920792079208}",0.0168921555129507,0.008856465620621545,7,equal7,True,"mlp.down_proj,mlp.gate_proj,mlp.up_proj,self_attn.k_proj,self_attn.o_proj,self_attn.q_proj,self_attn.v_proj",,819.2857142857143,840.0,819.2857142857143,-20.714285714285715,0.037936298714656425,0.024659863945578172,"{""mlp.down_proj"": 1649.0, ""mlp.gate_proj"": 1005.0, ""mlp.up_proj"": 1521.0, ""self_attn.k_proj"": 123.0, ""self_attn.o_proj"": 969.0, ""self_attn.q_proj"": 209.0, ""self_attn.v_proj"": 404.0}","{""mlp.down_proj"": 1617.0, ""mlp.gate_proj"": 979.0, ""mlp.up_proj"": 1502.0, ""self_attn.k_proj"": 115.0, ""self_attn.o_proj"": 941.0, ""self_attn.q_proj"": 194.0, ""self_attn.v_proj"": 387.0}","{""mlp.down_proj"": -32.0, ""mlp.gate_proj"": -26.0, ""mlp.up_proj"": -19.0, ""self_attn.k_proj"": -8.0, ""self_attn.o_proj"": -28.0, ""self_attn.q_proj"": -15.0, ""self_attn.v_proj"": -17.0}","{""mlp.down_proj"": 0.019405700424499697, ""mlp.gate_proj"": 0.025870646766169153, ""mlp.up_proj"": 0.012491781722550954, ""self_attn.k_proj"": 0.06504065040650407, ""self_attn.o_proj"": 0.02889576883384933, ""self_attn.q_proj"": 0.07177033492822966, ""self_attn.v_proj"": 0.04207920792079208}",-0.012187677581084178,-3.6857142857142833,265.9142857142857,False,True
qwen,seqkd,480,E_if,E_ifeval,0.05,18,5,equal5_non_qk,True,"mlp.down_proj,mlp.gate_proj,mlp.up_proj,self_attn.o_proj,self_attn.v_proj","self_attn.q_proj,self_attn.k_proj",756.8,782.0,756.8,-25.2,0.038102390108260956,0.032225063938618986,"{""mlp.down_proj"": 1274.0, ""mlp.gate_proj"": 584.0, ""mlp.up_proj"": 1127.0, ""self_attn.o_proj"": 672.0, ""self_attn.v_proj"": 253.0}","{""mlp.down_proj"": 1236.0, ""mlp.gate_proj"": 560.0, ""mlp.up_proj"": 1106.0, ""self_attn.o_proj"": 644.0, ""self_attn.v_proj"": 238.0}","{""mlp.down_proj"": -38.0, ""mlp.gate_proj"": -24.0, ""mlp.up_proj"": -21.0, ""self_attn.o_proj"": -28.0, ""self_attn.v_proj"": -15.0}","{""mlp.down_proj"": 0.029827315541601257, ""mlp.gate_proj"": 0.0410958904109589, ""mlp.up_proj"": 0.018633540372670808, ""self_attn.o_proj"": 0.041666666666666664, ""self_attn.v_proj"": 0.05928853754940711}",0.024801148942990316,0.01330124116527064,7,equal7,True,"mlp.down_proj,mlp.gate_proj,mlp.up_proj,self_attn.k_proj,self_attn.o_proj,self_attn.q_proj,self_attn.v_proj",,556.1428571428571,575.7142857142857,556.1428571428571,-19.571428571428573,0.052930278648757816,0.03399503722084365,"{""mlp.down_proj"": 1274.0, ""mlp.gate_proj"": 584.0, ""mlp.up_proj"": 1127.0, ""self_attn.k_proj"": 50.0, ""self_attn.o_proj"": 672.0, ""self_attn.q_proj"": 70.0, ""self_attn.v_proj"": 253.0}","{""mlp.down_proj"": 1236.0, ""mlp.gate_proj"": 560.0, ""mlp.up_proj"": 1106.0, ""self_attn.k_proj"": 46.0, ""self_attn.o_proj"": 644.0, ""self_attn.q_proj"": 63.0, ""self_attn.v_proj"": 238.0}","{""mlp.down_proj"": -38.0, ""mlp.gate_proj"": -24.0, ""mlp.up_proj"": -21.0, ""self_attn.k_proj"": -4.0, ""self_attn.o_proj"": -28.0, ""self_attn.q_proj"": -7.0, ""self_attn.v_proj"": -15.0}","{""mlp.down_proj"": 0.029827315541601257, ""mlp.gate_proj"": 0.0410958904109589, ""mlp.up_proj"": 0.018633540372670808, ""self_attn.k_proj"": 0.08, ""self_attn.o_proj"": 0.041666666666666664, ""self_attn.q_proj"": 0.1, ""self_attn.v_proj"": 0.05928853754940711}",-0.01482788854049686,-5.628571428571426,200.65714285714284,False,True
qwen,seqkd,480,E_if,E_ifeval,0.1,18,5,equal5_non_qk,True,"mlp.down_proj,mlp.gate_proj,mlp.up_proj,self_attn.o_proj,self_attn.v_proj","self_attn.q_proj,self_attn.k_proj",430.6,453.0,430.6,-22.4,0.06121105819079795,0.049448123620309,"{""mlp.down_proj"": 839.0, ""mlp.gate_proj"": 228.0, ""mlp.up_proj"": 695.0, ""self_attn.o_proj"": 387.0, ""self_attn.v_proj"": 116.0}","{""mlp.down_proj"": 799.0, ""mlp.gate_proj"": 212.0, ""mlp.up_proj"": 675.0, ""self_attn.o_proj"": 362.0, ""self_attn.v_proj"": 105.0}","{""mlp.down_proj"": -40.0, ""mlp.gate_proj"": -16.0, ""mlp.up_proj"": -20.0, ""self_attn.o_proj"": -25.0, ""self_attn.v_proj"": -11.0}","{""mlp.down_proj"": 0.04767580452920143, ""mlp.gate_proj"": 0.07017543859649122, ""mlp.up_proj"": 0.02877697841726619, ""self_attn.o_proj"": 0.06459948320413436, ""self_attn.v_proj"": 0.09482758620689655}",0.03861683809373561,0.022594220097062342,7,equal7,True,"mlp.down_proj,mlp.gate_proj,mlp.up_proj,self_attn.k_proj,self_attn.o_proj,self_attn.q_proj,self_attn.v_proj",,310.85714285714283,327.42857142857144,310.85714285714283,-16.571428571428573,0.08755335325316736,0.05061082024432822,"{""mlp.down_proj"": 839.0, ""mlp.gate_proj"": 228.0, ""mlp.up_proj"": 695.0, ""self_attn.k_proj"": 16.0, ""self_attn.o_proj"": 387.0, ""self_attn.q_proj"": 11.0, ""self_attn.v_proj"": 116.0}","{""mlp.down_proj"": 799.0, ""mlp.gate_proj"": 212.0, ""mlp.up_proj"": 675.0, ""self_attn.k_proj"": 14.0, ""self_attn.o_proj"": 362.0, ""self_attn.q_proj"": 9.0, ""self_attn.v_proj"": 105.0}","{""mlp.down_proj"": -40.0, ""mlp.gate_proj"": -16.0, ""mlp.up_proj"": -20.0, ""self_attn.k_proj"": -2.0, ""self_attn.o_proj"": -25.0, ""self_attn.q_proj"": -2.0, ""self_attn.v_proj"": -11.0}","{""mlp.down_proj"": 0.04767580452920143, ""mlp.gate_proj"": 0.07017543859649122, ""mlp.up_proj"": 0.02877697841726619, ""self_attn.k_proj"": 0.125, ""self_attn.o_proj"": 0.06459948320413436, ""self_attn.q_proj"": 0.18181818181818182, ""self_attn.v_proj"": 0.09482758620689655}",-0.02634229506236941,-5.828571428571426,119.74285714285719,False,True
qwen,seqkd,480,E_math,E_mathHeld,0.01,18,5,equal5_non_qk,True,"mlp.down_proj,mlp.gate_proj,mlp.up_proj,self_attn.o_proj,self_attn.v_proj","self_attn.q_proj,self_attn.k_proj",1630.2,1649.6,1630.2,-19.4,0.014612432229600273,0.011760426770126009,"{""mlp.down_proj"": 2176.0, ""mlp.gate_proj"": 1819.0, ""mlp.up_proj"": 2046.0, ""self_attn.o_proj"": 1520.0, ""self_attn.v_proj"": 687.0}","{""mlp.down_proj"": 2158.0, ""mlp.gate_proj"": 1794.0, ""mlp.up_proj"": 2034.0, ""self_attn.o_proj"": 1500.0, ""self_attn.v_proj"": 665.0}","{""mlp.down_proj"": -18.0, ""mlp.gate_proj"": -25.0, ""mlp.up_proj"": -12.0, ""self_attn.o_proj"": -20.0, ""self_attn.v_proj"": -22.0}","{""mlp.down_proj"": 0.008272058823529412, ""mlp.gate_proj"": 0.013743815283122594, ""mlp.up_proj"": 0.005865102639296188, ""self_attn.o_proj"": 0.013157894736842105, ""self_attn.v_proj"": 0.03202328966521106}",0.010559727268642426,0.004052704960957847,7,equal7,True,"mlp.down_proj,mlp.gate_proj,mlp.up_proj,self_attn.k_proj,self_attn.o_proj,self_attn.q_proj,self_attn.v_proj",,1315.7142857142858,1339.0,1315.7142857142858,-23.285714285714285,0.0275504984121324,0.017390376613677535,"{""mlp.down_proj"": 2176.0, ""mlp.gate_proj"": 1819.0, ""mlp.up_proj"": 2046.0, ""self_attn.k_proj"": 363.0, ""self_attn.o_proj"": 1520.0, ""self_attn.q_proj"": 762.0, ""self_attn.v_proj"": 687.0}","{""mlp.down_proj"": 2158.0, ""mlp.gate_proj"": 1794.0, ""mlp.up_proj"": 2034.0, ""self_attn.k_proj"": 340.0, ""self_attn.o_proj"": 1500.0, ""self_attn.q_proj"": 719.0, ""self_attn.v_proj"": 665.0}","{""mlp.down_proj"": -18.0, ""mlp.gate_proj"": -25.0, ""mlp.up_proj"": -12.0, ""self_attn.k_proj"": -23.0, ""self_attn.o_proj"": -20.0, ""self_attn.q_proj"": -43.0, ""self_attn.v_proj"": -22.0}","{""mlp.down_proj"": 0.008272058823529412, ""mlp.gate_proj"": 0.013743815283122594, ""mlp.up_proj"": 0.005865102639296188, ""self_attn.k_proj"": 0.06336088154269973, ""self_attn.o_proj"": 0.013157894736842105, ""self_attn.q_proj"": 0.05643044619422572, ""self_attn.v_proj"": 0.03202328966521106}",-0.012938066182532128,3.885714285714286,314.48571428571427,False,True
qwen,seqkd,480,E_math,E_mathHeld,0.025,18,5,equal5_non_qk,True,"mlp.down_proj,mlp.gate_proj,mlp.up_proj,self_attn.o_proj,self_attn.v_proj","self_attn.q_proj,self_attn.k_proj",1296.2,1322.2,1296.2,-26.0,0.024408549881212195,0.019664196036908183,"{""mlp.down_proj"": 1875.0, ""mlp.gate_proj"": 1369.0, ""mlp.up_proj"": 1691.0, ""self_attn.o_proj"": 1157.0, ""self_attn.v_proj"": 519.0}","{""mlp.down_proj"": 1847.0, ""mlp.gate_proj"": 1335.0, ""mlp.up_proj"": 1672.0, ""self_attn.o_proj"": 1135.0, ""self_attn.v_proj"": 492.0}","{""mlp.down_proj"": -28.0, ""mlp.gate_proj"": -34.0, ""mlp.up_proj"": -19.0, ""self_attn.o_proj"": -22.0, ""self_attn.v_proj"": -27.0}","{""mlp.down_proj"": 0.014933333333333333, ""mlp.gate_proj"": 0.02483564645726808, ""mlp.up_proj"": 0.011235955056179775, ""self_attn.o_proj"": 0.01901469317199654, ""self_attn.v_proj"": 0.05202312138728324}",0.0168921555129507,0.007516394368261493,7,equal7,True,"mlp.down_proj,mlp.gate_proj,mlp.up_proj,self_attn.k_proj,self_attn.o_proj,self_attn.q_proj,self_attn.v_proj",,999.5714285714286,1025.5714285714287,999.5714285714286,-26.0,0.043855801025305396,0.02535172029530586,"{""mlp.down_proj"": 1875.0, ""mlp.gate_proj"": 1369.0, ""mlp.up_proj"": 1691.0, ""self_attn.k_proj"": 189.0, ""self_attn.o_proj"": 1157.0, ""self_attn.q_proj"": 379.0, ""self_attn.v_proj"": 519.0}","{""mlp.down_proj"": 1847.0, ""mlp.gate_proj"": 1335.0, ""mlp.up_proj"": 1672.0, ""self_attn.k_proj"": 171.0, ""self_attn.o_proj"": 1135.0, ""self_attn.q_proj"": 345.0, ""self_attn.v_proj"": 492.0}","{""mlp.down_proj"": -28.0, ""mlp.gate_proj"": -34.0, ""mlp.up_proj"": -19.0, ""self_attn.k_proj"": -18.0, ""self_attn.o_proj"": -22.0, ""self_attn.q_proj"": -34.0, ""self_attn.v_proj"": -27.0}","{""mlp.down_proj"": 0.014933333333333333, ""mlp.gate_proj"": 0.02483564645726808, ""mlp.up_proj"": 0.011235955056179775, ""self_attn.k_proj"": 0.09523809523809523, ""self_attn.o_proj"": 0.01901469317199654, ""self_attn.q_proj"": 0.08970976253298153, ""self_attn.v_proj"": 0.05202312138728324}",-0.0194472511440932,0.0,296.6285714285715,False,True
qwen,seqkd,480,E_math,E_mathHeld,0.05,18,5,equal5_non_qk,True,"mlp.down_proj,mlp.gate_proj,mlp.up_proj,self_attn.o_proj,self_attn.v_proj","self_attn.q_proj,self_attn.k_proj",985.6,1014.2,985.6,-28.6,0.0354519198670474,0.028199566160520627,"{""mlp.down_proj"": 1552.0, ""mlp.gate_proj"": 956.0, ""mlp.up_proj"": 1332.0, ""self_attn.o_proj"": 860.0, ""self_attn.v_proj"": 371.0}","{""mlp.down_proj"": 1516.0, ""mlp.gate_proj"": 920.0, ""mlp.up_proj"": 1310.0, ""self_attn.o_proj"": 839.0, ""self_attn.v_proj"": 343.0}","{""mlp.down_proj"": -36.0, ""mlp.gate_proj"": -36.0, ""mlp.up_proj"": -22.0, ""self_attn.o_proj"": -21.0, ""self_attn.v_proj"": -28.0}","{""mlp.down_proj"": 0.023195876288659795, ""mlp.gate_proj"": 0.03765690376569038, ""mlp.up_proj"": 0.016516516516516516, ""self_attn.o_proj"": 0.02441860465116279, ""self_attn.v_proj"": 0.07547169811320754}",0.024801148942990316,0.010650770924057081,7,equal7,True,"mlp.down_proj,mlp.gate_proj,mlp.up_proj,self_attn.k_proj,self_attn.o_proj,self_attn.q_proj,self_attn.v_proj",,733.2857142857143,758.1428571428571,733.2857142857143,-24.857142857142858,0.06303943866696879,0.03278688524590154,"{""mlp.down_proj"": 1552.0, ""mlp.gate_proj"": 956.0, ""mlp.up_proj"": 1332.0, ""self_attn.k_proj"": 82.0, ""self_attn.o_proj"": 860.0, ""self_attn.q_proj"": 154.0, ""self_attn.v_proj"": 371.0}","{""mlp.down_proj"": 1516.0, ""mlp.gate_proj"": 920.0, ""mlp.up_proj"": 1310.0, ""self_attn.k_proj"": 71.0, ""self_attn.o_proj"": 839.0, ""self_attn.q_proj"": 134.0, ""self_attn.v_proj"": 343.0}","{""mlp.down_proj"": -36.0, ""mlp.gate_proj"": -36.0, ""mlp.up_proj"": -22.0, ""self_attn.k_proj"": -11.0, ""self_attn.o_proj"": -21.0, ""self_attn.q_proj"": -20.0, ""self_attn.v_proj"": -28.0}","{""mlp.down_proj"": 0.023195876288659795, ""mlp.gate_proj"": 0.03765690376569038, ""mlp.up_proj"": 0.016516516516516516, ""self_attn.k_proj"": 0.13414634146341464, ""self_attn.o_proj"": 0.02441860465116279, ""self_attn.q_proj"": 0.12987012987012986, ""self_attn.v_proj"": 0.07547169811320754}",-0.02758751879992139,-3.7428571428571438,252.3142857142857,False,True
qwen,seqkd,480,E_math,E_mathHeld,0.1,18,5,equal5_non_qk,True,"mlp.down_proj,mlp.gate_proj,mlp.up_proj,self_attn.o_proj,self_attn.v_proj","self_attn.q_proj,self_attn.k_proj",644.8,673.2,644.8,-28.4,0.054783049379720186,0.042186571598336435,"{""mlp.down_proj"": 1147.0, ""mlp.gate_proj"": 529.0, ""mlp.up_proj"": 913.0, ""self_attn.o_proj"": 561.0, ""self_attn.v_proj"": 216.0}","{""mlp.down_proj"": 1106.0, ""mlp.gate_proj"": 497.0, ""mlp.up_proj"": 889.0, ""self_attn.o_proj"": 541.0, ""self_attn.v_proj"": 191.0}","{""mlp.down_proj"": -41.0, ""mlp.gate_proj"": -32.0, ""mlp.up_proj"": -24.0, ""self_attn.o_proj"": -20.0, ""self_attn.v_proj"": -25.0}","{""mlp.down_proj"": 0.03574542284219703, ""mlp.gate_proj"": 0.06049149338374291, ""mlp.up_proj"": 0.02628696604600219, ""self_attn.o_proj"": 0.035650623885918005, ""self_attn.v_proj"": 0.11574074074074074}",0.03861683809373561,0.016166211285984576,7,equal7,True,"mlp.down_proj,mlp.gate_proj,mlp.up_proj,self_attn.k_proj,self_attn.o_proj,self_attn.q_proj,self_attn.v_proj",,467.0,488.7142857142857,467.0,-21.714285714285715,0.09059004295172027,0.04443145279158142,"{""mlp.down_proj"": 1147.0, ""mlp.gate_proj"": 529.0, ""mlp.up_proj"": 913.0, ""self_attn.k_proj"": 24.0, ""self_attn.o_proj"": 561.0, ""self_attn.q_proj"": 31.0, ""self_attn.v_proj"": 216.0}","{""mlp.down_proj"": 1106.0, ""mlp.gate_proj"": 497.0, ""mlp.up_proj"": 889.0, ""self_attn.k_proj"": 20.0, ""self_attn.o_proj"": 541.0, ""self_attn.q_proj"": 25.0, ""self_attn.v_proj"": 191.0}","{""mlp.down_proj"": -41.0, ""mlp.gate_proj"": -32.0, ""mlp.up_proj"": -24.0, ""self_attn.k_proj"": -4.0, ""self_attn.o_proj"": -20.0, ""self_attn.q_proj"": -6.0, ""self_attn.v_proj"": -25.0}","{""mlp.down_proj"": 0.03574542284219703, ""mlp.gate_proj"": 0.06049149338374291, ""mlp.up_proj"": 0.02628696604600219, ""self_attn.k_proj"": 0.16666666666666666, ""self_attn.o_proj"": 0.035650623885918005, ""self_attn.q_proj"": 0.1935483870967742, ""self_attn.v_proj"": 0.11574074074074074}",-0.03580699357200008,-6.685714285714283,177.79999999999995,False,True
qwen,seqkd,480,E_ood,E_mmluPro,0.01,18,5,equal5_non_qk,True,"mlp.down_proj,mlp.gate_proj,mlp.up_proj,self_attn.o_proj,self_attn.v_proj","self_attn.q_proj,self_attn.k_proj",1591.4,1610.4,1591.4,-19.0,0.013502727353638005,0.011798310978638846,"{""mlp.down_proj"": 2156.0, ""mlp.gate_proj"": 1667.0, ""mlp.up_proj"": 2029.0, ""self_attn.o_proj"": 1471.0, ""self_attn.v_proj"": 729.0}","{""mlp.down_proj"": 2144.0, ""mlp.gate_proj"": 1639.0, ""mlp.up_proj"": 2015.0, ""self_attn.o_proj"": 1445.0, ""self_attn.v_proj"": 714.0}","{""mlp.down_proj"": -12.0, ""mlp.gate_proj"": -28.0, ""mlp.up_proj"": -14.0, ""self_attn.o_proj"": -26.0, ""self_attn.v_proj"": -15.0}","{""mlp.down_proj"": 0.0055658627087198514, ""mlp.gate_proj"": 0.016796640671865627, ""mlp.up_proj"": 0.006899950714637753, ""self_attn.o_proj"": 0.017675050985723997, ""self_attn.v_proj"": 0.0205761316872428}",0.010559727268642426,0.0029430000849955795,7,equal7,True,"mlp.down_proj,mlp.gate_proj,mlp.up_proj,self_attn.k_proj,self_attn.o_proj,self_attn.q_proj,self_attn.v_proj",,1283.4285714285713,1305.5714285714287,1283.4285714285713,-22.142857142857142,0.024360071465849318,0.016960280118175002,"{""mlp.down_proj"": 2156.0, ""mlp.gate_proj"": 1667.0, ""mlp.up_proj"": 2029.0, ""self_attn.k_proj"": 402.0, ""self_attn.o_proj"": 1471.0, ""self_attn.q_proj"": 685.0, ""self_attn.v_proj"": 729.0}","{""mlp.down_proj"": 2144.0, ""mlp.gate_proj"": 1639.0, ""mlp.up_proj"": 2015.0, ""self_attn.k_proj"": 387.0, ""self_attn.o_proj"": 1445.0, ""self_attn.q_proj"": 640.0, ""self_attn.v_proj"": 714.0}","{""mlp.down_proj"": -12.0, ""mlp.gate_proj"": -28.0, ""mlp.up_proj"": -14.0, ""self_attn.k_proj"": -15.0, ""self_attn.o_proj"": -26.0, ""self_attn.q_proj"": -45.0, ""self_attn.v_proj"": -15.0}","{""mlp.down_proj"": 0.0055658627087198514, ""mlp.gate_proj"": 0.016796640671865627, ""mlp.up_proj"": 0.006899950714637753, ""self_attn.k_proj"": 0.03731343283582089, ""self_attn.o_proj"": 0.017675050985723997, ""self_attn.q_proj"": 0.06569343065693431, ""self_attn.v_proj"": 0.0205761316872428}",-0.010857344112211313,3.1428571428571423,307.97142857142876,False,True
qwen,seqkd,480,E_ood,E_mmluPro,0.025,18,5,equal5_non_qk,True,"mlp.down_proj,mlp.gate_proj,mlp.up_proj,self_attn.o_proj,self_attn.v_proj","self_attn.q_proj,self_attn.k_proj",1244.8,1268.4,1244.8,-23.6,0.02150184046295512,0.018606117943866393,"{""mlp.down_proj"": 1847.0, ""mlp.gate_proj"": 1163.0, ""mlp.up_proj"": 1655.0, ""self_attn.o_proj"": 1105.0, ""self_attn.v_proj"": 572.0}","{""mlp.down_proj"": 1828.0, ""mlp.gate_proj"": 1129.0, ""mlp.up_proj"": 1635.0, ""self_attn.o_proj"": 1078.0, ""self_attn.v_proj"": 554.0}","{""mlp.down_proj"": -19.0, ""mlp.gate_proj"": -34.0, ""mlp.up_proj"": -20.0, ""self_attn.o_proj"": -27.0, ""self_attn.v_proj"": -18.0}","{""mlp.down_proj"": 0.01028695181375203, ""mlp.gate_proj"": 0.029234737747205503, ""mlp.up_proj"": 0.012084592145015106, ""self_attn.o_proj"": 0.024434389140271493, ""self_attn.v_proj"": 0.03146853146853147}",0.0168921555129507,0.004609684950004418,7,equal7,True,"mlp.down_proj,mlp.gate_proj,mlp.up_proj,self_attn.k_proj,self_attn.o_proj,self_attn.q_proj,self_attn.v_proj",,961.0,984.2857142857143,961.0,-23.285714285714285,0.03780855318040293,0.023657474600870875,"{""mlp.down_proj"": 1847.0, ""mlp.gate_proj"": 1163.0, ""mlp.up_proj"": 1655.0, ""self_attn.k_proj"": 230.0, ""self_attn.o_proj"": 1105.0, ""self_attn.q_proj"": 318.0, ""self_attn.v_proj"": 572.0}","{""mlp.down_proj"": 1828.0, ""mlp.gate_proj"": 1129.0, ""mlp.up_proj"": 1635.0, ""self_attn.k_proj"": 217.0, ""self_attn.o_proj"": 1078.0, ""self_attn.q_proj"": 286.0, ""self_attn.v_proj"": 554.0}","{""mlp.down_proj"": -19.0, ""mlp.gate_proj"": -34.0, ""mlp.up_proj"": -20.0, ""self_attn.k_proj"": -13.0, ""self_attn.o_proj"": -27.0, ""self_attn.q_proj"": -32.0, ""self_attn.v_proj"": -18.0}","{""mlp.down_proj"": 0.01028695181375203, ""mlp.gate_proj"": 0.029234737747205503, ""mlp.up_proj"": 0.012084592145015106, ""self_attn.k_proj"": 0.05652173913043478, ""self_attn.o_proj"": 0.024434389140271493, ""self_attn.q_proj"": 0.10062893081761007, ""self_attn.v_proj"": 0.03146853146853147}",-0.01630671271744781,-0.3142857142857167,283.79999999999995,False,True
qwen,seqkd,480,E_ood,E_mmluPro,0.05,18,5,equal5_non_qk,True,"mlp.down_proj,mlp.gate_proj,mlp.up_proj,self_attn.o_proj,self_attn.v_proj","self_attn.q_proj,self_attn.k_proj",929.4,954.4,929.4,-25.0,0.031348475987978,0.02619446772841576,"{""mlp.down_proj"": 1519.0, ""mlp.gate_proj"": 731.0, ""mlp.up_proj"": 1281.0, ""self_attn.o_proj"": 810.0, ""self_attn.v_proj"": 431.0}","{""mlp.down_proj"": 1496.0, ""mlp.gate_proj"": 698.0, ""mlp.up_proj"": 1258.0, ""self_attn.o_proj"": 784.0, ""self_attn.v_proj"": 411.0}","{""mlp.down_proj"": -23.0, ""mlp.gate_proj"": -33.0, ""mlp.up_proj"": -23.0, ""self_attn.o_proj"": -26.0, ""self_attn.v_proj"": -20.0}","{""mlp.down_proj"": 0.015141540487162607, ""mlp.gate_proj"": 0.04514363885088919, ""mlp.up_proj"": 0.01795472287275566, ""self_attn.o_proj"": 0.03209876543209877, ""self_attn.v_proj"": 0.04640371229698376}",0.024801148942990316,0.006547327044987682,7,equal7,True,"mlp.down_proj,mlp.gate_proj,mlp.up_proj,self_attn.k_proj,self_attn.o_proj,self_attn.q_proj,self_attn.v_proj",,694.1428571428571,715.5714285714286,694.1428571428571,-21.428571428571427,0.05231482356426633,0.029946097025354387,"{""mlp.down_proj"": 1519.0, ""mlp.gate_proj"": 731.0, ""mlp.up_proj"": 1281.0, ""self_attn.k_proj"": 116.0, ""self_attn.o_proj"": 810.0, ""self_attn.q_proj"": 121.0, ""self_attn.v_proj"": 431.0}","{""mlp.down_proj"": 1496.0, ""mlp.gate_proj"": 698.0, ""mlp.up_proj"": 1258.0, ""self_attn.k_proj"": 108.0, ""self_attn.o_proj"": 784.0, ""self_attn.q_proj"": 104.0, ""self_attn.v_proj"": 411.0}","{""mlp.down_proj"": -23.0, ""mlp.gate_proj"": -33.0, ""mlp.up_proj"": -23.0, ""self_attn.k_proj"": -8.0, ""self_attn.o_proj"": -26.0, ""self_attn.q_proj"": -17.0, ""self_attn.v_proj"": -20.0}","{""mlp.down_proj"": 0.015141540487162607, ""mlp.gate_proj"": 0.04514363885088919, ""mlp.up_proj"": 0.01795472287275566, ""self_attn.k_proj"": 0.06896551724137931, ""self_attn.o_proj"": 0.03209876543209877, ""self_attn.q_proj"": 0.14049586776859505, ""self_attn.v_proj"": 0.04640371229698376}",-0.020966347576288333,-3.571428571428573,235.25714285714287,False,True
qwen,seqkd,480,E_ood,E_mmluPro,0.1,18,5,equal5_non_qk,True,"mlp.down_proj,mlp.gate_proj,mlp.up_proj,self_attn.o_proj,self_attn.v_proj","self_attn.q_proj,self_attn.k_proj",593.8,617.4,593.8,-23.6,0.04902504661335818,0.038224813735017855,"{""mlp.down_proj"": 1114.0, ""mlp.gate_proj"": 327.0, ""mlp.up_proj"": 850.0, ""self_attn.o_proj"": 518.0, ""self_attn.v_proj"": 278.0}","{""mlp.down_proj"": 1088.0, ""mlp.gate_proj"": 302.0, ""mlp.up_proj"": 827.0, ""self_attn.o_proj"": 494.0, ""self_attn.v_proj"": 258.0}","{""mlp.down_proj"": -26.0, ""mlp.gate_proj"": -25.0, ""mlp.up_proj"": -23.0, ""self_attn.o_proj"": -24.0, ""self_attn.v_proj"": -20.0}","{""mlp.down_proj"": 0.02333931777378815, ""mlp.gate_proj"": 0.0764525993883792, ""mlp.up_proj"": 0.027058823529411764, ""self_attn.o_proj"": 0.04633204633204633, ""self_attn.v_proj"": 0.07194244604316546}",0.03861683809373561,0.01040820851962257,7,equal7,True,"mlp.down_proj,mlp.gate_proj,mlp.up_proj,self_attn.k_proj,self_attn.o_proj,self_attn.q_proj,self_attn.v_proj",,432.57142857142856,450.42857142857144,432.57142857142856,-17.857142857142858,0.06963327505349762,0.03964478274659062,"{""mlp.down_proj"": 1114.0, ""mlp.gate_proj"": 327.0, ""mlp.up_proj"": 850.0, ""self_attn.k_proj"": 40.0, ""self_attn.o_proj"": 518.0, ""self_attn.q_proj"": 26.0, ""self_attn.v_proj"": 278.0}","{""mlp.down_proj"": 1088.0, ""mlp.gate_proj"": 302.0, ""mlp.up_proj"": 827.0, ""self_attn.k_proj"": 38.0, ""self_attn.o_proj"": 494.0, ""self_attn.q_proj"": 21.0, ""self_attn.v_proj"": 258.0}","{""mlp.down_proj"": -26.0, ""mlp.gate_proj"": -25.0, ""mlp.up_proj"": -23.0, ""self_attn.k_proj"": -2.0, ""self_attn.o_proj"": -24.0, ""self_attn.q_proj"": -5.0, ""self_attn.v_proj"": -20.0}","{""mlp.down_proj"": 0.02333931777378815, ""mlp.gate_proj"": 0.0764525993883792, ""mlp.up_proj"": 0.027058823529411764, ""self_attn.k_proj"": 0.05, ""self_attn.o_proj"": 0.04633204633204633, ""self_attn.q_proj"": 0.19230769230769232, ""self_attn.v_proj"": 0.07194244604316546}",-0.020608228440139438,-5.742857142857144,161.2285714285714,False,True
qwen,seqkd,624,E_general,E_general,0.01,18,5,equal5_non_qk,True,"mlp.down_proj,mlp.gate_proj,mlp.up_proj,self_attn.o_proj,self_attn.v_proj","self_attn.q_proj,self_attn.k_proj",1619.2,1634.4,1619.2,-15.2,0.010840814281613513,0.009300048947626068,"{""mlp.down_proj"": 2190.0, ""mlp.gate_proj"": 1641.0, ""mlp.up_proj"": 2064.0, ""self_attn.o_proj"": 1546.0, ""self_attn.v_proj"": 731.0}","{""mlp.down_proj"": 2178.0, ""mlp.gate_proj"": 1621.0, ""mlp.up_proj"": 2056.0, ""self_attn.o_proj"": 1523.0, ""self_attn.v_proj"": 718.0}","{""mlp.down_proj"": -12.0, ""mlp.gate_proj"": -20.0, ""mlp.up_proj"": -8.0, ""self_attn.o_proj"": -23.0, ""self_attn.v_proj"": -13.0}","{""mlp.down_proj"": 0.005479452054794521, ""mlp.gate_proj"": 0.01218769043266301, ""mlp.up_proj"": 0.003875968992248062, ""self_attn.o_proj"": 0.014877102199223804, ""self_attn.v_proj"": 0.017783857729138167}",0.010840814281613513,0.0,7,equal7,True,"mlp.down_proj,mlp.gate_proj,mlp.up_proj,self_attn.k_proj,self_attn.o_proj,self_attn.q_proj,self_attn.v_proj",,1310.7142857142858,1328.4285714285713,1310.7142857142858,-17.714285714285715,0.019424515604964658,0.013334767179266467,"{""mlp.down_proj"": 2190.0, ""mlp.gate_proj"": 1641.0, ""mlp.up_proj"": 2064.0, ""self_attn.k_proj"": 400.0, ""self_attn.o_proj"": 1546.0, ""self_attn.q_proj"": 727.0, ""self_attn.v_proj"": 731.0}","{""mlp.down_proj"": 2178.0, ""mlp.gate_proj"": 1621.0, ""mlp.up_proj"": 2056.0, ""self_attn.k_proj"": 386.0, ""self_attn.o_proj"": 1523.0, ""self_attn.q_proj"": 693.0, ""self_attn.v_proj"": 718.0}","{""mlp.down_proj"": -12.0, ""mlp.gate_proj"": -20.0, ""mlp.up_proj"": -8.0, ""self_attn.k_proj"": -14.0, ""self_attn.o_proj"": -23.0, ""self_attn.q_proj"": -34.0, ""self_attn.v_proj"": -13.0}","{""mlp.down_proj"": 0.005479452054794521, ""mlp.gate_proj"": 0.01218769043266301, ""mlp.up_proj"": 0.003875968992248062, ""self_attn.k_proj"": 0.035, ""self_attn.o_proj"": 0.014877102199223804, ""self_attn.q_proj"": 0.04676753782668501, ""self_attn.v_proj"": 0.017783857729138167}",-0.008583701323351145,2.514285714285716,308.48571428571427,False,True
qwen,seqkd,624,E_general,E_general,0.025,18,5,equal5_non_qk,True,"mlp.down_proj,mlp.gate_proj,mlp.up_proj,self_attn.o_proj,self_attn.v_proj","self_attn.q_proj,self_attn.k_proj",1281.0,1299.6,1281.0,-18.6,0.01705270300958633,0.014312096029547484,"{""mlp.down_proj"": 1900.0, ""mlp.gate_proj"": 1133.0, ""mlp.up_proj"": 1706.0, ""self_attn.o_proj"": 1186.0, ""self_attn.v_proj"": 573.0}","{""mlp.down_proj"": 1882.0, ""mlp.gate_proj"": 1109.0, ""mlp.up_proj"": 1695.0, ""self_attn.o_proj"": 1162.0, ""self_attn.v_proj"": 557.0}","{""mlp.down_proj"": -18.0, ""mlp.gate_proj"": -24.0, ""mlp.up_proj"": -11.0, ""self_attn.o_proj"": -24.0, ""self_attn.v_proj"": -16.0}","{""mlp.down_proj"": 0.009473684210526316, ""mlp.gate_proj"": 0.02118270079435128, ""mlp.up_proj"": 0.006447831184056272, ""self_attn.o_proj"": 0.02023608768971332, ""self_attn.v_proj"": 0.027923211169284468}",0.01705270300958633,0.0,7,equal7,True,"mlp.down_proj,mlp.gate_proj,mlp.up_proj,self_attn.k_proj,self_attn.o_proj,self_attn.q_proj,self_attn.v_proj",,992.7142857142857,1011.2857142857143,992.7142857142857,-18.571428571428573,0.029595427501611888,0.01836417573103555,"{""mlp.down_proj"": 1900.0, ""mlp.gate_proj"": 1133.0, ""mlp.up_proj"": 1706.0, ""self_attn.k_proj"": 227.0, ""self_attn.o_proj"": 1186.0, ""self_attn.q_proj"": 354.0, ""self_attn.v_proj"": 573.0}","{""mlp.down_proj"": 1882.0, ""mlp.gate_proj"": 1109.0, ""mlp.up_proj"": 1695.0, ""self_attn.k_proj"": 216.0, ""self_attn.o_proj"": 1162.0, ""self_attn.q_proj"": 328.0, ""self_attn.v_proj"": 557.0}","{""mlp.down_proj"": -18.0, ""mlp.gate_proj"": -24.0, ""mlp.up_proj"": -11.0, ""self_attn.k_proj"": -11.0, ""self_attn.o_proj"": -24.0, ""self_attn.q_proj"": -26.0, ""self_attn.v_proj"": -16.0}","{""mlp.down_proj"": 0.009473684210526316, ""mlp.gate_proj"": 0.02118270079435128, ""mlp.up_proj"": 0.006447831184056272, ""self_attn.k_proj"": 0.048458149779735685, ""self_attn.o_proj"": 0.02023608768971332, ""self_attn.q_proj"": 0.07344632768361582, ""self_attn.v_proj"": 0.027923211169284468}",-0.012542724492025557,-0.02857142857142847,288.28571428571433,False,True
qwen,seqkd,624,E_general,E_general,0.05,18,5,equal5_non_qk,True,"mlp.down_proj,mlp.gate_proj,mlp.up_proj,self_attn.o_proj,self_attn.v_proj","self_attn.q_proj,self_attn.k_proj",970.2,991.2,970.2,-21.0,0.02592020791239006,0.0211864406779661,"{""mlp.down_proj"": 1590.0, ""mlp.gate_proj"": 701.0, ""mlp.up_proj"": 1344.0, ""self_attn.o_proj"": 890.0, ""self_attn.v_proj"": 431.0}","{""mlp.down_proj"": 1566.0, ""mlp.gate_proj"": 677.0, ""mlp.up_proj"": 1330.0, ""self_attn.o_proj"": 865.0, ""self_attn.v_proj"": 413.0}","{""mlp.down_proj"": -24.0, ""mlp.gate_proj"": -24.0, ""mlp.up_proj"": -14.0, ""self_attn.o_proj"": -25.0, ""self_attn.v_proj"": -18.0}","{""mlp.down_proj"": 0.01509433962264151, ""mlp.gate_proj"": 0.034236804564907276, ""mlp.up_proj"": 0.010416666666666666, ""self_attn.o_proj"": 0.028089887640449437, ""self_attn.v_proj"": 0.04176334106728538}",0.02592020791239006,0.0,7,equal7,True,"mlp.down_proj,mlp.gate_proj,mlp.up_proj,self_attn.k_proj,self_attn.o_proj,self_attn.q_proj,self_attn.v_proj",,726.2857142857143,744.7142857142857,726.2857142857143,-18.428571428571427,0.04450123012143608,0.024745827738346313,"{""mlp.down_proj"": 1590.0, ""mlp.gate_proj"": 701.0, ""mlp.up_proj"": 1344.0, ""self_attn.k_proj"": 113.0, ""self_attn.o_proj"": 890.0, ""self_attn.q_proj"": 144.0, ""self_attn.v_proj"": 431.0}","{""mlp.down_proj"": 1566.0, ""mlp.gate_proj"": 677.0, ""mlp.up_proj"": 1330.0, ""self_attn.k_proj"": 105.0, ""self_attn.o_proj"": 865.0, ""self_attn.q_proj"": 128.0, ""self_attn.v_proj"": 413.0}","{""mlp.down_proj"": -24.0, ""mlp.gate_proj"": -24.0, ""mlp.up_proj"": -14.0, ""self_attn.k_proj"": -8.0, ""self_attn.o_proj"": -25.0, ""self_attn.q_proj"": -16.0, ""self_attn.v_proj"": -18.0}","{""mlp.down_proj"": 0.01509433962264151, ""mlp.gate_proj"": 0.034236804564907276, ""mlp.up_proj"": 0.010416666666666666, ""self_attn.k_proj"": 0.07079646017699115, ""self_attn.o_proj"": 0.028089887640449437, ""self_attn.q_proj"": 0.1111111111111111, ""self_attn.v_proj"": 0.04176334106728538}",-0.01858102220904602,-2.571428571428573,243.9142857142857,False,True
qwen,seqkd,624,E_general,E_general,0.1,18,5,equal5_non_qk,True,"mlp.down_proj,mlp.gate_proj,mlp.up_proj,self_attn.o_proj,self_attn.v_proj","self_attn.q_proj,self_attn.k_proj",637.4,657.2,637.4,-19.8,0.039627693690558255,0.03012781497261118,"{""mlp.down_proj"": 1200.0, ""mlp.gate_proj"": 300.0, ""mlp.up_proj"": 920.0, ""self_attn.o_proj"": 589.0, ""self_attn.v_proj"": 277.0}","{""mlp.down_proj"": 1173.0, ""mlp.gate_proj"": 282.0, ""mlp.up_proj"": 906.0, ""self_attn.o_proj"": 566.0, ""self_attn.v_proj"": 260.0}","{""mlp.down_proj"": -27.0, ""mlp.gate_proj"": -18.0, ""mlp.up_proj"": -14.0, ""self_attn.o_proj"": -23.0, ""self_attn.v_proj"": -17.0}","{""mlp.down_proj"": 0.0225, ""mlp.gate_proj"": 0.06, ""mlp.up_proj"": 0.015217391304347827, ""self_attn.o_proj"": 0.03904923599320883, ""self_attn.v_proj"": 0.061371841155234655}",0.039627693690558255,0.0,7,equal7,True,"mlp.down_proj,mlp.gate_proj,mlp.up_proj,self_attn.k_proj,self_attn.o_proj,self_attn.q_proj,self_attn.v_proj",,464.42857142857144,479.7142857142857,464.42857142857144,-15.285714285714286,0.06093952812728854,0.03186420488385942,"{""mlp.down_proj"": 1200.0, ""mlp.gate_proj"": 300.0, ""mlp.up_proj"": 920.0, ""self_attn.k_proj"": 39.0, ""self_attn.o_proj"": 589.0, ""self_attn.q_proj"": 33.0, ""self_attn.v_proj"": 277.0}","{""mlp.down_proj"": 1173.0, ""mlp.gate_proj"": 282.0, ""mlp.up_proj"": 906.0, ""self_attn.k_proj"": 36.0, ""self_attn.o_proj"": 566.0, ""self_attn.q_proj"": 28.0, ""self_attn.v_proj"": 260.0}","{""mlp.down_proj"": -27.0, ""mlp.gate_proj"": -18.0, ""mlp.up_proj"": -14.0, ""self_attn.k_proj"": -3.0, ""self_attn.o_proj"": -23.0, ""self_attn.q_proj"": -5.0, ""self_attn.v_proj"": -17.0}","{""mlp.down_proj"": 0.0225, ""mlp.gate_proj"": 0.06, ""mlp.up_proj"": 0.015217391304347827, ""self_attn.k_proj"": 0.07692307692307693, ""self_attn.o_proj"": 0.03904923599320883, ""self_attn.q_proj"": 0.15151515151515152, ""self_attn.v_proj"": 0.061371841155234655}",-0.021311834436730286,-4.514285714285714,172.97142857142853,False,True
qwen,seqkd,624,E_if,E_ifeval,0.01,18,5,equal5_non_qk,True,"mlp.down_proj,mlp.gate_proj,mlp.up_proj,self_attn.o_proj,self_attn.v_proj","self_attn.q_proj,self_attn.k_proj",1464.8,1484.2,1464.8,-19.4,0.015443077513292977,0.013071014688047495,"{""mlp.down_proj"": 2024.0, ""mlp.gate_proj"": 1528.0, ""mlp.up_proj"": 1933.0, ""self_attn.o_proj"": 1347.0, ""self_attn.v_proj"": 589.0}","{""mlp.down_proj"": 2001.0, ""mlp.gate_proj"": 1509.0, ""mlp.up_proj"": 1921.0, ""self_attn.o_proj"": 1320.0, ""self_attn.v_proj"": 573.0}","{""mlp.down_proj"": -23.0, ""mlp.gate_proj"": -19.0, ""mlp.up_proj"": -12.0, ""self_attn.o_proj"": -27.0, ""self_attn.v_proj"": -16.0}","{""mlp.down_proj"": 0.011363636363636364, ""mlp.gate_proj"": 0.012434554973821989, ""mlp.up_proj"": 0.006207966890843249, ""self_attn.o_proj"": 0.0200445434298441, ""self_attn.v_proj"": 0.027164685908319185}",0.010840814281613513,0.004602263231679464,7,equal7,True,"mlp.down_proj,mlp.gate_proj,mlp.up_proj,self_attn.k_proj,self_attn.o_proj,self_attn.q_proj,self_attn.v_proj",,1154.5714285714287,1174.0,1154.5714285714287,-19.428571428571427,0.02517248035894833,0.01654903869554628,"{""mlp.down_proj"": 2024.0, ""mlp.gate_proj"": 1528.0, ""mlp.up_proj"": 1933.0, ""self_attn.k_proj"": 273.0, ""self_attn.o_proj"": 1347.0, ""self_attn.q_proj"": 524.0, ""self_attn.v_proj"": 589.0}","{""mlp.down_proj"": 2001.0, ""mlp.gate_proj"": 1509.0, ""mlp.up_proj"": 1921.0, ""self_attn.k_proj"": 259.0, ""self_attn.o_proj"": 1320.0, ""self_attn.q_proj"": 499.0, ""self_attn.v_proj"": 573.0}","{""mlp.down_proj"": -23.0, ""mlp.gate_proj"": -19.0, ""mlp.up_proj"": -12.0, ""self_attn.k_proj"": -14.0, ""self_attn.o_proj"": -27.0, ""self_attn.q_proj"": -25.0, ""self_attn.v_proj"": -16.0}","{""mlp.down_proj"": 0.011363636363636364, ""mlp.gate_proj"": 0.012434554973821989, ""mlp.up_proj"": 0.006207966890843249, ""self_attn.k_proj"": 0.05128205128205128, ""self_attn.o_proj"": 0.0200445434298441, ""self_attn.q_proj"": 0.04770992366412214, ""self_attn.v_proj"": 0.027164685908319185}",-0.009729402845655353,0.02857142857142847,310.2285714285713,False,True
qwen,seqkd,624,E_if,E_ifeval,0.025,18,5,equal5_non_qk,True,"mlp.down_proj,mlp.gate_proj,mlp.up_proj,self_attn.o_proj,self_attn.v_proj","self_attn.q_proj,self_attn.k_proj",1086.2,1109.6,1086.2,-23.4,0.02510694651218447,0.021088680605623526,"{""mlp.down_proj"": 1649.0, ""mlp.gate_proj"": 1005.0, ""mlp.up_proj"": 1521.0, ""self_attn.o_proj"": 969.0, ""self_attn.v_proj"": 404.0}","{""mlp.down_proj"": 1616.0, ""mlp.gate_proj"": 984.0, ""mlp.up_proj"": 1504.0, ""self_attn.o_proj"": 941.0, ""self_attn.v_proj"": 386.0}","{""mlp.down_proj"": -33.0, ""mlp.gate_proj"": -21.0, ""mlp.up_proj"": -17.0, ""self_attn.o_proj"": -28.0, ""self_attn.v_proj"": -18.0}","{""mlp.down_proj"": 0.02001212856276531, ""mlp.gate_proj"": 0.020895522388059702, ""mlp.up_proj"": 0.011176857330703484, ""self_attn.o_proj"": 0.02889576883384933, ""self_attn.v_proj"": 0.04455445544554455}",0.01705270300958633,0.00805424350259814,7,equal7,True,"mlp.down_proj,mlp.gate_proj,mlp.up_proj,self_attn.k_proj,self_attn.o_proj,self_attn.q_proj,self_attn.v_proj",,820.0,840.0,820.0,-20.0,0.03747795969937944,0.023809523809523808,"{""mlp.down_proj"": 1649.0, ""mlp.gate_proj"": 1005.0, ""mlp.up_proj"": 1521.0, ""self_attn.k_proj"": 123.0, ""self_attn.o_proj"": 969.0, ""self_attn.q_proj"": 209.0, ""self_attn.v_proj"": 404.0}","{""mlp.down_proj"": 1616.0, ""mlp.gate_proj"": 984.0, ""mlp.up_proj"": 1504.0, ""self_attn.k_proj"": 115.0, ""self_attn.o_proj"": 941.0, ""self_attn.q_proj"": 194.0, ""self_attn.v_proj"": 386.0}","{""mlp.down_proj"": -33.0, ""mlp.gate_proj"": -21.0, ""mlp.up_proj"": -17.0, ""self_attn.k_proj"": -8.0, ""self_attn.o_proj"": -28.0, ""self_attn.q_proj"": -15.0, ""self_attn.v_proj"": -18.0}","{""mlp.down_proj"": 0.02001212856276531, ""mlp.gate_proj"": 0.020895522388059702, ""mlp.up_proj"": 0.011176857330703484, ""self_attn.k_proj"": 0.06504065040650407, ""self_attn.o_proj"": 0.02889576883384933, ""self_attn.q_proj"": 0.07177033492822966, ""self_attn.v_proj"": 0.04455445544554455}",-0.012371013187194971,-3.3999999999999986,266.20000000000005,False,True
qwen,seqkd,624,E_if,E_ifeval,0.05,18,5,equal5_non_qk,True,"mlp.down_proj,mlp.gate_proj,mlp.up_proj,self_attn.o_proj,self_attn.v_proj","self_attn.q_proj,self_attn.k_proj",757.6,782.0,757.6,-24.4,0.037325102221298936,0.0312020460358056,"{""mlp.down_proj"": 1274.0, ""mlp.gate_proj"": 584.0, ""mlp.up_proj"": 1127.0, ""self_attn.o_proj"": 672.0, ""self_attn.v_proj"": 253.0}","{""mlp.down_proj"": 1235.0, ""mlp.gate_proj"": 564.0, ""mlp.up_proj"": 1108.0, ""self_attn.o_proj"": 644.0, ""self_attn.v_proj"": 237.0}","{""mlp.down_proj"": -39.0, ""mlp.gate_proj"": -20.0, ""mlp.up_proj"": -19.0, ""self_attn.o_proj"": -28.0, ""self_attn.v_proj"": -16.0}","{""mlp.down_proj"": 0.030612244897959183, ""mlp.gate_proj"": 0.03424657534246575, ""mlp.up_proj"": 0.01685891748003549, ""self_attn.o_proj"": 0.041666666666666664, ""self_attn.v_proj"": 0.06324110671936758}",0.02592020791239006,0.011404894308908876,7,equal7,True,"mlp.down_proj,mlp.gate_proj,mlp.up_proj,self_attn.k_proj,self_attn.o_proj,self_attn.q_proj,self_attn.v_proj",,556.7142857142857,575.7142857142857,556.7142857142857,-19.0,0.052375073015213526,0.03300248138957817,"{""mlp.down_proj"": 1274.0, ""mlp.gate_proj"": 584.0, ""mlp.up_proj"": 1127.0, ""self_attn.k_proj"": 50.0, ""self_attn.o_proj"": 672.0, ""self_attn.q_proj"": 70.0, ""self_attn.v_proj"": 253.0}","{""mlp.down_proj"": 1235.0, ""mlp.gate_proj"": 564.0, ""mlp.up_proj"": 1108.0, ""self_attn.k_proj"": 46.0, ""self_attn.o_proj"": 644.0, ""self_attn.q_proj"": 63.0, ""self_attn.v_proj"": 237.0}","{""mlp.down_proj"": -39.0, ""mlp.gate_proj"": -20.0, ""mlp.up_proj"": -19.0, ""self_attn.k_proj"": -4.0, ""self_attn.o_proj"": -28.0, ""self_attn.q_proj"": -7.0, ""self_attn.v_proj"": -16.0}","{""mlp.down_proj"": 0.030612244897959183, ""mlp.gate_proj"": 0.03424657534246575, ""mlp.up_proj"": 0.01685891748003549, ""self_attn.k_proj"": 0.08, ""self_attn.o_proj"": 0.041666666666666664, ""self_attn.q_proj"": 0.1, ""self_attn.v_proj"": 0.06324110671936758}",-0.01504997079391459,-5.399999999999999,200.88571428571436,False,True
qwen,seqkd,624,E_if,E_ifeval,0.1,18,5,equal5_non_qk,True,"mlp.down_proj,mlp.gate_proj,mlp.up_proj,self_attn.o_proj,self_attn.v_proj","self_attn.q_proj,self_attn.k_proj",431.0,453.0,431.0,-22.0,0.060204835651410715,0.04856512141280353,"{""mlp.down_proj"": 839.0, ""mlp.gate_proj"": 228.0, ""mlp.up_proj"": 695.0, ""self_attn.o_proj"": 387.0, ""self_attn.v_proj"": 116.0}","{""mlp.down_proj"": 797.0, ""mlp.gate_proj"": 215.0, ""mlp.up_proj"": 677.0, ""self_attn.o_proj"": 362.0, ""self_attn.v_proj"": 104.0}","{""mlp.down_proj"": -42.0, ""mlp.gate_proj"": -13.0, ""mlp.up_proj"": -18.0, ""self_attn.o_proj"": -25.0, ""self_attn.v_proj"": -12.0}","{""mlp.down_proj"": 0.050059594755661505, ""mlp.gate_proj"": 0.05701754385964912, ""mlp.up_proj"": 0.025899280575539568, ""self_attn.o_proj"": 0.06459948320413436, ""self_attn.v_proj"": 0.10344827586206896}",0.039627693690558255,0.02057714196085246,7,equal7,True,"mlp.down_proj,mlp.gate_proj,mlp.up_proj,self_attn.k_proj,self_attn.o_proj,self_attn.q_proj,self_attn.v_proj",,311.14285714285717,327.42857142857144,311.14285714285717,-16.285714285714285,0.08683462286789076,0.049738219895287934,"{""mlp.down_proj"": 839.0, ""mlp.gate_proj"": 228.0, ""mlp.up_proj"": 695.0, ""self_attn.k_proj"": 16.0, ""self_attn.o_proj"": 387.0, ""self_attn.q_proj"": 11.0, ""self_attn.v_proj"": 116.0}","{""mlp.down_proj"": 797.0, ""mlp.gate_proj"": 215.0, ""mlp.up_proj"": 677.0, ""self_attn.k_proj"": 14.0, ""self_attn.o_proj"": 362.0, ""self_attn.q_proj"": 9.0, ""self_attn.v_proj"": 104.0}","{""mlp.down_proj"": -42.0, ""mlp.gate_proj"": -13.0, ""mlp.up_proj"": -18.0, ""self_attn.k_proj"": -2.0, ""self_attn.o_proj"": -25.0, ""self_attn.q_proj"": -2.0, ""self_attn.v_proj"": -12.0}","{""mlp.down_proj"": 0.050059594755661505, ""mlp.gate_proj"": 0.05701754385964912, ""mlp.up_proj"": 0.025899280575539568, ""self_attn.k_proj"": 0.125, ""self_attn.o_proj"": 0.06459948320413436, ""self_attn.q_proj"": 0.18181818181818182, ""self_attn.v_proj"": 0.10344827586206896}",-0.026629787216480044,-5.714285714285715,119.85714285714283,False,True
qwen,seqkd,624,E_math,E_mathHeld,0.01,18,5,equal5_non_qk,True,"mlp.down_proj,mlp.gate_proj,mlp.up_proj,self_attn.o_proj,self_attn.v_proj","self_attn.q_proj,self_attn.k_proj",1630.2,1649.6,1630.2,-19.4,0.014594393472041172,0.011760426770126009,"{""mlp.down_proj"": 2176.0, ""mlp.gate_proj"": 1819.0, ""mlp.up_proj"": 2046.0, ""self_attn.o_proj"": 1520.0, ""self_attn.v_proj"": 687.0}","{""mlp.down_proj"": 2157.0, ""mlp.gate_proj"": 1795.0, ""mlp.up_proj"": 2034.0, ""self_attn.o_proj"": 1500.0, ""self_attn.v_proj"": 665.0}","{""mlp.down_proj"": -19.0, ""mlp.gate_proj"": -24.0, ""mlp.up_proj"": -12.0, ""self_attn.o_proj"": -20.0, ""self_attn.v_proj"": -22.0}","{""mlp.down_proj"": 0.008731617647058824, ""mlp.gate_proj"": 0.013194062671797692, ""mlp.up_proj"": 0.005865102639296188, ""self_attn.o_proj"": 0.013157894736842105, ""self_attn.v_proj"": 0.03202328966521106}",0.010840814281613513,0.0037535791904276597,7,equal7,True,"mlp.down_proj,mlp.gate_proj,mlp.up_proj,self_attn.k_proj,self_attn.o_proj,self_attn.q_proj,self_attn.v_proj",,1315.5714285714287,1339.0,1315.5714285714287,-23.428571428571427,0.02772509015073379,0.017497066040755287,"{""mlp.down_proj"": 2176.0, ""mlp.gate_proj"": 1819.0, ""mlp.up_proj"": 2046.0, ""self_attn.k_proj"": 363.0, ""self_attn.o_proj"": 1520.0, ""self_attn.q_proj"": 762.0, ""self_attn.v_proj"": 687.0}","{""mlp.down_proj"": 2157.0, ""mlp.gate_proj"": 1795.0, ""mlp.up_proj"": 2034.0, ""self_attn.k_proj"": 340.0, ""self_attn.o_proj"": 1500.0, ""self_attn.q_proj"": 718.0, ""self_attn.v_proj"": 665.0}","{""mlp.down_proj"": -19.0, ""mlp.gate_proj"": -24.0, ""mlp.up_proj"": -12.0, ""self_attn.k_proj"": -23.0, ""self_attn.o_proj"": -20.0, ""self_attn.q_proj"": -44.0, ""self_attn.v_proj"": -22.0}","{""mlp.down_proj"": 0.008731617647058824, ""mlp.gate_proj"": 0.013194062671797692, ""mlp.up_proj"": 0.005865102639296188, ""self_attn.k_proj"": 0.06336088154269973, ""self_attn.o_proj"": 0.013157894736842105, ""self_attn.q_proj"": 0.05774278215223097, ""self_attn.v_proj"": 0.03202328966521106}",-0.013130696678692618,4.0285714285714285,314.6285714285714,False,True
qwen,seqkd,624,E_math,E_mathHeld,0.025,18,5,equal5_non_qk,True,"mlp.down_proj,mlp.gate_proj,mlp.up_proj,self_attn.o_proj,self_attn.v_proj","self_attn.q_proj,self_attn.k_proj",1296.2,1322.2,1296.2,-26.0,0.024581620117597396,0.019664196036908183,"{""mlp.down_proj"": 1875.0, ""mlp.gate_proj"": 1369.0, ""mlp.up_proj"": 1691.0, ""self_attn.o_proj"": 1157.0, ""self_attn.v_proj"": 519.0}","{""mlp.down_proj"": 1846.0, ""mlp.gate_proj"": 1336.0, ""mlp.up_proj"": 1672.0, ""self_attn.o_proj"": 1136.0, ""self_attn.v_proj"": 491.0}","{""mlp.down_proj"": -29.0, ""mlp.gate_proj"": -33.0, ""mlp.up_proj"": -19.0, ""self_attn.o_proj"": -21.0, ""self_attn.v_proj"": -28.0}","{""mlp.down_proj"": 0.015466666666666667, ""mlp.gate_proj"": 0.02410518626734843, ""mlp.up_proj"": 0.011235955056179775, ""self_attn.o_proj"": 0.018150388936905792, ""self_attn.v_proj"": 0.05394990366088632}",0.01705270300958633,0.007528917108011065,7,equal7,True,"mlp.down_proj,mlp.gate_proj,mlp.up_proj,self_attn.k_proj,self_attn.o_proj,self_attn.q_proj,self_attn.v_proj",,999.4285714285714,1025.5714285714287,999.4285714285714,-26.142857142857142,0.044735280521438436,0.025491015461763553,"{""mlp.down_proj"": 1875.0, ""mlp.gate_proj"": 1369.0, ""mlp.up_proj"": 1691.0, ""self_attn.k_proj"": 189.0, ""self_attn.o_proj"": 1157.0, ""self_attn.q_proj"": 379.0, ""self_attn.v_proj"": 519.0}","{""mlp.down_proj"": 1846.0, ""mlp.gate_proj"": 1336.0, ""mlp.up_proj"": 1672.0, ""self_attn.k_proj"": 170.0, ""self_attn.o_proj"": 1136.0, ""self_attn.q_proj"": 345.0, ""self_attn.v_proj"": 491.0}","{""mlp.down_proj"": -29.0, ""mlp.gate_proj"": -33.0, ""mlp.up_proj"": -19.0, ""self_attn.k_proj"": -19.0, ""self_attn.o_proj"": -21.0, ""self_attn.q_proj"": -34.0, ""self_attn.v_proj"": -28.0}","{""mlp.down_proj"": 0.015466666666666667, ""mlp.gate_proj"": 0.02410518626734843, ""mlp.up_proj"": 0.011235955056179775, ""self_attn.k_proj"": 0.10052910052910052, ""self_attn.o_proj"": 0.018150388936905792, ""self_attn.q_proj"": 0.08970976253298153, ""self_attn.v_proj"": 0.05394990366088632}",-0.02015366040384104,0.14285714285714235,296.7714285714286,False,True
qwen,seqkd,624,E_math,E_mathHeld,0.05,18,5,equal5_non_qk,True,"mlp.down_proj,mlp.gate_proj,mlp.up_proj,self_attn.o_proj,self_attn.v_proj","self_attn.q_proj,self_attn.k_proj",985.4,1014.2,985.4,-28.8,0.03591066438345982,0.02839676592388096,"{""mlp.down_proj"": 1552.0, ""mlp.gate_proj"": 956.0, ""mlp.up_proj"": 1332.0, ""self_attn.o_proj"": 860.0, ""self_attn.v_proj"": 371.0}","{""mlp.down_proj"": 1515.0, ""mlp.gate_proj"": 921.0, ""mlp.up_proj"": 1310.0, ""self_attn.o_proj"": 839.0, ""self_attn.v_proj"": 342.0}","{""mlp.down_proj"": -37.0, ""mlp.gate_proj"": -35.0, ""mlp.up_proj"": -22.0, ""self_attn.o_proj"": -21.0, ""self_attn.v_proj"": -29.0}","{""mlp.down_proj"": 0.02384020618556701, ""mlp.gate_proj"": 0.036610878661087864, ""mlp.up_proj"": 0.016516516516516516, ""self_attn.o_proj"": 0.02441860465116279, ""self_attn.v_proj"": 0.07816711590296496}",0.02592020791239006,0.009990456471069761,7,equal7,True,"mlp.down_proj,mlp.gate_proj,mlp.up_proj,self_attn.k_proj,self_attn.o_proj,self_attn.q_proj,self_attn.v_proj",,733.1428571428571,758.1428571428571,733.1428571428571,-25.0,0.0633671133215491,0.03297531562087809,"{""mlp.down_proj"": 1552.0, ""mlp.gate_proj"": 956.0, ""mlp.up_proj"": 1332.0, ""self_attn.k_proj"": 82.0, ""self_attn.o_proj"": 860.0, ""self_attn.q_proj"": 154.0, ""self_attn.v_proj"": 371.0}","{""mlp.down_proj"": 1515.0, ""mlp.gate_proj"": 921.0, ""mlp.up_proj"": 1310.0, ""self_attn.k_proj"": 71.0, ""self_attn.o_proj"": 839.0, ""self_attn.q_proj"": 134.0, ""self_attn.v_proj"": 342.0}","{""mlp.down_proj"": -37.0, ""mlp.gate_proj"": -35.0, ""mlp.up_proj"": -22.0, ""self_attn.k_proj"": -11.0, ""self_attn.o_proj"": -21.0, ""self_attn.q_proj"": -20.0, ""self_attn.v_proj"": -29.0}","{""mlp.down_proj"": 0.02384020618556701, ""mlp.gate_proj"": 0.036610878661087864, ""mlp.up_proj"": 0.016516516516516516, ""self_attn.k_proj"": 0.13414634146341464, ""self_attn.o_proj"": 0.02441860465116279, ""self_attn.q_proj"": 0.12987012987012986, ""self_attn.v_proj"": 0.07816711590296496}",-0.027456448938089274,-3.8000000000000007,252.25714285714287,False,True
qwen,seqkd,624,E_math,E_mathHeld,0.1,18,5,equal5_non_qk,True,"mlp.down_proj,mlp.gate_proj,mlp.up_proj,self_attn.o_proj,self_attn.v_proj","self_attn.q_proj,self_attn.k_proj",645.0,673.2,645.0,-28.2,0.054929707099058575,0.04188948306595372,"{""mlp.down_proj"": 1147.0, ""mlp.gate_proj"": 529.0, ""mlp.up_proj"": 913.0, ""self_attn.o_proj"": 561.0, ""self_attn.v_proj"": 216.0}","{""mlp.down_proj"": 1105.0, ""mlp.gate_proj"": 498.0, ""mlp.up_proj"": 890.0, ""self_attn.o_proj"": 542.0, ""self_attn.v_proj"": 190.0}","{""mlp.down_proj"": -42.0, ""mlp.gate_proj"": -31.0, ""mlp.up_proj"": -23.0, ""self_attn.o_proj"": -19.0, ""self_attn.v_proj"": -26.0}","{""mlp.down_proj"": 0.036617262423714034, ""mlp.gate_proj"": 0.05860113421550094, ""mlp.up_proj"": 0.025191675794085433, ""self_attn.o_proj"": 0.0338680926916221, ""self_attn.v_proj"": 0.12037037037037036}",0.039627693690558255,0.01530201340850032,7,equal7,True,"mlp.down_proj,mlp.gate_proj,mlp.up_proj,self_attn.k_proj,self_attn.o_proj,self_attn.q_proj,self_attn.v_proj",,467.14285714285717,488.7142857142857,467.14285714285717,-21.571428571428573,0.09069479846553338,0.04413914060216308,"{""mlp.down_proj"": 1147.0, ""mlp.gate_proj"": 529.0, ""mlp.up_proj"": 913.0, ""self_attn.k_proj"": 24.0, ""self_attn.o_proj"": 561.0, ""self_attn.q_proj"": 31.0, ""self_attn.v_proj"": 216.0}","{""mlp.down_proj"": 1105.0, ""mlp.gate_proj"": 498.0, ""mlp.up_proj"": 890.0, ""self_attn.k_proj"": 20.0, ""self_attn.o_proj"": 542.0, ""self_attn.q_proj"": 25.0, ""self_attn.v_proj"": 190.0}","{""mlp.down_proj"": -42.0, ""mlp.gate_proj"": -31.0, ""mlp.up_proj"": -23.0, ""self_attn.k_proj"": -4.0, ""self_attn.o_proj"": -19.0, ""self_attn.q_proj"": -6.0, ""self_attn.v_proj"": -26.0}","{""mlp.down_proj"": 0.036617262423714034, ""mlp.gate_proj"": 0.05860113421550094, ""mlp.up_proj"": 0.025191675794085433, ""self_attn.k_proj"": 0.16666666666666666, ""self_attn.o_proj"": 0.0338680926916221, ""self_attn.q_proj"": 0.1935483870967742, ""self_attn.v_proj"": 0.12037037037037036}",-0.03576509136647481,-6.628571428571426,177.85714285714283,False,True
qwen,seqkd,624,E_ood,E_mmluPro,0.01,18,5,equal5_non_qk,True,"mlp.down_proj,mlp.gate_proj,mlp.up_proj,self_attn.o_proj,self_attn.v_proj","self_attn.q_proj,self_attn.k_proj",1590.8,1610.4,1590.8,-19.6,0.014149994923125972,0.012170889220069632,"{""mlp.down_proj"": 2156.0, ""mlp.gate_proj"": 1667.0, ""mlp.up_proj"": 2029.0, ""self_attn.o_proj"": 1471.0, ""self_attn.v_proj"": 729.0}","{""mlp.down_proj"": 2144.0, ""mlp.gate_proj"": 1639.0, ""mlp.up_proj"": 2014.0, ""self_attn.o_proj"": 1445.0, ""self_attn.v_proj"": 712.0}","{""mlp.down_proj"": -12.0, ""mlp.gate_proj"": -28.0, ""mlp.up_proj"": -15.0, ""self_attn.o_proj"": -26.0, ""self_attn.v_proj"": -17.0}","{""mlp.down_proj"": 0.0055658627087198514, ""mlp.gate_proj"": 0.016796640671865627, ""mlp.up_proj"": 0.007392804337111878, ""self_attn.o_proj"": 0.017675050985723997, ""self_attn.v_proj"": 0.023319615912208505}",0.010840814281613513,0.0033091806415124596,7,equal7,True,"mlp.down_proj,mlp.gate_proj,mlp.up_proj,self_attn.k_proj,self_attn.o_proj,self_attn.q_proj,self_attn.v_proj",,1282.4285714285713,1305.5714285714287,1282.4285714285713,-23.142857142857142,0.025803423191605057,0.01772622825254419,"{""mlp.down_proj"": 2156.0, ""mlp.gate_proj"": 1667.0, ""mlp.up_proj"": 2029.0, ""self_attn.k_proj"": 402.0, ""self_attn.o_proj"": 1471.0, ""self_attn.q_proj"": 685.0, ""self_attn.v_proj"": 729.0}","{""mlp.down_proj"": 2144.0, ""mlp.gate_proj"": 1639.0, ""mlp.up_proj"": 2014.0, ""self_attn.k_proj"": 386.0, ""self_attn.o_proj"": 1445.0, ""self_attn.q_proj"": 637.0, ""self_attn.v_proj"": 712.0}","{""mlp.down_proj"": -12.0, ""mlp.gate_proj"": -28.0, ""mlp.up_proj"": -15.0, ""self_attn.k_proj"": -16.0, ""self_attn.o_proj"": -26.0, ""self_attn.q_proj"": -48.0, ""self_attn.v_proj"": -17.0}","{""mlp.down_proj"": 0.0055658627087198514, ""mlp.gate_proj"": 0.016796640671865627, ""mlp.up_proj"": 0.007392804337111878, ""self_attn.k_proj"": 0.03980099502487562, ""self_attn.o_proj"": 0.017675050985723997, ""self_attn.q_proj"": 0.07007299270072993, ""self_attn.v_proj"": 0.023319615912208505}",-0.011653428268479085,3.542857142857141,308.3714285714286,False,True
qwen,seqkd,624,E_ood,E_mmluPro,0.025,18,5,equal5_non_qk,True,"mlp.down_proj,mlp.gate_proj,mlp.up_proj,self_attn.o_proj,self_attn.v_proj","self_attn.q_proj,self_attn.k_proj",1243.8,1268.4,1243.8,-24.6,0.0227889475662003,0.01939451277199632,"{""mlp.down_proj"": 1847.0, ""mlp.gate_proj"": 1163.0, ""mlp.up_proj"": 1655.0, ""self_attn.o_proj"": 1105.0, ""self_attn.v_proj"": 572.0}","{""mlp.down_proj"": 1827.0, ""mlp.gate_proj"": 1130.0, ""mlp.up_proj"": 1634.0, ""self_attn.o_proj"": 1077.0, ""self_attn.v_proj"": 551.0}","{""mlp.down_proj"": -20.0, ""mlp.gate_proj"": -33.0, ""mlp.up_proj"": -21.0, ""self_attn.o_proj"": -28.0, ""self_attn.v_proj"": -21.0}","{""mlp.down_proj"": 0.010828370330265295, ""mlp.gate_proj"": 0.028374892519346516, ""mlp.up_proj"": 0.012688821752265862, ""self_attn.o_proj"": 0.025339366515837104, ""self_attn.v_proj"": 0.03671328671328671}",0.01705270300958633,0.005736244556613968,7,equal7,True,"mlp.down_proj,mlp.gate_proj,mlp.up_proj,self_attn.k_proj,self_attn.o_proj,self_attn.q_proj,self_attn.v_proj",,959.8571428571429,984.2857142857143,959.8571428571429,-24.428571428571427,0.04024750600601479,0.024818577648766344,"{""mlp.down_proj"": 1847.0, ""mlp.gate_proj"": 1163.0, ""mlp.up_proj"": 1655.0, ""self_attn.k_proj"": 230.0, ""self_attn.o_proj"": 1105.0, ""self_attn.q_proj"": 318.0, ""self_attn.v_proj"": 572.0}","{""mlp.down_proj"": 1827.0, ""mlp.gate_proj"": 1130.0, ""mlp.up_proj"": 1634.0, ""self_attn.k_proj"": 216.0, ""self_attn.o_proj"": 1077.0, ""self_attn.q_proj"": 284.0, ""self_attn.v_proj"": 551.0}","{""mlp.down_proj"": -20.0, ""mlp.gate_proj"": -33.0, ""mlp.up_proj"": -21.0, ""self_attn.k_proj"": -14.0, ""self_attn.o_proj"": -28.0, ""self_attn.q_proj"": -34.0, ""self_attn.v_proj"": -21.0}","{""mlp.down_proj"": 0.010828370330265295, ""mlp.gate_proj"": 0.028374892519346516, ""mlp.up_proj"": 0.012688821752265862, ""self_attn.k_proj"": 0.06086956521739131, ""self_attn.o_proj"": 0.025339366515837104, ""self_attn.q_proj"": 0.1069182389937107, ""self_attn.v_proj"": 0.03671328671328671}",-0.01745855843981449,-0.17142857142857437,283.94285714285706,False,True
qwen,seqkd,624,E_ood,E_mmluPro,0.05,18,5,equal5_non_qk,True,"mlp.down_proj,mlp.gate_proj,mlp.up_proj,self_attn.o_proj,self_attn.v_proj","self_attn.q_proj,self_attn.k_proj",928.4,954.4,928.4,-26.0,0.03281125740859866,0.027242246437552388,"{""mlp.down_proj"": 1519.0, ""mlp.gate_proj"": 731.0, ""mlp.up_proj"": 1281.0, ""self_attn.o_proj"": 810.0, ""self_attn.v_proj"": 431.0}","{""mlp.down_proj"": 1495.0, ""mlp.gate_proj"": 698.0, ""mlp.up_proj"": 1257.0, ""self_attn.o_proj"": 783.0, ""self_attn.v_proj"": 409.0}","{""mlp.down_proj"": -24.0, ""mlp.gate_proj"": -33.0, ""mlp.up_proj"": -24.0, ""self_attn.o_proj"": -27.0, ""self_attn.v_proj"": -22.0}","{""mlp.down_proj"": 0.015799868334430547, ""mlp.gate_proj"": 0.04514363885088919, ""mlp.up_proj"": 0.01873536299765808, ""self_attn.o_proj"": 0.03333333333333333, ""self_attn.v_proj"": 0.05104408352668213}",0.02592020791239006,0.006891049496208598,7,equal7,True,"mlp.down_proj,mlp.gate_proj,mlp.up_proj,self_attn.k_proj,self_attn.o_proj,self_attn.q_proj,self_attn.v_proj",,693.1428571428571,715.5714285714286,693.1428571428571,-22.428571428571427,0.0557718320740082,0.031343581553204256,"{""mlp.down_proj"": 1519.0, ""mlp.gate_proj"": 731.0, ""mlp.up_proj"": 1281.0, ""self_attn.k_proj"": 116.0, ""self_attn.o_proj"": 810.0, ""self_attn.q_proj"": 121.0, ""self_attn.v_proj"": 431.0}","{""mlp.down_proj"": 1495.0, ""mlp.gate_proj"": 698.0, ""mlp.up_proj"": 1257.0, ""self_attn.k_proj"": 107.0, ""self_attn.o_proj"": 783.0, ""self_attn.q_proj"": 103.0, ""self_attn.v_proj"": 409.0}","{""mlp.down_proj"": -24.0, ""mlp.gate_proj"": -33.0, ""mlp.up_proj"": -24.0, ""self_attn.k_proj"": -9.0, ""self_attn.o_proj"": -27.0, ""self_attn.q_proj"": -18.0, ""self_attn.v_proj"": -22.0}","{""mlp.down_proj"": 0.015799868334430547, ""mlp.gate_proj"": 0.04514363885088919, ""mlp.up_proj"": 0.01873536299765808, ""self_attn.k_proj"": 0.07758620689655173, ""self_attn.o_proj"": 0.03333333333333333, ""self_attn.q_proj"": 0.1487603305785124, ""self_attn.v_proj"": 0.05104408352668213}",-0.022960574665409544,-3.571428571428573,235.25714285714287,False,True
qwen,seqkd,624,E_ood,E_mmluPro,0.1,18,5,equal5_non_qk,True,"mlp.down_proj,mlp.gate_proj,mlp.up_proj,self_attn.o_proj,self_attn.v_proj","self_attn.q_proj,self_attn.k_proj",593.0,617.4,593.0,-24.4,0.05065320245650643,0.03952057013281499,"{""mlp.down_proj"": 1114.0, ""mlp.gate_proj"": 327.0, ""mlp.up_proj"": 850.0, ""self_attn.o_proj"": 518.0, ""self_attn.v_proj"": 278.0}","{""mlp.down_proj"": 1087.0, ""mlp.gate_proj"": 303.0, ""mlp.up_proj"": 826.0, ""self_attn.o_proj"": 493.0, ""self_attn.v_proj"": 256.0}","{""mlp.down_proj"": -27.0, ""mlp.gate_proj"": -24.0, ""mlp.up_proj"": -24.0, ""self_attn.o_proj"": -25.0, ""self_attn.v_proj"": -22.0}","{""mlp.down_proj"": 0.02423698384201077, ""mlp.gate_proj"": 0.07339449541284404, ""mlp.up_proj"": 0.02823529411764706, ""self_attn.o_proj"": 0.04826254826254826, ""self_attn.v_proj"": 0.07913669064748201}",0.039627693690558255,0.011025508765948176,7,equal7,True,"mlp.down_proj,mlp.gate_proj,mlp.up_proj,self_attn.k_proj,self_attn.o_proj,self_attn.q_proj,self_attn.v_proj",,431.85714285714283,450.42857142857144,431.85714285714283,-18.571428571428573,0.07436767208431778,0.04123057405645426,"{""mlp.down_proj"": 1114.0, ""mlp.gate_proj"": 327.0, ""mlp.up_proj"": 850.0, ""self_attn.k_proj"": 40.0, ""self_attn.o_proj"": 518.0, ""self_attn.q_proj"": 26.0, ""self_attn.v_proj"": 278.0}","{""mlp.down_proj"": 1087.0, ""mlp.gate_proj"": 303.0, ""mlp.up_proj"": 826.0, ""self_attn.k_proj"": 37.0, ""self_attn.o_proj"": 493.0, ""self_attn.q_proj"": 21.0, ""self_attn.v_proj"": 256.0}","{""mlp.down_proj"": -27.0, ""mlp.gate_proj"": -24.0, ""mlp.up_proj"": -24.0, ""self_attn.k_proj"": -3.0, ""self_attn.o_proj"": -25.0, ""self_attn.q_proj"": -5.0, ""self_attn.v_proj"": -22.0}","{""mlp.down_proj"": 0.02423698384201077, ""mlp.gate_proj"": 0.07339449541284404, ""mlp.up_proj"": 0.02823529411764706, ""self_attn.k_proj"": 0.075, ""self_attn.o_proj"": 0.04826254826254826, ""self_attn.q_proj"": 0.19230769230769232, ""self_attn.v_proj"": 0.07913669064748201}",-0.023714469627811353,-5.828571428571426,161.14285714285717,False,True
qwen,sft,5,E_general,E_general,0.01,18,5,equal5_non_qk,True,"mlp.down_proj,mlp.gate_proj,mlp.up_proj,self_attn.o_proj,self_attn.v_proj","self_attn.q_proj,self_attn.k_proj",1634.4,1634.4,1634.4,0.0,0.0,0.0,"{""mlp.down_proj"": 2190.0, ""mlp.gate_proj"": 1641.0, ""mlp.up_proj"": 2064.0, ""self_attn.o_proj"": 1546.0, ""self_attn.v_proj"": 731.0}","{""mlp.down_proj"": 2190.0, ""mlp.gate_proj"": 1641.0, ""mlp.up_proj"": 2064.0, ""self_attn.o_proj"": 1546.0, ""self_attn.v_proj"": 731.0}","{""mlp.down_proj"": 0.0, ""mlp.gate_proj"": 0.0, ""mlp.up_proj"": 0.0, ""self_attn.o_proj"": 0.0, ""self_attn.v_proj"": 0.0}","{""mlp.down_proj"": 0.0, ""mlp.gate_proj"": 0.0, ""mlp.up_proj"": 0.0, ""self_attn.o_proj"": 0.0, ""self_attn.v_proj"": 0.0}",0.0,0.0,7,equal7,True,"mlp.down_proj,mlp.gate_proj,mlp.up_proj,self_attn.k_proj,self_attn.o_proj,self_attn.q_proj,self_attn.v_proj",,1328.4285714285713,1328.4285714285713,1328.4285714285713,0.0,0.0,0.0,"{""mlp.down_proj"": 2190.0, ""mlp.gate_proj"": 1641.0, ""mlp.up_proj"": 2064.0, ""self_attn.k_proj"": 400.0, ""self_attn.o_proj"": 1546.0, ""self_attn.q_proj"": 727.0, ""self_attn.v_proj"": 731.0}","{""mlp.down_proj"": 2190.0, ""mlp.gate_proj"": 1641.0, ""mlp.up_proj"": 2064.0, ""self_attn.k_proj"": 400.0, ""self_attn.o_proj"": 1546.0, ""self_attn.q_proj"": 727.0, ""self_attn.v_proj"": 731.0}","{""mlp.down_proj"": 0.0, ""mlp.gate_proj"": 0.0, ""mlp.up_proj"": 0.0, ""self_attn.k_proj"": 0.0, ""self_attn.o_proj"": 0.0, ""self_attn.q_proj"": 0.0, ""self_attn.v_proj"": 0.0}","{""mlp.down_proj"": 0.0, ""mlp.gate_proj"": 0.0, ""mlp.up_proj"": 0.0, ""self_attn.k_proj"": 0.0, ""self_attn.o_proj"": 0.0, ""self_attn.q_proj"": 0.0, ""self_attn.v_proj"": 0.0}",0.0,0.0,305.97142857142876,False,True
qwen,sft,5,E_general,E_general,0.025,18,5,equal5_non_qk,True,"mlp.down_proj,mlp.gate_proj,mlp.up_proj,self_attn.o_proj,self_attn.v_proj","self_attn.q_proj,self_attn.k_proj",1299.6,1299.6,1299.6,0.0,0.0,0.0,"{""mlp.down_proj"": 1900.0, ""mlp.gate_proj"": 1133.0, ""mlp.up_proj"": 1706.0, ""self_attn.o_proj"": 1186.0, ""self_attn.v_proj"": 573.0}","{""mlp.down_proj"": 1900.0, ""mlp.gate_proj"": 1133.0, ""mlp.up_proj"": 1706.0, ""self_attn.o_proj"": 1186.0, ""self_attn.v_proj"": 573.0}","{""mlp.down_proj"": 0.0, ""mlp.gate_proj"": 0.0, ""mlp.up_proj"": 0.0, ""self_attn.o_proj"": 0.0, ""self_attn.v_proj"": 0.0}","{""mlp.down_proj"": 0.0, ""mlp.gate_proj"": 0.0, ""mlp.up_proj"": 0.0, ""self_attn.o_proj"": 0.0, ""self_attn.v_proj"": 0.0}",0.0,0.0,7,equal7,True,"mlp.down_proj,mlp.gate_proj,mlp.up_proj,self_attn.k_proj,self_attn.o_proj,self_attn.q_proj,self_attn.v_proj",,1011.2857142857143,1011.2857142857143,1011.2857142857143,0.0,0.0,0.0,"{""mlp.down_proj"": 1900.0, ""mlp.gate_proj"": 1133.0, ""mlp.up_proj"": 1706.0, ""self_attn.k_proj"": 227.0, ""self_attn.o_proj"": 1186.0, ""self_attn.q_proj"": 354.0, ""self_attn.v_proj"": 573.0}","{""mlp.down_proj"": 1900.0, ""mlp.gate_proj"": 1133.0, ""mlp.up_proj"": 1706.0, ""self_attn.k_proj"": 227.0, ""self_attn.o_proj"": 1186.0, ""self_attn.q_proj"": 354.0, ""self_attn.v_proj"": 573.0}","{""mlp.down_proj"": 0.0, ""mlp.gate_proj"": 0.0, ""mlp.up_proj"": 0.0, ""self_attn.k_proj"": 0.0, ""self_attn.o_proj"": 0.0, ""self_attn.q_proj"": 0.0, ""self_attn.v_proj"": 0.0}","{""mlp.down_proj"": 0.0, ""mlp.gate_proj"": 0.0, ""mlp.up_proj"": 0.0, ""self_attn.k_proj"": 0.0, ""self_attn.o_proj"": 0.0, ""self_attn.q_proj"": 0.0, ""self_attn.v_proj"": 0.0}",0.0,0.0,288.3142857142856,False,True
qwen,sft,5,E_general,E_general,0.05,18,5,equal5_non_qk,True,"mlp.down_proj,mlp.gate_proj,mlp.up_proj,self_attn.o_proj,self_attn.v_proj","self_attn.q_proj,self_attn.k_proj",991.2,991.2,991.2,0.0,0.0,0.0,"{""mlp.down_proj"": 1590.0, ""mlp.gate_proj"": 701.0, ""mlp.up_proj"": 1344.0, ""self_attn.o_proj"": 890.0, ""self_attn.v_proj"": 431.0}","{""mlp.down_proj"": 1590.0, ""mlp.gate_proj"": 701.0, ""mlp.up_proj"": 1344.0, ""self_attn.o_proj"": 890.0, ""self_attn.v_proj"": 431.0}","{""mlp.down_proj"": 0.0, ""mlp.gate_proj"": 0.0, ""mlp.up_proj"": 0.0, ""self_attn.o_proj"": 0.0, ""self_attn.v_proj"": 0.0}","{""mlp.down_proj"": 0.0, ""mlp.gate_proj"": 0.0, ""mlp.up_proj"": 0.0, ""self_attn.o_proj"": 0.0, ""self_attn.v_proj"": 0.0}",0.0,0.0,7,equal7,True,"mlp.down_proj,mlp.gate_proj,mlp.up_proj,self_attn.k_proj,self_attn.o_proj,self_attn.q_proj,self_attn.v_proj",,744.7142857142857,744.7142857142857,744.7142857142857,0.0,0.0,0.0,"{""mlp.down_proj"": 1590.0, ""mlp.gate_proj"": 701.0, ""mlp.up_proj"": 1344.0, ""self_attn.k_proj"": 113.0, ""self_attn.o_proj"": 890.0, ""self_attn.q_proj"": 144.0, ""self_attn.v_proj"": 431.0}","{""mlp.down_proj"": 1590.0, ""mlp.gate_proj"": 701.0, ""mlp.up_proj"": 1344.0, ""self_attn.k_proj"": 113.0, ""self_attn.o_proj"": 890.0, ""self_attn.q_proj"": 144.0, ""self_attn.v_proj"": 431.0}","{""mlp.down_proj"": 0.0, ""mlp.gate_proj"": 0.0, ""mlp.up_proj"": 0.0, ""self_attn.k_proj"": 0.0, ""self_attn.o_proj"": 0.0, ""self_attn.q_proj"": 0.0, ""self_attn.v_proj"": 0.0}","{""mlp.down_proj"": 0.0, ""mlp.gate_proj"": 0.0, ""mlp.up_proj"": 0.0, ""self_attn.k_proj"": 0.0, ""self_attn.o_proj"": 0.0, ""self_attn.q_proj"": 0.0, ""self_attn.v_proj"": 0.0}",0.0,0.0,246.48571428571438,False,True
qwen,sft,5,E_general,E_general,0.1,18,5,equal5_non_qk,True,"mlp.down_proj,mlp.gate_proj,mlp.up_proj,self_attn.o_proj,self_attn.v_proj","self_attn.q_proj,self_attn.k_proj",657.2,657.2,657.2,0.0,0.0,0.0,"{""mlp.down_proj"": 1200.0, ""mlp.gate_proj"": 300.0, ""mlp.up_proj"": 920.0, ""self_attn.o_proj"": 589.0, ""self_attn.v_proj"": 277.0}","{""mlp.down_proj"": 1200.0, ""mlp.gate_proj"": 300.0, ""mlp.up_proj"": 920.0, ""self_attn.o_proj"": 589.0, ""self_attn.v_proj"": 277.0}","{""mlp.down_proj"": 0.0, ""mlp.gate_proj"": 0.0, ""mlp.up_proj"": 0.0, ""self_attn.o_proj"": 0.0, ""self_attn.v_proj"": 0.0}","{""mlp.down_proj"": 0.0, ""mlp.gate_proj"": 0.0, ""mlp.up_proj"": 0.0, ""self_attn.o_proj"": 0.0, ""self_attn.v_proj"": 0.0}",0.0,0.0,7,equal7,True,"mlp.down_proj,mlp.gate_proj,mlp.up_proj,self_attn.k_proj,self_attn.o_proj,self_attn.q_proj,self_attn.v_proj",,479.7142857142857,479.7142857142857,479.7142857142857,0.0,0.0,0.0,"{""mlp.down_proj"": 1200.0, ""mlp.gate_proj"": 300.0, ""mlp.up_proj"": 920.0, ""self_attn.k_proj"": 39.0, ""self_attn.o_proj"": 589.0, ""self_attn.q_proj"": 33.0, ""self_attn.v_proj"": 277.0}","{""mlp.down_proj"": 1200.0, ""mlp.gate_proj"": 300.0, ""mlp.up_proj"": 920.0, ""self_attn.k_proj"": 39.0, ""self_attn.o_proj"": 589.0, ""self_attn.q_proj"": 33.0, ""self_attn.v_proj"": 277.0}","{""mlp.down_proj"": 0.0, ""mlp.gate_proj"": 0.0, ""mlp.up_proj"": 0.0, ""self_attn.k_proj"": 0.0, ""self_attn.o_proj"": 0.0, ""self_attn.q_proj"": 0.0, ""self_attn.v_proj"": 0.0}","{""mlp.down_proj"": 0.0, ""mlp.gate_proj"": 0.0, ""mlp.up_proj"": 0.0, ""self_attn.k_proj"": 0.0, ""self_attn.o_proj"": 0.0, ""self_attn.q_proj"": 0.0, ""self_attn.v_proj"": 0.0}",0.0,0.0,177.48571428571432,False,True
qwen,sft,5,E_if,E_ifeval,0.01,18,5,equal5_non_qk,True,"mlp.down_proj,mlp.gate_proj,mlp.up_proj,self_attn.o_proj,self_attn.v_proj","self_attn.q_proj,self_attn.k_proj",1484.4,1484.2,1484.4,0.2,-0.00014847809948032666,-0.00013475272874278769,"{""mlp.down_proj"": 2024.0, ""mlp.gate_proj"": 1528.0, ""mlp.up_proj"": 1933.0, ""self_attn.o_proj"": 1347.0, ""self_attn.v_proj"": 589.0}","{""mlp.down_proj"": 2024.0, ""mlp.gate_proj"": 1528.0, ""mlp.up_proj"": 1933.0, ""self_attn.o_proj"": 1348.0, ""self_attn.v_proj"": 589.0}","{""mlp.down_proj"": 0.0, ""mlp.gate_proj"": 0.0, ""mlp.up_proj"": 0.0, ""self_attn.o_proj"": 1.0, ""self_attn.v_proj"": 0.0}","{""mlp.down_proj"": 0.0, ""mlp.gate_proj"": 0.0, ""mlp.up_proj"": 0.0, ""self_attn.o_proj"": -0.0007423904974016332, ""self_attn.v_proj"": 0.0}",0.0,-0.00014847809948032666,7,equal7,True,"mlp.down_proj,mlp.gate_proj,mlp.up_proj,self_attn.k_proj,self_attn.o_proj,self_attn.q_proj,self_attn.v_proj",,1174.142857142857,1174.0,1174.142857142857,0.14285714285714285,-0.00010605578534309046,-0.00012168410805546029,"{""mlp.down_proj"": 2024.0, ""mlp.gate_proj"": 1528.0, ""mlp.up_proj"": 1933.0, ""self_attn.k_proj"": 273.0, ""self_attn.o_proj"": 1347.0, ""self_attn.q_proj"": 524.0, ""self_attn.v_proj"": 589.0}","{""mlp.down_proj"": 2024.0, ""mlp.gate_proj"": 1528.0, ""mlp.up_proj"": 1933.0, ""self_attn.k_proj"": 273.0, ""self_attn.o_proj"": 1348.0, ""self_attn.q_proj"": 524.0, ""self_attn.v_proj"": 589.0}","{""mlp.down_proj"": 0.0, ""mlp.gate_proj"": 0.0, ""mlp.up_proj"": 0.0, ""self_attn.k_proj"": 0.0, ""self_attn.o_proj"": 1.0, ""self_attn.q_proj"": 0.0, ""self_attn.v_proj"": 0.0}","{""mlp.down_proj"": 0.0, ""mlp.gate_proj"": 0.0, ""mlp.up_proj"": 0.0, ""self_attn.k_proj"": 0.0, ""self_attn.o_proj"": -0.0007423904974016332, ""self_attn.q_proj"": 0.0, ""self_attn.v_proj"": 0.0}",-4.24223141372362e-05,0.05714285714285716,310.257142857143,False,True
qwen,sft,5,E_if,E_ifeval,0.025,18,5,equal5_non_qk,True,"mlp.down_proj,mlp.gate_proj,mlp.up_proj,self_attn.o_proj,self_attn.v_proj","self_attn.q_proj,self_attn.k_proj",1109.8,1109.6,1109.8,0.2,-0.0002063983488132095,-0.0001802451333814397,"{""mlp.down_proj"": 1649.0, ""mlp.gate_proj"": 1005.0, ""mlp.up_proj"": 1521.0, ""self_attn.o_proj"": 969.0, ""self_attn.v_proj"": 404.0}","{""mlp.down_proj"": 1649.0, ""mlp.gate_proj"": 1005.0, ""mlp.up_proj"": 1521.0, ""self_attn.o_proj"": 970.0, ""self_attn.v_proj"": 404.0}","{""mlp.down_proj"": 0.0, ""mlp.gate_proj"": 0.0, ""mlp.up_proj"": 0.0, ""self_attn.o_proj"": 1.0, ""self_attn.v_proj"": 0.0}","{""mlp.down_proj"": 0.0, ""mlp.gate_proj"": 0.0, ""mlp.up_proj"": 0.0, ""self_attn.o_proj"": -0.0010319917440660474, ""self_attn.v_proj"": 0.0}",0.0,-0.0002063983488132095,7,equal7,True,"mlp.down_proj,mlp.gate_proj,mlp.up_proj,self_attn.k_proj,self_attn.o_proj,self_attn.q_proj,self_attn.v_proj",,840.1428571428571,840.0,840.1428571428571,0.14285714285714285,-0.00014742739200943535,-0.0001700680272108457,"{""mlp.down_proj"": 1649.0, ""mlp.gate_proj"": 1005.0, ""mlp.up_proj"": 1521.0, ""self_attn.k_proj"": 123.0, ""self_attn.o_proj"": 969.0, ""self_attn.q_proj"": 209.0, ""self_attn.v_proj"": 404.0}","{""mlp.down_proj"": 1649.0, ""mlp.gate_proj"": 1005.0, ""mlp.up_proj"": 1521.0, ""self_attn.k_proj"": 123.0, ""self_attn.o_proj"": 970.0, ""self_attn.q_proj"": 209.0, ""self_attn.v_proj"": 404.0}","{""mlp.down_proj"": 0.0, ""mlp.gate_proj"": 0.0, ""mlp.up_proj"": 0.0, ""self_attn.k_proj"": 0.0, ""self_attn.o_proj"": 1.0, ""self_attn.q_proj"": 0.0, ""self_attn.v_proj"": 0.0}","{""mlp.down_proj"": 0.0, ""mlp.gate_proj"": 0.0, ""mlp.up_proj"": 0.0, ""self_attn.k_proj"": 0.0, ""self_attn.o_proj"": -0.0010319917440660474, ""self_attn.q_proj"": 0.0, ""self_attn.v_proj"": 0.0}",-5.8970956803774136e-05,0.05714285714285716,269.65714285714284,False,True
qwen,sft,5,E_if,E_ifeval,0.05,18,5,equal5_non_qk,True,"mlp.down_proj,mlp.gate_proj,mlp.up_proj,self_attn.o_proj,self_attn.v_proj","self_attn.q_proj,self_attn.k_proj",781.8,782.0,781.8,-0.2,0.00034246575342465754,0.00025575447570338295,"{""mlp.down_proj"": 1274.0, ""mlp.gate_proj"": 584.0, ""mlp.up_proj"": 1127.0, ""self_attn.o_proj"": 672.0, ""self_attn.v_proj"": 253.0}","{""mlp.down_proj"": 1274.0, ""mlp.gate_proj"": 583.0, ""mlp.up_proj"": 1127.0, ""self_attn.o_proj"": 672.0, ""self_attn.v_proj"": 253.0}","{""mlp.down_proj"": 0.0, ""mlp.gate_proj"": -1.0, ""mlp.up_proj"": 0.0, ""self_attn.o_proj"": 0.0, ""self_attn.v_proj"": 0.0}","{""mlp.down_proj"": 0.0, ""mlp.gate_proj"": 0.0017123287671232876, ""mlp.up_proj"": 0.0, ""self_attn.o_proj"": 0.0, ""self_attn.v_proj"": 0.0}",0.0,0.00034246575342465754,7,equal7,True,"mlp.down_proj,mlp.gate_proj,mlp.up_proj,self_attn.k_proj,self_attn.o_proj,self_attn.q_proj,self_attn.v_proj",,575.5714285714286,575.7142857142857,575.5714285714286,-0.14285714285714285,0.0002446183953033268,0.0002481389578163208,"{""mlp.down_proj"": 1274.0, ""mlp.gate_proj"": 584.0, ""mlp.up_proj"": 1127.0, ""self_attn.k_proj"": 50.0, ""self_attn.o_proj"": 672.0, ""self_attn.q_proj"": 70.0, ""self_attn.v_proj"": 253.0}","{""mlp.down_proj"": 1274.0, ""mlp.gate_proj"": 583.0, ""mlp.up_proj"": 1127.0, ""self_attn.k_proj"": 50.0, ""self_attn.o_proj"": 672.0, ""self_attn.q_proj"": 70.0, ""self_attn.v_proj"": 253.0}","{""mlp.down_proj"": 0.0, ""mlp.gate_proj"": -1.0, ""mlp.up_proj"": 0.0, ""self_attn.k_proj"": 0.0, ""self_attn.o_proj"": 0.0, ""self_attn.q_proj"": 0.0, ""self_attn.v_proj"": 0.0}","{""mlp.down_proj"": 0.0, ""mlp.gate_proj"": 0.0017123287671232876, ""mlp.up_proj"": 0.0, ""self_attn.k_proj"": 0.0, ""self_attn.o_proj"": 0.0, ""self_attn.q_proj"": 0.0, ""self_attn.v_proj"": 0.0}",9.784735812133074e-05,-0.05714285714285716,206.2285714285714,False,True
qwen,sft,5,E_if,E_ifeval,0.1,18,5,equal5_non_qk,True,"mlp.down_proj,mlp.gate_proj,mlp.up_proj,self_attn.o_proj,self_attn.v_proj","self_attn.q_proj,self_attn.k_proj",453.2,453.0,453.2,0.2,-0.000516795865633075,-0.0004415011037527343,"{""mlp.down_proj"": 839.0, ""mlp.gate_proj"": 228.0, ""mlp.up_proj"": 695.0, ""self_attn.o_proj"": 387.0, ""self_attn.v_proj"": 116.0}","{""mlp.down_proj"": 839.0, ""mlp.gate_proj"": 228.0, ""mlp.up_proj"": 695.0, ""self_attn.o_proj"": 388.0, ""self_attn.v_proj"": 116.0}","{""mlp.down_proj"": 0.0, ""mlp.gate_proj"": 0.0, ""mlp.up_proj"": 0.0, ""self_attn.o_proj"": 1.0, ""self_attn.v_proj"": 0.0}","{""mlp.down_proj"": 0.0, ""mlp.gate_proj"": 0.0, ""mlp.up_proj"": 0.0, ""self_attn.o_proj"": -0.002583979328165375, ""self_attn.v_proj"": 0.0}",0.0,-0.000516795865633075,7,equal7,True,"mlp.down_proj,mlp.gate_proj,mlp.up_proj,self_attn.k_proj,self_attn.o_proj,self_attn.q_proj,self_attn.v_proj",,327.57142857142856,327.42857142857144,327.57142857142856,0.14285714285714285,-0.000369139904023625,-0.00043630017451997056,"{""mlp.down_proj"": 839.0, ""mlp.gate_proj"": 228.0, ""mlp.up_proj"": 695.0, ""self_attn.k_proj"": 16.0, ""self_attn.o_proj"": 387.0, ""self_attn.q_proj"": 11.0, ""self_attn.v_proj"": 116.0}","{""mlp.down_proj"": 839.0, ""mlp.gate_proj"": 228.0, ""mlp.up_proj"": 695.0, ""self_attn.k_proj"": 16.0, ""self_attn.o_proj"": 388.0, ""self_attn.q_proj"": 11.0, ""self_attn.v_proj"": 116.0}","{""mlp.down_proj"": 0.0, ""mlp.gate_proj"": 0.0, ""mlp.up_proj"": 0.0, ""self_attn.k_proj"": 0.0, ""self_attn.o_proj"": 1.0, ""self_attn.q_proj"": 0.0, ""self_attn.v_proj"": 0.0}","{""mlp.down_proj"": 0.0, ""mlp.gate_proj"": 0.0, ""mlp.up_proj"": 0.0, ""self_attn.k_proj"": 0.0, ""self_attn.o_proj"": -0.002583979328165375, ""self_attn.q_proj"": 0.0, ""self_attn.v_proj"": 0.0}",-0.00014765596160945,0.05714285714285716,125.62857142857143,False,True
qwen,sft,5,E_math,E_mathHeld,0.01,18,5,equal5_non_qk,True,"mlp.down_proj,mlp.gate_proj,mlp.up_proj,self_attn.o_proj,self_attn.v_proj","self_attn.q_proj,self_attn.k_proj",1649.6,1649.6,1649.6,0.0,0.0,0.0,"{""mlp.down_proj"": 2176.0, ""mlp.gate_proj"": 1819.0, ""mlp.up_proj"": 2046.0, ""self_attn.o_proj"": 1520.0, ""self_attn.v_proj"": 687.0}","{""mlp.down_proj"": 2176.0, ""mlp.gate_proj"": 1819.0, ""mlp.up_proj"": 2046.0, ""self_attn.o_proj"": 1520.0, ""self_attn.v_proj"": 687.0}","{""mlp.down_proj"": 0.0, ""mlp.gate_proj"": 0.0, ""mlp.up_proj"": 0.0, ""self_attn.o_proj"": 0.0, ""self_attn.v_proj"": 0.0}","{""mlp.down_proj"": 0.0, ""mlp.gate_proj"": 0.0, ""mlp.up_proj"": 0.0, ""self_attn.o_proj"": 0.0, ""self_attn.v_proj"": 0.0}",0.0,0.0,7,equal7,True,"mlp.down_proj,mlp.gate_proj,mlp.up_proj,self_attn.k_proj,self_attn.o_proj,self_attn.q_proj,self_attn.v_proj",,1339.0,1339.0,1339.0,0.0,0.0,0.0,"{""mlp.down_proj"": 2176.0, ""mlp.gate_proj"": 1819.0, ""mlp.up_proj"": 2046.0, ""self_attn.k_proj"": 363.0, ""self_attn.o_proj"": 1520.0, ""self_attn.q_proj"": 762.0, ""self_attn.v_proj"": 687.0}","{""mlp.down_proj"": 2176.0, ""mlp.gate_proj"": 1819.0, ""mlp.up_proj"": 2046.0, ""self_attn.k_proj"": 363.0, ""self_attn.o_proj"": 1520.0, ""self_attn.q_proj"": 762.0, ""self_attn.v_proj"": 687.0}","{""mlp.down_proj"": 0.0, ""mlp.gate_proj"": 0.0, ""mlp.up_proj"": 0.0, ""self_attn.k_proj"": 0.0, ""self_attn.o_proj"": 0.0, ""self_attn.q_proj"": 0.0, ""self_attn.v_proj"": 0.0}","{""mlp.down_proj"": 0.0, ""mlp.gate_proj"": 0.0, ""mlp.up_proj"": 0.0, ""self_attn.k_proj"": 0.0, ""self_attn.o_proj"": 0.0, ""self_attn.q_proj"": 0.0, ""self_attn.v_proj"": 0.0}",0.0,0.0,310.5999999999999,False,True
qwen,sft,5,E_math,E_mathHeld,0.025,18,5,equal5_non_qk,True,"mlp.down_proj,mlp.gate_proj,mlp.up_proj,self_attn.o_proj,self_attn.v_proj","self_attn.q_proj,self_attn.k_proj",1322.4,1322.2,1322.4,0.2,-0.00017286084701815038,-0.00015126304643778965,"{""mlp.down_proj"": 1875.0, ""mlp.gate_proj"": 1369.0, ""mlp.up_proj"": 1691.0, ""self_attn.o_proj"": 1157.0, ""self_attn.v_proj"": 519.0}","{""mlp.down_proj"": 1875.0, ""mlp.gate_proj"": 1369.0, ""mlp.up_proj"": 1691.0, ""self_attn.o_proj"": 1158.0, ""self_attn.v_proj"": 519.0}","{""mlp.down_proj"": 0.0, ""mlp.gate_proj"": 0.0, ""mlp.up_proj"": 0.0, ""self_attn.o_proj"": 1.0, ""self_attn.v_proj"": 0.0}","{""mlp.down_proj"": 0.0, ""mlp.gate_proj"": 0.0, ""mlp.up_proj"": 0.0, ""self_attn.o_proj"": -0.000864304235090752, ""self_attn.v_proj"": 0.0}",0.0,-0.00017286084701815038,7,equal7,True,"mlp.down_proj,mlp.gate_proj,mlp.up_proj,self_attn.k_proj,self_attn.o_proj,self_attn.q_proj,self_attn.v_proj",,1025.7142857142858,1025.5714285714287,1025.7142857142858,0.14285714285714285,-0.00012347203358439315,-0.00013929516645769222,"{""mlp.down_proj"": 1875.0, ""mlp.gate_proj"": 1369.0, ""mlp.up_proj"": 1691.0, ""self_attn.k_proj"": 189.0, ""self_attn.o_proj"": 1157.0, ""self_attn.q_proj"": 379.0, ""self_attn.v_proj"": 519.0}","{""mlp.down_proj"": 1875.0, ""mlp.gate_proj"": 1369.0, ""mlp.up_proj"": 1691.0, ""self_attn.k_proj"": 189.0, ""self_attn.o_proj"": 1158.0, ""self_attn.q_proj"": 379.0, ""self_attn.v_proj"": 519.0}","{""mlp.down_proj"": 0.0, ""mlp.gate_proj"": 0.0, ""mlp.up_proj"": 0.0, ""self_attn.k_proj"": 0.0, ""self_attn.o_proj"": 1.0, ""self_attn.q_proj"": 0.0, ""self_attn.v_proj"": 0.0}","{""mlp.down_proj"": 0.0, ""mlp.gate_proj"": 0.0, ""mlp.up_proj"": 0.0, ""self_attn.k_proj"": 0.0, ""self_attn.o_proj"": -0.000864304235090752, ""self_attn.q_proj"": 0.0, ""self_attn.v_proj"": 0.0}",-4.938881343375724e-05,0.05714285714285716,296.6857142857143,False,True
qwen,sft,5,E_math,E_mathHeld,0.05,18,5,equal5_non_qk,True,"mlp.down_proj,mlp.gate_proj,mlp.up_proj,self_attn.o_proj,self_attn.v_proj","self_attn.q_proj,self_attn.k_proj",1014.2,1014.2,1014.2,0.0,0.0,0.0,"{""mlp.down_proj"": 1552.0, ""mlp.gate_proj"": 956.0, ""mlp.up_proj"": 1332.0, ""self_attn.o_proj"": 860.0, ""self_attn.v_proj"": 371.0}","{""mlp.down_proj"": 1552.0, ""mlp.gate_proj"": 956.0, ""mlp.up_proj"": 1332.0, ""self_attn.o_proj"": 860.0, ""self_attn.v_proj"": 371.0}","{""mlp.down_proj"": 0.0, ""mlp.gate_proj"": 0.0, ""mlp.up_proj"": 0.0, ""self_attn.o_proj"": 0.0, ""self_attn.v_proj"": 0.0}","{""mlp.down_proj"": 0.0, ""mlp.gate_proj"": 0.0, ""mlp.up_proj"": 0.0, ""self_attn.o_proj"": 0.0, ""self_attn.v_proj"": 0.0}",0.0,0.0,7,equal7,True,"mlp.down_proj,mlp.gate_proj,mlp.up_proj,self_attn.k_proj,self_attn.o_proj,self_attn.q_proj,self_attn.v_proj",,758.1428571428571,758.1428571428571,758.1428571428571,0.0,0.0,0.0,"{""mlp.down_proj"": 1552.0, ""mlp.gate_proj"": 956.0, ""mlp.up_proj"": 1332.0, ""self_attn.k_proj"": 82.0, ""self_attn.o_proj"": 860.0, ""self_attn.q_proj"": 154.0, ""self_attn.v_proj"": 371.0}","{""mlp.down_proj"": 1552.0, ""mlp.gate_proj"": 956.0, ""mlp.up_proj"": 1332.0, ""self_attn.k_proj"": 82.0, ""self_attn.o_proj"": 860.0, ""self_attn.q_proj"": 154.0, ""self_attn.v_proj"": 371.0}","{""mlp.down_proj"": 0.0, ""mlp.gate_proj"": 0.0, ""mlp.up_proj"": 0.0, ""self_attn.k_proj"": 0.0, ""self_attn.o_proj"": 0.0, ""self_attn.q_proj"": 0.0, ""self_attn.v_proj"": 0.0}","{""mlp.down_proj"": 0.0, ""mlp.gate_proj"": 0.0, ""mlp.up_proj"": 0.0, ""self_attn.k_proj"": 0.0, ""self_attn.o_proj"": 0.0, ""self_attn.q_proj"": 0.0, ""self_attn.v_proj"": 0.0}",0.0,0.0,256.05714285714294,False,True
qwen,sft,5,E_math,E_mathHeld,0.1,18,5,equal5_non_qk,True,"mlp.down_proj,mlp.gate_proj,mlp.up_proj,self_attn.o_proj,self_attn.v_proj","self_attn.q_proj,self_attn.k_proj",673.2,673.2,673.2,0.0,0.0,0.0,"{""mlp.down_proj"": 1147.0, ""mlp.gate_proj"": 529.0, ""mlp.up_proj"": 913.0, ""self_attn.o_proj"": 561.0, ""self_attn.v_proj"": 216.0}","{""mlp.down_proj"": 1147.0, ""mlp.gate_proj"": 529.0, ""mlp.up_proj"": 913.0, ""self_attn.o_proj"": 561.0, ""self_attn.v_proj"": 216.0}","{""mlp.down_proj"": 0.0, ""mlp.gate_proj"": 0.0, ""mlp.up_proj"": 0.0, ""self_attn.o_proj"": 0.0, ""self_attn.v_proj"": 0.0}","{""mlp.down_proj"": 0.0, ""mlp.gate_proj"": 0.0, ""mlp.up_proj"": 0.0, ""self_attn.o_proj"": 0.0, ""self_attn.v_proj"": 0.0}",0.0,0.0,7,equal7,True,"mlp.down_proj,mlp.gate_proj,mlp.up_proj,self_attn.k_proj,self_attn.o_proj,self_attn.q_proj,self_attn.v_proj",,488.7142857142857,488.7142857142857,488.7142857142857,0.0,0.0,0.0,"{""mlp.down_proj"": 1147.0, ""mlp.gate_proj"": 529.0, ""mlp.up_proj"": 913.0, ""self_attn.k_proj"": 24.0, ""self_attn.o_proj"": 561.0, ""self_attn.q_proj"": 31.0, ""self_attn.v_proj"": 216.0}","{""mlp.down_proj"": 1147.0, ""mlp.gate_proj"": 529.0, ""mlp.up_proj"": 913.0, ""self_attn.k_proj"": 24.0, ""self_attn.o_proj"": 561.0, ""self_attn.q_proj"": 31.0, ""self_attn.v_proj"": 216.0}","{""mlp.down_proj"": 0.0, ""mlp.gate_proj"": 0.0, ""mlp.up_proj"": 0.0, ""self_attn.k_proj"": 0.0, ""self_attn.o_proj"": 0.0, ""self_attn.q_proj"": 0.0, ""self_attn.v_proj"": 0.0}","{""mlp.down_proj"": 0.0, ""mlp.gate_proj"": 0.0, ""mlp.up_proj"": 0.0, ""self_attn.k_proj"": 0.0, ""self_attn.o_proj"": 0.0, ""self_attn.q_proj"": 0.0, ""self_attn.v_proj"": 0.0}",0.0,0.0,184.48571428571432,False,True
qwen,sft,5,E_ood,E_mmluPro,0.01,18,5,equal5_non_qk,True,"mlp.down_proj,mlp.gate_proj,mlp.up_proj,self_attn.o_proj,self_attn.v_proj","self_attn.q_proj,self_attn.k_proj",1610.4,1610.4,1610.4,0.0,0.0,0.0,"{""mlp.down_proj"": 2156.0, ""mlp.gate_proj"": 1667.0, ""mlp.up_proj"": 2029.0, ""self_attn.o_proj"": 1471.0, ""self_attn.v_proj"": 729.0}","{""mlp.down_proj"": 2156.0, ""mlp.gate_proj"": 1667.0, ""mlp.up_proj"": 2029.0, ""self_attn.o_proj"": 1471.0, ""self_attn.v_proj"": 729.0}","{""mlp.down_proj"": 0.0, ""mlp.gate_proj"": 0.0, ""mlp.up_proj"": 0.0, ""self_attn.o_proj"": 0.0, ""self_attn.v_proj"": 0.0}","{""mlp.down_proj"": 0.0, ""mlp.gate_proj"": 0.0, ""mlp.up_proj"": 0.0, ""self_attn.o_proj"": 0.0, ""self_attn.v_proj"": 0.0}",0.0,0.0,7,equal7,True,"mlp.down_proj,mlp.gate_proj,mlp.up_proj,self_attn.k_proj,self_attn.o_proj,self_attn.q_proj,self_attn.v_proj",,1305.5714285714287,1305.5714285714287,1305.5714285714287,0.0,0.0,0.0,"{""mlp.down_proj"": 2156.0, ""mlp.gate_proj"": 1667.0, ""mlp.up_proj"": 2029.0, ""self_attn.k_proj"": 402.0, ""self_attn.o_proj"": 1471.0, ""self_attn.q_proj"": 685.0, ""self_attn.v_proj"": 729.0}","{""mlp.down_proj"": 2156.0, ""mlp.gate_proj"": 1667.0, ""mlp.up_proj"": 2029.0, ""self_attn.k_proj"": 402.0, ""self_attn.o_proj"": 1471.0, ""self_attn.q_proj"": 685.0, ""self_attn.v_proj"": 729.0}","{""mlp.down_proj"": 0.0, ""mlp.gate_proj"": 0.0, ""mlp.up_proj"": 0.0, ""self_attn.k_proj"": 0.0, ""self_attn.o_proj"": 0.0, ""self_attn.q_proj"": 0.0, ""self_attn.v_proj"": 0.0}","{""mlp.down_proj"": 0.0, ""mlp.gate_proj"": 0.0, ""mlp.up_proj"": 0.0, ""self_attn.k_proj"": 0.0, ""self_attn.o_proj"": 0.0, ""self_attn.q_proj"": 0.0, ""self_attn.v_proj"": 0.0}",0.0,0.0,304.8285714285714,False,True
qwen,sft,5,E_ood,E_mmluPro,0.025,18,5,equal5_non_qk,True,"mlp.down_proj,mlp.gate_proj,mlp.up_proj,self_attn.o_proj,self_attn.v_proj","self_attn.q_proj,self_attn.k_proj",1268.4,1268.4,1268.4,0.0,0.0,0.0,"{""mlp.down_proj"": 1847.0, ""mlp.gate_proj"": 1163.0, ""mlp.up_proj"": 1655.0, ""self_attn.o_proj"": 1105.0, ""self_attn.v_proj"": 572.0}","{""mlp.down_proj"": 1847.0, ""mlp.gate_proj"": 1163.0, ""mlp.up_proj"": 1655.0, ""self_attn.o_proj"": 1105.0, ""self_attn.v_proj"": 572.0}","{""mlp.down_proj"": 0.0, ""mlp.gate_proj"": 0.0, ""mlp.up_proj"": 0.0, ""self_attn.o_proj"": 0.0, ""self_attn.v_proj"": 0.0}","{""mlp.down_proj"": 0.0, ""mlp.gate_proj"": 0.0, ""mlp.up_proj"": 0.0, ""self_attn.o_proj"": 0.0, ""self_attn.v_proj"": 0.0}",0.0,0.0,7,equal7,True,"mlp.down_proj,mlp.gate_proj,mlp.up_proj,self_attn.k_proj,self_attn.o_proj,self_attn.q_proj,self_attn.v_proj",,984.2857142857143,984.2857142857143,984.2857142857143,0.0,0.0,0.0,"{""mlp.down_proj"": 1847.0, ""mlp.gate_proj"": 1163.0, ""mlp.up_proj"": 1655.0, ""self_attn.k_proj"": 230.0, ""self_attn.o_proj"": 1105.0, ""self_attn.q_proj"": 318.0, ""self_attn.v_proj"": 572.0}","{""mlp.down_proj"": 1847.0, ""mlp.gate_proj"": 1163.0, ""mlp.up_proj"": 1655.0, ""self_attn.k_proj"": 230.0, ""self_attn.o_proj"": 1105.0, ""self_attn.q_proj"": 318.0, ""self_attn.v_proj"": 572.0}","{""mlp.down_proj"": 0.0, ""mlp.gate_proj"": 0.0, ""mlp.up_proj"": 0.0, ""self_attn.k_proj"": 0.0, ""self_attn.o_proj"": 0.0, ""self_attn.q_proj"": 0.0, ""self_attn.v_proj"": 0.0}","{""mlp.down_proj"": 0.0, ""mlp.gate_proj"": 0.0, ""mlp.up_proj"": 0.0, ""self_attn.k_proj"": 0.0, ""self_attn.o_proj"": 0.0, ""self_attn.q_proj"": 0.0, ""self_attn.v_proj"": 0.0}",0.0,0.0,284.11428571428576,False,True
qwen,sft,5,E_ood,E_mmluPro,0.05,18,5,equal5_non_qk,True,"mlp.down_proj,mlp.gate_proj,mlp.up_proj,self_attn.o_proj,self_attn.v_proj","self_attn.q_proj,self_attn.k_proj",954.6,954.4,954.6,0.2,-0.00027359781121751026,-0.00020955574182737372,"{""mlp.down_proj"": 1519.0, ""mlp.gate_proj"": 731.0, ""mlp.up_proj"": 1281.0, ""self_attn.o_proj"": 810.0, ""self_attn.v_proj"": 431.0}","{""mlp.down_proj"": 1519.0, ""mlp.gate_proj"": 732.0, ""mlp.up_proj"": 1281.0, ""self_attn.o_proj"": 810.0, ""self_attn.v_proj"": 431.0}","{""mlp.down_proj"": 0.0, ""mlp.gate_proj"": 1.0, ""mlp.up_proj"": 0.0, ""self_attn.o_proj"": 0.0, ""self_attn.v_proj"": 0.0}","{""mlp.down_proj"": 0.0, ""mlp.gate_proj"": -0.0013679890560875513, ""mlp.up_proj"": 0.0, ""self_attn.o_proj"": 0.0, ""self_attn.v_proj"": 0.0}",0.0,-0.00027359781121751026,7,equal7,True,"mlp.down_proj,mlp.gate_proj,mlp.up_proj,self_attn.k_proj,self_attn.o_proj,self_attn.q_proj,self_attn.v_proj",,715.7142857142857,715.5714285714286,715.7142857142857,0.14285714285714285,-0.00019542700801250732,-0.00019964064683565037,"{""mlp.down_proj"": 1519.0, ""mlp.gate_proj"": 731.0, ""mlp.up_proj"": 1281.0, ""self_attn.k_proj"": 116.0, ""self_attn.o_proj"": 810.0, ""self_attn.q_proj"": 121.0, ""self_attn.v_proj"": 431.0}","{""mlp.down_proj"": 1519.0, ""mlp.gate_proj"": 732.0, ""mlp.up_proj"": 1281.0, ""self_attn.k_proj"": 116.0, ""self_attn.o_proj"": 810.0, ""self_attn.q_proj"": 121.0, ""self_attn.v_proj"": 431.0}","{""mlp.down_proj"": 0.0, ""mlp.gate_proj"": 1.0, ""mlp.up_proj"": 0.0, ""self_attn.k_proj"": 0.0, ""self_attn.o_proj"": 0.0, ""self_attn.q_proj"": 0.0, ""self_attn.v_proj"": 0.0}","{""mlp.down_proj"": 0.0, ""mlp.gate_proj"": -0.0013679890560875513, ""mlp.up_proj"": 0.0, ""self_attn.k_proj"": 0.0, ""self_attn.o_proj"": 0.0, ""self_attn.q_proj"": 0.0, ""self_attn.v_proj"": 0.0}",-7.817080320500293e-05,0.05714285714285716,238.88571428571436,False,True
qwen,sft,5,E_ood,E_mmluPro,0.1,18,5,equal5_non_qk,True,"mlp.down_proj,mlp.gate_proj,mlp.up_proj,self_attn.o_proj,self_attn.v_proj","self_attn.q_proj,self_attn.k_proj",617.4,617.4,617.4,0.0,0.0,0.0,"{""mlp.down_proj"": 1114.0, ""mlp.gate_proj"": 327.0, ""mlp.up_proj"": 850.0, ""self_attn.o_proj"": 518.0, ""self_attn.v_proj"": 278.0}","{""mlp.down_proj"": 1114.0, ""mlp.gate_proj"": 327.0, ""mlp.up_proj"": 850.0, ""self_attn.o_proj"": 518.0, ""self_attn.v_proj"": 278.0}","{""mlp.down_proj"": 0.0, ""mlp.gate_proj"": 0.0, ""mlp.up_proj"": 0.0, ""self_attn.o_proj"": 0.0, ""self_attn.v_proj"": 0.0}","{""mlp.down_proj"": 0.0, ""mlp.gate_proj"": 0.0, ""mlp.up_proj"": 0.0, ""self_attn.o_proj"": 0.0, ""self_attn.v_proj"": 0.0}",0.0,0.0,7,equal7,True,"mlp.down_proj,mlp.gate_proj,mlp.up_proj,self_attn.k_proj,self_attn.o_proj,self_attn.q_proj,self_attn.v_proj",,450.42857142857144,450.42857142857144,450.42857142857144,0.0,0.0,0.0,"{""mlp.down_proj"": 1114.0, ""mlp.gate_proj"": 327.0, ""mlp.up_proj"": 850.0, ""self_attn.k_proj"": 40.0, ""self_attn.o_proj"": 518.0, ""self_attn.q_proj"": 26.0, ""self_attn.v_proj"": 278.0}","{""mlp.down_proj"": 1114.0, ""mlp.gate_proj"": 327.0, ""mlp.up_proj"": 850.0, ""self_attn.k_proj"": 40.0, ""self_attn.o_proj"": 518.0, ""self_attn.q_proj"": 26.0, ""self_attn.v_proj"": 278.0}","{""mlp.down_proj"": 0.0, ""mlp.gate_proj"": 0.0, ""mlp.up_proj"": 0.0, ""self_attn.k_proj"": 0.0, ""self_attn.o_proj"": 0.0, ""self_attn.q_proj"": 0.0, ""self_attn.v_proj"": 0.0}","{""mlp.down_proj"": 0.0, ""mlp.gate_proj"": 0.0, ""mlp.up_proj"": 0.0, ""self_attn.k_proj"": 0.0, ""self_attn.o_proj"": 0.0, ""self_attn.q_proj"": 0.0, ""self_attn.v_proj"": 0.0}",0.0,0.0,166.97142857142853,False,True
qwen,sft,10,E_general,E_general,0.01,18,5,equal5_non_qk,True,"mlp.down_proj,mlp.gate_proj,mlp.up_proj,self_attn.o_proj,self_attn.v_proj","self_attn.q_proj,self_attn.k_proj",1634.4,1634.4,1634.4,0.0,0.0,0.0,"{""mlp.down_proj"": 2190.0, ""mlp.gate_proj"": 1641.0, ""mlp.up_proj"": 2064.0, ""self_attn.o_proj"": 1546.0, ""self_attn.v_proj"": 731.0}","{""mlp.down_proj"": 2190.0, ""mlp.gate_proj"": 1641.0, ""mlp.up_proj"": 2064.0, ""self_attn.o_proj"": 1546.0, ""self_attn.v_proj"": 731.0}","{""mlp.down_proj"": 0.0, ""mlp.gate_proj"": 0.0, ""mlp.up_proj"": 0.0, ""self_attn.o_proj"": 0.0, ""self_attn.v_proj"": 0.0}","{""mlp.down_proj"": 0.0, ""mlp.gate_proj"": 0.0, ""mlp.up_proj"": 0.0, ""self_attn.o_proj"": 0.0, ""self_attn.v_proj"": 0.0}",0.0,0.0,7,equal7,True,"mlp.down_proj,mlp.gate_proj,mlp.up_proj,self_attn.k_proj,self_attn.o_proj,self_attn.q_proj,self_attn.v_proj",,1328.4285714285713,1328.4285714285713,1328.4285714285713,0.0,0.0,0.0,"{""mlp.down_proj"": 2190.0, ""mlp.gate_proj"": 1641.0, ""mlp.up_proj"": 2064.0, ""self_attn.k_proj"": 400.0, ""self_attn.o_proj"": 1546.0, ""self_attn.q_proj"": 727.0, ""self_attn.v_proj"": 731.0}","{""mlp.down_proj"": 2190.0, ""mlp.gate_proj"": 1641.0, ""mlp.up_proj"": 2064.0, ""self_attn.k_proj"": 400.0, ""self_attn.o_proj"": 1546.0, ""self_attn.q_proj"": 727.0, ""self_attn.v_proj"": 731.0}","{""mlp.down_proj"": 0.0, ""mlp.gate_proj"": 0.0, ""mlp.up_proj"": 0.0, ""self_attn.k_proj"": 0.0, ""self_attn.o_proj"": 0.0, ""self_attn.q_proj"": 0.0, ""self_attn.v_proj"": 0.0}","{""mlp.down_proj"": 0.0, ""mlp.gate_proj"": 0.0, ""mlp.up_proj"": 0.0, ""self_attn.k_proj"": 0.0, ""self_attn.o_proj"": 0.0, ""self_attn.q_proj"": 0.0, ""self_attn.v_proj"": 0.0}",0.0,0.0,305.97142857142876,False,True
qwen,sft,10,E_general,E_general,0.025,18,5,equal5_non_qk,True,"mlp.down_proj,mlp.gate_proj,mlp.up_proj,self_attn.o_proj,self_attn.v_proj","self_attn.q_proj,self_attn.k_proj",1299.4,1299.6,1299.4,-0.2,0.00017652250661959402,0.00015389350569391976,"{""mlp.down_proj"": 1900.0, ""mlp.gate_proj"": 1133.0, ""mlp.up_proj"": 1706.0, ""self_attn.o_proj"": 1186.0, ""self_attn.v_proj"": 573.0}","{""mlp.down_proj"": 1900.0, ""mlp.gate_proj"": 1132.0, ""mlp.up_proj"": 1706.0, ""self_attn.o_proj"": 1186.0, ""self_attn.v_proj"": 573.0}","{""mlp.down_proj"": 0.0, ""mlp.gate_proj"": -1.0, ""mlp.up_proj"": 0.0, ""self_attn.o_proj"": 0.0, ""self_attn.v_proj"": 0.0}","{""mlp.down_proj"": 0.0, ""mlp.gate_proj"": 0.00088261253309797, ""mlp.up_proj"": 0.0, ""self_attn.o_proj"": 0.0, ""self_attn.v_proj"": 0.0}",0.00017652250661959402,0.0,7,equal7,True,"mlp.down_proj,mlp.gate_proj,mlp.up_proj,self_attn.k_proj,self_attn.o_proj,self_attn.q_proj,self_attn.v_proj",,1011.1428571428571,1011.2857142857143,1011.1428571428571,-0.14285714285714285,0.00012608750472828143,0.00014126289023881457,"{""mlp.down_proj"": 1900.0, ""mlp.gate_proj"": 1133.0, ""mlp.up_proj"": 1706.0, ""self_attn.k_proj"": 227.0, ""self_attn.o_proj"": 1186.0, ""self_attn.q_proj"": 354.0, ""self_attn.v_proj"": 573.0}","{""mlp.down_proj"": 1900.0, ""mlp.gate_proj"": 1132.0, ""mlp.up_proj"": 1706.0, ""self_attn.k_proj"": 227.0, ""self_attn.o_proj"": 1186.0, ""self_attn.q_proj"": 354.0, ""self_attn.v_proj"": 573.0}","{""mlp.down_proj"": 0.0, ""mlp.gate_proj"": -1.0, ""mlp.up_proj"": 0.0, ""self_attn.k_proj"": 0.0, ""self_attn.o_proj"": 0.0, ""self_attn.q_proj"": 0.0, ""self_attn.v_proj"": 0.0}","{""mlp.down_proj"": 0.0, ""mlp.gate_proj"": 0.00088261253309797, ""mlp.up_proj"": 0.0, ""self_attn.k_proj"": 0.0, ""self_attn.o_proj"": 0.0, ""self_attn.q_proj"": 0.0, ""self_attn.v_proj"": 0.0}",5.043500189131259e-05,-0.05714285714285716,288.257142857143,False,True
qwen,sft,10,E_general,E_general,0.05,18,5,equal5_non_qk,True,"mlp.down_proj,mlp.gate_proj,mlp.up_proj,self_attn.o_proj,self_attn.v_proj","self_attn.q_proj,self_attn.k_proj",991.2,991.2,991.2,0.0,0.0,0.0,"{""mlp.down_proj"": 1590.0, ""mlp.gate_proj"": 701.0, ""mlp.up_proj"": 1344.0, ""self_attn.o_proj"": 890.0, ""self_attn.v_proj"": 431.0}","{""mlp.down_proj"": 1590.0, ""mlp.gate_proj"": 701.0, ""mlp.up_proj"": 1344.0, ""self_attn.o_proj"": 890.0, ""self_attn.v_proj"": 431.0}","{""mlp.down_proj"": 0.0, ""mlp.gate_proj"": 0.0, ""mlp.up_proj"": 0.0, ""self_attn.o_proj"": 0.0, ""self_attn.v_proj"": 0.0}","{""mlp.down_proj"": 0.0, ""mlp.gate_proj"": 0.0, ""mlp.up_proj"": 0.0, ""self_attn.o_proj"": 0.0, ""self_attn.v_proj"": 0.0}",0.0,0.0,7,equal7,True,"mlp.down_proj,mlp.gate_proj,mlp.up_proj,self_attn.k_proj,self_attn.o_proj,self_attn.q_proj,self_attn.v_proj",,744.7142857142857,744.7142857142857,744.7142857142857,0.0,0.0,0.0,"{""mlp.down_proj"": 1590.0, ""mlp.gate_proj"": 701.0, ""mlp.up_proj"": 1344.0, ""self_attn.k_proj"": 113.0, ""self_attn.o_proj"": 890.0, ""self_attn.q_proj"": 144.0, ""self_attn.v_proj"": 431.0}","{""mlp.down_proj"": 1590.0, ""mlp.gate_proj"": 701.0, ""mlp.up_proj"": 1344.0, ""self_attn.k_proj"": 113.0, ""self_attn.o_proj"": 890.0, ""self_attn.q_proj"": 144.0, ""self_attn.v_proj"": 431.0}","{""mlp.down_proj"": 0.0, ""mlp.gate_proj"": 0.0, ""mlp.up_proj"": 0.0, ""self_attn.k_proj"": 0.0, ""self_attn.o_proj"": 0.0, ""self_attn.q_proj"": 0.0, ""self_attn.v_proj"": 0.0}","{""mlp.down_proj"": 0.0, ""mlp.gate_proj"": 0.0, ""mlp.up_proj"": 0.0, ""self_attn.k_proj"": 0.0, ""self_attn.o_proj"": 0.0, ""self_attn.q_proj"": 0.0, ""self_attn.v_proj"": 0.0}",0.0,0.0,246.48571428571438,False,True
qwen,sft,10,E_general,E_general,0.1,18,5,equal5_non_qk,True,"mlp.down_proj,mlp.gate_proj,mlp.up_proj,self_attn.o_proj,self_attn.v_proj","self_attn.q_proj,self_attn.k_proj",657.2,657.2,657.2,0.0,0.0,0.0,"{""mlp.down_proj"": 1200.0, ""mlp.gate_proj"": 300.0, ""mlp.up_proj"": 920.0, ""self_attn.o_proj"": 589.0, ""self_attn.v_proj"": 277.0}","{""mlp.down_proj"": 1200.0, ""mlp.gate_proj"": 300.0, ""mlp.up_proj"": 920.0, ""self_attn.o_proj"": 589.0, ""self_attn.v_proj"": 277.0}","{""mlp.down_proj"": 0.0, ""mlp.gate_proj"": 0.0, ""mlp.up_proj"": 0.0, ""self_attn.o_proj"": 0.0, ""self_attn.v_proj"": 0.0}","{""mlp.down_proj"": 0.0, ""mlp.gate_proj"": 0.0, ""mlp.up_proj"": 0.0, ""self_attn.o_proj"": 0.0, ""self_attn.v_proj"": 0.0}",0.0,0.0,7,equal7,True,"mlp.down_proj,mlp.gate_proj,mlp.up_proj,self_attn.k_proj,self_attn.o_proj,self_attn.q_proj,self_attn.v_proj",,479.7142857142857,479.7142857142857,479.7142857142857,0.0,0.0,0.0,"{""mlp.down_proj"": 1200.0, ""mlp.gate_proj"": 300.0, ""mlp.up_proj"": 920.0, ""self_attn.k_proj"": 39.0, ""self_attn.o_proj"": 589.0, ""self_attn.q_proj"": 33.0, ""self_attn.v_proj"": 277.0}","{""mlp.down_proj"": 1200.0, ""mlp.gate_proj"": 300.0, ""mlp.up_proj"": 920.0, ""self_attn.k_proj"": 39.0, ""self_attn.o_proj"": 589.0, ""self_attn.q_proj"": 33.0, ""self_attn.v_proj"": 277.0}","{""mlp.down_proj"": 0.0, ""mlp.gate_proj"": 0.0, ""mlp.up_proj"": 0.0, ""self_attn.k_proj"": 0.0, ""self_attn.o_proj"": 0.0, ""self_attn.q_proj"": 0.0, ""self_attn.v_proj"": 0.0}","{""mlp.down_proj"": 0.0, ""mlp.gate_proj"": 0.0, ""mlp.up_proj"": 0.0, ""self_attn.k_proj"": 0.0, ""self_attn.o_proj"": 0.0, ""self_attn.q_proj"": 0.0, ""self_attn.v_proj"": 0.0}",0.0,0.0,177.48571428571432,False,True
qwen,sft,10,E_if,E_ifeval,0.01,18,5,equal5_non_qk,True,"mlp.down_proj,mlp.gate_proj,mlp.up_proj,self_attn.o_proj,self_attn.v_proj","self_attn.q_proj,self_attn.k_proj",1484.2,1484.2,1484.2,0.0,0.0,0.0,"{""mlp.down_proj"": 2024.0, ""mlp.gate_proj"": 1528.0, ""mlp.up_proj"": 1933.0, ""self_attn.o_proj"": 1347.0, ""self_attn.v_proj"": 589.0}","{""mlp.down_proj"": 2024.0, ""mlp.gate_proj"": 1528.0, ""mlp.up_proj"": 1933.0, ""self_attn.o_proj"": 1347.0, ""self_attn.v_proj"": 589.0}","{""mlp.down_proj"": 0.0, ""mlp.gate_proj"": 0.0, ""mlp.up_proj"": 0.0, ""self_attn.o_proj"": 0.0, ""self_attn.v_proj"": 0.0}","{""mlp.down_proj"": 0.0, ""mlp.gate_proj"": 0.0, ""mlp.up_proj"": 0.0, ""self_attn.o_proj"": 0.0, ""self_attn.v_proj"": 0.0}",0.0,0.0,7,equal7,True,"mlp.down_proj,mlp.gate_proj,mlp.up_proj,self_attn.k_proj,self_attn.o_proj,self_attn.q_proj,self_attn.v_proj",,1174.0,1174.0,1174.0,0.0,0.0,0.0,"{""mlp.down_proj"": 2024.0, ""mlp.gate_proj"": 1528.0, ""mlp.up_proj"": 1933.0, ""self_attn.k_proj"": 273.0, ""self_attn.o_proj"": 1347.0, ""self_attn.q_proj"": 524.0, ""self_attn.v_proj"": 589.0}","{""mlp.down_proj"": 2024.0, ""mlp.gate_proj"": 1528.0, ""mlp.up_proj"": 1933.0, ""self_attn.k_proj"": 273.0, ""self_attn.o_proj"": 1347.0, ""self_attn.q_proj"": 524.0, ""self_attn.v_proj"": 589.0}","{""mlp.down_proj"": 0.0, ""mlp.gate_proj"": 0.0, ""mlp.up_proj"": 0.0, ""self_attn.k_proj"": 0.0, ""self_attn.o_proj"": 0.0, ""self_attn.q_proj"": 0.0, ""self_attn.v_proj"": 0.0}","{""mlp.down_proj"": 0.0, ""mlp.gate_proj"": 0.0, ""mlp.up_proj"": 0.0, ""self_attn.k_proj"": 0.0, ""self_attn.o_proj"": 0.0, ""self_attn.q_proj"": 0.0, ""self_attn.v_proj"": 0.0}",0.0,0.0,310.20000000000005,False,True
qwen,sft,10,E_if,E_ifeval,0.025,18,5,equal5_non_qk,True,"mlp.down_proj,mlp.gate_proj,mlp.up_proj,self_attn.o_proj,self_attn.v_proj","self_attn.q_proj,self_attn.k_proj",1110.0,1109.6,1110.0,0.4,-0.0003276839764663326,-0.0003604902667628794,"{""mlp.down_proj"": 1649.0, ""mlp.gate_proj"": 1005.0, ""mlp.up_proj"": 1521.0, ""self_attn.o_proj"": 969.0, ""self_attn.v_proj"": 404.0}","{""mlp.down_proj"": 1650.0, ""mlp.gate_proj"": 1005.0, ""mlp.up_proj"": 1521.0, ""self_attn.o_proj"": 970.0, ""self_attn.v_proj"": 404.0}","{""mlp.down_proj"": 1.0, ""mlp.gate_proj"": 0.0, ""mlp.up_proj"": 0.0, ""self_attn.o_proj"": 1.0, ""self_attn.v_proj"": 0.0}","{""mlp.down_proj"": -0.0006064281382656155, ""mlp.gate_proj"": 0.0, ""mlp.up_proj"": 0.0, ""self_attn.o_proj"": -0.0010319917440660474, ""self_attn.v_proj"": 0.0}",0.00017652250661959402,-0.0005042064830859266,7,equal7,True,"mlp.down_proj,mlp.gate_proj,mlp.up_proj,self_attn.k_proj,self_attn.o_proj,self_attn.q_proj,self_attn.v_proj",,840.2857142857143,840.0,840.2857142857143,0.2857142857142857,-0.00023405998319023756,-0.0003401360544218267,"{""mlp.down_proj"": 1649.0, ""mlp.gate_proj"": 1005.0, ""mlp.up_proj"": 1521.0, ""self_attn.k_proj"": 123.0, ""self_attn.o_proj"": 969.0, ""self_attn.q_proj"": 209.0, ""self_attn.v_proj"": 404.0}","{""mlp.down_proj"": 1650.0, ""mlp.gate_proj"": 1005.0, ""mlp.up_proj"": 1521.0, ""self_attn.k_proj"": 123.0, ""self_attn.o_proj"": 970.0, ""self_attn.q_proj"": 209.0, ""self_attn.v_proj"": 404.0}","{""mlp.down_proj"": 1.0, ""mlp.gate_proj"": 0.0, ""mlp.up_proj"": 0.0, ""self_attn.k_proj"": 0.0, ""self_attn.o_proj"": 1.0, ""self_attn.q_proj"": 0.0, ""self_attn.v_proj"": 0.0}","{""mlp.down_proj"": -0.0006064281382656155, ""mlp.gate_proj"": 0.0, ""mlp.up_proj"": 0.0, ""self_attn.k_proj"": 0.0, ""self_attn.o_proj"": -0.0010319917440660474, ""self_attn.q_proj"": 0.0, ""self_attn.v_proj"": 0.0}",-9.362399327609504e-05,0.11428571428571432,269.71428571428567,False,True
qwen,sft,10,E_if,E_ifeval,0.05,18,5,equal5_non_qk,True,"mlp.down_proj,mlp.gate_proj,mlp.up_proj,self_attn.o_proj,self_attn.v_proj","self_attn.q_proj,self_attn.k_proj",781.8,782.0,781.8,-0.2,0.00034246575342465754,0.00025575447570338295,"{""mlp.down_proj"": 1274.0, ""mlp.gate_proj"": 584.0, ""mlp.up_proj"": 1127.0, ""self_attn.o_proj"": 672.0, ""self_attn.v_proj"": 253.0}","{""mlp.down_proj"": 1274.0, ""mlp.gate_proj"": 583.0, ""mlp.up_proj"": 1127.0, ""self_attn.o_proj"": 672.0, ""self_attn.v_proj"": 253.0}","{""mlp.down_proj"": 0.0, ""mlp.gate_proj"": -1.0, ""mlp.up_proj"": 0.0, ""self_attn.o_proj"": 0.0, ""self_attn.v_proj"": 0.0}","{""mlp.down_proj"": 0.0, ""mlp.gate_proj"": 0.0017123287671232876, ""mlp.up_proj"": 0.0, ""self_attn.o_proj"": 0.0, ""self_attn.v_proj"": 0.0}",0.0,0.00034246575342465754,7,equal7,True,"mlp.down_proj,mlp.gate_proj,mlp.up_proj,self_attn.k_proj,self_attn.o_proj,self_attn.q_proj,self_attn.v_proj",,575.5714285714286,575.7142857142857,575.5714285714286,-0.14285714285714285,0.0002446183953033268,0.0002481389578163208,"{""mlp.down_proj"": 1274.0, ""mlp.gate_proj"": 584.0, ""mlp.up_proj"": 1127.0, ""self_attn.k_proj"": 50.0, ""self_attn.o_proj"": 672.0, ""self_attn.q_proj"": 70.0, ""self_attn.v_proj"": 253.0}","{""mlp.down_proj"": 1274.0, ""mlp.gate_proj"": 583.0, ""mlp.up_proj"": 1127.0, ""self_attn.k_proj"": 50.0, ""self_attn.o_proj"": 672.0, ""self_attn.q_proj"": 70.0, ""self_attn.v_proj"": 253.0}","{""mlp.down_proj"": 0.0, ""mlp.gate_proj"": -1.0, ""mlp.up_proj"": 0.0, ""self_attn.k_proj"": 0.0, ""self_attn.o_proj"": 0.0, ""self_attn.q_proj"": 0.0, ""self_attn.v_proj"": 0.0}","{""mlp.down_proj"": 0.0, ""mlp.gate_proj"": 0.0017123287671232876, ""mlp.up_proj"": 0.0, ""self_attn.k_proj"": 0.0, ""self_attn.o_proj"": 0.0, ""self_attn.q_proj"": 0.0, ""self_attn.v_proj"": 0.0}",9.784735812133074e-05,-0.05714285714285716,206.2285714285714,False,True
qwen,sft,10,E_if,E_ifeval,0.1,18,5,equal5_non_qk,True,"mlp.down_proj,mlp.gate_proj,mlp.up_proj,self_attn.o_proj,self_attn.v_proj","self_attn.q_proj,self_attn.k_proj",453.0,453.0,453.0,0.0,0.0,0.0,"{""mlp.down_proj"": 839.0, ""mlp.gate_proj"": 228.0, ""mlp.up_proj"": 695.0, ""self_attn.o_proj"": 387.0, ""self_attn.v_proj"": 116.0}","{""mlp.down_proj"": 839.0, ""mlp.gate_proj"": 228.0, ""mlp.up_proj"": 695.0, ""self_attn.o_proj"": 387.0, ""self_attn.v_proj"": 116.0}","{""mlp.down_proj"": 0.0, ""mlp.gate_proj"": 0.0, ""mlp.up_proj"": 0.0, ""self_attn.o_proj"": 0.0, ""self_attn.v_proj"": 0.0}","{""mlp.down_proj"": 0.0, ""mlp.gate_proj"": 0.0, ""mlp.up_proj"": 0.0, ""self_attn.o_proj"": 0.0, ""self_attn.v_proj"": 0.0}",0.0,0.0,7,equal7,True,"mlp.down_proj,mlp.gate_proj,mlp.up_proj,self_attn.k_proj,self_attn.o_proj,self_attn.q_proj,self_attn.v_proj",,327.42857142857144,327.42857142857144,327.42857142857144,0.0,0.0,0.0,"{""mlp.down_proj"": 839.0, ""mlp.gate_proj"": 228.0, ""mlp.up_proj"": 695.0, ""self_attn.k_proj"": 16.0, ""self_attn.o_proj"": 387.0, ""self_attn.q_proj"": 11.0, ""self_attn.v_proj"": 116.0}","{""mlp.down_proj"": 839.0, ""mlp.gate_proj"": 228.0, ""mlp.up_proj"": 695.0, ""self_attn.k_proj"": 16.0, ""self_attn.o_proj"": 387.0, ""self_attn.q_proj"": 11.0, ""self_attn.v_proj"": 116.0}","{""mlp.down_proj"": 0.0, ""mlp.gate_proj"": 0.0, ""mlp.up_proj"": 0.0, ""self_attn.k_proj"": 0.0, ""self_attn.o_proj"": 0.0, ""self_attn.q_proj"": 0.0, ""self_attn.v_proj"": 0.0}","{""mlp.down_proj"": 0.0, ""mlp.gate_proj"": 0.0, ""mlp.up_proj"": 0.0, ""self_attn.k_proj"": 0.0, ""self_attn.o_proj"": 0.0, ""self_attn.q_proj"": 0.0, ""self_attn.v_proj"": 0.0}",0.0,0.0,125.57142857142856,False,True
qwen,sft,10,E_math,E_mathHeld,0.01,18,5,equal5_non_qk,True,"mlp.down_proj,mlp.gate_proj,mlp.up_proj,self_attn.o_proj,self_attn.v_proj","self_attn.q_proj,self_attn.k_proj",1649.6,1649.6,1649.6,0.0,0.0,0.0,"{""mlp.down_proj"": 2176.0, ""mlp.gate_proj"": 1819.0, ""mlp.up_proj"": 2046.0, ""self_attn.o_proj"": 1520.0, ""self_attn.v_proj"": 687.0}","{""mlp.down_proj"": 2176.0, ""mlp.gate_proj"": 1819.0, ""mlp.up_proj"": 2046.0, ""self_attn.o_proj"": 1520.0, ""self_attn.v_proj"": 687.0}","{""mlp.down_proj"": 0.0, ""mlp.gate_proj"": 0.0, ""mlp.up_proj"": 0.0, ""self_attn.o_proj"": 0.0, ""self_attn.v_proj"": 0.0}","{""mlp.down_proj"": 0.0, ""mlp.gate_proj"": 0.0, ""mlp.up_proj"": 0.0, ""self_attn.o_proj"": 0.0, ""self_attn.v_proj"": 0.0}",0.0,0.0,7,equal7,True,"mlp.down_proj,mlp.gate_proj,mlp.up_proj,self_attn.k_proj,self_attn.o_proj,self_attn.q_proj,self_attn.v_proj",,1339.0,1339.0,1339.0,0.0,0.0,0.0,"{""mlp.down_proj"": 2176.0, ""mlp.gate_proj"": 1819.0, ""mlp.up_proj"": 2046.0, ""self_attn.k_proj"": 363.0, ""self_attn.o_proj"": 1520.0, ""self_attn.q_proj"": 762.0, ""self_attn.v_proj"": 687.0}","{""mlp.down_proj"": 2176.0, ""mlp.gate_proj"": 1819.0, ""mlp.up_proj"": 2046.0, ""self_attn.k_proj"": 363.0, ""self_attn.o_proj"": 1520.0, ""self_attn.q_proj"": 762.0, ""self_attn.v_proj"": 687.0}","{""mlp.down_proj"": 0.0, ""mlp.gate_proj"": 0.0, ""mlp.up_proj"": 0.0, ""self_attn.k_proj"": 0.0, ""self_attn.o_proj"": 0.0, ""self_attn.q_proj"": 0.0, ""self_attn.v_proj"": 0.0}","{""mlp.down_proj"": 0.0, ""mlp.gate_proj"": 0.0, ""mlp.up_proj"": 0.0, ""self_attn.k_proj"": 0.0, ""self_attn.o_proj"": 0.0, ""self_attn.q_proj"": 0.0, ""self_attn.v_proj"": 0.0}",0.0,0.0,310.5999999999999,False,True
qwen,sft,10,E_math,E_mathHeld,0.025,18,5,equal5_non_qk,True,"mlp.down_proj,mlp.gate_proj,mlp.up_proj,self_attn.o_proj,self_attn.v_proj","self_attn.q_proj,self_attn.k_proj",1322.2,1322.2,1322.2,0.0,0.0,0.0,"{""mlp.down_proj"": 1875.0, ""mlp.gate_proj"": 1369.0, ""mlp.up_proj"": 1691.0, ""self_attn.o_proj"": 1157.0, ""self_attn.v_proj"": 519.0}","{""mlp.down_proj"": 1875.0, ""mlp.gate_proj"": 1369.0, ""mlp.up_proj"": 1691.0, ""self_attn.o_proj"": 1157.0, ""self_attn.v_proj"": 519.0}","{""mlp.down_proj"": 0.0, ""mlp.gate_proj"": 0.0, ""mlp.up_proj"": 0.0, ""self_attn.o_proj"": 0.0, ""self_attn.v_proj"": 0.0}","{""mlp.down_proj"": 0.0, ""mlp.gate_proj"": 0.0, ""mlp.up_proj"": 0.0, ""self_attn.o_proj"": 0.0, ""self_attn.v_proj"": 0.0}",0.00017652250661959402,-0.00017652250661959402,7,equal7,True,"mlp.down_proj,mlp.gate_proj,mlp.up_proj,self_attn.k_proj,self_attn.o_proj,self_attn.q_proj,self_attn.v_proj",,1025.5714285714287,1025.5714285714287,1025.5714285714287,0.0,0.0,0.0,"{""mlp.down_proj"": 1875.0, ""mlp.gate_proj"": 1369.0, ""mlp.up_proj"": 1691.0, ""self_attn.k_proj"": 189.0, ""self_attn.o_proj"": 1157.0, ""self_attn.q_proj"": 379.0, ""self_attn.v_proj"": 519.0}","{""mlp.down_proj"": 1875.0, ""mlp.gate_proj"": 1369.0, ""mlp.up_proj"": 1691.0, ""self_attn.k_proj"": 189.0, ""self_attn.o_proj"": 1157.0, ""self_attn.q_proj"": 379.0, ""self_attn.v_proj"": 519.0}","{""mlp.down_proj"": 0.0, ""mlp.gate_proj"": 0.0, ""mlp.up_proj"": 0.0, ""self_attn.k_proj"": 0.0, ""self_attn.o_proj"": 0.0, ""self_attn.q_proj"": 0.0, ""self_attn.v_proj"": 0.0}","{""mlp.down_proj"": 0.0, ""mlp.gate_proj"": 0.0, ""mlp.up_proj"": 0.0, ""self_attn.k_proj"": 0.0, ""self_attn.o_proj"": 0.0, ""self_attn.q_proj"": 0.0, ""self_attn.v_proj"": 0.0}",0.0,0.0,296.6285714285714,False,True
qwen,sft,10,E_math,E_mathHeld,0.05,18,5,equal5_non_qk,True,"mlp.down_proj,mlp.gate_proj,mlp.up_proj,self_attn.o_proj,self_attn.v_proj","self_attn.q_proj,self_attn.k_proj",1014.2,1014.2,1014.2,0.0,0.0,0.0,"{""mlp.down_proj"": 1552.0, ""mlp.gate_proj"": 956.0, ""mlp.up_proj"": 1332.0, ""self_attn.o_proj"": 860.0, ""self_attn.v_proj"": 371.0}","{""mlp.down_proj"": 1552.0, ""mlp.gate_proj"": 956.0, ""mlp.up_proj"": 1332.0, ""self_attn.o_proj"": 860.0, ""self_attn.v_proj"": 371.0}","{""mlp.down_proj"": 0.0, ""mlp.gate_proj"": 0.0, ""mlp.up_proj"": 0.0, ""self_attn.o_proj"": 0.0, ""self_attn.v_proj"": 0.0}","{""mlp.down_proj"": 0.0, ""mlp.gate_proj"": 0.0, ""mlp.up_proj"": 0.0, ""self_attn.o_proj"": 0.0, ""self_attn.v_proj"": 0.0}",0.0,0.0,7,equal7,True,"mlp.down_proj,mlp.gate_proj,mlp.up_proj,self_attn.k_proj,self_attn.o_proj,self_attn.q_proj,self_attn.v_proj",,758.1428571428571,758.1428571428571,758.1428571428571,0.0,0.0,0.0,"{""mlp.down_proj"": 1552.0, ""mlp.gate_proj"": 956.0, ""mlp.up_proj"": 1332.0, ""self_attn.k_proj"": 82.0, ""self_attn.o_proj"": 860.0, ""self_attn.q_proj"": 154.0, ""self_attn.v_proj"": 371.0}","{""mlp.down_proj"": 1552.0, ""mlp.gate_proj"": 956.0, ""mlp.up_proj"": 1332.0, ""self_attn.k_proj"": 82.0, ""self_attn.o_proj"": 860.0, ""self_attn.q_proj"": 154.0, ""self_attn.v_proj"": 371.0}","{""mlp.down_proj"": 0.0, ""mlp.gate_proj"": 0.0, ""mlp.up_proj"": 0.0, ""self_attn.k_proj"": 0.0, ""self_attn.o_proj"": 0.0, ""self_attn.q_proj"": 0.0, ""self_attn.v_proj"": 0.0}","{""mlp.down_proj"": 0.0, ""mlp.gate_proj"": 0.0, ""mlp.up_proj"": 0.0, ""self_attn.k_proj"": 0.0, ""self_attn.o_proj"": 0.0, ""self_attn.q_proj"": 0.0, ""self_attn.v_proj"": 0.0}",0.0,0.0,256.05714285714294,False,True
qwen,sft,10,E_math,E_mathHeld,0.1,18,5,equal5_non_qk,True,"mlp.down_proj,mlp.gate_proj,mlp.up_proj,self_attn.o_proj,self_attn.v_proj","self_attn.q_proj,self_attn.k_proj",673.2,673.2,673.2,0.0,0.0,0.0,"{""mlp.down_proj"": 1147.0, ""mlp.gate_proj"": 529.0, ""mlp.up_proj"": 913.0, ""self_attn.o_proj"": 561.0, ""self_attn.v_proj"": 216.0}","{""mlp.down_proj"": 1147.0, ""mlp.gate_proj"": 529.0, ""mlp.up_proj"": 913.0, ""self_attn.o_proj"": 561.0, ""self_attn.v_proj"": 216.0}","{""mlp.down_proj"": 0.0, ""mlp.gate_proj"": 0.0, ""mlp.up_proj"": 0.0, ""self_attn.o_proj"": 0.0, ""self_attn.v_proj"": 0.0}","{""mlp.down_proj"": 0.0, ""mlp.gate_proj"": 0.0, ""mlp.up_proj"": 0.0, ""self_attn.o_proj"": 0.0, ""self_attn.v_proj"": 0.0}",0.0,0.0,7,equal7,True,"mlp.down_proj,mlp.gate_proj,mlp.up_proj,self_attn.k_proj,self_attn.o_proj,self_attn.q_proj,self_attn.v_proj",,488.7142857142857,488.7142857142857,488.7142857142857,0.0,0.0,0.0,"{""mlp.down_proj"": 1147.0, ""mlp.gate_proj"": 529.0, ""mlp.up_proj"": 913.0, ""self_attn.k_proj"": 24.0, ""self_attn.o_proj"": 561.0, ""self_attn.q_proj"": 31.0, ""self_attn.v_proj"": 216.0}","{""mlp.down_proj"": 1147.0, ""mlp.gate_proj"": 529.0, ""mlp.up_proj"": 913.0, ""self_attn.k_proj"": 24.0, ""self_attn.o_proj"": 561.0, ""self_attn.q_proj"": 31.0, ""self_attn.v_proj"": 216.0}","{""mlp.down_proj"": 0.0, ""mlp.gate_proj"": 0.0, ""mlp.up_proj"": 0.0, ""self_attn.k_proj"": 0.0, ""self_attn.o_proj"": 0.0, ""self_attn.q_proj"": 0.0, ""self_attn.v_proj"": 0.0}","{""mlp.down_proj"": 0.0, ""mlp.gate_proj"": 0.0, ""mlp.up_proj"": 0.0, ""self_attn.k_proj"": 0.0, ""self_attn.o_proj"": 0.0, ""self_attn.q_proj"": 0.0, ""self_attn.v_proj"": 0.0}",0.0,0.0,184.48571428571432,False,True
qwen,sft,10,E_ood,E_mmluPro,0.01,18,5,equal5_non_qk,True,"mlp.down_proj,mlp.gate_proj,mlp.up_proj,self_attn.o_proj,self_attn.v_proj","self_attn.q_proj,self_attn.k_proj",1610.4,1610.4,1610.4,0.0,0.0,0.0,"{""mlp.down_proj"": 2156.0, ""mlp.gate_proj"": 1667.0, ""mlp.up_proj"": 2029.0, ""self_attn.o_proj"": 1471.0, ""self_attn.v_proj"": 729.0}","{""mlp.down_proj"": 2156.0, ""mlp.gate_proj"": 1667.0, ""mlp.up_proj"": 2029.0, ""self_attn.o_proj"": 1471.0, ""self_attn.v_proj"": 729.0}","{""mlp.down_proj"": 0.0, ""mlp.gate_proj"": 0.0, ""mlp.up_proj"": 0.0, ""self_attn.o_proj"": 0.0, ""self_attn.v_proj"": 0.0}","{""mlp.down_proj"": 0.0, ""mlp.gate_proj"": 0.0, ""mlp.up_proj"": 0.0, ""self_attn.o_proj"": 0.0, ""self_attn.v_proj"": 0.0}",0.0,0.0,7,equal7,True,"mlp.down_proj,mlp.gate_proj,mlp.up_proj,self_attn.k_proj,self_attn.o_proj,self_attn.q_proj,self_attn.v_proj",,1305.5714285714287,1305.5714285714287,1305.5714285714287,0.0,0.0,0.0,"{""mlp.down_proj"": 2156.0, ""mlp.gate_proj"": 1667.0, ""mlp.up_proj"": 2029.0, ""self_attn.k_proj"": 402.0, ""self_attn.o_proj"": 1471.0, ""self_attn.q_proj"": 685.0, ""self_attn.v_proj"": 729.0}","{""mlp.down_proj"": 2156.0, ""mlp.gate_proj"": 1667.0, ""mlp.up_proj"": 2029.0, ""self_attn.k_proj"": 402.0, ""self_attn.o_proj"": 1471.0, ""self_attn.q_proj"": 685.0, ""self_attn.v_proj"": 729.0}","{""mlp.down_proj"": 0.0, ""mlp.gate_proj"": 0.0, ""mlp.up_proj"": 0.0, ""self_attn.k_proj"": 0.0, ""self_attn.o_proj"": 0.0, ""self_attn.q_proj"": 0.0, ""self_attn.v_proj"": 0.0}","{""mlp.down_proj"": 0.0, ""mlp.gate_proj"": 0.0, ""mlp.up_proj"": 0.0, ""self_attn.k_proj"": 0.0, ""self_attn.o_proj"": 0.0, ""self_attn.q_proj"": 0.0, ""self_attn.v_proj"": 0.0}",0.0,0.0,304.8285714285714,False,True
qwen,sft,10,E_ood,E_mmluPro,0.025,18,5,equal5_non_qk,True,"mlp.down_proj,mlp.gate_proj,mlp.up_proj,self_attn.o_proj,self_attn.v_proj","self_attn.q_proj,self_attn.k_proj",1268.8,1268.4,1268.8,0.4,-0.00035296452068491927,-0.00031535793125186343,"{""mlp.down_proj"": 1847.0, ""mlp.gate_proj"": 1163.0, ""mlp.up_proj"": 1655.0, ""self_attn.o_proj"": 1105.0, ""self_attn.v_proj"": 572.0}","{""mlp.down_proj"": 1847.0, ""mlp.gate_proj"": 1164.0, ""mlp.up_proj"": 1655.0, ""self_attn.o_proj"": 1106.0, ""self_attn.v_proj"": 572.0}","{""mlp.down_proj"": 0.0, ""mlp.gate_proj"": 1.0, ""mlp.up_proj"": 0.0, ""self_attn.o_proj"": 1.0, ""self_attn.v_proj"": 0.0}","{""mlp.down_proj"": 0.0, ""mlp.gate_proj"": -0.0008598452278589854, ""mlp.up_proj"": 0.0, ""self_attn.o_proj"": -0.0009049773755656109, ""self_attn.v_proj"": 0.0}",0.00017652250661959402,-0.0005294870273045133,7,equal7,True,"mlp.down_proj,mlp.gate_proj,mlp.up_proj,self_attn.k_proj,self_attn.o_proj,self_attn.q_proj,self_attn.v_proj",,984.5714285714286,984.2857142857143,984.5714285714286,0.2857142857142857,-0.00025211751477494234,-0.0002902757619738092,"{""mlp.down_proj"": 1847.0, ""mlp.gate_proj"": 1163.0, ""mlp.up_proj"": 1655.0, ""self_attn.k_proj"": 230.0, ""self_attn.o_proj"": 1105.0, ""self_attn.q_proj"": 318.0, ""self_attn.v_proj"": 572.0}","{""mlp.down_proj"": 1847.0, ""mlp.gate_proj"": 1164.0, ""mlp.up_proj"": 1655.0, ""self_attn.k_proj"": 230.0, ""self_attn.o_proj"": 1106.0, ""self_attn.q_proj"": 318.0, ""self_attn.v_proj"": 572.0}","{""mlp.down_proj"": 0.0, ""mlp.gate_proj"": 1.0, ""mlp.up_proj"": 0.0, ""self_attn.k_proj"": 0.0, ""self_attn.o_proj"": 1.0, ""self_attn.q_proj"": 0.0, ""self_attn.v_proj"": 0.0}","{""mlp.down_proj"": 0.0, ""mlp.gate_proj"": -0.0008598452278589854, ""mlp.up_proj"": 0.0, ""self_attn.k_proj"": 0.0, ""self_attn.o_proj"": -0.0009049773755656109, ""self_attn.q_proj"": 0.0, ""self_attn.v_proj"": 0.0}",-0.00010084700590997693,0.11428571428571432,284.2285714285714,False,True
qwen,sft,10,E_ood,E_mmluPro,0.05,18,5,equal5_non_qk,True,"mlp.down_proj,mlp.gate_proj,mlp.up_proj,self_attn.o_proj,self_attn.v_proj","self_attn.q_proj,self_attn.k_proj",954.8,954.4,954.8,0.4,-0.0005205113914644238,-0.00041911148365462834,"{""mlp.down_proj"": 1519.0, ""mlp.gate_proj"": 731.0, ""mlp.up_proj"": 1281.0, ""self_attn.o_proj"": 810.0, ""self_attn.v_proj"": 431.0}","{""mlp.down_proj"": 1519.0, ""mlp.gate_proj"": 732.0, ""mlp.up_proj"": 1281.0, ""self_attn.o_proj"": 811.0, ""self_attn.v_proj"": 431.0}","{""mlp.down_proj"": 0.0, ""mlp.gate_proj"": 1.0, ""mlp.up_proj"": 0.0, ""self_attn.o_proj"": 1.0, ""self_attn.v_proj"": 0.0}","{""mlp.down_proj"": 0.0, ""mlp.gate_proj"": -0.0013679890560875513, ""mlp.up_proj"": 0.0, ""self_attn.o_proj"": -0.0012345679012345679, ""self_attn.v_proj"": 0.0}",0.0,-0.0005205113914644238,7,equal7,True,"mlp.down_proj,mlp.gate_proj,mlp.up_proj,self_attn.k_proj,self_attn.o_proj,self_attn.q_proj,self_attn.v_proj",,715.8571428571429,715.5714285714286,715.8571428571429,0.2857142857142857,-0.000371793851046017,-0.0003992812936714596,"{""mlp.down_proj"": 1519.0, ""mlp.gate_proj"": 731.0, ""mlp.up_proj"": 1281.0, ""self_attn.k_proj"": 116.0, ""self_attn.o_proj"": 810.0, ""self_attn.q_proj"": 121.0, ""self_attn.v_proj"": 431.0}","{""mlp.down_proj"": 1519.0, ""mlp.gate_proj"": 732.0, ""mlp.up_proj"": 1281.0, ""self_attn.k_proj"": 116.0, ""self_attn.o_proj"": 811.0, ""self_attn.q_proj"": 121.0, ""self_attn.v_proj"": 431.0}","{""mlp.down_proj"": 0.0, ""mlp.gate_proj"": 1.0, ""mlp.up_proj"": 0.0, ""self_attn.k_proj"": 0.0, ""self_attn.o_proj"": 1.0, ""self_attn.q_proj"": 0.0, ""self_attn.v_proj"": 0.0}","{""mlp.down_proj"": 0.0, ""mlp.gate_proj"": -0.0013679890560875513, ""mlp.up_proj"": 0.0, ""self_attn.k_proj"": 0.0, ""self_attn.o_proj"": -0.0012345679012345679, ""self_attn.q_proj"": 0.0, ""self_attn.v_proj"": 0.0}",-0.00014871754041840678,0.11428571428571432,238.94285714285706,False,True
qwen,sft,10,E_ood,E_mmluPro,0.1,18,5,equal5_non_qk,True,"mlp.down_proj,mlp.gate_proj,mlp.up_proj,self_attn.o_proj,self_attn.v_proj","self_attn.q_proj,self_attn.k_proj",617.4,617.4,617.4,0.0,0.0,0.0,"{""mlp.down_proj"": 1114.0, ""mlp.gate_proj"": 327.0, ""mlp.up_proj"": 850.0, ""self_attn.o_proj"": 518.0, ""self_attn.v_proj"": 278.0}","{""mlp.down_proj"": 1114.0, ""mlp.gate_proj"": 327.0, ""mlp.up_proj"": 850.0, ""self_attn.o_proj"": 518.0, ""self_attn.v_proj"": 278.0}","{""mlp.down_proj"": 0.0, ""mlp.gate_proj"": 0.0, ""mlp.up_proj"": 0.0, ""self_attn.o_proj"": 0.0, ""self_attn.v_proj"": 0.0}","{""mlp.down_proj"": 0.0, ""mlp.gate_proj"": 0.0, ""mlp.up_proj"": 0.0, ""self_attn.o_proj"": 0.0, ""self_attn.v_proj"": 0.0}",0.0,0.0,7,equal7,True,"mlp.down_proj,mlp.gate_proj,mlp.up_proj,self_attn.k_proj,self_attn.o_proj,self_attn.q_proj,self_attn.v_proj",,450.42857142857144,450.42857142857144,450.42857142857144,0.0,0.0,0.0,"{""mlp.down_proj"": 1114.0, ""mlp.gate_proj"": 327.0, ""mlp.up_proj"": 850.0, ""self_attn.k_proj"": 40.0, ""self_attn.o_proj"": 518.0, ""self_attn.q_proj"": 26.0, ""self_attn.v_proj"": 278.0}","{""mlp.down_proj"": 1114.0, ""mlp.gate_proj"": 327.0, ""mlp.up_proj"": 850.0, ""self_attn.k_proj"": 40.0, ""self_attn.o_proj"": 518.0, ""self_attn.q_proj"": 26.0, ""self_attn.v_proj"": 278.0}","{""mlp.down_proj"": 0.0, ""mlp.gate_proj"": 0.0, ""mlp.up_proj"": 0.0, ""self_attn.k_proj"": 0.0, ""self_attn.o_proj"": 0.0, ""self_attn.q_proj"": 0.0, ""self_attn.v_proj"": 0.0}","{""mlp.down_proj"": 0.0, ""mlp.gate_proj"": 0.0, ""mlp.up_proj"": 0.0, ""self_attn.k_proj"": 0.0, ""self_attn.o_proj"": 0.0, ""self_attn.q_proj"": 0.0, ""self_attn.v_proj"": 0.0}",0.0,0.0,166.97142857142853,False,True
qwen,sft,20,E_general,E_general,0.01,18,5,equal5_non_qk,True,"mlp.down_proj,mlp.gate_proj,mlp.up_proj,self_attn.o_proj,self_attn.v_proj","self_attn.q_proj,self_attn.k_proj",1634.0,1634.4,1634.0,-0.4,0.00021320110523987212,0.0002447381302007409,"{""mlp.down_proj"": 2190.0, ""mlp.gate_proj"": 1641.0, ""mlp.up_proj"": 2064.0, ""self_attn.o_proj"": 1546.0, ""self_attn.v_proj"": 731.0}","{""mlp.down_proj"": 2189.0, ""mlp.gate_proj"": 1640.0, ""mlp.up_proj"": 2064.0, ""self_attn.o_proj"": 1546.0, ""self_attn.v_proj"": 731.0}","{""mlp.down_proj"": -1.0, ""mlp.gate_proj"": -1.0, ""mlp.up_proj"": 0.0, ""self_attn.o_proj"": 0.0, ""self_attn.v_proj"": 0.0}","{""mlp.down_proj"": 0.00045662100456621003, ""mlp.gate_proj"": 0.0006093845216331506, ""mlp.up_proj"": 0.0, ""self_attn.o_proj"": 0.0, ""self_attn.v_proj"": 0.0}",0.00021320110523987212,0.0,7,equal7,True,"mlp.down_proj,mlp.gate_proj,mlp.up_proj,self_attn.k_proj,self_attn.o_proj,self_attn.q_proj,self_attn.v_proj",,1328.0,1328.4285714285713,1328.0,-0.42857142857142855,0.000509429360885623,0.00032261533498218283,"{""mlp.down_proj"": 2190.0, ""mlp.gate_proj"": 1641.0, ""mlp.up_proj"": 2064.0, ""self_attn.k_proj"": 400.0, ""self_attn.o_proj"": 1546.0, ""self_attn.q_proj"": 727.0, ""self_attn.v_proj"": 731.0}","{""mlp.down_proj"": 2189.0, ""mlp.gate_proj"": 1640.0, ""mlp.up_proj"": 2064.0, ""self_attn.k_proj"": 399.0, ""self_attn.o_proj"": 1546.0, ""self_attn.q_proj"": 727.0, ""self_attn.v_proj"": 731.0}","{""mlp.down_proj"": -1.0, ""mlp.gate_proj"": -1.0, ""mlp.up_proj"": 0.0, ""self_attn.k_proj"": -1.0, ""self_attn.o_proj"": 0.0, ""self_attn.q_proj"": 0.0, ""self_attn.v_proj"": 0.0}","{""mlp.down_proj"": 0.00045662100456621003, ""mlp.gate_proj"": 0.0006093845216331506, ""mlp.up_proj"": 0.0, ""self_attn.k_proj"": 0.0025, ""self_attn.o_proj"": 0.0, ""self_attn.q_proj"": 0.0, ""self_attn.v_proj"": 0.0}",-0.0002962282556457508,0.028571428571428525,306.0,False,True
qwen,sft,20,E_general,E_general,0.025,18,5,equal5_non_qk,True,"mlp.down_proj,mlp.gate_proj,mlp.up_proj,self_attn.o_proj,self_attn.v_proj","self_attn.q_proj,self_attn.k_proj",1299.2,1299.6,1299.2,-0.4,0.0002937558008751626,0.00030778701138801446,"{""mlp.down_proj"": 1900.0, ""mlp.gate_proj"": 1133.0, ""mlp.up_proj"": 1706.0, ""self_attn.o_proj"": 1186.0, ""self_attn.v_proj"": 573.0}","{""mlp.down_proj"": 1900.0, ""mlp.gate_proj"": 1132.0, ""mlp.up_proj"": 1705.0, ""self_attn.o_proj"": 1186.0, ""self_attn.v_proj"": 573.0}","{""mlp.down_proj"": 0.0, ""mlp.gate_proj"": -1.0, ""mlp.up_proj"": -1.0, ""self_attn.o_proj"": 0.0, ""self_attn.v_proj"": 0.0}","{""mlp.down_proj"": 0.0, ""mlp.gate_proj"": 0.00088261253309797, ""mlp.up_proj"": 0.0005861664712778429, ""self_attn.o_proj"": 0.0, ""self_attn.v_proj"": 0.0}",0.0002937558008751626,0.0,7,equal7,True,"mlp.down_proj,mlp.gate_proj,mlp.up_proj,self_attn.k_proj,self_attn.o_proj,self_attn.q_proj,self_attn.v_proj",,1011.0,1011.2857142857143,1011.0,-0.2857142857142857,0.00020982557205368756,0.00028252578047751676,"{""mlp.down_proj"": 1900.0, ""mlp.gate_proj"": 1133.0, ""mlp.up_proj"": 1706.0, ""self_attn.k_proj"": 227.0, ""self_attn.o_proj"": 1186.0, ""self_attn.q_proj"": 354.0, ""self_attn.v_proj"": 573.0}","{""mlp.down_proj"": 1900.0, ""mlp.gate_proj"": 1132.0, ""mlp.up_proj"": 1705.0, ""self_attn.k_proj"": 227.0, ""self_attn.o_proj"": 1186.0, ""self_attn.q_proj"": 354.0, ""self_attn.v_proj"": 573.0}","{""mlp.down_proj"": 0.0, ""mlp.gate_proj"": -1.0, ""mlp.up_proj"": -1.0, ""self_attn.k_proj"": 0.0, ""self_attn.o_proj"": 0.0, ""self_attn.q_proj"": 0.0, ""self_attn.v_proj"": 0.0}","{""mlp.down_proj"": 0.0, ""mlp.gate_proj"": 0.00088261253309797, ""mlp.up_proj"": 0.0005861664712778429, ""self_attn.k_proj"": 0.0, ""self_attn.o_proj"": 0.0, ""self_attn.q_proj"": 0.0, ""self_attn.v_proj"": 0.0}",8.393022882147505e-05,-0.11428571428571432,288.20000000000005,False,True
qwen,sft,20,E_general,E_general,0.05,18,5,equal5_non_qk,True,"mlp.down_proj,mlp.gate_proj,mlp.up_proj,self_attn.o_proj,self_attn.v_proj","self_attn.q_proj,self_attn.k_proj",990.8,991.2,990.8,-0.4,0.0004110928682295732,0.0004035512510089699,"{""mlp.down_proj"": 1590.0, ""mlp.gate_proj"": 701.0, ""mlp.up_proj"": 1344.0, ""self_attn.o_proj"": 890.0, ""self_attn.v_proj"": 431.0}","{""mlp.down_proj"": 1589.0, ""mlp.gate_proj"": 700.0, ""mlp.up_proj"": 1344.0, ""self_attn.o_proj"": 890.0, ""self_attn.v_proj"": 431.0}","{""mlp.down_proj"": -1.0, ""mlp.gate_proj"": -1.0, ""mlp.up_proj"": 0.0, ""self_attn.o_proj"": 0.0, ""self_attn.v_proj"": 0.0}","{""mlp.down_proj"": 0.0006289308176100629, ""mlp.gate_proj"": 0.0014265335235378032, ""mlp.up_proj"": 0.0, ""self_attn.o_proj"": 0.0, ""self_attn.v_proj"": 0.0}",0.0004110928682295732,0.0,7,equal7,True,"mlp.down_proj,mlp.gate_proj,mlp.up_proj,self_attn.k_proj,self_attn.o_proj,self_attn.q_proj,self_attn.v_proj",,744.4285714285714,744.7142857142857,744.4285714285714,-0.2857142857142857,0.0002936377630211237,0.000383656244005284,"{""mlp.down_proj"": 1590.0, ""mlp.gate_proj"": 701.0, ""mlp.up_proj"": 1344.0, ""self_attn.k_proj"": 113.0, ""self_attn.o_proj"": 890.0, ""self_attn.q_proj"": 144.0, ""self_attn.v_proj"": 431.0}","{""mlp.down_proj"": 1589.0, ""mlp.gate_proj"": 700.0, ""mlp.up_proj"": 1344.0, ""self_attn.k_proj"": 113.0, ""self_attn.o_proj"": 890.0, ""self_attn.q_proj"": 144.0, ""self_attn.v_proj"": 431.0}","{""mlp.down_proj"": -1.0, ""mlp.gate_proj"": -1.0, ""mlp.up_proj"": 0.0, ""self_attn.k_proj"": 0.0, ""self_attn.o_proj"": 0.0, ""self_attn.q_proj"": 0.0, ""self_attn.v_proj"": 0.0}","{""mlp.down_proj"": 0.0006289308176100629, ""mlp.gate_proj"": 0.0014265335235378032, ""mlp.up_proj"": 0.0, ""self_attn.k_proj"": 0.0, ""self_attn.o_proj"": 0.0, ""self_attn.q_proj"": 0.0, ""self_attn.v_proj"": 0.0}",0.00011745510520844952,-0.11428571428571432,246.3714285714285,False,True
qwen,sft,20,E_general,E_general,0.1,18,5,equal5_non_qk,True,"mlp.down_proj,mlp.gate_proj,mlp.up_proj,self_attn.o_proj,self_attn.v_proj","self_attn.q_proj,self_attn.k_proj",657.2,657.2,657.2,0.0,0.0,0.0,"{""mlp.down_proj"": 1200.0, ""mlp.gate_proj"": 300.0, ""mlp.up_proj"": 920.0, ""self_attn.o_proj"": 589.0, ""self_attn.v_proj"": 277.0}","{""mlp.down_proj"": 1200.0, ""mlp.gate_proj"": 300.0, ""mlp.up_proj"": 920.0, ""self_attn.o_proj"": 589.0, ""self_attn.v_proj"": 277.0}","{""mlp.down_proj"": 0.0, ""mlp.gate_proj"": 0.0, ""mlp.up_proj"": 0.0, ""self_attn.o_proj"": 0.0, ""self_attn.v_proj"": 0.0}","{""mlp.down_proj"": 0.0, ""mlp.gate_proj"": 0.0, ""mlp.up_proj"": 0.0, ""self_attn.o_proj"": 0.0, ""self_attn.v_proj"": 0.0}",0.0,0.0,7,equal7,True,"mlp.down_proj,mlp.gate_proj,mlp.up_proj,self_attn.k_proj,self_attn.o_proj,self_attn.q_proj,self_attn.v_proj",,479.7142857142857,479.7142857142857,479.7142857142857,0.0,0.0,0.0,"{""mlp.down_proj"": 1200.0, ""mlp.gate_proj"": 300.0, ""mlp.up_proj"": 920.0, ""self_attn.k_proj"": 39.0, ""self_attn.o_proj"": 589.0, ""self_attn.q_proj"": 33.0, ""self_attn.v_proj"": 277.0}","{""mlp.down_proj"": 1200.0, ""mlp.gate_proj"": 300.0, ""mlp.up_proj"": 920.0, ""self_attn.k_proj"": 39.0, ""self_attn.o_proj"": 589.0, ""self_attn.q_proj"": 33.0, ""self_attn.v_proj"": 277.0}","{""mlp.down_proj"": 0.0, ""mlp.gate_proj"": 0.0, ""mlp.up_proj"": 0.0, ""self_attn.k_proj"": 0.0, ""self_attn.o_proj"": 0.0, ""self_attn.q_proj"": 0.0, ""self_attn.v_proj"": 0.0}","{""mlp.down_proj"": 0.0, ""mlp.gate_proj"": 0.0, ""mlp.up_proj"": 0.0, ""self_attn.k_proj"": 0.0, ""self_attn.o_proj"": 0.0, ""self_attn.q_proj"": 0.0, ""self_attn.v_proj"": 0.0}",0.0,0.0,177.48571428571432,False,True
qwen,sft,20,E_if,E_ifeval,0.01,18,5,equal5_non_qk,True,"mlp.down_proj,mlp.gate_proj,mlp.up_proj,self_attn.o_proj,self_attn.v_proj","self_attn.q_proj,self_attn.k_proj",1484.4,1484.2,1484.4,0.2,-0.00014847809948032666,-0.00013475272874278769,"{""mlp.down_proj"": 2024.0, ""mlp.gate_proj"": 1528.0, ""mlp.up_proj"": 1933.0, ""self_attn.o_proj"": 1347.0, ""self_attn.v_proj"": 589.0}","{""mlp.down_proj"": 2024.0, ""mlp.gate_proj"": 1528.0, ""mlp.up_proj"": 1933.0, ""self_attn.o_proj"": 1348.0, ""self_attn.v_proj"": 589.0}","{""mlp.down_proj"": 0.0, ""mlp.gate_proj"": 0.0, ""mlp.up_proj"": 0.0, ""self_attn.o_proj"": 1.0, ""self_attn.v_proj"": 0.0}","{""mlp.down_proj"": 0.0, ""mlp.gate_proj"": 0.0, ""mlp.up_proj"": 0.0, ""self_attn.o_proj"": -0.0007423904974016332, ""self_attn.v_proj"": 0.0}",0.00021320110523987212,-0.00036167920472019875,7,equal7,True,"mlp.down_proj,mlp.gate_proj,mlp.up_proj,self_attn.k_proj,self_attn.o_proj,self_attn.q_proj,self_attn.v_proj",,1174.2857142857142,1174.0,1174.2857142857142,0.2857142857142857,-0.00037868392056664553,-0.00024336821611092057,"{""mlp.down_proj"": 2024.0, ""mlp.gate_proj"": 1528.0, ""mlp.up_proj"": 1933.0, ""self_attn.k_proj"": 273.0, ""self_attn.o_proj"": 1347.0, ""self_attn.q_proj"": 524.0, ""self_attn.v_proj"": 589.0}","{""mlp.down_proj"": 2024.0, ""mlp.gate_proj"": 1528.0, ""mlp.up_proj"": 1933.0, ""self_attn.k_proj"": 273.0, ""self_attn.o_proj"": 1348.0, ""self_attn.q_proj"": 525.0, ""self_attn.v_proj"": 589.0}","{""mlp.down_proj"": 0.0, ""mlp.gate_proj"": 0.0, ""mlp.up_proj"": 0.0, ""self_attn.k_proj"": 0.0, ""self_attn.o_proj"": 1.0, ""self_attn.q_proj"": 1.0, ""self_attn.v_proj"": 0.0}","{""mlp.down_proj"": 0.0, ""mlp.gate_proj"": 0.0, ""mlp.up_proj"": 0.0, ""self_attn.k_proj"": 0.0, ""self_attn.o_proj"": -0.0007423904974016332, ""self_attn.q_proj"": -0.0019083969465648854, ""self_attn.v_proj"": 0.0}",0.00023020582108631887,-0.08571428571428569,310.11428571428587,False,True
qwen,sft,20,E_if,E_ifeval,0.025,18,5,equal5_non_qk,True,"mlp.down_proj,mlp.gate_proj,mlp.up_proj,self_attn.o_proj,self_attn.v_proj","self_attn.q_proj,self_attn.k_proj",1109.6,1109.6,1109.6,0.0,-7.393373688831381e-06,0.0,"{""mlp.down_proj"": 1649.0, ""mlp.gate_proj"": 1005.0, ""mlp.up_proj"": 1521.0, ""self_attn.o_proj"": 969.0, ""self_attn.v_proj"": 404.0}","{""mlp.down_proj"": 1649.0, ""mlp.gate_proj"": 1004.0, ""mlp.up_proj"": 1521.0, ""self_attn.o_proj"": 970.0, ""self_attn.v_proj"": 404.0}","{""mlp.down_proj"": 0.0, ""mlp.gate_proj"": -1.0, ""mlp.up_proj"": 0.0, ""self_attn.o_proj"": 1.0, ""self_attn.v_proj"": 0.0}","{""mlp.down_proj"": 0.0, ""mlp.gate_proj"": 0.0009950248756218905, ""mlp.up_proj"": 0.0, ""self_attn.o_proj"": -0.0010319917440660474, ""self_attn.v_proj"": 0.0}",0.0002937558008751626,-0.00030114917456399397,7,equal7,True,"mlp.down_proj,mlp.gate_proj,mlp.up_proj,self_attn.k_proj,self_attn.o_proj,self_attn.q_proj,self_attn.v_proj",,840.1428571428571,840.0,840.1428571428571,0.14285714285714285,-0.000688807980522781,-0.0001700680272108457,"{""mlp.down_proj"": 1649.0, ""mlp.gate_proj"": 1005.0, ""mlp.up_proj"": 1521.0, ""self_attn.k_proj"": 123.0, ""self_attn.o_proj"": 969.0, ""self_attn.q_proj"": 209.0, ""self_attn.v_proj"": 404.0}","{""mlp.down_proj"": 1649.0, ""mlp.gate_proj"": 1004.0, ""mlp.up_proj"": 1521.0, ""self_attn.k_proj"": 123.0, ""self_attn.o_proj"": 970.0, ""self_attn.q_proj"": 210.0, ""self_attn.v_proj"": 404.0}","{""mlp.down_proj"": 0.0, ""mlp.gate_proj"": -1.0, ""mlp.up_proj"": 0.0, ""self_attn.k_proj"": 0.0, ""self_attn.o_proj"": 1.0, ""self_attn.q_proj"": 1.0, ""self_attn.v_proj"": 0.0}","{""mlp.down_proj"": 0.0, ""mlp.gate_proj"": 0.0009950248756218905, ""mlp.up_proj"": 0.0, ""self_attn.k_proj"": 0.0, ""self_attn.o_proj"": -0.0010319917440660474, ""self_attn.q_proj"": -0.004784688995215311, ""self_attn.v_proj"": 0.0}",0.0006814146068339496,-0.14285714285714285,269.4571428571428,False,True
qwen,sft,20,E_if,E_ifeval,0.05,18,5,equal5_non_qk,True,"mlp.down_proj,mlp.gate_proj,mlp.up_proj,self_attn.o_proj,self_attn.v_proj","self_attn.q_proj,self_attn.k_proj",781.8,782.0,781.8,-0.2,0.00034246575342465754,0.00025575447570338295,"{""mlp.down_proj"": 1274.0, ""mlp.gate_proj"": 584.0, ""mlp.up_proj"": 1127.0, ""self_attn.o_proj"": 672.0, ""self_attn.v_proj"": 253.0}","{""mlp.down_proj"": 1274.0, ""mlp.gate_proj"": 583.0, ""mlp.up_proj"": 1127.0, ""self_attn.o_proj"": 672.0, ""self_attn.v_proj"": 253.0}","{""mlp.down_proj"": 0.0, ""mlp.gate_proj"": -1.0, ""mlp.up_proj"": 0.0, ""self_attn.o_proj"": 0.0, ""self_attn.v_proj"": 0.0}","{""mlp.down_proj"": 0.0, ""mlp.gate_proj"": 0.0017123287671232876, ""mlp.up_proj"": 0.0, ""self_attn.o_proj"": 0.0, ""self_attn.v_proj"": 0.0}",0.0004110928682295732,-6.862711480491566e-05,7,equal7,True,"mlp.down_proj,mlp.gate_proj,mlp.up_proj,self_attn.k_proj,self_attn.o_proj,self_attn.q_proj,self_attn.v_proj",,575.5714285714286,575.7142857142857,575.5714285714286,-0.14285714285714285,0.0002446183953033268,0.0002481389578163208,"{""mlp.down_proj"": 1274.0, ""mlp.gate_proj"": 584.0, ""mlp.up_proj"": 1127.0, ""self_attn.k_proj"": 50.0, ""self_attn.o_proj"": 672.0, ""self_attn.q_proj"": 70.0, ""self_attn.v_proj"": 253.0}","{""mlp.down_proj"": 1274.0, ""mlp.gate_proj"": 583.0, ""mlp.up_proj"": 1127.0, ""self_attn.k_proj"": 50.0, ""self_attn.o_proj"": 672.0, ""self_attn.q_proj"": 70.0, ""self_attn.v_proj"": 253.0}","{""mlp.down_proj"": 0.0, ""mlp.gate_proj"": -1.0, ""mlp.up_proj"": 0.0, ""self_attn.k_proj"": 0.0, ""self_attn.o_proj"": 0.0, ""self_attn.q_proj"": 0.0, ""self_attn.v_proj"": 0.0}","{""mlp.down_proj"": 0.0, ""mlp.gate_proj"": 0.0017123287671232876, ""mlp.up_proj"": 0.0, ""self_attn.k_proj"": 0.0, ""self_attn.o_proj"": 0.0, ""self_attn.q_proj"": 0.0, ""self_attn.v_proj"": 0.0}",9.784735812133074e-05,-0.05714285714285716,206.2285714285714,False,True
qwen,sft,20,E_if,E_ifeval,0.1,18,5,equal5_non_qk,True,"mlp.down_proj,mlp.gate_proj,mlp.up_proj,self_attn.o_proj,self_attn.v_proj","self_attn.q_proj,self_attn.k_proj",452.8,453.0,452.8,-0.2,0.0008771929824561403,0.0004415011037527343,"{""mlp.down_proj"": 839.0, ""mlp.gate_proj"": 228.0, ""mlp.up_proj"": 695.0, ""self_attn.o_proj"": 387.0, ""self_attn.v_proj"": 116.0}","{""mlp.down_proj"": 839.0, ""mlp.gate_proj"": 227.0, ""mlp.up_proj"": 695.0, ""self_attn.o_proj"": 387.0, ""self_attn.v_proj"": 116.0}","{""mlp.down_proj"": 0.0, ""mlp.gate_proj"": -1.0, ""mlp.up_proj"": 0.0, ""self_attn.o_proj"": 0.0, ""self_attn.v_proj"": 0.0}","{""mlp.down_proj"": 0.0, ""mlp.gate_proj"": 0.0043859649122807015, ""mlp.up_proj"": 0.0, ""self_attn.o_proj"": 0.0, ""self_attn.v_proj"": 0.0}",0.0,0.0008771929824561403,7,equal7,True,"mlp.down_proj,mlp.gate_proj,mlp.up_proj,self_attn.k_proj,self_attn.o_proj,self_attn.q_proj,self_attn.v_proj",,327.2857142857143,327.42857142857144,327.2857142857143,-0.14285714285714285,0.0006265664160401002,0.0004363001745201442,"{""mlp.down_proj"": 839.0, ""mlp.gate_proj"": 228.0, ""mlp.up_proj"": 695.0, ""self_attn.k_proj"": 16.0, ""self_attn.o_proj"": 387.0, ""self_attn.q_proj"": 11.0, ""self_attn.v_proj"": 116.0}","{""mlp.down_proj"": 839.0, ""mlp.gate_proj"": 227.0, ""mlp.up_proj"": 695.0, ""self_attn.k_proj"": 16.0, ""self_attn.o_proj"": 387.0, ""self_attn.q_proj"": 11.0, ""self_attn.v_proj"": 116.0}","{""mlp.down_proj"": 0.0, ""mlp.gate_proj"": -1.0, ""mlp.up_proj"": 0.0, ""self_attn.k_proj"": 0.0, ""self_attn.o_proj"": 0.0, ""self_attn.q_proj"": 0.0, ""self_attn.v_proj"": 0.0}","{""mlp.down_proj"": 0.0, ""mlp.gate_proj"": 0.0043859649122807015, ""mlp.up_proj"": 0.0, ""self_attn.k_proj"": 0.0, ""self_attn.o_proj"": 0.0, ""self_attn.q_proj"": 0.0, ""self_attn.v_proj"": 0.0}",0.00025062656641604004,-0.05714285714285716,125.51428571428573,False,True
qwen,sft,20,E_math,E_mathHeld,0.01,18,5,equal5_non_qk,True,"mlp.down_proj,mlp.gate_proj,mlp.up_proj,self_attn.o_proj,self_attn.v_proj","self_attn.q_proj,self_attn.k_proj",1650.2,1649.6,1650.2,0.6,-0.0005326502847716842,-0.000363724539282333,"{""mlp.down_proj"": 2176.0, ""mlp.gate_proj"": 1819.0, ""mlp.up_proj"": 2046.0, ""self_attn.o_proj"": 1520.0, ""self_attn.v_proj"": 687.0}","{""mlp.down_proj"": 2176.0, ""mlp.gate_proj"": 1820.0, ""mlp.up_proj"": 2046.0, ""self_attn.o_proj"": 1521.0, ""self_attn.v_proj"": 688.0}","{""mlp.down_proj"": 0.0, ""mlp.gate_proj"": 1.0, ""mlp.up_proj"": 0.0, ""self_attn.o_proj"": 1.0, ""self_attn.v_proj"": 1.0}","{""mlp.down_proj"": 0.0, ""mlp.gate_proj"": -0.0005497526113249038, ""mlp.up_proj"": 0.0, ""self_attn.o_proj"": -0.0006578947368421052, ""self_attn.v_proj"": -0.001455604075691412}",0.00021320110523987212,-0.0007458513900115563,7,equal7,True,"mlp.down_proj,mlp.gate_proj,mlp.up_proj,self_attn.k_proj,self_attn.o_proj,self_attn.q_proj,self_attn.v_proj",,1339.4285714285713,1339.0,1339.4285714285713,0.42857142857142855,-0.0003804644891226315,-0.000320068281233257,"{""mlp.down_proj"": 2176.0, ""mlp.gate_proj"": 1819.0, ""mlp.up_proj"": 2046.0, ""self_attn.k_proj"": 363.0, ""self_attn.o_proj"": 1520.0, ""self_attn.q_proj"": 762.0, ""self_attn.v_proj"": 687.0}","{""mlp.down_proj"": 2176.0, ""mlp.gate_proj"": 1820.0, ""mlp.up_proj"": 2046.0, ""self_attn.k_proj"": 363.0, ""self_attn.o_proj"": 1521.0, ""self_attn.q_proj"": 762.0, ""self_attn.v_proj"": 688.0}","{""mlp.down_proj"": 0.0, ""mlp.gate_proj"": 1.0, ""mlp.up_proj"": 0.0, ""self_attn.k_proj"": 0.0, ""self_attn.o_proj"": 1.0, ""self_attn.q_proj"": 0.0, ""self_attn.v_proj"": 1.0}","{""mlp.down_proj"": 0.0, ""mlp.gate_proj"": -0.0005497526113249038, ""mlp.up_proj"": 0.0, ""self_attn.k_proj"": 0.0, ""self_attn.o_proj"": -0.0006578947368421052, ""self_attn.q_proj"": 0.0, ""self_attn.v_proj"": -0.001455604075691412}",-0.00015218579564905266,0.17142857142857143,310.7714285714287,False,True
qwen,sft,20,E_math,E_mathHeld,0.025,18,5,equal5_non_qk,True,"mlp.down_proj,mlp.gate_proj,mlp.up_proj,self_attn.o_proj,self_attn.v_proj","self_attn.q_proj,self_attn.k_proj",1322.4,1322.2,1322.4,0.2,-0.00017286084701815038,-0.00015126304643778965,"{""mlp.down_proj"": 1875.0, ""mlp.gate_proj"": 1369.0, ""mlp.up_proj"": 1691.0, ""self_attn.o_proj"": 1157.0, ""self_attn.v_proj"": 519.0}","{""mlp.down_proj"": 1875.0, ""mlp.gate_proj"": 1369.0, ""mlp.up_proj"": 1691.0, ""self_attn.o_proj"": 1158.0, ""self_attn.v_proj"": 519.0}","{""mlp.down_proj"": 0.0, ""mlp.gate_proj"": 0.0, ""mlp.up_proj"": 0.0, ""self_attn.o_proj"": 1.0, ""self_attn.v_proj"": 0.0}","{""mlp.down_proj"": 0.0, ""mlp.gate_proj"": 0.0, ""mlp.up_proj"": 0.0, ""self_attn.o_proj"": -0.000864304235090752, ""self_attn.v_proj"": 0.0}",0.0002937558008751626,-0.000466616647893313,7,equal7,True,"mlp.down_proj,mlp.gate_proj,mlp.up_proj,self_attn.k_proj,self_attn.o_proj,self_attn.q_proj,self_attn.v_proj",,1025.7142857142858,1025.5714285714287,1025.7142857142858,0.14285714285714285,-0.00012347203358439315,-0.00013929516645769222,"{""mlp.down_proj"": 1875.0, ""mlp.gate_proj"": 1369.0, ""mlp.up_proj"": 1691.0, ""self_attn.k_proj"": 189.0, ""self_attn.o_proj"": 1157.0, ""self_attn.q_proj"": 379.0, ""self_attn.v_proj"": 519.0}","{""mlp.down_proj"": 1875.0, ""mlp.gate_proj"": 1369.0, ""mlp.up_proj"": 1691.0, ""self_attn.k_proj"": 189.0, ""self_attn.o_proj"": 1158.0, ""self_attn.q_proj"": 379.0, ""self_attn.v_proj"": 519.0}","{""mlp.down_proj"": 0.0, ""mlp.gate_proj"": 0.0, ""mlp.up_proj"": 0.0, ""self_attn.k_proj"": 0.0, ""self_attn.o_proj"": 1.0, ""self_attn.q_proj"": 0.0, ""self_attn.v_proj"": 0.0}","{""mlp.down_proj"": 0.0, ""mlp.gate_proj"": 0.0, ""mlp.up_proj"": 0.0, ""self_attn.k_proj"": 0.0, ""self_attn.o_proj"": -0.000864304235090752, ""self_attn.q_proj"": 0.0, ""self_attn.v_proj"": 0.0}",-4.938881343375724e-05,0.05714285714285716,296.6857142857143,False,True
qwen,sft,20,E_math,E_mathHeld,0.05,18,5,equal5_non_qk,True,"mlp.down_proj,mlp.gate_proj,mlp.up_proj,self_attn.o_proj,self_attn.v_proj","self_attn.q_proj,self_attn.k_proj",1014.8,1014.2,1014.8,0.6,-0.000591913310605536,-0.0005915992900807622,"{""mlp.down_proj"": 1552.0, ""mlp.gate_proj"": 956.0, ""mlp.up_proj"": 1332.0, ""self_attn.o_proj"": 860.0, ""self_attn.v_proj"": 371.0}","{""mlp.down_proj"": 1552.0, ""mlp.gate_proj"": 957.0, ""mlp.up_proj"": 1333.0, ""self_attn.o_proj"": 861.0, ""self_attn.v_proj"": 371.0}","{""mlp.down_proj"": 0.0, ""mlp.gate_proj"": 1.0, ""mlp.up_proj"": 1.0, ""self_attn.o_proj"": 1.0, ""self_attn.v_proj"": 0.0}","{""mlp.down_proj"": 0.0, ""mlp.gate_proj"": -0.0010460251046025104, ""mlp.up_proj"": -0.0007507507507507507, ""self_attn.o_proj"": -0.0011627906976744186, ""self_attn.v_proj"": 0.0}",0.0004110928682295732,-0.0010030061788351091,7,equal7,True,"mlp.down_proj,mlp.gate_proj,mlp.up_proj,self_attn.k_proj,self_attn.o_proj,self_attn.q_proj,self_attn.v_proj",,758.5714285714286,758.1428571428571,758.5714285714286,0.42857142857142855,-0.00042279522186109715,-0.00056529112492936,"{""mlp.down_proj"": 1552.0, ""mlp.gate_proj"": 956.0, ""mlp.up_proj"": 1332.0, ""self_attn.k_proj"": 82.0, ""self_attn.o_proj"": 860.0, ""self_attn.q_proj"": 154.0, ""self_attn.v_proj"": 371.0}","{""mlp.down_proj"": 1552.0, ""mlp.gate_proj"": 957.0, ""mlp.up_proj"": 1333.0, ""self_attn.k_proj"": 82.0, ""self_attn.o_proj"": 861.0, ""self_attn.q_proj"": 154.0, ""self_attn.v_proj"": 371.0}","{""mlp.down_proj"": 0.0, ""mlp.gate_proj"": 1.0, ""mlp.up_proj"": 1.0, ""self_attn.k_proj"": 0.0, ""self_attn.o_proj"": 1.0, ""self_attn.q_proj"": 0.0, ""self_attn.v_proj"": 0.0}","{""mlp.down_proj"": 0.0, ""mlp.gate_proj"": -0.0010460251046025104, ""mlp.up_proj"": -0.0007507507507507507, ""self_attn.k_proj"": 0.0, ""self_attn.o_proj"": -0.0011627906976744186, ""self_attn.q_proj"": 0.0, ""self_attn.v_proj"": 0.0}",-0.00016911808874443883,0.17142857142857143,256.2285714285714,False,True
qwen,sft,20,E_math,E_mathHeld,0.1,18,5,equal5_non_qk,True,"mlp.down_proj,mlp.gate_proj,mlp.up_proj,self_attn.o_proj,self_attn.v_proj","self_attn.q_proj,self_attn.k_proj",673.6,673.2,673.6,0.4,-0.0003934259666867518,-0.0005941770647652663,"{""mlp.down_proj"": 1147.0, ""mlp.gate_proj"": 529.0, ""mlp.up_proj"": 913.0, ""self_attn.o_proj"": 561.0, ""self_attn.v_proj"": 216.0}","{""mlp.down_proj"": 1148.0, ""mlp.gate_proj"": 529.0, ""mlp.up_proj"": 914.0, ""self_attn.o_proj"": 561.0, ""self_attn.v_proj"": 216.0}","{""mlp.down_proj"": 1.0, ""mlp.gate_proj"": 0.0, ""mlp.up_proj"": 1.0, ""self_attn.o_proj"": 0.0, ""self_attn.v_proj"": 0.0}","{""mlp.down_proj"": -0.0008718395815170009, ""mlp.gate_proj"": 0.0, ""mlp.up_proj"": -0.001095290251916758, ""self_attn.o_proj"": 0.0, ""self_attn.v_proj"": 0.0}",0.0,-0.0003934259666867518,7,equal7,True,"mlp.down_proj,mlp.gate_proj,mlp.up_proj,self_attn.k_proj,self_attn.o_proj,self_attn.q_proj,self_attn.v_proj",,489.0,488.7142857142857,489.0,0.2857142857142857,-0.0002810185476333941,-0.0005846243788365809,"{""mlp.down_proj"": 1147.0, ""mlp.gate_proj"": 529.0, ""mlp.up_proj"": 913.0, ""self_attn.k_proj"": 24.0, ""self_attn.o_proj"": 561.0, ""self_attn.q_proj"": 31.0, ""self_attn.v_proj"": 216.0}","{""mlp.down_proj"": 1148.0, ""mlp.gate_proj"": 529.0, ""mlp.up_proj"": 914.0, ""self_attn.k_proj"": 24.0, ""self_attn.o_proj"": 561.0, ""self_attn.q_proj"": 31.0, ""self_attn.v_proj"": 216.0}","{""mlp.down_proj"": 1.0, ""mlp.gate_proj"": 0.0, ""mlp.up_proj"": 1.0, ""self_attn.k_proj"": 0.0, ""self_attn.o_proj"": 0.0, ""self_attn.q_proj"": 0.0, ""self_attn.v_proj"": 0.0}","{""mlp.down_proj"": -0.0008718395815170009, ""mlp.gate_proj"": 0.0, ""mlp.up_proj"": -0.001095290251916758, ""self_attn.k_proj"": 0.0, ""self_attn.o_proj"": 0.0, ""self_attn.q_proj"": 0.0, ""self_attn.v_proj"": 0.0}",-0.00011240741905335768,0.11428571428571432,184.60000000000002,False,True
qwen,sft,20,E_ood,E_mmluPro,0.01,18,5,equal5_non_qk,True,"mlp.down_proj,mlp.gate_proj,mlp.up_proj,self_attn.o_proj,self_attn.v_proj","self_attn.q_proj,self_attn.k_proj",1611.0,1610.4,1611.0,0.6,-0.00035450865995328057,-0.00037257824143064396,"{""mlp.down_proj"": 2156.0, ""mlp.gate_proj"": 1667.0, ""mlp.up_proj"": 2029.0, ""self_attn.o_proj"": 1471.0, ""self_attn.v_proj"": 729.0}","{""mlp.down_proj"": 2156.0, ""mlp.gate_proj"": 1668.0, ""mlp.up_proj"": 2030.0, ""self_attn.o_proj"": 1472.0, ""self_attn.v_proj"": 729.0}","{""mlp.down_proj"": 0.0, ""mlp.gate_proj"": 1.0, ""mlp.up_proj"": 1.0, ""self_attn.o_proj"": 1.0, ""self_attn.v_proj"": 0.0}","{""mlp.down_proj"": 0.0, ""mlp.gate_proj"": -0.0005998800239952009, ""mlp.up_proj"": -0.0004928536224741252, ""self_attn.o_proj"": -0.0006798096532970768, ""self_attn.v_proj"": 0.0}",0.00021320110523987212,-0.0005677097651931527,7,equal7,True,"mlp.down_proj,mlp.gate_proj,mlp.up_proj,self_attn.k_proj,self_attn.o_proj,self_attn.q_proj,self_attn.v_proj",,1306.4285714285713,1305.5714285714287,1306.4285714285713,0.8571428571428571,-0.0010256876454311727,-0.0006565269723162966,"{""mlp.down_proj"": 2156.0, ""mlp.gate_proj"": 1667.0, ""mlp.up_proj"": 2029.0, ""self_attn.k_proj"": 402.0, ""self_attn.o_proj"": 1471.0, ""self_attn.q_proj"": 685.0, ""self_attn.v_proj"": 729.0}","{""mlp.down_proj"": 2156.0, ""mlp.gate_proj"": 1668.0, ""mlp.up_proj"": 2030.0, ""self_attn.k_proj"": 403.0, ""self_attn.o_proj"": 1472.0, ""self_attn.q_proj"": 687.0, ""self_attn.v_proj"": 729.0}","{""mlp.down_proj"": 0.0, ""mlp.gate_proj"": 1.0, ""mlp.up_proj"": 1.0, ""self_attn.k_proj"": 1.0, ""self_attn.o_proj"": 1.0, ""self_attn.q_proj"": 2.0, ""self_attn.v_proj"": 0.0}","{""mlp.down_proj"": 0.0, ""mlp.gate_proj"": -0.0005998800239952009, ""mlp.up_proj"": -0.0004928536224741252, ""self_attn.k_proj"": -0.0024875621890547263, ""self_attn.o_proj"": -0.0006798096532970768, ""self_attn.q_proj"": -0.00291970802919708, ""self_attn.v_proj"": 0.0}",0.0006711789854778921,-0.2571428571428571,304.57142857142867,False,True
qwen,sft,20,E_ood,E_mmluPro,0.025,18,5,equal5_non_qk,True,"mlp.down_proj,mlp.gate_proj,mlp.up_proj,self_attn.o_proj,self_attn.v_proj","self_attn.q_proj,self_attn.k_proj",1269.4,1268.4,1269.4,1.0,-0.0008267749628199896,-0.0007883948281299274,"{""mlp.down_proj"": 1847.0, ""mlp.gate_proj"": 1163.0, ""mlp.up_proj"": 1655.0, ""self_attn.o_proj"": 1105.0, ""self_attn.v_proj"": 572.0}","{""mlp.down_proj"": 1847.0, ""mlp.gate_proj"": 1165.0, ""mlp.up_proj"": 1656.0, ""self_attn.o_proj"": 1107.0, ""self_attn.v_proj"": 572.0}","{""mlp.down_proj"": 0.0, ""mlp.gate_proj"": 2.0, ""mlp.up_proj"": 1.0, ""self_attn.o_proj"": 2.0, ""self_attn.v_proj"": 0.0}","{""mlp.down_proj"": 0.0, ""mlp.gate_proj"": -0.0017196904557179708, ""mlp.up_proj"": -0.0006042296072507553, ""self_attn.o_proj"": -0.0018099547511312218, ""self_attn.v_proj"": 0.0}",0.0002937558008751626,-0.0011205307636951523,7,equal7,True,"mlp.down_proj,mlp.gate_proj,mlp.up_proj,self_attn.k_proj,self_attn.o_proj,self_attn.q_proj,self_attn.v_proj",,985.2857142857143,984.2857142857143,985.2857142857143,1.0,-0.0014890261414572253,-0.0010159651669085631,"{""mlp.down_proj"": 1847.0, ""mlp.gate_proj"": 1163.0, ""mlp.up_proj"": 1655.0, ""self_attn.k_proj"": 230.0, ""self_attn.o_proj"": 1105.0, ""self_attn.q_proj"": 318.0, ""self_attn.v_proj"": 572.0}","{""mlp.down_proj"": 1847.0, ""mlp.gate_proj"": 1165.0, ""mlp.up_proj"": 1656.0, ""self_attn.k_proj"": 230.0, ""self_attn.o_proj"": 1107.0, ""self_attn.q_proj"": 320.0, ""self_attn.v_proj"": 572.0}","{""mlp.down_proj"": 0.0, ""mlp.gate_proj"": 2.0, ""mlp.up_proj"": 1.0, ""self_attn.k_proj"": 0.0, ""self_attn.o_proj"": 2.0, ""self_attn.q_proj"": 2.0, ""self_attn.v_proj"": 0.0}","{""mlp.down_proj"": 0.0, ""mlp.gate_proj"": -0.0017196904557179708, ""mlp.up_proj"": -0.0006042296072507553, ""self_attn.k_proj"": 0.0, ""self_attn.o_proj"": -0.0018099547511312218, ""self_attn.q_proj"": -0.006289308176100629, ""self_attn.v_proj"": 0.0}",0.0006622511786372357,0.0,284.11428571428576,False,True
qwen,sft,20,E_ood,E_mmluPro,0.05,18,5,equal5_non_qk,True,"mlp.down_proj,mlp.gate_proj,mlp.up_proj,self_attn.o_proj,self_attn.v_proj","self_attn.q_proj,self_attn.k_proj",955.4,954.4,955.4,1.0,-0.0011971508079093316,-0.0010477787091366304,"{""mlp.down_proj"": 1519.0, ""mlp.gate_proj"": 731.0, ""mlp.up_proj"": 1281.0, ""self_attn.o_proj"": 810.0, ""self_attn.v_proj"": 431.0}","{""mlp.down_proj"": 1519.0, ""mlp.gate_proj"": 733.0, ""mlp.up_proj"": 1282.0, ""self_attn.o_proj"": 812.0, ""self_attn.v_proj"": 431.0}","{""mlp.down_proj"": 0.0, ""mlp.gate_proj"": 2.0, ""mlp.up_proj"": 1.0, ""self_attn.o_proj"": 2.0, ""self_attn.v_proj"": 0.0}","{""mlp.down_proj"": 0.0, ""mlp.gate_proj"": -0.0027359781121751026, ""mlp.up_proj"": -0.00078064012490242, ""self_attn.o_proj"": -0.0024691358024691358, ""self_attn.v_proj"": 0.0}",0.0004110928682295732,-0.0016082436761389047,7,equal7,True,"mlp.down_proj,mlp.gate_proj,mlp.up_proj,self_attn.k_proj,self_attn.o_proj,self_attn.q_proj,self_attn.v_proj",,716.4285714285714,715.5714285714286,716.4285714285714,0.8571428571428571,-0.002035745264209145,-0.00119784388101422,"{""mlp.down_proj"": 1519.0, ""mlp.gate_proj"": 731.0, ""mlp.up_proj"": 1281.0, ""self_attn.k_proj"": 116.0, ""self_attn.o_proj"": 810.0, ""self_attn.q_proj"": 121.0, ""self_attn.v_proj"": 431.0}","{""mlp.down_proj"": 1519.0, ""mlp.gate_proj"": 733.0, ""mlp.up_proj"": 1282.0, ""self_attn.k_proj"": 116.0, ""self_attn.o_proj"": 812.0, ""self_attn.q_proj"": 122.0, ""self_attn.v_proj"": 431.0}","{""mlp.down_proj"": 0.0, ""mlp.gate_proj"": 2.0, ""mlp.up_proj"": 1.0, ""self_attn.k_proj"": 0.0, ""self_attn.o_proj"": 2.0, ""self_attn.q_proj"": 1.0, ""self_attn.v_proj"": 0.0}","{""mlp.down_proj"": 0.0, ""mlp.gate_proj"": -0.0027359781121751026, ""mlp.up_proj"": -0.00078064012490242, ""self_attn.k_proj"": 0.0, ""self_attn.o_proj"": -0.0024691358024691358, ""self_attn.q_proj"": -0.008264462809917356, ""self_attn.v_proj"": 0.0}",0.0008385944562998133,0.1428571428571429,238.97142857142853,False,True
qwen,sft,20,E_ood,E_mmluPro,0.1,18,5,equal5_non_qk,True,"mlp.down_proj,mlp.gate_proj,mlp.up_proj,self_attn.o_proj,self_attn.v_proj","self_attn.q_proj,self_attn.k_proj",618.2,617.4,618.2,0.8,-0.0014125485124990027,-0.0012957563977973247,"{""mlp.down_proj"": 1114.0, ""mlp.gate_proj"": 327.0, ""mlp.up_proj"": 850.0, ""self_attn.o_proj"": 518.0, ""self_attn.v_proj"": 278.0}","{""mlp.down_proj"": 1115.0, ""mlp.gate_proj"": 328.0, ""mlp.up_proj"": 851.0, ""self_attn.o_proj"": 519.0, ""self_attn.v_proj"": 278.0}","{""mlp.down_proj"": 1.0, ""mlp.gate_proj"": 1.0, ""mlp.up_proj"": 1.0, ""self_attn.o_proj"": 1.0, ""self_attn.v_proj"": 0.0}","{""mlp.down_proj"": -0.0008976660682226212, ""mlp.gate_proj"": -0.0030581039755351682, ""mlp.up_proj"": -0.001176470588235294, ""self_attn.o_proj"": -0.0019305019305019305, ""self_attn.v_proj"": 0.0}",0.0,-0.0014125485124990027,7,equal7,True,"mlp.down_proj,mlp.gate_proj,mlp.up_proj,self_attn.k_proj,self_attn.o_proj,self_attn.q_proj,self_attn.v_proj",,451.14285714285717,450.42857142857144,451.14285714285717,0.7142857142857143,-0.004580391794642145,-0.00158579130986364,"{""mlp.down_proj"": 1114.0, ""mlp.gate_proj"": 327.0, ""mlp.up_proj"": 850.0, ""self_attn.k_proj"": 40.0, ""self_attn.o_proj"": 518.0, ""self_attn.q_proj"": 26.0, ""self_attn.v_proj"": 278.0}","{""mlp.down_proj"": 1115.0, ""mlp.gate_proj"": 328.0, ""mlp.up_proj"": 851.0, ""self_attn.k_proj"": 41.0, ""self_attn.o_proj"": 519.0, ""self_attn.q_proj"": 26.0, ""self_attn.v_proj"": 278.0}","{""mlp.down_proj"": 1.0, ""mlp.gate_proj"": 1.0, ""mlp.up_proj"": 1.0, ""self_attn.k_proj"": 1.0, ""self_attn.o_proj"": 1.0, ""self_attn.q_proj"": 0.0, ""self_attn.v_proj"": 0.0}","{""mlp.down_proj"": -0.0008976660682226212, ""mlp.gate_proj"": -0.0030581039755351682, ""mlp.up_proj"": -0.001176470588235294, ""self_attn.k_proj"": -0.025, ""self_attn.o_proj"": -0.0019305019305019305, ""self_attn.q_proj"": 0.0, ""self_attn.v_proj"": 0.0}",0.0031678432821431422,0.08571428571428574,167.05714285714288,False,True
qwen,sft,40,E_general,E_general,0.01,18,5,equal5_non_qk,True,"mlp.down_proj,mlp.gate_proj,mlp.up_proj,self_attn.o_proj,self_attn.v_proj","self_attn.q_proj,self_attn.k_proj",1634.4,1634.4,1634.4,0.0,0.0,0.0,"{""mlp.down_proj"": 2190.0, ""mlp.gate_proj"": 1641.0, ""mlp.up_proj"": 2064.0, ""self_attn.o_proj"": 1546.0, ""self_attn.v_proj"": 731.0}","{""mlp.down_proj"": 2190.0, ""mlp.gate_proj"": 1641.0, ""mlp.up_proj"": 2064.0, ""self_attn.o_proj"": 1546.0, ""self_attn.v_proj"": 731.0}","{""mlp.down_proj"": 0.0, ""mlp.gate_proj"": 0.0, ""mlp.up_proj"": 0.0, ""self_attn.o_proj"": 0.0, ""self_attn.v_proj"": 0.0}","{""mlp.down_proj"": 0.0, ""mlp.gate_proj"": 0.0, ""mlp.up_proj"": 0.0, ""self_attn.o_proj"": 0.0, ""self_attn.v_proj"": 0.0}",0.0,0.0,7,equal7,True,"mlp.down_proj,mlp.gate_proj,mlp.up_proj,self_attn.k_proj,self_attn.o_proj,self_attn.q_proj,self_attn.v_proj",,1328.7142857142858,1328.4285714285713,1328.7142857142858,0.2857142857142857,-0.00039300451955197487,-0.00021507688998829305,"{""mlp.down_proj"": 2190.0, ""mlp.gate_proj"": 1641.0, ""mlp.up_proj"": 2064.0, ""self_attn.k_proj"": 400.0, ""self_attn.o_proj"": 1546.0, ""self_attn.q_proj"": 727.0, ""self_attn.v_proj"": 731.0}","{""mlp.down_proj"": 2190.0, ""mlp.gate_proj"": 1641.0, ""mlp.up_proj"": 2064.0, ""self_attn.k_proj"": 400.0, ""self_attn.o_proj"": 1546.0, ""self_attn.q_proj"": 729.0, ""self_attn.v_proj"": 731.0}","{""mlp.down_proj"": 0.0, ""mlp.gate_proj"": 0.0, ""mlp.up_proj"": 0.0, ""self_attn.k_proj"": 0.0, ""self_attn.o_proj"": 0.0, ""self_attn.q_proj"": 2.0, ""self_attn.v_proj"": 0.0}","{""mlp.down_proj"": 0.0, ""mlp.gate_proj"": 0.0, ""mlp.up_proj"": 0.0, ""self_attn.k_proj"": 0.0, ""self_attn.o_proj"": 0.0, ""self_attn.q_proj"": -0.002751031636863824, ""self_attn.v_proj"": 0.0}",0.00039300451955197487,-0.2857142857142857,305.6857142857143,True,True
qwen,sft,40,E_general,E_general,0.025,18,5,equal5_non_qk,True,"mlp.down_proj,mlp.gate_proj,mlp.up_proj,self_attn.o_proj,self_attn.v_proj","self_attn.q_proj,self_attn.k_proj",1299.6,1299.6,1299.6,0.0,1.1970136360831734e-05,0.0,"{""mlp.down_proj"": 1900.0, ""mlp.gate_proj"": 1133.0, ""mlp.up_proj"": 1706.0, ""self_attn.o_proj"": 1186.0, ""self_attn.v_proj"": 573.0}","{""mlp.down_proj"": 1901.0, ""mlp.gate_proj"": 1133.0, ""mlp.up_proj"": 1705.0, ""self_attn.o_proj"": 1186.0, ""self_attn.v_proj"": 573.0}","{""mlp.down_proj"": 1.0, ""mlp.gate_proj"": 0.0, ""mlp.up_proj"": -1.0, ""self_attn.o_proj"": 0.0, ""self_attn.v_proj"": 0.0}","{""mlp.down_proj"": -0.0005263157894736842, ""mlp.gate_proj"": 0.0, ""mlp.up_proj"": 0.0005861664712778429, ""self_attn.o_proj"": 0.0, ""self_attn.v_proj"": 0.0}",1.1970136360831734e-05,0.0,7,equal7,True,"mlp.down_proj,mlp.gate_proj,mlp.up_proj,self_attn.k_proj,self_attn.o_proj,self_attn.q_proj,self_attn.v_proj",,1011.5714285714286,1011.2857142857143,1011.5714285714286,0.2857142857142857,-0.0007985524046171622,-0.0002825257804774043,"{""mlp.down_proj"": 1900.0, ""mlp.gate_proj"": 1133.0, ""mlp.up_proj"": 1706.0, ""self_attn.k_proj"": 227.0, ""self_attn.o_proj"": 1186.0, ""self_attn.q_proj"": 354.0, ""self_attn.v_proj"": 573.0}","{""mlp.down_proj"": 1901.0, ""mlp.gate_proj"": 1133.0, ""mlp.up_proj"": 1705.0, ""self_attn.k_proj"": 227.0, ""self_attn.o_proj"": 1186.0, ""self_attn.q_proj"": 356.0, ""self_attn.v_proj"": 573.0}","{""mlp.down_proj"": 1.0, ""mlp.gate_proj"": 0.0, ""mlp.up_proj"": -1.0, ""self_attn.k_proj"": 0.0, ""self_attn.o_proj"": 0.0, ""self_attn.q_proj"": 2.0, ""self_attn.v_proj"": 0.0}","{""mlp.down_proj"": -0.0005263157894736842, ""mlp.gate_proj"": 0.0, ""mlp.up_proj"": 0.0005861664712778429, ""self_attn.k_proj"": 0.0, ""self_attn.o_proj"": 0.0, ""self_attn.q_proj"": -0.005649717514124294, ""self_attn.v_proj"": 0.0}",0.0008105225409779939,-0.2857142857142857,288.02857142857135,True,True
qwen,sft,40,E_general,E_general,0.05,18,5,equal5_non_qk,True,"mlp.down_proj,mlp.gate_proj,mlp.up_proj,self_attn.o_proj,self_attn.v_proj","self_attn.q_proj,self_attn.k_proj",991.4,991.2,991.4,0.2,-0.00012578616352201257,-0.00020177562550437024,"{""mlp.down_proj"": 1590.0, ""mlp.gate_proj"": 701.0, ""mlp.up_proj"": 1344.0, ""self_attn.o_proj"": 890.0, ""self_attn.v_proj"": 431.0}","{""mlp.down_proj"": 1591.0, ""mlp.gate_proj"": 701.0, ""mlp.up_proj"": 1344.0, ""self_attn.o_proj"": 890.0, ""self_attn.v_proj"": 431.0}","{""mlp.down_proj"": 1.0, ""mlp.gate_proj"": 0.0, ""mlp.up_proj"": 0.0, ""self_attn.o_proj"": 0.0, ""self_attn.v_proj"": 0.0}","{""mlp.down_proj"": -0.0006289308176100629, ""mlp.gate_proj"": 0.0, ""mlp.up_proj"": 0.0, ""self_attn.o_proj"": 0.0, ""self_attn.v_proj"": 0.0}",-0.00012578616352201257,0.0,7,equal7,True,"mlp.down_proj,mlp.gate_proj,mlp.up_proj,self_attn.k_proj,self_attn.o_proj,self_attn.q_proj,self_attn.v_proj",,745.0,744.7142857142857,745.0,0.2857142857142857,-0.0010819107517220723,-0.00038365624400543664,"{""mlp.down_proj"": 1590.0, ""mlp.gate_proj"": 701.0, ""mlp.up_proj"": 1344.0, ""self_attn.k_proj"": 113.0, ""self_attn.o_proj"": 890.0, ""self_attn.q_proj"": 144.0, ""self_attn.v_proj"": 431.0}","{""mlp.down_proj"": 1591.0, ""mlp.gate_proj"": 701.0, ""mlp.up_proj"": 1344.0, ""self_attn.k_proj"": 113.0, ""self_attn.o_proj"": 890.0, ""self_attn.q_proj"": 145.0, ""self_attn.v_proj"": 431.0}","{""mlp.down_proj"": 1.0, ""mlp.gate_proj"": 0.0, ""mlp.up_proj"": 0.0, ""self_attn.k_proj"": 0.0, ""self_attn.o_proj"": 0.0, ""self_attn.q_proj"": 1.0, ""self_attn.v_proj"": 0.0}","{""mlp.down_proj"": -0.0006289308176100629, ""mlp.gate_proj"": 0.0, ""mlp.up_proj"": 0.0, ""self_attn.k_proj"": 0.0, ""self_attn.o_proj"": 0.0, ""self_attn.q_proj"": -0.006944444444444444, ""self_attn.v_proj"": 0.0}",0.0009561245882000598,-0.08571428571428569,246.39999999999998,False,True
qwen,sft,40,E_general,E_general,0.1,18,5,equal5_non_qk,True,"mlp.down_proj,mlp.gate_proj,mlp.up_proj,self_attn.o_proj,self_attn.v_proj","self_attn.q_proj,self_attn.k_proj",657.4,657.2,657.4,0.2,-0.0001666666666666667,-0.00030432136335960405,"{""mlp.down_proj"": 1200.0, ""mlp.gate_proj"": 300.0, ""mlp.up_proj"": 920.0, ""self_attn.o_proj"": 589.0, ""self_attn.v_proj"": 277.0}","{""mlp.down_proj"": 1201.0, ""mlp.gate_proj"": 300.0, ""mlp.up_proj"": 920.0, ""self_attn.o_proj"": 589.0, ""self_attn.v_proj"": 277.0}","{""mlp.down_proj"": 1.0, ""mlp.gate_proj"": 0.0, ""mlp.up_proj"": 0.0, ""self_attn.o_proj"": 0.0, ""self_attn.v_proj"": 0.0}","{""mlp.down_proj"": -0.0008333333333333334, ""mlp.gate_proj"": 0.0, ""mlp.up_proj"": 0.0, ""self_attn.o_proj"": 0.0, ""self_attn.v_proj"": 0.0}",-0.0001666666666666667,0.0,7,equal7,True,"mlp.down_proj,mlp.gate_proj,mlp.up_proj,self_attn.k_proj,self_attn.o_proj,self_attn.q_proj,self_attn.v_proj",,479.85714285714283,479.7142857142857,479.85714285714283,0.14285714285714285,-0.00011904761904761906,-0.0002977963073257214,"{""mlp.down_proj"": 1200.0, ""mlp.gate_proj"": 300.0, ""mlp.up_proj"": 920.0, ""self_attn.k_proj"": 39.0, ""self_attn.o_proj"": 589.0, ""self_attn.q_proj"": 33.0, ""self_attn.v_proj"": 277.0}","{""mlp.down_proj"": 1201.0, ""mlp.gate_proj"": 300.0, ""mlp.up_proj"": 920.0, ""self_attn.k_proj"": 39.0, ""self_attn.o_proj"": 589.0, ""self_attn.q_proj"": 33.0, ""self_attn.v_proj"": 277.0}","{""mlp.down_proj"": 1.0, ""mlp.gate_proj"": 0.0, ""mlp.up_proj"": 0.0, ""self_attn.k_proj"": 0.0, ""self_attn.o_proj"": 0.0, ""self_attn.q_proj"": 0.0, ""self_attn.v_proj"": 0.0}","{""mlp.down_proj"": -0.0008333333333333334, ""mlp.gate_proj"": 0.0, ""mlp.up_proj"": 0.0, ""self_attn.k_proj"": 0.0, ""self_attn.o_proj"": 0.0, ""self_attn.q_proj"": 0.0, ""self_attn.v_proj"": 0.0}",-4.761904761904763e-05,0.05714285714285716,177.54285714285714,False,True
qwen,sft,40,E_if,E_ifeval,0.01,18,5,equal5_non_qk,True,"mlp.down_proj,mlp.gate_proj,mlp.up_proj,self_attn.o_proj,self_attn.v_proj","self_attn.q_proj,self_attn.k_proj",1486.4,1484.2,1486.4,2.2,-0.00155998378483315,-0.0014822800161703581,"{""mlp.down_proj"": 2024.0, ""mlp.gate_proj"": 1528.0, ""mlp.up_proj"": 1933.0, ""self_attn.o_proj"": 1347.0, ""self_attn.v_proj"": 589.0}","{""mlp.down_proj"": 2027.0, ""mlp.gate_proj"": 1532.0, ""mlp.up_proj"": 1934.0, ""self_attn.o_proj"": 1349.0, ""self_attn.v_proj"": 590.0}","{""mlp.down_proj"": 3.0, ""mlp.gate_proj"": 4.0, ""mlp.up_proj"": 1.0, ""self_attn.o_proj"": 2.0, ""self_attn.v_proj"": 1.0}","{""mlp.down_proj"": -0.0014822134387351778, ""mlp.gate_proj"": -0.002617801047120419, ""mlp.up_proj"": -0.0005173305742369374, ""self_attn.o_proj"": -0.0014847809948032665, ""self_attn.v_proj"": -0.001697792869269949}",0.0,-0.00155998378483315,7,equal7,True,"mlp.down_proj,mlp.gate_proj,mlp.up_proj,self_attn.k_proj,self_attn.o_proj,self_attn.q_proj,self_attn.v_proj",,1176.4285714285713,1174.0,1176.4285714285713,2.4285714285714284,-0.003000701045713406,-0.002068629836943212,"{""mlp.down_proj"": 2024.0, ""mlp.gate_proj"": 1528.0, ""mlp.up_proj"": 1933.0, ""self_attn.k_proj"": 273.0, ""self_attn.o_proj"": 1347.0, ""self_attn.q_proj"": 524.0, ""self_attn.v_proj"": 589.0}","{""mlp.down_proj"": 2027.0, ""mlp.gate_proj"": 1532.0, ""mlp.up_proj"": 1934.0, ""self_attn.k_proj"": 274.0, ""self_attn.o_proj"": 1349.0, ""self_attn.q_proj"": 529.0, ""self_attn.v_proj"": 590.0}","{""mlp.down_proj"": 3.0, ""mlp.gate_proj"": 4.0, ""mlp.up_proj"": 1.0, ""self_attn.k_proj"": 1.0, ""self_attn.o_proj"": 2.0, ""self_attn.q_proj"": 5.0, ""self_attn.v_proj"": 1.0}","{""mlp.down_proj"": -0.0014822134387351778, ""mlp.gate_proj"": -0.002617801047120419, ""mlp.up_proj"": -0.0005173305742369374, ""self_attn.k_proj"": -0.003663003663003663, ""self_attn.o_proj"": -0.0014847809948032665, ""self_attn.q_proj"": -0.009541984732824428, ""self_attn.v_proj"": -0.001697792869269949}",0.0014407172608802558,-0.2285714285714282,309.97142857142876,False,True
qwen,sft,40,E_if,E_ifeval,0.025,18,5,equal5_non_qk,True,"mlp.down_proj,mlp.gate_proj,mlp.up_proj,self_attn.o_proj,self_attn.v_proj","self_attn.q_proj,self_attn.k_proj",1112.4,1109.6,1112.4,2.8,-0.002573279119709536,-0.002523431867339746,"{""mlp.down_proj"": 1649.0, ""mlp.gate_proj"": 1005.0, ""mlp.up_proj"": 1521.0, ""self_attn.o_proj"": 969.0, ""self_attn.v_proj"": 404.0}","{""mlp.down_proj"": 1654.0, ""mlp.gate_proj"": 1009.0, ""mlp.up_proj"": 1523.0, ""self_attn.o_proj"": 971.0, ""self_attn.v_proj"": 405.0}","{""mlp.down_proj"": 5.0, ""mlp.gate_proj"": 4.0, ""mlp.up_proj"": 2.0, ""self_attn.o_proj"": 2.0, ""self_attn.v_proj"": 1.0}","{""mlp.down_proj"": -0.0030321406913280777, ""mlp.gate_proj"": -0.003980099502487562, ""mlp.up_proj"": -0.0013149243918474688, ""self_attn.o_proj"": -0.0020639834881320948, ""self_attn.v_proj"": -0.0024752475247524753}",1.1970136360831734e-05,-0.0025852492560703676,7,equal7,True,"mlp.down_proj,mlp.gate_proj,mlp.up_proj,self_attn.k_proj,self_attn.o_proj,self_attn.q_proj,self_attn.v_proj",,842.5714285714286,840.0,842.5714285714286,2.5714285714285716,-0.005050077697858089,-0.003061224489795899,"{""mlp.down_proj"": 1649.0, ""mlp.gate_proj"": 1005.0, ""mlp.up_proj"": 1521.0, ""self_attn.k_proj"": 123.0, ""self_attn.o_proj"": 969.0, ""self_attn.q_proj"": 209.0, ""self_attn.v_proj"": 404.0}","{""mlp.down_proj"": 1654.0, ""mlp.gate_proj"": 1009.0, ""mlp.up_proj"": 1523.0, ""self_attn.k_proj"": 124.0, ""self_attn.o_proj"": 971.0, ""self_attn.q_proj"": 212.0, ""self_attn.v_proj"": 405.0}","{""mlp.down_proj"": 5.0, ""mlp.gate_proj"": 4.0, ""mlp.up_proj"": 2.0, ""self_attn.k_proj"": 1.0, ""self_attn.o_proj"": 2.0, ""self_attn.q_proj"": 3.0, ""self_attn.v_proj"": 1.0}","{""mlp.down_proj"": -0.0030321406913280777, ""mlp.gate_proj"": -0.003980099502487562, ""mlp.up_proj"": -0.0013149243918474688, ""self_attn.k_proj"": -0.008130081300813009, ""self_attn.o_proj"": -0.0020639834881320948, ""self_attn.q_proj"": -0.014354066985645933, ""self_attn.v_proj"": -0.0024752475247524753}",0.002476798578148553,0.2285714285714282,269.82857142857154,False,True
qwen,sft,40,E_if,E_ifeval,0.05,18,5,equal5_non_qk,True,"mlp.down_proj,mlp.gate_proj,mlp.up_proj,self_attn.o_proj,self_attn.v_proj","self_attn.q_proj,self_attn.k_proj",784.6,782.0,784.6,2.6,-0.0040458979107622,-0.0033248081841432517,"{""mlp.down_proj"": 1274.0, ""mlp.gate_proj"": 584.0, ""mlp.up_proj"": 1127.0, ""self_attn.o_proj"": 672.0, ""self_attn.v_proj"": 253.0}","{""mlp.down_proj"": 1279.0, ""mlp.gate_proj"": 587.0, ""mlp.up_proj"": 1129.0, ""self_attn.o_proj"": 673.0, ""self_attn.v_proj"": 255.0}","{""mlp.down_proj"": 5.0, ""mlp.gate_proj"": 3.0, ""mlp.up_proj"": 2.0, ""self_attn.o_proj"": 1.0, ""self_attn.v_proj"": 2.0}","{""mlp.down_proj"": -0.003924646781789639, ""mlp.gate_proj"": -0.005136986301369863, ""mlp.up_proj"": -0.001774622892635315, ""self_attn.o_proj"": -0.001488095238095238, ""self_attn.v_proj"": -0.007905138339920948}",-0.00012578616352201257,-0.003920111747240187,7,equal7,True,"mlp.down_proj,mlp.gate_proj,mlp.up_proj,self_attn.k_proj,self_attn.o_proj,self_attn.q_proj,self_attn.v_proj",,577.8571428571429,575.7142857142857,577.8571428571429,2.142857142857143,-0.0077878862627893276,-0.003722084367245799,"{""mlp.down_proj"": 1274.0, ""mlp.gate_proj"": 584.0, ""mlp.up_proj"": 1127.0, ""self_attn.k_proj"": 50.0, ""self_attn.o_proj"": 672.0, ""self_attn.q_proj"": 70.0, ""self_attn.v_proj"": 253.0}","{""mlp.down_proj"": 1279.0, ""mlp.gate_proj"": 587.0, ""mlp.up_proj"": 1129.0, ""self_attn.k_proj"": 51.0, ""self_attn.o_proj"": 673.0, ""self_attn.q_proj"": 71.0, ""self_attn.v_proj"": 255.0}","{""mlp.down_proj"": 5.0, ""mlp.gate_proj"": 3.0, ""mlp.up_proj"": 2.0, ""self_attn.k_proj"": 1.0, ""self_attn.o_proj"": 1.0, ""self_attn.q_proj"": 1.0, ""self_attn.v_proj"": 2.0}","{""mlp.down_proj"": -0.003924646781789639, ""mlp.gate_proj"": -0.005136986301369863, ""mlp.up_proj"": -0.001774622892635315, ""self_attn.k_proj"": -0.02, ""self_attn.o_proj"": -0.001488095238095238, ""self_attn.q_proj"": -0.014285714285714285, ""self_attn.v_proj"": -0.007905138339920948}",0.003741988352027128,0.4571428571428573,206.74285714285713,False,True
qwen,sft,40,E_if,E_ifeval,0.1,18,5,equal5_non_qk,True,"mlp.down_proj,mlp.gate_proj,mlp.up_proj,self_attn.o_proj,self_attn.v_proj","self_attn.q_proj,self_attn.k_proj",455.4,453.0,455.4,2.4,-0.0060011334658012045,-0.005298013245033062,"{""mlp.down_proj"": 839.0, ""mlp.gate_proj"": 228.0, ""mlp.up_proj"": 695.0, ""self_attn.o_proj"": 387.0, ""self_attn.v_proj"": 116.0}","{""mlp.down_proj"": 845.0, ""mlp.gate_proj"": 230.0, ""mlp.up_proj"": 697.0, ""self_attn.o_proj"": 388.0, ""self_attn.v_proj"": 117.0}","{""mlp.down_proj"": 6.0, ""mlp.gate_proj"": 2.0, ""mlp.up_proj"": 2.0, ""self_attn.o_proj"": 1.0, ""self_attn.v_proj"": 1.0}","{""mlp.down_proj"": -0.007151370679380214, ""mlp.gate_proj"": -0.008771929824561403, ""mlp.up_proj"": -0.0028776978417266188, ""self_attn.o_proj"": -0.002583979328165375, ""self_attn.v_proj"": -0.008620689655172414}",-0.0001666666666666667,-0.005834466799134538,7,equal7,True,"mlp.down_proj,mlp.gate_proj,mlp.up_proj,self_attn.k_proj,self_attn.o_proj,self_attn.q_proj,self_attn.v_proj",,329.14285714285717,327.42857142857144,329.14285714285717,1.7142857142857142,-0.004286523904143718,-0.005235602094240862,"{""mlp.down_proj"": 839.0, ""mlp.gate_proj"": 228.0, ""mlp.up_proj"": 695.0, ""self_attn.k_proj"": 16.0, ""self_attn.o_proj"": 387.0, ""self_attn.q_proj"": 11.0, ""self_attn.v_proj"": 116.0}","{""mlp.down_proj"": 845.0, ""mlp.gate_proj"": 230.0, ""mlp.up_proj"": 697.0, ""self_attn.k_proj"": 16.0, ""self_attn.o_proj"": 388.0, ""self_attn.q_proj"": 11.0, ""self_attn.v_proj"": 117.0}","{""mlp.down_proj"": 6.0, ""mlp.gate_proj"": 2.0, ""mlp.up_proj"": 2.0, ""self_attn.k_proj"": 0.0, ""self_attn.o_proj"": 1.0, ""self_attn.q_proj"": 0.0, ""self_attn.v_proj"": 1.0}","{""mlp.down_proj"": -0.007151370679380214, ""mlp.gate_proj"": -0.008771929824561403, ""mlp.up_proj"": -0.0028776978417266188, ""self_attn.k_proj"": 0.0, ""self_attn.o_proj"": -0.002583979328165375, ""self_attn.q_proj"": 0.0, ""self_attn.v_proj"": -0.008620689655172414}",-0.0017146095616574868,0.6857142857142857,126.25714285714281,False,True
qwen,sft,40,E_math,E_mathHeld,0.01,18,5,equal5_non_qk,True,"mlp.down_proj,mlp.gate_proj,mlp.up_proj,self_attn.o_proj,self_attn.v_proj","self_attn.q_proj,self_attn.k_proj",1651.6,1649.6,1651.6,2.0,-0.0012972844641051889,-0.0012124151309408342,"{""mlp.down_proj"": 2176.0, ""mlp.gate_proj"": 1819.0, ""mlp.up_proj"": 2046.0, ""self_attn.o_proj"": 1520.0, ""self_attn.v_proj"": 687.0}","{""mlp.down_proj"": 2178.0, ""mlp.gate_proj"": 1822.0, ""mlp.up_proj"": 2047.0, ""self_attn.o_proj"": 1523.0, ""self_attn.v_proj"": 688.0}","{""mlp.down_proj"": 2.0, ""mlp.gate_proj"": 3.0, ""mlp.up_proj"": 1.0, ""self_attn.o_proj"": 3.0, ""self_attn.v_proj"": 1.0}","{""mlp.down_proj"": -0.0009191176470588235, ""mlp.gate_proj"": -0.0016492578339747114, ""mlp.up_proj"": -0.0004887585532746823, ""self_attn.o_proj"": -0.001973684210526316, ""self_attn.v_proj"": -0.001455604075691412}",0.0,-0.0012972844641051889,7,equal7,True,"mlp.down_proj,mlp.gate_proj,mlp.up_proj,self_attn.k_proj,self_attn.o_proj,self_attn.q_proj,self_attn.v_proj",,1341.0,1339.0,1341.0,2.0,-0.001882607304454402,-0.0014936519790888724,"{""mlp.down_proj"": 2176.0, ""mlp.gate_proj"": 1819.0, ""mlp.up_proj"": 2046.0, ""self_attn.k_proj"": 363.0, ""self_attn.o_proj"": 1520.0, ""self_attn.q_proj"": 762.0, ""self_attn.v_proj"": 687.0}","{""mlp.down_proj"": 2178.0, ""mlp.gate_proj"": 1822.0, ""mlp.up_proj"": 2047.0, ""self_attn.k_proj"": 364.0, ""self_attn.o_proj"": 1523.0, ""self_attn.q_proj"": 765.0, ""self_attn.v_proj"": 688.0}","{""mlp.down_proj"": 2.0, ""mlp.gate_proj"": 3.0, ""mlp.up_proj"": 1.0, ""self_attn.k_proj"": 1.0, ""self_attn.o_proj"": 3.0, ""self_attn.q_proj"": 3.0, ""self_attn.v_proj"": 1.0}","{""mlp.down_proj"": -0.0009191176470588235, ""mlp.gate_proj"": -0.0016492578339747114, ""mlp.up_proj"": -0.0004887585532746823, ""self_attn.k_proj"": -0.0027548209366391185, ""self_attn.o_proj"": -0.001973684210526316, ""self_attn.q_proj"": -0.003937007874015748, ""self_attn.v_proj"": -0.001455604075691412}",0.0005853228403492131,0.0,310.5999999999999,False,True
qwen,sft,40,E_math,E_mathHeld,0.025,18,5,equal5_non_qk,True,"mlp.down_proj,mlp.gate_proj,mlp.up_proj,self_attn.o_proj,self_attn.v_proj","self_attn.q_proj,self_attn.k_proj",1324.2,1322.2,1324.2,2.0,-0.0016738216541778727,-0.0015126304643775525,"{""mlp.down_proj"": 1875.0, ""mlp.gate_proj"": 1369.0, ""mlp.up_proj"": 1691.0, ""self_attn.o_proj"": 1157.0, ""self_attn.v_proj"": 519.0}","{""mlp.down_proj"": 1877.0, ""mlp.gate_proj"": 1372.0, ""mlp.up_proj"": 1692.0, ""self_attn.o_proj"": 1160.0, ""self_attn.v_proj"": 520.0}","{""mlp.down_proj"": 2.0, ""mlp.gate_proj"": 3.0, ""mlp.up_proj"": 1.0, ""self_attn.o_proj"": 3.0, ""self_attn.v_proj"": 1.0}","{""mlp.down_proj"": -0.0010666666666666667, ""mlp.gate_proj"": -0.002191380569758948, ""mlp.up_proj"": -0.0005913660555884093, ""self_attn.o_proj"": -0.0025929127052722557, ""self_attn.v_proj"": -0.0019267822736030828}",1.1970136360831734e-05,-0.0016857917905387044,7,equal7,True,"mlp.down_proj,mlp.gate_proj,mlp.up_proj,self_attn.k_proj,self_attn.o_proj,self_attn.q_proj,self_attn.v_proj",,1027.5714285714287,1025.5714285714287,1027.5714285714287,2.0,-0.003082240120602365,-0.0019501323304081347,"{""mlp.down_proj"": 1875.0, ""mlp.gate_proj"": 1369.0, ""mlp.up_proj"": 1691.0, ""self_attn.k_proj"": 189.0, ""self_attn.o_proj"": 1157.0, ""self_attn.q_proj"": 379.0, ""self_attn.v_proj"": 519.0}","{""mlp.down_proj"": 1877.0, ""mlp.gate_proj"": 1372.0, ""mlp.up_proj"": 1692.0, ""self_attn.k_proj"": 190.0, ""self_attn.o_proj"": 1160.0, ""self_attn.q_proj"": 382.0, ""self_attn.v_proj"": 520.0}","{""mlp.down_proj"": 2.0, ""mlp.gate_proj"": 3.0, ""mlp.up_proj"": 1.0, ""self_attn.k_proj"": 1.0, ""self_attn.o_proj"": 3.0, ""self_attn.q_proj"": 3.0, ""self_attn.v_proj"": 1.0}","{""mlp.down_proj"": -0.0010666666666666667, ""mlp.gate_proj"": -0.002191380569758948, ""mlp.up_proj"": -0.0005913660555884093, ""self_attn.k_proj"": -0.005291005291005291, ""self_attn.o_proj"": -0.0025929127052722557, ""self_attn.q_proj"": -0.0079155672823219, ""self_attn.v_proj"": -0.0019267822736030828}",0.0014084184664244922,0.0,296.6285714285714,False,True
qwen,sft,40,E_math,E_mathHeld,0.05,18,5,equal5_non_qk,True,"mlp.down_proj,mlp.gate_proj,mlp.up_proj,self_attn.o_proj,self_attn.v_proj","self_attn.q_proj,self_attn.k_proj",1016.6,1014.2,1016.6,2.4,-0.0022213927407312897,-0.002366397160323385,"{""mlp.down_proj"": 1552.0, ""mlp.gate_proj"": 956.0, ""mlp.up_proj"": 1332.0, ""self_attn.o_proj"": 860.0, ""self_attn.v_proj"": 371.0}","{""mlp.down_proj"": 1555.0, ""mlp.gate_proj"": 960.0, ""mlp.up_proj"": 1334.0, ""self_attn.o_proj"": 863.0, ""self_attn.v_proj"": 371.0}","{""mlp.down_proj"": 3.0, ""mlp.gate_proj"": 4.0, ""mlp.up_proj"": 2.0, ""self_attn.o_proj"": 3.0, ""self_attn.v_proj"": 0.0}","{""mlp.down_proj"": -0.0019329896907216496, ""mlp.gate_proj"": -0.0041841004184100415, ""mlp.up_proj"": -0.0015015015015015015, ""self_attn.o_proj"": -0.0034883720930232558, ""self_attn.v_proj"": 0.0}",-0.00012578616352201257,-0.002095606577209277,7,equal7,True,"mlp.down_proj,mlp.gate_proj,mlp.up_proj,self_attn.k_proj,self_attn.o_proj,self_attn.q_proj,self_attn.v_proj",,760.2857142857143,758.1428571428571,760.2857142857143,2.142857142857143,-0.005184156948841279,-0.0028264556246468003,"{""mlp.down_proj"": 1552.0, ""mlp.gate_proj"": 956.0, ""mlp.up_proj"": 1332.0, ""self_attn.k_proj"": 82.0, ""self_attn.o_proj"": 860.0, ""self_attn.q_proj"": 154.0, ""self_attn.v_proj"": 371.0}","{""mlp.down_proj"": 1555.0, ""mlp.gate_proj"": 960.0, ""mlp.up_proj"": 1334.0, ""self_attn.k_proj"": 83.0, ""self_attn.o_proj"": 863.0, ""self_attn.q_proj"": 156.0, ""self_attn.v_proj"": 371.0}","{""mlp.down_proj"": 3.0, ""mlp.gate_proj"": 4.0, ""mlp.up_proj"": 2.0, ""self_attn.k_proj"": 1.0, ""self_attn.o_proj"": 3.0, ""self_attn.q_proj"": 2.0, ""self_attn.v_proj"": 0.0}","{""mlp.down_proj"": -0.0019329896907216496, ""mlp.gate_proj"": -0.0041841004184100415, ""mlp.up_proj"": -0.0015015015015015015, ""self_attn.k_proj"": -0.012195121951219513, ""self_attn.o_proj"": -0.0034883720930232558, ""self_attn.q_proj"": -0.012987012987012988, ""self_attn.v_proj"": 0.0}",0.002962764208109989,0.2571428571428571,256.3142857142857,False,True
qwen,sft,40,E_math,E_mathHeld,0.1,18,5,equal5_non_qk,True,"mlp.down_proj,mlp.gate_proj,mlp.up_proj,self_attn.o_proj,self_attn.v_proj","self_attn.q_proj,self_attn.k_proj",675.6,673.2,675.6,2.4,-0.003908741670569769,-0.0035650623885917663,"{""mlp.down_proj"": 1147.0, ""mlp.gate_proj"": 529.0, ""mlp.up_proj"": 913.0, ""self_attn.o_proj"": 561.0, ""self_attn.v_proj"": 216.0}","{""mlp.down_proj"": 1151.0, ""mlp.gate_proj"": 532.0, ""mlp.up_proj"": 915.0, ""self_attn.o_proj"": 563.0, ""self_attn.v_proj"": 217.0}","{""mlp.down_proj"": 4.0, ""mlp.gate_proj"": 3.0, ""mlp.up_proj"": 2.0, ""self_attn.o_proj"": 2.0, ""self_attn.v_proj"": 1.0}","{""mlp.down_proj"": -0.0034873583260680036, ""mlp.gate_proj"": -0.005671077504725898, ""mlp.up_proj"": -0.002190580503833516, ""self_attn.o_proj"": -0.0035650623885918, ""self_attn.v_proj"": -0.004629629629629629}",-0.0001666666666666667,-0.0037420750039031028,7,equal7,True,"mlp.down_proj,mlp.gate_proj,mlp.up_proj,self_attn.k_proj,self_attn.o_proj,self_attn.q_proj,self_attn.v_proj",,490.42857142857144,488.7142857142857,490.42857142857144,1.7142857142857142,-0.002791958336121264,-0.0035077462730196017,"{""mlp.down_proj"": 1147.0, ""mlp.gate_proj"": 529.0, ""mlp.up_proj"": 913.0, ""self_attn.k_proj"": 24.0, ""self_attn.o_proj"": 561.0, ""self_attn.q_proj"": 31.0, ""self_attn.v_proj"": 216.0}","{""mlp.down_proj"": 1151.0, ""mlp.gate_proj"": 532.0, ""mlp.up_proj"": 915.0, ""self_attn.k_proj"": 24.0, ""self_attn.o_proj"": 563.0, ""self_attn.q_proj"": 31.0, ""self_attn.v_proj"": 217.0}","{""mlp.down_proj"": 4.0, ""mlp.gate_proj"": 3.0, ""mlp.up_proj"": 2.0, ""self_attn.k_proj"": 0.0, ""self_attn.o_proj"": 2.0, ""self_attn.q_proj"": 0.0, ""self_attn.v_proj"": 1.0}","{""mlp.down_proj"": -0.0034873583260680036, ""mlp.gate_proj"": -0.005671077504725898, ""mlp.up_proj"": -0.002190580503833516, ""self_attn.k_proj"": 0.0, ""self_attn.o_proj"": -0.0035650623885918, ""self_attn.q_proj"": 0.0, ""self_attn.v_proj"": -0.004629629629629629}",-0.0011167833344485054,0.6857142857142857,185.17142857142858,False,True
qwen,sft,40,E_ood,E_mmluPro,0.01,18,5,equal5_non_qk,True,"mlp.down_proj,mlp.gate_proj,mlp.up_proj,self_attn.o_proj,self_attn.v_proj","self_attn.q_proj,self_attn.k_proj",1612.6,1610.4,1612.6,2.2,-0.001462223640983506,-0.001366120218579122,"{""mlp.down_proj"": 2156.0, ""mlp.gate_proj"": 1667.0, ""mlp.up_proj"": 2029.0, ""self_attn.o_proj"": 1471.0, ""self_attn.v_proj"": 729.0}","{""mlp.down_proj"": 2158.0, ""mlp.gate_proj"": 1670.0, ""mlp.up_proj"": 2030.0, ""self_attn.o_proj"": 1475.0, ""self_attn.v_proj"": 730.0}","{""mlp.down_proj"": 2.0, ""mlp.gate_proj"": 3.0, ""mlp.up_proj"": 1.0, ""self_attn.o_proj"": 4.0, ""self_attn.v_proj"": 1.0}","{""mlp.down_proj"": -0.0009276437847866419, ""mlp.gate_proj"": -0.001799640071985603, ""mlp.up_proj"": -0.0004928536224741252, ""self_attn.o_proj"": -0.002719238613188307, ""self_attn.v_proj"": -0.0013717421124828531}",0.0,-0.001462223640983506,7,equal7,True,"mlp.down_proj,mlp.gate_proj,mlp.up_proj,self_attn.k_proj,self_attn.o_proj,self_attn.q_proj,self_attn.v_proj",,1308.142857142857,1305.5714285714287,1308.142857142857,2.5714285714285716,-0.002797930379431383,-0.001969580916949238,"{""mlp.down_proj"": 2156.0, ""mlp.gate_proj"": 1667.0, ""mlp.up_proj"": 2029.0, ""self_attn.k_proj"": 402.0, ""self_attn.o_proj"": 1471.0, ""self_attn.q_proj"": 685.0, ""self_attn.v_proj"": 729.0}","{""mlp.down_proj"": 2158.0, ""mlp.gate_proj"": 1670.0, ""mlp.up_proj"": 2030.0, ""self_attn.k_proj"": 404.0, ""self_attn.o_proj"": 1475.0, ""self_attn.q_proj"": 690.0, ""self_attn.v_proj"": 730.0}","{""mlp.down_proj"": 2.0, ""mlp.gate_proj"": 3.0, ""mlp.up_proj"": 1.0, ""self_attn.k_proj"": 2.0, ""self_attn.o_proj"": 4.0, ""self_attn.q_proj"": 5.0, ""self_attn.v_proj"": 1.0}","{""mlp.down_proj"": -0.0009276437847866419, ""mlp.gate_proj"": -0.001799640071985603, ""mlp.up_proj"": -0.0004928536224741252, ""self_attn.k_proj"": -0.004975124378109453, ""self_attn.o_proj"": -0.002719238613188307, ""self_attn.q_proj"": -0.0072992700729927005, ""self_attn.v_proj"": -0.0013717421124828531}",0.0013357067384478772,-0.37142857142857144,304.4571428571428,False,True
qwen,sft,40,E_ood,E_mmluPro,0.025,18,5,equal5_non_qk,True,"mlp.down_proj,mlp.gate_proj,mlp.up_proj,self_attn.o_proj,self_attn.v_proj","self_attn.q_proj,self_attn.k_proj",1271.0,1268.4,1271.0,2.6,-0.0022197676818956347,-0.0020498265531377394,"{""mlp.down_proj"": 1847.0, ""mlp.gate_proj"": 1163.0, ""mlp.up_proj"": 1655.0, ""self_attn.o_proj"": 1105.0, ""self_attn.v_proj"": 572.0}","{""mlp.down_proj"": 1849.0, ""mlp.gate_proj"": 1167.0, ""mlp.up_proj"": 1657.0, ""self_attn.o_proj"": 1109.0, ""self_attn.v_proj"": 573.0}","{""mlp.down_proj"": 2.0, ""mlp.gate_proj"": 4.0, ""mlp.up_proj"": 2.0, ""self_attn.o_proj"": 4.0, ""self_attn.v_proj"": 1.0}","{""mlp.down_proj"": -0.0010828370330265296, ""mlp.gate_proj"": -0.0034393809114359416, ""mlp.up_proj"": -0.0012084592145015106, ""self_attn.o_proj"": -0.0036199095022624436, ""self_attn.v_proj"": -0.0017482517482517483}",1.1970136360831734e-05,-0.002231737818256466,7,equal7,True,"mlp.down_proj,mlp.gate_proj,mlp.up_proj,self_attn.k_proj,self_attn.o_proj,self_attn.q_proj,self_attn.v_proj",,986.8571428571429,984.2857142857143,986.8571428571429,2.5714285714285716,-0.004003611549805136,-0.00261248185776486,"{""mlp.down_proj"": 1847.0, ""mlp.gate_proj"": 1163.0, ""mlp.up_proj"": 1655.0, ""self_attn.k_proj"": 230.0, ""self_attn.o_proj"": 1105.0, ""self_attn.q_proj"": 318.0, ""self_attn.v_proj"": 572.0}","{""mlp.down_proj"": 1849.0, ""mlp.gate_proj"": 1167.0, ""mlp.up_proj"": 1657.0, ""self_attn.k_proj"": 231.0, ""self_attn.o_proj"": 1109.0, ""self_attn.q_proj"": 322.0, ""self_attn.v_proj"": 573.0}","{""mlp.down_proj"": 2.0, ""mlp.gate_proj"": 4.0, ""mlp.up_proj"": 2.0, ""self_attn.k_proj"": 1.0, ""self_attn.o_proj"": 4.0, ""self_attn.q_proj"": 4.0, ""self_attn.v_proj"": 1.0}","{""mlp.down_proj"": -0.0010828370330265296, ""mlp.gate_proj"": -0.0034393809114359416, ""mlp.up_proj"": -0.0012084592145015106, ""self_attn.k_proj"": -0.004347826086956522, ""self_attn.o_proj"": -0.0036199095022624436, ""self_attn.q_proj"": -0.012578616352201259, ""self_attn.v_proj"": -0.0017482517482517483}",0.0017838438679095014,0.02857142857142847,284.1428571428571,False,True
qwen,sft,40,E_ood,E_mmluPro,0.05,18,5,equal5_non_qk,True,"mlp.down_proj,mlp.gate_proj,mlp.up_proj,self_attn.o_proj,self_attn.v_proj","self_attn.q_proj,self_attn.k_proj",957.2,954.4,957.2,2.8,-0.0032533354471492642,-0.0029337803855826365,"{""mlp.down_proj"": 1519.0, ""mlp.gate_proj"": 731.0, ""mlp.up_proj"": 1281.0, ""self_attn.o_proj"": 810.0, ""self_attn.v_proj"": 431.0}","{""mlp.down_proj"": 1522.0, ""mlp.gate_proj"": 735.0, ""mlp.up_proj"": 1283.0, ""self_attn.o_proj"": 814.0, ""self_attn.v_proj"": 432.0}","{""mlp.down_proj"": 3.0, ""mlp.gate_proj"": 4.0, ""mlp.up_proj"": 2.0, ""self_attn.o_proj"": 4.0, ""self_attn.v_proj"": 1.0}","{""mlp.down_proj"": -0.0019749835418038184, ""mlp.gate_proj"": -0.005471956224350205, ""mlp.up_proj"": -0.00156128024980484, ""self_attn.o_proj"": -0.0049382716049382715, ""self_attn.v_proj"": -0.002320185614849188}",-0.00012578616352201257,-0.0031275492836272518,7,equal7,True,"mlp.down_proj,mlp.gate_proj,mlp.up_proj,self_attn.k_proj,self_attn.o_proj,self_attn.q_proj,self_attn.v_proj",,718.0,715.5714285714286,718.0,2.4285714285714284,-0.005916613215821921,-0.0033938909962068506,"{""mlp.down_proj"": 1519.0, ""mlp.gate_proj"": 731.0, ""mlp.up_proj"": 1281.0, ""self_attn.k_proj"": 116.0, ""self_attn.o_proj"": 810.0, ""self_attn.q_proj"": 121.0, ""self_attn.v_proj"": 431.0}","{""mlp.down_proj"": 1522.0, ""mlp.gate_proj"": 735.0, ""mlp.up_proj"": 1283.0, ""self_attn.k_proj"": 117.0, ""self_attn.o_proj"": 814.0, ""self_attn.q_proj"": 123.0, ""self_attn.v_proj"": 432.0}","{""mlp.down_proj"": 3.0, ""mlp.gate_proj"": 4.0, ""mlp.up_proj"": 2.0, ""self_attn.k_proj"": 1.0, ""self_attn.o_proj"": 4.0, ""self_attn.q_proj"": 2.0, ""self_attn.v_proj"": 1.0}","{""mlp.down_proj"": -0.0019749835418038184, ""mlp.gate_proj"": -0.005471956224350205, ""mlp.up_proj"": -0.00156128024980484, ""self_attn.k_proj"": -0.008620689655172414, ""self_attn.o_proj"": -0.0049382716049382715, ""self_attn.q_proj"": -0.01652892561983471, ""self_attn.v_proj"": -0.002320185614849188}",0.002663277768672657,0.37142857142857144,239.20000000000005,False,True
qwen,sft,40,E_ood,E_mmluPro,0.1,18,5,equal5_non_qk,True,"mlp.down_proj,mlp.gate_proj,mlp.up_proj,self_attn.o_proj,self_attn.v_proj","self_attn.q_proj,self_attn.k_proj",620.2,617.4,620.2,2.8,-0.005136603211573188,-0.00453514739229036,"{""mlp.down_proj"": 1114.0, ""mlp.gate_proj"": 327.0, ""mlp.up_proj"": 850.0, ""self_attn.o_proj"": 518.0, ""self_attn.v_proj"": 278.0}","{""mlp.down_proj"": 1118.0, ""mlp.gate_proj"": 330.0, ""mlp.up_proj"": 853.0, ""self_attn.o_proj"": 521.0, ""self_attn.v_proj"": 279.0}","{""mlp.down_proj"": 4.0, ""mlp.gate_proj"": 3.0, ""mlp.up_proj"": 3.0, ""self_attn.o_proj"": 3.0, ""self_attn.v_proj"": 1.0}","{""mlp.down_proj"": -0.003590664272890485, ""mlp.gate_proj"": -0.009174311926605505, ""mlp.up_proj"": -0.0035294117647058825, ""self_attn.o_proj"": -0.005791505791505791, ""self_attn.v_proj"": -0.0035971223021582736}",-0.0001666666666666667,-0.004969936544906521,7,equal7,True,"mlp.down_proj,mlp.gate_proj,mlp.up_proj,self_attn.k_proj,self_attn.o_proj,self_attn.q_proj,self_attn.v_proj",,452.7142857142857,450.42857142857144,452.7142857142857,2.2857142857142856,-0.012734936359914914,-0.005074532191563572,"{""mlp.down_proj"": 1114.0, ""mlp.gate_proj"": 327.0, ""mlp.up_proj"": 850.0, ""self_attn.k_proj"": 40.0, ""self_attn.o_proj"": 518.0, ""self_attn.q_proj"": 26.0, ""self_attn.v_proj"": 278.0}","{""mlp.down_proj"": 1118.0, ""mlp.gate_proj"": 330.0, ""mlp.up_proj"": 853.0, ""self_attn.k_proj"": 41.0, ""self_attn.o_proj"": 521.0, ""self_attn.q_proj"": 27.0, ""self_attn.v_proj"": 279.0}","{""mlp.down_proj"": 4.0, ""mlp.gate_proj"": 3.0, ""mlp.up_proj"": 3.0, ""self_attn.k_proj"": 1.0, ""self_attn.o_proj"": 3.0, ""self_attn.q_proj"": 1.0, ""self_attn.v_proj"": 1.0}","{""mlp.down_proj"": -0.003590664272890485, ""mlp.gate_proj"": -0.009174311926605505, ""mlp.up_proj"": -0.0035294117647058825, ""self_attn.k_proj"": -0.025, ""self_attn.o_proj"": -0.005791505791505791, ""self_attn.q_proj"": -0.038461538461538464, ""self_attn.v_proj"": -0.0035971223021582736}",0.007598333148341727,0.5142857142857142,167.48571428571432,False,True
qwen,sft,80,E_general,E_general,0.01,18,5,equal5_non_qk,True,"mlp.down_proj,mlp.gate_proj,mlp.up_proj,self_attn.o_proj,self_attn.v_proj","self_attn.q_proj,self_attn.k_proj",1634.0,1634.4,1634.0,-0.4,0.00041045311905129413,0.0002447381302007409,"{""mlp.down_proj"": 2190.0, ""mlp.gate_proj"": 1641.0, ""mlp.up_proj"": 2064.0, ""self_attn.o_proj"": 1546.0, ""self_attn.v_proj"": 731.0}","{""mlp.down_proj"": 2190.0, ""mlp.gate_proj"": 1642.0, ""mlp.up_proj"": 2064.0, ""self_attn.o_proj"": 1544.0, ""self_attn.v_proj"": 730.0}","{""mlp.down_proj"": 0.0, ""mlp.gate_proj"": 1.0, ""mlp.up_proj"": 0.0, ""self_attn.o_proj"": -2.0, ""self_attn.v_proj"": -1.0}","{""mlp.down_proj"": 0.0, ""mlp.gate_proj"": -0.0006093845216331506, ""mlp.up_proj"": 0.0, ""self_attn.o_proj"": 0.00129366106080207, ""self_attn.v_proj"": 0.0013679890560875513}",0.00041045311905129413,0.0,7,equal7,True,"mlp.down_proj,mlp.gate_proj,mlp.up_proj,self_attn.k_proj,self_attn.o_proj,self_attn.q_proj,self_attn.v_proj",,1328.0,1328.4285714285713,1328.0,-0.42857142857142855,0.0006503236564652101,0.00032261533498218283,"{""mlp.down_proj"": 2190.0, ""mlp.gate_proj"": 1641.0, ""mlp.up_proj"": 2064.0, ""self_attn.k_proj"": 400.0, ""self_attn.o_proj"": 1546.0, ""self_attn.q_proj"": 727.0, ""self_attn.v_proj"": 731.0}","{""mlp.down_proj"": 2190.0, ""mlp.gate_proj"": 1642.0, ""mlp.up_proj"": 2064.0, ""self_attn.k_proj"": 399.0, ""self_attn.o_proj"": 1544.0, ""self_attn.q_proj"": 727.0, ""self_attn.v_proj"": 730.0}","{""mlp.down_proj"": 0.0, ""mlp.gate_proj"": 1.0, ""mlp.up_proj"": 0.0, ""self_attn.k_proj"": -1.0, ""self_attn.o_proj"": -2.0, ""self_attn.q_proj"": 0.0, ""self_attn.v_proj"": -1.0}","{""mlp.down_proj"": 0.0, ""mlp.gate_proj"": -0.0006093845216331506, ""mlp.up_proj"": 0.0, ""self_attn.k_proj"": 0.0025, ""self_attn.o_proj"": 0.00129366106080207, ""self_attn.q_proj"": 0.0, ""self_attn.v_proj"": 0.0013679890560875513}",-0.00023987053741391593,0.028571428571428525,306.0,False,True
qwen,sft,80,E_general,E_general,0.025,18,5,equal5_non_qk,True,"mlp.down_proj,mlp.gate_proj,mlp.up_proj,self_attn.o_proj,self_attn.v_proj","self_attn.q_proj,self_attn.k_proj",1299.4,1299.6,1299.4,-0.2,0.00034115169707740615,0.00015389350569391976,"{""mlp.down_proj"": 1900.0, ""mlp.gate_proj"": 1133.0, ""mlp.up_proj"": 1706.0, ""self_attn.o_proj"": 1186.0, ""self_attn.v_proj"": 573.0}","{""mlp.down_proj"": 1900.0, ""mlp.gate_proj"": 1134.0, ""mlp.up_proj"": 1706.0, ""self_attn.o_proj"": 1185.0, ""self_attn.v_proj"": 572.0}","{""mlp.down_proj"": 0.0, ""mlp.gate_proj"": 1.0, ""mlp.up_proj"": 0.0, ""self_attn.o_proj"": -1.0, ""self_attn.v_proj"": -1.0}","{""mlp.down_proj"": 0.0, ""mlp.gate_proj"": -0.00088261253309797, ""mlp.up_proj"": 0.0, ""self_attn.o_proj"": 0.0008431703204047217, ""self_attn.v_proj"": 0.0017452006980802793}",0.00034115169707740615,0.0,7,equal7,True,"mlp.down_proj,mlp.gate_proj,mlp.up_proj,self_attn.k_proj,self_attn.o_proj,self_attn.q_proj,self_attn.v_proj",,1011.1428571428571,1011.2857142857143,1011.1428571428571,-0.14285714285714285,0.0002436797836267187,0.00014126289023881457,"{""mlp.down_proj"": 1900.0, ""mlp.gate_proj"": 1133.0, ""mlp.up_proj"": 1706.0, ""self_attn.k_proj"": 227.0, ""self_attn.o_proj"": 1186.0, ""self_attn.q_proj"": 354.0, ""self_attn.v_proj"": 573.0}","{""mlp.down_proj"": 1900.0, ""mlp.gate_proj"": 1134.0, ""mlp.up_proj"": 1706.0, ""self_attn.k_proj"": 227.0, ""self_attn.o_proj"": 1185.0, ""self_attn.q_proj"": 354.0, ""self_attn.v_proj"": 572.0}","{""mlp.down_proj"": 0.0, ""mlp.gate_proj"": 1.0, ""mlp.up_proj"": 0.0, ""self_attn.k_proj"": 0.0, ""self_attn.o_proj"": -1.0, ""self_attn.q_proj"": 0.0, ""self_attn.v_proj"": -1.0}","{""mlp.down_proj"": 0.0, ""mlp.gate_proj"": -0.00088261253309797, ""mlp.up_proj"": 0.0, ""self_attn.k_proj"": 0.0, ""self_attn.o_proj"": 0.0008431703204047217, ""self_attn.q_proj"": 0.0, ""self_attn.v_proj"": 0.0017452006980802793}",9.747191345068745e-05,-0.05714285714285716,288.257142857143,False,True
qwen,sft,80,E_general,E_general,0.05,18,5,equal5_non_qk,True,"mlp.down_proj,mlp.gate_proj,mlp.up_proj,self_attn.o_proj,self_attn.v_proj","self_attn.q_proj,self_attn.k_proj",990.4,991.2,990.4,-0.8,0.001354489087899355,0.0008071025020178251,"{""mlp.down_proj"": 1590.0, ""mlp.gate_proj"": 701.0, ""mlp.up_proj"": 1344.0, ""self_attn.o_proj"": 890.0, ""self_attn.v_proj"": 431.0}","{""mlp.down_proj"": 1589.0, ""mlp.gate_proj"": 701.0, ""mlp.up_proj"": 1345.0, ""self_attn.o_proj"": 888.0, ""self_attn.v_proj"": 429.0}","{""mlp.down_proj"": -1.0, ""mlp.gate_proj"": 0.0, ""mlp.up_proj"": 1.0, ""self_attn.o_proj"": -2.0, ""self_attn.v_proj"": -2.0}","{""mlp.down_proj"": 0.0006289308176100629, ""mlp.gate_proj"": 0.0, ""mlp.up_proj"": -0.000744047619047619, ""self_attn.o_proj"": 0.0022471910112359553, ""self_attn.v_proj"": 0.004640371229698376}",0.001354489087899355,0.0,7,equal7,True,"mlp.down_proj,mlp.gate_proj,mlp.up_proj,self_attn.k_proj,self_attn.o_proj,self_attn.q_proj,self_attn.v_proj",,744.1428571428571,744.7142857142857,744.1428571428571,-0.5714285714285714,0.0009674922056423965,0.0007673124880107206,"{""mlp.down_proj"": 1590.0, ""mlp.gate_proj"": 701.0, ""mlp.up_proj"": 1344.0, ""self_attn.k_proj"": 113.0, ""self_attn.o_proj"": 890.0, ""self_attn.q_proj"": 144.0, ""self_attn.v_proj"": 431.0}","{""mlp.down_proj"": 1589.0, ""mlp.gate_proj"": 701.0, ""mlp.up_proj"": 1345.0, ""self_attn.k_proj"": 113.0, ""self_attn.o_proj"": 888.0, ""self_attn.q_proj"": 144.0, ""self_attn.v_proj"": 429.0}","{""mlp.down_proj"": -1.0, ""mlp.gate_proj"": 0.0, ""mlp.up_proj"": 1.0, ""self_attn.k_proj"": 0.0, ""self_attn.o_proj"": -2.0, ""self_attn.q_proj"": 0.0, ""self_attn.v_proj"": -2.0}","{""mlp.down_proj"": 0.0006289308176100629, ""mlp.gate_proj"": 0.0, ""mlp.up_proj"": -0.000744047619047619, ""self_attn.k_proj"": 0.0, ""self_attn.o_proj"": 0.0022471910112359553, ""self_attn.q_proj"": 0.0, ""self_attn.v_proj"": 0.004640371229698376}",0.0003869968822569586,-0.22857142857142865,246.25714285714287,False,True
qwen,sft,80,E_general,E_general,0.1,18,5,equal5_non_qk,True,"mlp.down_proj,mlp.gate_proj,mlp.up_proj,self_attn.o_proj,self_attn.v_proj","self_attn.q_proj,self_attn.k_proj",657.0,657.2,657.0,-0.2,0.0009663561996621471,0.00030432136335977703,"{""mlp.down_proj"": 1200.0, ""mlp.gate_proj"": 300.0, ""mlp.up_proj"": 920.0, ""self_attn.o_proj"": 589.0, ""self_attn.v_proj"": 277.0}","{""mlp.down_proj"": 1200.0, ""mlp.gate_proj"": 300.0, ""mlp.up_proj"": 922.0, ""self_attn.o_proj"": 587.0, ""self_attn.v_proj"": 276.0}","{""mlp.down_proj"": 0.0, ""mlp.gate_proj"": 0.0, ""mlp.up_proj"": 2.0, ""self_attn.o_proj"": -2.0, ""self_attn.v_proj"": -1.0}","{""mlp.down_proj"": 0.0, ""mlp.gate_proj"": 0.0, ""mlp.up_proj"": -0.002173913043478261, ""self_attn.o_proj"": 0.003395585738539898, ""self_attn.v_proj"": 0.0036101083032490976}",0.0009663561996621471,0.0,7,equal7,True,"mlp.down_proj,mlp.gate_proj,mlp.up_proj,self_attn.k_proj,self_attn.o_proj,self_attn.q_proj,self_attn.v_proj",,479.57142857142856,479.7142857142857,479.57142857142856,-0.14285714285714285,0.0006902544283301051,0.0002977963073258399,"{""mlp.down_proj"": 1200.0, ""mlp.gate_proj"": 300.0, ""mlp.up_proj"": 920.0, ""self_attn.k_proj"": 39.0, ""self_attn.o_proj"": 589.0, ""self_attn.q_proj"": 33.0, ""self_attn.v_proj"": 277.0}","{""mlp.down_proj"": 1200.0, ""mlp.gate_proj"": 300.0, ""mlp.up_proj"": 922.0, ""self_attn.k_proj"": 39.0, ""self_attn.o_proj"": 587.0, ""self_attn.q_proj"": 33.0, ""self_attn.v_proj"": 276.0}","{""mlp.down_proj"": 0.0, ""mlp.gate_proj"": 0.0, ""mlp.up_proj"": 2.0, ""self_attn.k_proj"": 0.0, ""self_attn.o_proj"": -2.0, ""self_attn.q_proj"": 0.0, ""self_attn.v_proj"": -1.0}","{""mlp.down_proj"": 0.0, ""mlp.gate_proj"": 0.0, ""mlp.up_proj"": -0.002173913043478261, ""self_attn.k_proj"": 0.0, ""self_attn.o_proj"": 0.003395585738539898, ""self_attn.q_proj"": 0.0, ""self_attn.v_proj"": 0.0036101083032490976}",0.000276101771332042,-0.05714285714285716,177.42857142857144,False,True
qwen,sft,80,E_if,E_ifeval,0.01,18,5,equal5_non_qk,True,"mlp.down_proj,mlp.gate_proj,mlp.up_proj,self_attn.o_proj,self_attn.v_proj","self_attn.q_proj,self_attn.k_proj",1482.0,1484.2,1482.0,-2.2,0.0016748158387757356,0.0014822800161703581,"{""mlp.down_proj"": 2024.0, ""mlp.gate_proj"": 1528.0, ""mlp.up_proj"": 1933.0, ""self_attn.o_proj"": 1347.0, ""self_attn.v_proj"": 589.0}","{""mlp.down_proj"": 2023.0, ""mlp.gate_proj"": 1530.0, ""mlp.up_proj"": 1930.0, ""self_attn.o_proj"": 1339.0, ""self_attn.v_proj"": 588.0}","{""mlp.down_proj"": -1.0, ""mlp.gate_proj"": 2.0, ""mlp.up_proj"": -3.0, ""self_attn.o_proj"": -8.0, ""self_attn.v_proj"": -1.0}","{""mlp.down_proj"": 0.0004940711462450593, ""mlp.gate_proj"": -0.0013089005235602095, ""mlp.up_proj"": 0.0015519917227108122, ""self_attn.o_proj"": 0.005939123979213066, ""self_attn.v_proj"": 0.001697792869269949}",0.00041045311905129413,0.0012643627197244415,7,equal7,True,"mlp.down_proj,mlp.gate_proj,mlp.up_proj,self_attn.k_proj,self_attn.o_proj,self_attn.q_proj,self_attn.v_proj",,1172.857142857143,1174.0,1172.857142857143,-1.1428571428571428,0.00037841262202628856,0.0009734728644438759,"{""mlp.down_proj"": 2024.0, ""mlp.gate_proj"": 1528.0, ""mlp.up_proj"": 1933.0, ""self_attn.k_proj"": 273.0, ""self_attn.o_proj"": 1347.0, ""self_attn.q_proj"": 524.0, ""self_attn.v_proj"": 589.0}","{""mlp.down_proj"": 2023.0, ""mlp.gate_proj"": 1530.0, ""mlp.up_proj"": 1930.0, ""self_attn.k_proj"": 273.0, ""self_attn.o_proj"": 1339.0, ""self_attn.q_proj"": 527.0, ""self_attn.v_proj"": 588.0}","{""mlp.down_proj"": -1.0, ""mlp.gate_proj"": 2.0, ""mlp.up_proj"": -3.0, ""self_attn.k_proj"": 0.0, ""self_attn.o_proj"": -8.0, ""self_attn.q_proj"": 3.0, ""self_attn.v_proj"": -1.0}","{""mlp.down_proj"": 0.0004940711462450593, ""mlp.gate_proj"": -0.0013089005235602095, ""mlp.up_proj"": 0.0015519917227108122, ""self_attn.k_proj"": 0.0, ""self_attn.o_proj"": 0.005939123979213066, ""self_attn.q_proj"": -0.0057251908396946565, ""self_attn.v_proj"": 0.001697792869269949}",0.001296403216749447,-1.0571428571428574,309.1428571428571,False,True
qwen,sft,80,E_if,E_ifeval,0.025,18,5,equal5_non_qk,True,"mlp.down_proj,mlp.gate_proj,mlp.up_proj,self_attn.o_proj,self_attn.v_proj","self_attn.q_proj,self_attn.k_proj",1106.8,1109.6,1106.8,-2.8,0.002723165706065858,0.002523431867339541,"{""mlp.down_proj"": 1649.0, ""mlp.gate_proj"": 1005.0, ""mlp.up_proj"": 1521.0, ""self_attn.o_proj"": 969.0, ""self_attn.v_proj"": 404.0}","{""mlp.down_proj"": 1647.0, ""mlp.gate_proj"": 1007.0, ""mlp.up_proj"": 1517.0, ""self_attn.o_proj"": 960.0, ""self_attn.v_proj"": 403.0}","{""mlp.down_proj"": -2.0, ""mlp.gate_proj"": 2.0, ""mlp.up_proj"": -4.0, ""self_attn.o_proj"": -9.0, ""self_attn.v_proj"": -1.0}","{""mlp.down_proj"": 0.001212856276531231, ""mlp.gate_proj"": -0.001990049751243781, ""mlp.up_proj"": 0.0026298487836949377, ""self_attn.o_proj"": 0.009287925696594427, ""self_attn.v_proj"": 0.0024752475247524753}",0.00034115169707740615,0.002382014008988452,7,equal7,True,"mlp.down_proj,mlp.gate_proj,mlp.up_proj,self_attn.k_proj,self_attn.o_proj,self_attn.q_proj,self_attn.v_proj",,838.4285714285714,840.0,838.4285714285714,-1.5714285714285714,-0.0005833758229877629,0.0018707482993197085,"{""mlp.down_proj"": 1649.0, ""mlp.gate_proj"": 1005.0, ""mlp.up_proj"": 1521.0, ""self_attn.k_proj"": 123.0, ""self_attn.o_proj"": 969.0, ""self_attn.q_proj"": 209.0, ""self_attn.v_proj"": 404.0}","{""mlp.down_proj"": 1647.0, ""mlp.gate_proj"": 1007.0, ""mlp.up_proj"": 1517.0, ""self_attn.k_proj"": 124.0, ""self_attn.o_proj"": 960.0, ""self_attn.q_proj"": 211.0, ""self_attn.v_proj"": 403.0}","{""mlp.down_proj"": -2.0, ""mlp.gate_proj"": 2.0, ""mlp.up_proj"": -4.0, ""self_attn.k_proj"": 1.0, ""self_attn.o_proj"": -9.0, ""self_attn.q_proj"": 2.0, ""self_attn.v_proj"": -1.0}","{""mlp.down_proj"": 0.001212856276531231, ""mlp.gate_proj"": -0.001990049751243781, ""mlp.up_proj"": 0.0026298487836949377, ""self_attn.k_proj"": -0.008130081300813009, ""self_attn.o_proj"": 0.009287925696594427, ""self_attn.q_proj"": -0.009569377990430622, ""self_attn.v_proj"": 0.0024752475247524753}",0.003306541529053621,-1.2285714285714284,268.3714285714285,True,True
qwen,sft,80,E_if,E_ifeval,0.05,18,5,equal5_non_qk,True,"mlp.down_proj,mlp.gate_proj,mlp.up_proj,self_attn.o_proj,self_attn.v_proj","self_attn.q_proj,self_attn.k_proj",779.0,782.0,779.0,-3.0,0.0034720657402100437,0.0038363171355498722,"{""mlp.down_proj"": 1274.0, ""mlp.gate_proj"": 584.0, ""mlp.up_proj"": 1127.0, ""self_attn.o_proj"": 672.0, ""self_attn.v_proj"": 253.0}","{""mlp.down_proj"": 1271.0, ""mlp.gate_proj"": 586.0, ""mlp.up_proj"": 1123.0, ""self_attn.o_proj"": 662.0, ""self_attn.v_proj"": 253.0}","{""mlp.down_proj"": -3.0, ""mlp.gate_proj"": 2.0, ""mlp.up_proj"": -4.0, ""self_attn.o_proj"": -10.0, ""self_attn.v_proj"": 0.0}","{""mlp.down_proj"": 0.002354788069073783, ""mlp.gate_proj"": -0.003424657534246575, ""mlp.up_proj"": 0.00354924578527063, ""self_attn.o_proj"": 0.01488095238095238, ""self_attn.v_proj"": 0.0}",0.001354489087899355,0.0021175766523106885,7,equal7,True,"mlp.down_proj,mlp.gate_proj,mlp.up_proj,self_attn.k_proj,self_attn.o_proj,self_attn.q_proj,self_attn.v_proj",,573.7142857142857,575.7142857142857,573.7142857142857,-2.0,0.00043923063076227616,0.003473945409429281,"{""mlp.down_proj"": 1274.0, ""mlp.gate_proj"": 584.0, ""mlp.up_proj"": 1127.0, ""self_attn.k_proj"": 50.0, ""self_attn.o_proj"": 672.0, ""self_attn.q_proj"": 70.0, ""self_attn.v_proj"": 253.0}","{""mlp.down_proj"": 1271.0, ""mlp.gate_proj"": 586.0, ""mlp.up_proj"": 1123.0, ""self_attn.k_proj"": 50.0, ""self_attn.o_proj"": 662.0, ""self_attn.q_proj"": 71.0, ""self_attn.v_proj"": 253.0}","{""mlp.down_proj"": -3.0, ""mlp.gate_proj"": 2.0, ""mlp.up_proj"": -4.0, ""self_attn.k_proj"": 0.0, ""self_attn.o_proj"": -10.0, ""self_attn.q_proj"": 1.0, ""self_attn.v_proj"": 0.0}","{""mlp.down_proj"": 0.002354788069073783, ""mlp.gate_proj"": -0.003424657534246575, ""mlp.up_proj"": 0.00354924578527063, ""self_attn.k_proj"": 0.0, ""self_attn.o_proj"": 0.01488095238095238, ""self_attn.q_proj"": -0.014285714285714285, ""self_attn.v_proj"": 0.0}",0.0030328351094477675,-1.0,205.28571428571433,False,True
qwen,sft,80,E_if,E_ifeval,0.1,18,5,equal5_non_qk,True,"mlp.down_proj,mlp.gate_proj,mlp.up_proj,self_attn.o_proj,self_attn.v_proj","self_attn.q_proj,self_attn.k_proj",449.8,453.0,449.8,-3.2,0.006156981878503278,0.007064017660044125,"{""mlp.down_proj"": 839.0, ""mlp.gate_proj"": 228.0, ""mlp.up_proj"": 695.0, ""self_attn.o_proj"": 387.0, ""self_attn.v_proj"": 116.0}","{""mlp.down_proj"": 836.0, ""mlp.gate_proj"": 229.0, ""mlp.up_proj"": 691.0, ""self_attn.o_proj"": 377.0, ""self_attn.v_proj"": 116.0}","{""mlp.down_proj"": -3.0, ""mlp.gate_proj"": 1.0, ""mlp.up_proj"": -4.0, ""self_attn.o_proj"": -10.0, ""self_attn.v_proj"": 0.0}","{""mlp.down_proj"": 0.003575685339690107, ""mlp.gate_proj"": -0.0043859649122807015, ""mlp.up_proj"": 0.0057553956834532375, ""self_attn.o_proj"": 0.025839793281653745, ""self_attn.v_proj"": 0.0}",0.0009663561996621471,0.005190625678841131,7,equal7,True,"mlp.down_proj,mlp.gate_proj,mlp.up_proj,self_attn.k_proj,self_attn.o_proj,self_attn.q_proj,self_attn.v_proj",,325.0,327.42857142857144,325.0,-2.4285714285714284,0.01332641562750234,0.007417102966841236,"{""mlp.down_proj"": 839.0, ""mlp.gate_proj"": 228.0, ""mlp.up_proj"": 695.0, ""self_attn.k_proj"": 16.0, ""self_attn.o_proj"": 387.0, ""self_attn.q_proj"": 11.0, ""self_attn.v_proj"": 116.0}","{""mlp.down_proj"": 836.0, ""mlp.gate_proj"": 229.0, ""mlp.up_proj"": 691.0, ""self_attn.k_proj"": 15.0, ""self_attn.o_proj"": 377.0, ""self_attn.q_proj"": 11.0, ""self_attn.v_proj"": 116.0}","{""mlp.down_proj"": -3.0, ""mlp.gate_proj"": 1.0, ""mlp.up_proj"": -4.0, ""self_attn.k_proj"": -1.0, ""self_attn.o_proj"": -10.0, ""self_attn.q_proj"": 0.0, ""self_attn.v_proj"": 0.0}","{""mlp.down_proj"": 0.003575685339690107, ""mlp.gate_proj"": -0.0043859649122807015, ""mlp.up_proj"": 0.0057553956834532375, ""self_attn.k_proj"": 0.0625, ""self_attn.o_proj"": 0.025839793281653745, ""self_attn.q_proj"": 0.0, ""self_attn.v_proj"": 0.0}",-0.007169433748999062,-0.7714285714285718,124.80000000000001,False,True
qwen,sft,80,E_math,E_mathHeld,0.01,18,5,equal5_non_qk,True,"mlp.down_proj,mlp.gate_proj,mlp.up_proj,self_attn.o_proj,self_attn.v_proj","self_attn.q_proj,self_attn.k_proj",1650.2,1649.6,1650.2,0.6,-0.00011485403720815608,-0.000363724539282333,"{""mlp.down_proj"": 2176.0, ""mlp.gate_proj"": 1819.0, ""mlp.up_proj"": 2046.0, ""self_attn.o_proj"": 1520.0, ""self_attn.v_proj"": 687.0}","{""mlp.down_proj"": 2176.0, ""mlp.gate_proj"": 1823.0, ""mlp.up_proj"": 2047.0, ""self_attn.o_proj"": 1519.0, ""self_attn.v_proj"": 686.0}","{""mlp.down_proj"": 0.0, ""mlp.gate_proj"": 4.0, ""mlp.up_proj"": 1.0, ""self_attn.o_proj"": -1.0, ""self_attn.v_proj"": -1.0}","{""mlp.down_proj"": 0.0, ""mlp.gate_proj"": -0.0021990104452996153, ""mlp.up_proj"": -0.0004887585532746823, ""self_attn.o_proj"": 0.0006578947368421052, ""self_attn.v_proj"": 0.001455604075691412}",0.00041045311905129413,-0.0005253071562594502,7,equal7,True,"mlp.down_proj,mlp.gate_proj,mlp.up_proj,self_attn.k_proj,self_attn.o_proj,self_attn.q_proj,self_attn.v_proj",,1339.2857142857142,1339.0,1339.2857142857142,0.2857142857142857,0.000311507250085477,-0.00021337885415550467,"{""mlp.down_proj"": 2176.0, ""mlp.gate_proj"": 1819.0, ""mlp.up_proj"": 2046.0, ""self_attn.k_proj"": 363.0, ""self_attn.o_proj"": 1520.0, ""self_attn.q_proj"": 762.0, ""self_attn.v_proj"": 687.0}","{""mlp.down_proj"": 2176.0, ""mlp.gate_proj"": 1823.0, ""mlp.up_proj"": 2047.0, ""self_attn.k_proj"": 362.0, ""self_attn.o_proj"": 1519.0, ""self_attn.q_proj"": 762.0, ""self_attn.v_proj"": 686.0}","{""mlp.down_proj"": 0.0, ""mlp.gate_proj"": 4.0, ""mlp.up_proj"": 1.0, ""self_attn.k_proj"": -1.0, ""self_attn.o_proj"": -1.0, ""self_attn.q_proj"": 0.0, ""self_attn.v_proj"": -1.0}","{""mlp.down_proj"": 0.0, ""mlp.gate_proj"": -0.0021990104452996153, ""mlp.up_proj"": -0.0004887585532746823, ""self_attn.k_proj"": 0.0027548209366391185, ""self_attn.o_proj"": 0.0006578947368421052, ""self_attn.q_proj"": 0.0, ""self_attn.v_proj"": 0.001455604075691412}",-0.0004263612872936331,0.3142857142857143,310.9142857142858,True,True
qwen,sft,80,E_math,E_mathHeld,0.025,18,5,equal5_non_qk,True,"mlp.down_proj,mlp.gate_proj,mlp.up_proj,self_attn.o_proj,self_attn.v_proj","self_attn.q_proj,self_attn.k_proj",1322.8,1322.2,1322.8,0.6,9.484035542205222e-05,-0.00045378913931319695,"{""mlp.down_proj"": 1875.0, ""mlp.gate_proj"": 1369.0, ""mlp.up_proj"": 1691.0, ""self_attn.o_proj"": 1157.0, ""self_attn.v_proj"": 519.0}","{""mlp.down_proj"": 1875.0, ""mlp.gate_proj"": 1374.0, ""mlp.up_proj"": 1692.0, ""self_attn.o_proj"": 1156.0, ""self_attn.v_proj"": 517.0}","{""mlp.down_proj"": 0.0, ""mlp.gate_proj"": 5.0, ""mlp.up_proj"": 1.0, ""self_attn.o_proj"": -1.0, ""self_attn.v_proj"": -2.0}","{""mlp.down_proj"": 0.0, ""mlp.gate_proj"": -0.003652300949598247, ""mlp.up_proj"": -0.0005913660555884093, ""self_attn.o_proj"": 0.000864304235090752, ""self_attn.v_proj"": 0.0038535645472061657}",0.00034115169707740615,-0.00024631134165535394,7,equal7,True,"mlp.down_proj,mlp.gate_proj,mlp.up_proj,self_attn.k_proj,self_attn.o_proj,self_attn.q_proj,self_attn.v_proj",,1026.0,1025.5714285714287,1026.0,0.42857142857142855,6.774311101575158e-05,-0.0004178854993730767,"{""mlp.down_proj"": 1875.0, ""mlp.gate_proj"": 1369.0, ""mlp.up_proj"": 1691.0, ""self_attn.k_proj"": 189.0, ""self_attn.o_proj"": 1157.0, ""self_attn.q_proj"": 379.0, ""self_attn.v_proj"": 519.0}","{""mlp.down_proj"": 1875.0, ""mlp.gate_proj"": 1374.0, ""mlp.up_proj"": 1692.0, ""self_attn.k_proj"": 189.0, ""self_attn.o_proj"": 1156.0, ""self_attn.q_proj"": 379.0, ""self_attn.v_proj"": 517.0}","{""mlp.down_proj"": 0.0, ""mlp.gate_proj"": 5.0, ""mlp.up_proj"": 1.0, ""self_attn.k_proj"": 0.0, ""self_attn.o_proj"": -1.0, ""self_attn.q_proj"": 0.0, ""self_attn.v_proj"": -2.0}","{""mlp.down_proj"": 0.0, ""mlp.gate_proj"": -0.003652300949598247, ""mlp.up_proj"": -0.0005913660555884093, ""self_attn.k_proj"": 0.0, ""self_attn.o_proj"": 0.000864304235090752, ""self_attn.q_proj"": 0.0, ""self_attn.v_proj"": 0.0038535645472061657}",2.7097244406300633e-05,0.17142857142857143,296.79999999999995,False,True
qwen,sft,80,E_math,E_mathHeld,0.05,18,5,equal5_non_qk,True,"mlp.down_proj,mlp.gate_proj,mlp.up_proj,self_attn.o_proj,self_attn.v_proj","self_attn.q_proj,self_attn.k_proj",1015.2,1014.2,1015.2,1.0,-0.00016239718100073051,-0.0009859988168014198,"{""mlp.down_proj"": 1552.0, ""mlp.gate_proj"": 956.0, ""mlp.up_proj"": 1332.0, ""self_attn.o_proj"": 860.0, ""self_attn.v_proj"": 371.0}","{""mlp.down_proj"": 1552.0, ""mlp.gate_proj"": 962.0, ""mlp.up_proj"": 1335.0, ""self_attn.o_proj"": 858.0, ""self_attn.v_proj"": 369.0}","{""mlp.down_proj"": 0.0, ""mlp.gate_proj"": 6.0, ""mlp.up_proj"": 3.0, ""self_attn.o_proj"": -2.0, ""self_attn.v_proj"": -2.0}","{""mlp.down_proj"": 0.0, ""mlp.gate_proj"": -0.006276150627615063, ""mlp.up_proj"": -0.0022522522522522522, ""self_attn.o_proj"": 0.002325581395348837, ""self_attn.v_proj"": 0.005390835579514825}",0.001354489087899355,-0.0015168862689000856,7,equal7,True,"mlp.down_proj,mlp.gate_proj,mlp.up_proj,self_attn.k_proj,self_attn.o_proj,self_attn.q_proj,self_attn.v_proj",,758.8571428571429,758.1428571428571,758.8571428571429,0.7142857142857143,-0.00011599798642909323,-0.0009421518748823168,"{""mlp.down_proj"": 1552.0, ""mlp.gate_proj"": 956.0, ""mlp.up_proj"": 1332.0, ""self_attn.k_proj"": 82.0, ""self_attn.o_proj"": 860.0, ""self_attn.q_proj"": 154.0, ""self_attn.v_proj"": 371.0}","{""mlp.down_proj"": 1552.0, ""mlp.gate_proj"": 962.0, ""mlp.up_proj"": 1335.0, ""self_attn.k_proj"": 82.0, ""self_attn.o_proj"": 858.0, ""self_attn.q_proj"": 154.0, ""self_attn.v_proj"": 369.0}","{""mlp.down_proj"": 0.0, ""mlp.gate_proj"": 6.0, ""mlp.up_proj"": 3.0, ""self_attn.k_proj"": 0.0, ""self_attn.o_proj"": -2.0, ""self_attn.q_proj"": 0.0, ""self_attn.v_proj"": -2.0}","{""mlp.down_proj"": 0.0, ""mlp.gate_proj"": -0.006276150627615063, ""mlp.up_proj"": -0.0022522522522522522, ""self_attn.k_proj"": 0.0, ""self_attn.o_proj"": 0.002325581395348837, ""self_attn.q_proj"": 0.0, ""self_attn.v_proj"": 0.005390835579514825}",-4.6399194571637286e-05,0.2857142857142857,256.34285714285716,False,True
qwen,sft,80,E_math,E_mathHeld,0.1,18,5,equal5_non_qk,True,"mlp.down_proj,mlp.gate_proj,mlp.up_proj,self_attn.o_proj,self_attn.v_proj","self_attn.q_proj,self_attn.k_proj",674.0,673.2,674.0,0.8,-4.2345846110221e-06,-0.0011883541295305325,"{""mlp.down_proj"": 1147.0, ""mlp.gate_proj"": 529.0, ""mlp.up_proj"": 913.0, ""self_attn.o_proj"": 561.0, ""self_attn.v_proj"": 216.0}","{""mlp.down_proj"": 1147.0, ""mlp.gate_proj"": 535.0, ""mlp.up_proj"": 916.0, ""self_attn.o_proj"": 558.0, ""self_attn.v_proj"": 214.0}","{""mlp.down_proj"": 0.0, ""mlp.gate_proj"": 6.0, ""mlp.up_proj"": 3.0, ""self_attn.o_proj"": -3.0, ""self_attn.v_proj"": -2.0}","{""mlp.down_proj"": 0.0, ""mlp.gate_proj"": -0.011342155009451797, ""mlp.up_proj"": -0.0032858707557502738, ""self_attn.o_proj"": 0.0053475935828877, ""self_attn.v_proj"": 0.009259259259259259}",0.0009663561996621471,-0.0009705907842731692,7,equal7,True,"mlp.down_proj,mlp.gate_proj,mlp.up_proj,self_attn.k_proj,self_attn.o_proj,self_attn.q_proj,self_attn.v_proj",,489.2857142857143,488.7142857142857,489.2857142857143,0.5714285714285714,-3.0247032935872145e-06,-0.0011692487576731617,"{""mlp.down_proj"": 1147.0, ""mlp.gate_proj"": 529.0, ""mlp.up_proj"": 913.0, ""self_attn.k_proj"": 24.0, ""self_attn.o_proj"": 561.0, ""self_attn.q_proj"": 31.0, ""self_attn.v_proj"": 216.0}","{""mlp.down_proj"": 1147.0, ""mlp.gate_proj"": 535.0, ""mlp.up_proj"": 916.0, ""self_attn.k_proj"": 24.0, ""self_attn.o_proj"": 558.0, ""self_attn.q_proj"": 31.0, ""self_attn.v_proj"": 214.0}","{""mlp.down_proj"": 0.0, ""mlp.gate_proj"": 6.0, ""mlp.up_proj"": 3.0, ""self_attn.k_proj"": 0.0, ""self_attn.o_proj"": -3.0, ""self_attn.q_proj"": 0.0, ""self_attn.v_proj"": -2.0}","{""mlp.down_proj"": 0.0, ""mlp.gate_proj"": -0.011342155009451797, ""mlp.up_proj"": -0.0032858707557502738, ""self_attn.k_proj"": 0.0, ""self_attn.o_proj"": 0.0053475935828877, ""self_attn.q_proj"": 0.0, ""self_attn.v_proj"": 0.009259259259259259}",-1.2098813174348857e-06,0.22857142857142865,184.71428571428572,False,True
qwen,sft,80,E_ood,E_mmluPro,0.01,18,5,equal5_non_qk,True,"mlp.down_proj,mlp.gate_proj,mlp.up_proj,self_attn.o_proj,self_attn.v_proj","self_attn.q_proj,self_attn.k_proj",1610.6,1610.4,1610.6,0.2,6.160803921886624e-05,-0.00012419274714345387,"{""mlp.down_proj"": 2156.0, ""mlp.gate_proj"": 1667.0, ""mlp.up_proj"": 2029.0, ""self_attn.o_proj"": 1471.0, ""self_attn.v_proj"": 729.0}","{""mlp.down_proj"": 2157.0, ""mlp.gate_proj"": 1668.0, ""mlp.up_proj"": 2029.0, ""self_attn.o_proj"": 1471.0, ""self_attn.v_proj"": 728.0}","{""mlp.down_proj"": 1.0, ""mlp.gate_proj"": 1.0, ""mlp.up_proj"": 0.0, ""self_attn.o_proj"": 0.0, ""self_attn.v_proj"": -1.0}","{""mlp.down_proj"": -0.00046382189239332097, ""mlp.gate_proj"": -0.0005998800239952009, ""mlp.up_proj"": 0.0, ""self_attn.o_proj"": 0.0, ""self_attn.v_proj"": 0.0013717421124828531}",0.00041045311905129413,-0.00034884507983242786,7,equal7,True,"mlp.down_proj,mlp.gate_proj,mlp.up_proj,self_attn.k_proj,self_attn.o_proj,self_attn.q_proj,self_attn.v_proj",,1305.5714285714287,1305.5714285714287,1305.5714285714287,0.0,0.00025255631581326733,0.0,"{""mlp.down_proj"": 2156.0, ""mlp.gate_proj"": 1667.0, ""mlp.up_proj"": 2029.0, ""self_attn.k_proj"": 402.0, ""self_attn.o_proj"": 1471.0, ""self_attn.q_proj"": 685.0, ""self_attn.v_proj"": 729.0}","{""mlp.down_proj"": 2157.0, ""mlp.gate_proj"": 1668.0, ""mlp.up_proj"": 2029.0, ""self_attn.k_proj"": 402.0, ""self_attn.o_proj"": 1471.0, ""self_attn.q_proj"": 684.0, ""self_attn.v_proj"": 728.0}","{""mlp.down_proj"": 1.0, ""mlp.gate_proj"": 1.0, ""mlp.up_proj"": 0.0, ""self_attn.k_proj"": 0.0, ""self_attn.o_proj"": 0.0, ""self_attn.q_proj"": -1.0, ""self_attn.v_proj"": -1.0}","{""mlp.down_proj"": -0.00046382189239332097, ""mlp.gate_proj"": -0.0005998800239952009, ""mlp.up_proj"": 0.0, ""self_attn.k_proj"": 0.0, ""self_attn.o_proj"": 0.0, ""self_attn.q_proj"": 0.00145985401459854, ""self_attn.v_proj"": 0.0013717421124828531}",-0.00019094827659440109,0.2,305.02857142857124,False,True
qwen,sft,80,E_ood,E_mmluPro,0.025,18,5,equal5_non_qk,True,"mlp.down_proj,mlp.gate_proj,mlp.up_proj,self_attn.o_proj,self_attn.v_proj","self_attn.q_proj,self_attn.k_proj",1268.8,1268.4,1268.8,0.4,7.510985928265508e-05,-0.00031535793125186343,"{""mlp.down_proj"": 1847.0, ""mlp.gate_proj"": 1163.0, ""mlp.up_proj"": 1655.0, ""self_attn.o_proj"": 1105.0, ""self_attn.v_proj"": 572.0}","{""mlp.down_proj"": 1848.0, ""mlp.gate_proj"": 1166.0, ""mlp.up_proj"": 1655.0, ""self_attn.o_proj"": 1105.0, ""self_attn.v_proj"": 570.0}","{""mlp.down_proj"": 1.0, ""mlp.gate_proj"": 3.0, ""mlp.up_proj"": 0.0, ""self_attn.o_proj"": 0.0, ""self_attn.v_proj"": -2.0}","{""mlp.down_proj"": -0.0005414185165132648, ""mlp.gate_proj"": -0.0025795356835769563, ""mlp.up_proj"": 0.0, ""self_attn.o_proj"": 0.0, ""self_attn.v_proj"": 0.0034965034965034965}",0.00034115169707740615,-0.00026604183779475106,7,equal7,True,"mlp.down_proj,mlp.gate_proj,mlp.up_proj,self_attn.k_proj,self_attn.o_proj,self_attn.q_proj,self_attn.v_proj",,984.5714285714286,984.2857142857143,984.5714285714286,0.2857142857142857,5.364989948761077e-05,-0.0002902757619738092,"{""mlp.down_proj"": 1847.0, ""mlp.gate_proj"": 1163.0, ""mlp.up_proj"": 1655.0, ""self_attn.k_proj"": 230.0, ""self_attn.o_proj"": 1105.0, ""self_attn.q_proj"": 318.0, ""self_attn.v_proj"": 572.0}","{""mlp.down_proj"": 1848.0, ""mlp.gate_proj"": 1166.0, ""mlp.up_proj"": 1655.0, ""self_attn.k_proj"": 230.0, ""self_attn.o_proj"": 1105.0, ""self_attn.q_proj"": 318.0, ""self_attn.v_proj"": 570.0}","{""mlp.down_proj"": 1.0, ""mlp.gate_proj"": 3.0, ""mlp.up_proj"": 0.0, ""self_attn.k_proj"": 0.0, ""self_attn.o_proj"": 0.0, ""self_attn.q_proj"": 0.0, ""self_attn.v_proj"": -2.0}","{""mlp.down_proj"": -0.0005414185165132648, ""mlp.gate_proj"": -0.0025795356835769563, ""mlp.up_proj"": 0.0, ""self_attn.k_proj"": 0.0, ""self_attn.o_proj"": 0.0, ""self_attn.q_proj"": 0.0, ""self_attn.v_proj"": 0.0034965034965034965}",2.145995979504431e-05,0.11428571428571432,284.2285714285714,False,True
qwen,sft,80,E_ood,E_mmluPro,0.05,18,5,equal5_non_qk,True,"mlp.down_proj,mlp.gate_proj,mlp.up_proj,self_attn.o_proj,self_attn.v_proj","self_attn.q_proj,self_attn.k_proj",955.0,954.4,955.0,0.6,-0.00018051278214692752,-0.0006286672254820021,"{""mlp.down_proj"": 1519.0, ""mlp.gate_proj"": 731.0, ""mlp.up_proj"": 1281.0, ""self_attn.o_proj"": 810.0, ""self_attn.v_proj"": 431.0}","{""mlp.down_proj"": 1520.0, ""mlp.gate_proj"": 734.0, ""mlp.up_proj"": 1282.0, ""self_attn.o_proj"": 810.0, ""self_attn.v_proj"": 429.0}","{""mlp.down_proj"": 1.0, ""mlp.gate_proj"": 3.0, ""mlp.up_proj"": 1.0, ""self_attn.o_proj"": 0.0, ""self_attn.v_proj"": -2.0}","{""mlp.down_proj"": -0.0006583278472679394, ""mlp.gate_proj"": -0.004103967168262654, ""mlp.up_proj"": -0.00078064012490242, ""self_attn.o_proj"": 0.0, ""self_attn.v_proj"": 0.004640371229698376}",0.001354489087899355,-0.0015350018700462827,7,equal7,True,"mlp.down_proj,mlp.gate_proj,mlp.up_proj,self_attn.k_proj,self_attn.o_proj,self_attn.q_proj,self_attn.v_proj",,716.0,715.5714285714286,716.0,0.42857142857142855,-0.00012893770153351965,-0.00059892194050711,"{""mlp.down_proj"": 1519.0, ""mlp.gate_proj"": 731.0, ""mlp.up_proj"": 1281.0, ""self_attn.k_proj"": 116.0, ""self_attn.o_proj"": 810.0, ""self_attn.q_proj"": 121.0, ""self_attn.v_proj"": 431.0}","{""mlp.down_proj"": 1520.0, ""mlp.gate_proj"": 734.0, ""mlp.up_proj"": 1282.0, ""self_attn.k_proj"": 116.0, ""self_attn.o_proj"": 810.0, ""self_attn.q_proj"": 121.0, ""self_attn.v_proj"": 429.0}","{""mlp.down_proj"": 1.0, ""mlp.gate_proj"": 3.0, ""mlp.up_proj"": 1.0, ""self_attn.k_proj"": 0.0, ""self_attn.o_proj"": 0.0, ""self_attn.q_proj"": 0.0, ""self_attn.v_proj"": -2.0}","{""mlp.down_proj"": -0.0006583278472679394, ""mlp.gate_proj"": -0.004103967168262654, ""mlp.up_proj"": -0.00078064012490242, ""self_attn.k_proj"": 0.0, ""self_attn.o_proj"": 0.0, ""self_attn.q_proj"": 0.0, ""self_attn.v_proj"": 0.004640371229698376}",-5.157508061340787e-05,0.17142857142857143,239.0,False,True
qwen,sft,80,E_ood,E_mmluPro,0.1,18,5,equal5_non_qk,True,"mlp.down_proj,mlp.gate_proj,mlp.up_proj,self_attn.o_proj,self_attn.v_proj","self_attn.q_proj,self_attn.k_proj",618.0,617.4,618.0,0.6,-0.00022794694583353793,-0.0009718172983479474,"{""mlp.down_proj"": 1114.0, ""mlp.gate_proj"": 327.0, ""mlp.up_proj"": 850.0, ""self_attn.o_proj"": 518.0, ""self_attn.v_proj"": 278.0}","{""mlp.down_proj"": 1116.0, ""mlp.gate_proj"": 329.0, ""mlp.up_proj"": 852.0, ""self_attn.o_proj"": 517.0, ""self_attn.v_proj"": 276.0}","{""mlp.down_proj"": 2.0, ""mlp.gate_proj"": 2.0, ""mlp.up_proj"": 2.0, ""self_attn.o_proj"": -1.0, ""self_attn.v_proj"": -2.0}","{""mlp.down_proj"": -0.0017953321364452424, ""mlp.gate_proj"": -0.0061162079510703364, ""mlp.up_proj"": -0.002352941176470588, ""self_attn.o_proj"": 0.0019305019305019305, ""self_attn.v_proj"": 0.007194244604316547}",0.0009663561996621471,-0.001194303145495685,7,equal7,True,"mlp.down_proj,mlp.gate_proj,mlp.up_proj,self_attn.k_proj,self_attn.o_proj,self_attn.q_proj,self_attn.v_proj",,451.0,450.42857142857144,451.0,0.5714285714285714,-0.003734247818452527,-0.0012686330478908615,"{""mlp.down_proj"": 1114.0, ""mlp.gate_proj"": 327.0, ""mlp.up_proj"": 850.0, ""self_attn.k_proj"": 40.0, ""self_attn.o_proj"": 518.0, ""self_attn.q_proj"": 26.0, ""self_attn.v_proj"": 278.0}","{""mlp.down_proj"": 1116.0, ""mlp.gate_proj"": 329.0, ""mlp.up_proj"": 852.0, ""self_attn.k_proj"": 41.0, ""self_attn.o_proj"": 517.0, ""self_attn.q_proj"": 26.0, ""self_attn.v_proj"": 276.0}","{""mlp.down_proj"": 2.0, ""mlp.gate_proj"": 2.0, ""mlp.up_proj"": 2.0, ""self_attn.k_proj"": 1.0, ""self_attn.o_proj"": -1.0, ""self_attn.q_proj"": 0.0, ""self_attn.v_proj"": -2.0}","{""mlp.down_proj"": -0.0017953321364452424, ""mlp.gate_proj"": -0.0061162079510703364, ""mlp.up_proj"": -0.002352941176470588, ""self_attn.k_proj"": -0.025, ""self_attn.o_proj"": 0.0019305019305019305, ""self_attn.q_proj"": 0.0, ""self_attn.v_proj"": 0.007194244604316547}",0.003506300872618989,0.02857142857142858,167.0,False,True
qwen,sft,160,E_general,E_general,0.01,18,5,equal5_non_qk,True,"mlp.down_proj,mlp.gate_proj,mlp.up_proj,self_attn.o_proj,self_attn.v_proj","self_attn.q_proj,self_attn.k_proj",1634.2,1634.4,1634.2,-0.2,0.0004347220977225846,0.00012236906510037045,"{""mlp.down_proj"": 2190.0, ""mlp.gate_proj"": 1641.0, ""mlp.up_proj"": 2064.0, ""self_attn.o_proj"": 1546.0, ""self_attn.v_proj"": 731.0}","{""mlp.down_proj"": 2189.0, ""mlp.gate_proj"": 1644.0, ""mlp.up_proj"": 2065.0, ""self_attn.o_proj"": 1544.0, ""self_attn.v_proj"": 729.0}","{""mlp.down_proj"": -1.0, ""mlp.gate_proj"": 3.0, ""mlp.up_proj"": 1.0, ""self_attn.o_proj"": -2.0, ""self_attn.v_proj"": -2.0}","{""mlp.down_proj"": 0.00045662100456621003, ""mlp.gate_proj"": -0.0018281535648994515, ""mlp.up_proj"": -0.00048449612403100775, ""self_attn.o_proj"": 0.00129366106080207, ""self_attn.v_proj"": 0.0027359781121751026}",0.0004347220977225846,0.0,7,equal7,True,"mlp.down_proj,mlp.gate_proj,mlp.up_proj,self_attn.k_proj,self_attn.o_proj,self_attn.q_proj,self_attn.v_proj",,1328.142857142857,1328.4285714285713,1328.142857142857,-0.2857142857142857,0.0006676586412304176,0.00021507688998812188,"{""mlp.down_proj"": 2190.0, ""mlp.gate_proj"": 1641.0, ""mlp.up_proj"": 2064.0, ""self_attn.k_proj"": 400.0, ""self_attn.o_proj"": 1546.0, ""self_attn.q_proj"": 727.0, ""self_attn.v_proj"": 731.0}","{""mlp.down_proj"": 2189.0, ""mlp.gate_proj"": 1644.0, ""mlp.up_proj"": 2065.0, ""self_attn.k_proj"": 399.0, ""self_attn.o_proj"": 1544.0, ""self_attn.q_proj"": 727.0, ""self_attn.v_proj"": 729.0}","{""mlp.down_proj"": -1.0, ""mlp.gate_proj"": 3.0, ""mlp.up_proj"": 1.0, ""self_attn.k_proj"": -1.0, ""self_attn.o_proj"": -2.0, ""self_attn.q_proj"": 0.0, ""self_attn.v_proj"": -2.0}","{""mlp.down_proj"": 0.00045662100456621003, ""mlp.gate_proj"": -0.0018281535648994515, ""mlp.up_proj"": -0.00048449612403100775, ""self_attn.k_proj"": 0.0025, ""self_attn.o_proj"": 0.00129366106080207, ""self_attn.q_proj"": 0.0, ""self_attn.v_proj"": 0.0027359781121751026}",-0.00023293654350783303,0.08571428571428569,306.05714285714294,False,True
qwen,sft,160,E_general,E_general,0.025,18,5,equal5_non_qk,True,"mlp.down_proj,mlp.gate_proj,mlp.up_proj,self_attn.o_proj,self_attn.v_proj","self_attn.q_proj,self_attn.k_proj",1300.0,1299.6,1300.0,0.4,9.479179240448714e-05,-0.00030778701138818945,"{""mlp.down_proj"": 1900.0, ""mlp.gate_proj"": 1133.0, ""mlp.up_proj"": 1706.0, ""self_attn.o_proj"": 1186.0, ""self_attn.v_proj"": 573.0}","{""mlp.down_proj"": 1900.0, ""mlp.gate_proj"": 1137.0, ""mlp.up_proj"": 1708.0, ""self_attn.o_proj"": 1184.0, ""self_attn.v_proj"": 571.0}","{""mlp.down_proj"": 0.0, ""mlp.gate_proj"": 4.0, ""mlp.up_proj"": 2.0, ""self_attn.o_proj"": -2.0, ""self_attn.v_proj"": -2.0}","{""mlp.down_proj"": 0.0, ""mlp.gate_proj"": -0.00353045013239188, ""mlp.up_proj"": -0.0011723329425556857, ""self_attn.o_proj"": 0.0016863406408094434, ""self_attn.v_proj"": 0.0034904013961605585}",9.479179240448714e-05,0.0,7,equal7,True,"mlp.down_proj,mlp.gate_proj,mlp.up_proj,self_attn.k_proj,self_attn.o_proj,self_attn.q_proj,self_attn.v_proj",,1011.4285714285714,1011.2857142857143,1011.4285714285714,0.14285714285714285,0.0006970350436621102,-0.00014126289023870216,"{""mlp.down_proj"": 1900.0, ""mlp.gate_proj"": 1133.0, ""mlp.up_proj"": 1706.0, ""self_attn.k_proj"": 227.0, ""self_attn.o_proj"": 1186.0, ""self_attn.q_proj"": 354.0, ""self_attn.v_proj"": 573.0}","{""mlp.down_proj"": 1900.0, ""mlp.gate_proj"": 1137.0, ""mlp.up_proj"": 1708.0, ""self_attn.k_proj"": 226.0, ""self_attn.o_proj"": 1184.0, ""self_attn.q_proj"": 354.0, ""self_attn.v_proj"": 571.0}","{""mlp.down_proj"": 0.0, ""mlp.gate_proj"": 4.0, ""mlp.up_proj"": 2.0, ""self_attn.k_proj"": -1.0, ""self_attn.o_proj"": -2.0, ""self_attn.q_proj"": 0.0, ""self_attn.v_proj"": -2.0}","{""mlp.down_proj"": 0.0, ""mlp.gate_proj"": -0.00353045013239188, ""mlp.up_proj"": -0.0011723329425556857, ""self_attn.k_proj"": 0.004405286343612335, ""self_attn.o_proj"": 0.0016863406408094434, ""self_attn.q_proj"": 0.0, ""self_attn.v_proj"": 0.0034904013961605585}",-0.000602243251257623,0.2571428571428572,288.57142857142856,False,True
qwen,sft,160,E_general,E_general,0.05,18,5,equal5_non_qk,True,"mlp.down_proj,mlp.gate_proj,mlp.up_proj,self_attn.o_proj,self_attn.v_proj","self_attn.q_proj,self_attn.k_proj",991.4,991.2,991.4,0.2,0.00020094992615762552,-0.00020177562550437024,"{""mlp.down_proj"": 1590.0, ""mlp.gate_proj"": 701.0, ""mlp.up_proj"": 1344.0, ""self_attn.o_proj"": 890.0, ""self_attn.v_proj"": 431.0}","{""mlp.down_proj"": 1589.0, ""mlp.gate_proj"": 704.0, ""mlp.up_proj"": 1347.0, ""self_attn.o_proj"": 888.0, ""self_attn.v_proj"": 429.0}","{""mlp.down_proj"": -1.0, ""mlp.gate_proj"": 3.0, ""mlp.up_proj"": 3.0, ""self_attn.o_proj"": -2.0, ""self_attn.v_proj"": -2.0}","{""mlp.down_proj"": 0.0006289308176100629, ""mlp.gate_proj"": -0.0042796005706134095, ""mlp.up_proj"": -0.002232142857142857, ""self_attn.o_proj"": 0.0022471910112359553, ""self_attn.v_proj"": 0.004640371229698376}",0.00020094992615762552,0.0,7,equal7,True,"mlp.down_proj,mlp.gate_proj,mlp.up_proj,self_attn.k_proj,self_attn.o_proj,self_attn.q_proj,self_attn.v_proj",,744.8571428571429,744.7142857142857,744.8571428571429,0.14285714285714285,0.00014353566154116107,-0.00019182812200279465,"{""mlp.down_proj"": 1590.0, ""mlp.gate_proj"": 701.0, ""mlp.up_proj"": 1344.0, ""self_attn.k_proj"": 113.0, ""self_attn.o_proj"": 890.0, ""self_attn.q_proj"": 144.0, ""self_attn.v_proj"": 431.0}","{""mlp.down_proj"": 1589.0, ""mlp.gate_proj"": 704.0, ""mlp.up_proj"": 1347.0, ""self_attn.k_proj"": 113.0, ""self_attn.o_proj"": 888.0, ""self_attn.q_proj"": 144.0, ""self_attn.v_proj"": 429.0}","{""mlp.down_proj"": -1.0, ""mlp.gate_proj"": 3.0, ""mlp.up_proj"": 3.0, ""self_attn.k_proj"": 0.0, ""self_attn.o_proj"": -2.0, ""self_attn.q_proj"": 0.0, ""self_attn.v_proj"": -2.0}","{""mlp.down_proj"": 0.0006289308176100629, ""mlp.gate_proj"": -0.0042796005706134095, ""mlp.up_proj"": -0.002232142857142857, ""self_attn.k_proj"": 0.0, ""self_attn.o_proj"": 0.0022471910112359553, ""self_attn.q_proj"": 0.0, ""self_attn.v_proj"": 0.004640371229698376}",5.7414264616464445e-05,0.05714285714285716,246.5428571428571,False,True
qwen,sft,160,E_general,E_general,0.1,18,5,equal5_non_qk,True,"mlp.down_proj,mlp.gate_proj,mlp.up_proj,self_attn.o_proj,self_attn.v_proj","self_attn.q_proj,self_attn.k_proj",657.6,657.2,657.6,0.4,-7.973808171701929e-05,-0.000608642726719381,"{""mlp.down_proj"": 1200.0, ""mlp.gate_proj"": 300.0, ""mlp.up_proj"": 920.0, ""self_attn.o_proj"": 589.0, ""self_attn.v_proj"": 277.0}","{""mlp.down_proj"": 1200.0, ""mlp.gate_proj"": 302.0, ""mlp.up_proj"": 924.0, ""self_attn.o_proj"": 587.0, ""self_attn.v_proj"": 275.0}","{""mlp.down_proj"": 0.0, ""mlp.gate_proj"": 2.0, ""mlp.up_proj"": 4.0, ""self_attn.o_proj"": -2.0, ""self_attn.v_proj"": -2.0}","{""mlp.down_proj"": 0.0, ""mlp.gate_proj"": -0.006666666666666667, ""mlp.up_proj"": -0.004347826086956522, ""self_attn.o_proj"": 0.003395585738539898, ""self_attn.v_proj"": 0.007220216606498195}",-7.973808171701929e-05,0.0,7,equal7,True,"mlp.down_proj,mlp.gate_proj,mlp.up_proj,self_attn.k_proj,self_attn.o_proj,self_attn.q_proj,self_attn.v_proj",,480.0,479.7142857142857,480.0,0.2857142857142857,-5.695577265501378e-05,-0.0005955926146515614,"{""mlp.down_proj"": 1200.0, ""mlp.gate_proj"": 300.0, ""mlp.up_proj"": 920.0, ""self_attn.k_proj"": 39.0, ""self_attn.o_proj"": 589.0, ""self_attn.q_proj"": 33.0, ""self_attn.v_proj"": 277.0}","{""mlp.down_proj"": 1200.0, ""mlp.gate_proj"": 302.0, ""mlp.up_proj"": 924.0, ""self_attn.k_proj"": 39.0, ""self_attn.o_proj"": 587.0, ""self_attn.q_proj"": 33.0, ""self_attn.v_proj"": 275.0}","{""mlp.down_proj"": 0.0, ""mlp.gate_proj"": 2.0, ""mlp.up_proj"": 4.0, ""self_attn.k_proj"": 0.0, ""self_attn.o_proj"": -2.0, ""self_attn.q_proj"": 0.0, ""self_attn.v_proj"": -2.0}","{""mlp.down_proj"": 0.0, ""mlp.gate_proj"": -0.006666666666666667, ""mlp.up_proj"": -0.004347826086956522, ""self_attn.k_proj"": 0.0, ""self_attn.o_proj"": 0.003395585738539898, ""self_attn.q_proj"": 0.0, ""self_attn.v_proj"": 0.007220216606498195}",-2.2782309062005507e-05,0.11428571428571432,177.60000000000002,False,True
qwen,sft,160,E_if,E_ifeval,0.01,18,5,equal5_non_qk,True,"mlp.down_proj,mlp.gate_proj,mlp.up_proj,self_attn.o_proj,self_attn.v_proj","self_attn.q_proj,self_attn.k_proj",1479.4,1484.2,1479.4,-4.8,0.0038994289953341614,0.0032340654898261384,"{""mlp.down_proj"": 2024.0, ""mlp.gate_proj"": 1528.0, ""mlp.up_proj"": 1933.0, ""self_attn.o_proj"": 1347.0, ""self_attn.v_proj"": 589.0}","{""mlp.down_proj"": 2019.0, ""mlp.gate_proj"": 1528.0, ""mlp.up_proj"": 1929.0, ""self_attn.o_proj"": 1336.0, ""self_attn.v_proj"": 585.0}","{""mlp.down_proj"": -5.0, ""mlp.gate_proj"": 0.0, ""mlp.up_proj"": -4.0, ""self_attn.o_proj"": -11.0, ""self_attn.v_proj"": -4.0}","{""mlp.down_proj"": 0.0024703557312252965, ""mlp.gate_proj"": 0.0, ""mlp.up_proj"": 0.0020693222969477496, ""self_attn.o_proj"": 0.008166295471417966, ""self_attn.v_proj"": 0.006791171477079796}",0.0004347220977225846,0.0034647068976115768,7,equal7,True,"mlp.down_proj,mlp.gate_proj,mlp.up_proj,self_attn.k_proj,self_attn.o_proj,self_attn.q_proj,self_attn.v_proj",,1170.142857142857,1174.0,1170.142857142857,-3.857142857142857,0.004104507035606145,0.0032854709174982024,"{""mlp.down_proj"": 2024.0, ""mlp.gate_proj"": 1528.0, ""mlp.up_proj"": 1933.0, ""self_attn.k_proj"": 273.0, ""self_attn.o_proj"": 1347.0, ""self_attn.q_proj"": 524.0, ""self_attn.v_proj"": 589.0}","{""mlp.down_proj"": 2019.0, ""mlp.gate_proj"": 1528.0, ""mlp.up_proj"": 1929.0, ""self_attn.k_proj"": 271.0, ""self_attn.o_proj"": 1336.0, ""self_attn.q_proj"": 523.0, ""self_attn.v_proj"": 585.0}","{""mlp.down_proj"": -5.0, ""mlp.gate_proj"": 0.0, ""mlp.up_proj"": -4.0, ""self_attn.k_proj"": -2.0, ""self_attn.o_proj"": -11.0, ""self_attn.q_proj"": -1.0, ""self_attn.v_proj"": -4.0}","{""mlp.down_proj"": 0.0024703557312252965, ""mlp.gate_proj"": 0.0, ""mlp.up_proj"": 0.0020693222969477496, ""self_attn.k_proj"": 0.007326007326007326, ""self_attn.o_proj"": 0.008166295471417966, ""self_attn.q_proj"": 0.0019083969465648854, ""self_attn.v_proj"": 0.006791171477079796}",-0.0002050780402719837,-0.9428571428571426,309.257142857143,False,True
qwen,sft,160,E_if,E_ifeval,0.025,18,5,equal5_non_qk,True,"mlp.down_proj,mlp.gate_proj,mlp.up_proj,self_attn.o_proj,self_attn.v_proj","self_attn.q_proj,self_attn.k_proj",1103.8,1109.6,1103.8,-5.8,0.0061624447701804684,0.005227108868060522,"{""mlp.down_proj"": 1649.0, ""mlp.gate_proj"": 1005.0, ""mlp.up_proj"": 1521.0, ""self_attn.o_proj"": 969.0, ""self_attn.v_proj"": 404.0}","{""mlp.down_proj"": 1642.0, ""mlp.gate_proj"": 1004.0, ""mlp.up_proj"": 1516.0, ""self_attn.o_proj"": 957.0, ""self_attn.v_proj"": 400.0}","{""mlp.down_proj"": -7.0, ""mlp.gate_proj"": -1.0, ""mlp.up_proj"": -5.0, ""self_attn.o_proj"": -12.0, ""self_attn.v_proj"": -4.0}","{""mlp.down_proj"": 0.004244996967859308, ""mlp.gate_proj"": 0.0009950248756218905, ""mlp.up_proj"": 0.003287310979618672, ""self_attn.o_proj"": 0.01238390092879257, ""self_attn.v_proj"": 0.009900990099009901}",9.479179240448714e-05,0.0060676529777759815,7,equal7,True,"mlp.down_proj,mlp.gate_proj,mlp.up_proj,self_attn.k_proj,self_attn.o_proj,self_attn.q_proj,self_attn.v_proj",,835.7142857142857,840.0,835.7142857142857,-4.285714285714286,0.00556318645024505,0.005102040816326588,"{""mlp.down_proj"": 1649.0, ""mlp.gate_proj"": 1005.0, ""mlp.up_proj"": 1521.0, ""self_attn.k_proj"": 123.0, ""self_attn.o_proj"": 969.0, ""self_attn.q_proj"": 209.0, ""self_attn.v_proj"": 404.0}","{""mlp.down_proj"": 1642.0, ""mlp.gate_proj"": 1004.0, ""mlp.up_proj"": 1516.0, ""self_attn.k_proj"": 122.0, ""self_attn.o_proj"": 957.0, ""self_attn.q_proj"": 209.0, ""self_attn.v_proj"": 400.0}","{""mlp.down_proj"": -7.0, ""mlp.gate_proj"": -1.0, ""mlp.up_proj"": -5.0, ""self_attn.k_proj"": -1.0, ""self_attn.o_proj"": -12.0, ""self_attn.q_proj"": 0.0, ""self_attn.v_proj"": -4.0}","{""mlp.down_proj"": 0.004244996967859308, ""mlp.gate_proj"": 0.0009950248756218905, ""mlp.up_proj"": 0.003287310979618672, ""self_attn.k_proj"": 0.008130081300813009, ""self_attn.o_proj"": 0.01238390092879257, ""self_attn.q_proj"": 0.0, ""self_attn.v_proj"": 0.009900990099009901}",0.0005992583199354185,-1.5142857142857142,268.0857142857143,False,True
qwen,sft,160,E_if,E_ifeval,0.05,18,5,equal5_non_qk,True,"mlp.down_proj,mlp.gate_proj,mlp.up_proj,self_attn.o_proj,self_attn.v_proj","self_attn.q_proj,self_attn.k_proj",775.8,782.0,775.8,-6.2,0.008718235698049363,0.007928388746803128,"{""mlp.down_proj"": 1274.0, ""mlp.gate_proj"": 584.0, ""mlp.up_proj"": 1127.0, ""self_attn.o_proj"": 672.0, ""self_attn.v_proj"": 253.0}","{""mlp.down_proj"": 1265.0, ""mlp.gate_proj"": 584.0, ""mlp.up_proj"": 1121.0, ""self_attn.o_proj"": 659.0, ""self_attn.v_proj"": 250.0}","{""mlp.down_proj"": -9.0, ""mlp.gate_proj"": 0.0, ""mlp.up_proj"": -6.0, ""self_attn.o_proj"": -13.0, ""self_attn.v_proj"": -3.0}","{""mlp.down_proj"": 0.00706436420722135, ""mlp.gate_proj"": 0.0, ""mlp.up_proj"": 0.005323868677905945, ""self_attn.o_proj"": 0.019345238095238096, ""self_attn.v_proj"": 0.011857707509881422}",0.00020094992615762552,0.008517285771891737,7,equal7,True,"mlp.down_proj,mlp.gate_proj,mlp.up_proj,self_attn.k_proj,self_attn.o_proj,self_attn.q_proj,self_attn.v_proj",,571.1428571428571,575.7142857142857,571.1428571428571,-4.571428571428571,0.008268127539423013,0.007940446650124042,"{""mlp.down_proj"": 1274.0, ""mlp.gate_proj"": 584.0, ""mlp.up_proj"": 1127.0, ""self_attn.k_proj"": 50.0, ""self_attn.o_proj"": 672.0, ""self_attn.q_proj"": 70.0, ""self_attn.v_proj"": 253.0}","{""mlp.down_proj"": 1265.0, ""mlp.gate_proj"": 584.0, ""mlp.up_proj"": 1121.0, ""self_attn.k_proj"": 50.0, ""self_attn.o_proj"": 659.0, ""self_attn.q_proj"": 69.0, ""self_attn.v_proj"": 250.0}","{""mlp.down_proj"": -9.0, ""mlp.gate_proj"": 0.0, ""mlp.up_proj"": -6.0, ""self_attn.k_proj"": 0.0, ""self_attn.o_proj"": -13.0, ""self_attn.q_proj"": -1.0, ""self_attn.v_proj"": -3.0}","{""mlp.down_proj"": 0.00706436420722135, ""mlp.gate_proj"": 0.0, ""mlp.up_proj"": 0.005323868677905945, ""self_attn.k_proj"": 0.0, ""self_attn.o_proj"": 0.019345238095238096, ""self_attn.q_proj"": 0.014285714285714285, ""self_attn.v_proj"": 0.011857707509881422}",0.0004501081586263493,-1.628571428571429,204.65714285714284,False,True
qwen,sft,160,E_if,E_ifeval,0.1,18,5,equal5_non_qk,True,"mlp.down_proj,mlp.gate_proj,mlp.up_proj,self_attn.o_proj,self_attn.v_proj","self_attn.q_proj,self_attn.k_proj",446.8,453.0,446.8,-6.2,0.01607379631047987,0.013686534216335516,"{""mlp.down_proj"": 839.0, ""mlp.gate_proj"": 228.0, ""mlp.up_proj"": 695.0, ""self_attn.o_proj"": 387.0, ""self_attn.v_proj"": 116.0}","{""mlp.down_proj"": 829.0, ""mlp.gate_proj"": 227.0, ""mlp.up_proj"": 690.0, ""self_attn.o_proj"": 375.0, ""self_attn.v_proj"": 113.0}","{""mlp.down_proj"": -10.0, ""mlp.gate_proj"": -1.0, ""mlp.up_proj"": -5.0, ""self_attn.o_proj"": -12.0, ""self_attn.v_proj"": -3.0}","{""mlp.down_proj"": 0.011918951132300357, ""mlp.gate_proj"": 0.0043859649122807015, ""mlp.up_proj"": 0.007194244604316547, ""self_attn.o_proj"": 0.031007751937984496, ""self_attn.v_proj"": 0.02586206896551724}",-7.973808171701929e-05,0.016153534392196887,7,equal7,True,"mlp.down_proj,mlp.gate_proj,mlp.up_proj,self_attn.k_proj,self_attn.o_proj,self_attn.q_proj,self_attn.v_proj",,322.85714285714283,327.42857142857144,322.85714285714283,-4.571428571428571,0.020409854507485618,0.013961605584642357,"{""mlp.down_proj"": 839.0, ""mlp.gate_proj"": 228.0, ""mlp.up_proj"": 695.0, ""self_attn.k_proj"": 16.0, ""self_attn.o_proj"": 387.0, ""self_attn.q_proj"": 11.0, ""self_attn.v_proj"": 116.0}","{""mlp.down_proj"": 829.0, ""mlp.gate_proj"": 227.0, ""mlp.up_proj"": 690.0, ""self_attn.k_proj"": 15.0, ""self_attn.o_proj"": 375.0, ""self_attn.q_proj"": 11.0, ""self_attn.v_proj"": 113.0}","{""mlp.down_proj"": -10.0, ""mlp.gate_proj"": -1.0, ""mlp.up_proj"": -5.0, ""self_attn.k_proj"": -1.0, ""self_attn.o_proj"": -12.0, ""self_attn.q_proj"": 0.0, ""self_attn.v_proj"": -3.0}","{""mlp.down_proj"": 0.011918951132300357, ""mlp.gate_proj"": 0.0043859649122807015, ""mlp.up_proj"": 0.007194244604316547, ""self_attn.k_proj"": 0.0625, ""self_attn.o_proj"": 0.031007751937984496, ""self_attn.q_proj"": 0.0, ""self_attn.v_proj"": 0.02586206896551724}",-0.004336058197005749,-1.628571428571429,123.94285714285718,False,True
qwen,sft,160,E_math,E_mathHeld,0.01,18,5,equal5_non_qk,True,"mlp.down_proj,mlp.gate_proj,mlp.up_proj,self_attn.o_proj,self_attn.v_proj","self_attn.q_proj,self_attn.k_proj",1647.6,1649.6,1647.6,-2.0,0.0019237193755945133,0.0012124151309408342,"{""mlp.down_proj"": 2176.0, ""mlp.gate_proj"": 1819.0, ""mlp.up_proj"": 2046.0, ""self_attn.o_proj"": 1520.0, ""self_attn.v_proj"": 687.0}","{""mlp.down_proj"": 2175.0, ""mlp.gate_proj"": 1821.0, ""mlp.up_proj"": 2045.0, ""self_attn.o_proj"": 1514.0, ""self_attn.v_proj"": 683.0}","{""mlp.down_proj"": -1.0, ""mlp.gate_proj"": 2.0, ""mlp.up_proj"": -1.0, ""self_attn.o_proj"": -6.0, ""self_attn.v_proj"": -4.0}","{""mlp.down_proj"": 0.00045955882352941176, ""mlp.gate_proj"": -0.0010995052226498076, ""mlp.up_proj"": 0.0004887585532746823, ""self_attn.o_proj"": 0.003947368421052632, ""self_attn.v_proj"": 0.005822416302765648}",0.0004347220977225846,0.0014889972778719287,7,equal7,True,"mlp.down_proj,mlp.gate_proj,mlp.up_proj,self_attn.k_proj,self_attn.o_proj,self_attn.q_proj,self_attn.v_proj",,1336.4285714285713,1339.0,1336.4285714285713,-2.5714285714285716,0.0034921056397023095,0.0019204096874000515,"{""mlp.down_proj"": 2176.0, ""mlp.gate_proj"": 1819.0, ""mlp.up_proj"": 2046.0, ""self_attn.k_proj"": 363.0, ""self_attn.o_proj"": 1520.0, ""self_attn.q_proj"": 762.0, ""self_attn.v_proj"": 687.0}","{""mlp.down_proj"": 2175.0, ""mlp.gate_proj"": 1821.0, ""mlp.up_proj"": 2045.0, ""self_attn.k_proj"": 360.0, ""self_attn.o_proj"": 1514.0, ""self_attn.q_proj"": 757.0, ""self_attn.v_proj"": 683.0}","{""mlp.down_proj"": -1.0, ""mlp.gate_proj"": 2.0, ""mlp.up_proj"": -1.0, ""self_attn.k_proj"": -3.0, ""self_attn.o_proj"": -6.0, ""self_attn.q_proj"": -5.0, ""self_attn.v_proj"": -4.0}","{""mlp.down_proj"": 0.00045955882352941176, ""mlp.gate_proj"": -0.0010995052226498076, ""mlp.up_proj"": 0.0004887585532746823, ""self_attn.k_proj"": 0.008264462809917356, ""self_attn.o_proj"": 0.003947368421052632, ""self_attn.q_proj"": 0.006561679790026247, ""self_attn.v_proj"": 0.005822416302765648}",-0.0015683862641077961,0.5714285714285716,311.1714285714286,False,True
qwen,sft,160,E_math,E_mathHeld,0.025,18,5,equal5_non_qk,True,"mlp.down_proj,mlp.gate_proj,mlp.up_proj,self_attn.o_proj,self_attn.v_proj","self_attn.q_proj,self_attn.k_proj",1319.8,1322.2,1319.8,-2.4,0.0029755509973288926,0.0018151565572531317,"{""mlp.down_proj"": 1875.0, ""mlp.gate_proj"": 1369.0, ""mlp.up_proj"": 1691.0, ""self_attn.o_proj"": 1157.0, ""self_attn.v_proj"": 519.0}","{""mlp.down_proj"": 1873.0, ""mlp.gate_proj"": 1372.0, ""mlp.up_proj"": 1689.0, ""self_attn.o_proj"": 1151.0, ""self_attn.v_proj"": 514.0}","{""mlp.down_proj"": -2.0, ""mlp.gate_proj"": 3.0, ""mlp.up_proj"": -2.0, ""self_attn.o_proj"": -6.0, ""self_attn.v_proj"": -5.0}","{""mlp.down_proj"": 0.0010666666666666667, ""mlp.gate_proj"": -0.002191380569758948, ""mlp.up_proj"": 0.0011827321111768185, ""self_attn.o_proj"": 0.005185825410544511, ""self_attn.v_proj"": 0.009633911368015413}",9.479179240448714e-05,0.0028807592049244057,7,equal7,True,"mlp.down_proj,mlp.gate_proj,mlp.up_proj,self_attn.k_proj,self_attn.o_proj,self_attn.q_proj,self_attn.v_proj",,1023.0,1025.5714285714287,1023.0,-2.5714285714285716,0.005144836468345368,0.0025073129962391253,"{""mlp.down_proj"": 1875.0, ""mlp.gate_proj"": 1369.0, ""mlp.up_proj"": 1691.0, ""self_attn.k_proj"": 189.0, ""self_attn.o_proj"": 1157.0, ""self_attn.q_proj"": 379.0, ""self_attn.v_proj"": 519.0}","{""mlp.down_proj"": 1873.0, ""mlp.gate_proj"": 1372.0, ""mlp.up_proj"": 1689.0, ""self_attn.k_proj"": 187.0, ""self_attn.o_proj"": 1151.0, ""self_attn.q_proj"": 375.0, ""self_attn.v_proj"": 514.0}","{""mlp.down_proj"": -2.0, ""mlp.gate_proj"": 3.0, ""mlp.up_proj"": -2.0, ""self_attn.k_proj"": -2.0, ""self_attn.o_proj"": -6.0, ""self_attn.q_proj"": -4.0, ""self_attn.v_proj"": -5.0}","{""mlp.down_proj"": 0.0010666666666666667, ""mlp.gate_proj"": -0.002191380569758948, ""mlp.up_proj"": 0.0011827321111768185, ""self_attn.k_proj"": 0.010582010582010581, ""self_attn.o_proj"": 0.005185825410544511, ""self_attn.q_proj"": 0.010554089709762533, ""self_attn.v_proj"": 0.009633911368015413}",-0.002169285471016476,0.1714285714285717,296.79999999999995,False,True
qwen,sft,160,E_math,E_mathHeld,0.05,18,5,equal5_non_qk,True,"mlp.down_proj,mlp.gate_proj,mlp.up_proj,self_attn.o_proj,self_attn.v_proj","self_attn.q_proj,self_attn.k_proj",1011.6,1014.2,1011.6,-2.6,0.004538983210451171,0.0025635969236837137,"{""mlp.down_proj"": 1552.0, ""mlp.gate_proj"": 956.0, ""mlp.up_proj"": 1332.0, ""self_attn.o_proj"": 860.0, ""self_attn.v_proj"": 371.0}","{""mlp.down_proj"": 1549.0, ""mlp.gate_proj"": 959.0, ""mlp.up_proj"": 1331.0, ""self_attn.o_proj"": 854.0, ""self_attn.v_proj"": 365.0}","{""mlp.down_proj"": -3.0, ""mlp.gate_proj"": 3.0, ""mlp.up_proj"": -1.0, ""self_attn.o_proj"": -6.0, ""self_attn.v_proj"": -6.0}","{""mlp.down_proj"": 0.0019329896907216496, ""mlp.gate_proj"": -0.0031380753138075313, ""mlp.up_proj"": 0.0007507507507507507, ""self_attn.o_proj"": 0.0069767441860465115, ""self_attn.v_proj"": 0.016172506738544475}",0.00020094992615762552,0.004338033284293546,7,equal7,True,"mlp.down_proj,mlp.gate_proj,mlp.up_proj,self_attn.k_proj,self_attn.o_proj,self_attn.q_proj,self_attn.v_proj",,755.8571428571429,758.1428571428571,755.8571428571429,-2.2857142857142856,0.006839578712926908,0.0030148859996230537,"{""mlp.down_proj"": 1552.0, ""mlp.gate_proj"": 956.0, ""mlp.up_proj"": 1332.0, ""self_attn.k_proj"": 82.0, ""self_attn.o_proj"": 860.0, ""self_attn.q_proj"": 154.0, ""self_attn.v_proj"": 371.0}","{""mlp.down_proj"": 1549.0, ""mlp.gate_proj"": 959.0, ""mlp.up_proj"": 1331.0, ""self_attn.k_proj"": 81.0, ""self_attn.o_proj"": 854.0, ""self_attn.q_proj"": 152.0, ""self_attn.v_proj"": 365.0}","{""mlp.down_proj"": -3.0, ""mlp.gate_proj"": 3.0, ""mlp.up_proj"": -1.0, ""self_attn.k_proj"": -1.0, ""self_attn.o_proj"": -6.0, ""self_attn.q_proj"": -2.0, ""self_attn.v_proj"": -6.0}","{""mlp.down_proj"": 0.0019329896907216496, ""mlp.gate_proj"": -0.0031380753138075313, ""mlp.up_proj"": 0.0007507507507507507, ""self_attn.k_proj"": 0.012195121951219513, ""self_attn.o_proj"": 0.0069767441860465115, ""self_attn.q_proj"": 0.012987012987012988, ""self_attn.v_proj"": 0.016172506738544475}",-0.002300595502475737,-0.3142857142857145,255.74285714285713,False,True
qwen,sft,160,E_math,E_mathHeld,0.1,18,5,equal5_non_qk,True,"mlp.down_proj,mlp.gate_proj,mlp.up_proj,self_attn.o_proj,self_attn.v_proj","self_attn.q_proj,self_attn.k_proj",670.6,673.2,670.6,-2.6,0.006733119599992262,0.0038621509209744837,"{""mlp.down_proj"": 1147.0, ""mlp.gate_proj"": 529.0, ""mlp.up_proj"": 913.0, ""self_attn.o_proj"": 561.0, ""self_attn.v_proj"": 216.0}","{""mlp.down_proj"": 1144.0, ""mlp.gate_proj"": 532.0, ""mlp.up_proj"": 912.0, ""self_attn.o_proj"": 554.0, ""self_attn.v_proj"": 211.0}","{""mlp.down_proj"": -3.0, ""mlp.gate_proj"": 3.0, ""mlp.up_proj"": -1.0, ""self_attn.o_proj"": -7.0, ""self_attn.v_proj"": -5.0}","{""mlp.down_proj"": 0.0026155187445510027, ""mlp.gate_proj"": -0.005671077504725898, ""mlp.up_proj"": 0.001095290251916758, ""self_attn.o_proj"": 0.012477718360071301, ""self_attn.v_proj"": 0.023148148148148147}",-7.973808171701929e-05,0.006812857681709281,7,equal7,True,"mlp.down_proj,mlp.gate_proj,mlp.up_proj,self_attn.k_proj,self_attn.o_proj,self_attn.q_proj,self_attn.v_proj",,486.57142857142856,488.7142857142857,486.57142857142856,-2.142857142857143,0.015370047026108143,0.004384682841274531,"{""mlp.down_proj"": 1147.0, ""mlp.gate_proj"": 529.0, ""mlp.up_proj"": 913.0, ""self_attn.k_proj"": 24.0, ""self_attn.o_proj"": 561.0, ""self_attn.q_proj"": 31.0, ""self_attn.v_proj"": 216.0}","{""mlp.down_proj"": 1144.0, ""mlp.gate_proj"": 532.0, ""mlp.up_proj"": 912.0, ""self_attn.k_proj"": 23.0, ""self_attn.o_proj"": 554.0, ""self_attn.q_proj"": 30.0, ""self_attn.v_proj"": 211.0}","{""mlp.down_proj"": -3.0, ""mlp.gate_proj"": 3.0, ""mlp.up_proj"": -1.0, ""self_attn.k_proj"": -1.0, ""self_attn.o_proj"": -7.0, ""self_attn.q_proj"": -1.0, ""self_attn.v_proj"": -5.0}","{""mlp.down_proj"": 0.0026155187445510027, ""mlp.gate_proj"": -0.005671077504725898, ""mlp.up_proj"": 0.001095290251916758, ""self_attn.k_proj"": 0.041666666666666664, ""self_attn.o_proj"": 0.012477718360071301, ""self_attn.q_proj"": 0.03225806451612903, ""self_attn.v_proj"": 0.023148148148148147}",-0.008636927426115881,-0.4571428571428573,184.02857142857147,False,True
qwen,sft,160,E_ood,E_mmluPro,0.01,18,5,equal5_non_qk,True,"mlp.down_proj,mlp.gate_proj,mlp.up_proj,self_attn.o_proj,self_attn.v_proj","self_attn.q_proj,self_attn.k_proj",1608.2,1610.4,1608.2,-2.2,0.001958358866412634,0.0013661202185792632,"{""mlp.down_proj"": 2156.0, ""mlp.gate_proj"": 1667.0, ""mlp.up_proj"": 2029.0, ""self_attn.o_proj"": 1471.0, ""self_attn.v_proj"": 729.0}","{""mlp.down_proj"": 2156.0, ""mlp.gate_proj"": 1666.0, ""mlp.up_proj"": 2027.0, ""self_attn.o_proj"": 1467.0, ""self_attn.v_proj"": 725.0}","{""mlp.down_proj"": 0.0, ""mlp.gate_proj"": -1.0, ""mlp.up_proj"": -2.0, ""self_attn.o_proj"": -4.0, ""self_attn.v_proj"": -4.0}","{""mlp.down_proj"": 0.0, ""mlp.gate_proj"": 0.0005998800239952009, ""mlp.up_proj"": 0.0009857072449482504, ""self_attn.o_proj"": 0.002719238613188307, ""self_attn.v_proj"": 0.0054869684499314125}",0.0004347220977225846,0.0015236367686900492,7,equal7,True,"mlp.down_proj,mlp.gate_proj,mlp.up_proj,self_attn.k_proj,self_attn.o_proj,self_attn.q_proj,self_attn.v_proj",,1302.4285714285713,1305.5714285714287,1302.4285714285713,-3.142857142857143,0.003986514977365642,0.002407265565160451,"{""mlp.down_proj"": 2156.0, ""mlp.gate_proj"": 1667.0, ""mlp.up_proj"": 2029.0, ""self_attn.k_proj"": 402.0, ""self_attn.o_proj"": 1471.0, ""self_attn.q_proj"": 685.0, ""self_attn.v_proj"": 729.0}","{""mlp.down_proj"": 2156.0, ""mlp.gate_proj"": 1666.0, ""mlp.up_proj"": 2027.0, ""self_attn.k_proj"": 400.0, ""self_attn.o_proj"": 1467.0, ""self_attn.q_proj"": 676.0, ""self_attn.v_proj"": 725.0}","{""mlp.down_proj"": 0.0, ""mlp.gate_proj"": -1.0, ""mlp.up_proj"": -2.0, ""self_attn.k_proj"": -2.0, ""self_attn.o_proj"": -4.0, ""self_attn.q_proj"": -9.0, ""self_attn.v_proj"": -4.0}","{""mlp.down_proj"": 0.0, ""mlp.gate_proj"": 0.0005998800239952009, ""mlp.up_proj"": 0.0009857072449482504, ""self_attn.k_proj"": 0.004975124378109453, ""self_attn.o_proj"": 0.002719238613188307, ""self_attn.q_proj"": 0.013138686131386862, ""self_attn.v_proj"": 0.0054869684499314125}",-0.0020281561109530078,0.9428571428571426,305.7714285714287,False,True
qwen,sft,160,E_ood,E_mmluPro,0.025,18,5,equal5_non_qk,True,"mlp.down_proj,mlp.gate_proj,mlp.up_proj,self_attn.o_proj,self_attn.v_proj","self_attn.q_proj,self_attn.k_proj",1266.2,1268.4,1266.2,-2.2,0.0024725588452568425,0.0017344686218858762,"{""mlp.down_proj"": 1847.0, ""mlp.gate_proj"": 1163.0, ""mlp.up_proj"": 1655.0, ""self_attn.o_proj"": 1105.0, ""self_attn.v_proj"": 572.0}","{""mlp.down_proj"": 1846.0, ""mlp.gate_proj"": 1163.0, ""mlp.up_proj"": 1653.0, ""self_attn.o_proj"": 1101.0, ""self_attn.v_proj"": 568.0}","{""mlp.down_proj"": -1.0, ""mlp.gate_proj"": 0.0, ""mlp.up_proj"": -2.0, ""self_attn.o_proj"": -4.0, ""self_attn.v_proj"": -4.0}","{""mlp.down_proj"": 0.0005414185165132648, ""mlp.gate_proj"": 0.0, ""mlp.up_proj"": 0.0012084592145015106, ""self_attn.o_proj"": 0.0036199095022624436, ""self_attn.v_proj"": 0.006993006993006993}",9.479179240448714e-05,0.0023777670528523556,7,equal7,True,"mlp.down_proj,mlp.gate_proj,mlp.up_proj,self_attn.k_proj,self_attn.o_proj,self_attn.q_proj,self_attn.v_proj",,981.5714285714286,984.2857142857143,981.5714285714286,-2.7142857142857144,0.0057037672754998775,0.00275761973875188,"{""mlp.down_proj"": 1847.0, ""mlp.gate_proj"": 1163.0, ""mlp.up_proj"": 1655.0, ""self_attn.k_proj"": 230.0, ""self_attn.o_proj"": 1105.0, ""self_attn.q_proj"": 318.0, ""self_attn.v_proj"": 572.0}","{""mlp.down_proj"": 1846.0, ""mlp.gate_proj"": 1163.0, ""mlp.up_proj"": 1653.0, ""self_attn.k_proj"": 228.0, ""self_attn.o_proj"": 1101.0, ""self_attn.q_proj"": 312.0, ""self_attn.v_proj"": 568.0}","{""mlp.down_proj"": -1.0, ""mlp.gate_proj"": 0.0, ""mlp.up_proj"": -2.0, ""self_attn.k_proj"": -2.0, ""self_attn.o_proj"": -4.0, ""self_attn.q_proj"": -6.0, ""self_attn.v_proj"": -4.0}","{""mlp.down_proj"": 0.0005414185165132648, ""mlp.gate_proj"": 0.0, ""mlp.up_proj"": 0.0012084592145015106, ""self_attn.k_proj"": 0.008695652173913044, ""self_attn.o_proj"": 0.0036199095022624436, ""self_attn.q_proj"": 0.018867924528301886, ""self_attn.v_proj"": 0.006993006993006993}",-0.003231208430243035,0.5142857142857142,284.6285714285715,False,True
qwen,sft,160,E_ood,E_mmluPro,0.05,18,5,equal5_non_qk,True,"mlp.down_proj,mlp.gate_proj,mlp.up_proj,self_attn.o_proj,self_attn.v_proj","self_attn.q_proj,self_attn.k_proj",952.2,954.4,952.2,-2.2,0.0034781637440338873,0.0023051131601005154,"{""mlp.down_proj"": 1519.0, ""mlp.gate_proj"": 731.0, ""mlp.up_proj"": 1281.0, ""self_attn.o_proj"": 810.0, ""self_attn.v_proj"": 431.0}","{""mlp.down_proj"": 1518.0, ""mlp.gate_proj"": 732.0, ""mlp.up_proj"": 1279.0, ""self_attn.o_proj"": 806.0, ""self_attn.v_proj"": 426.0}","{""mlp.down_proj"": -1.0, ""mlp.gate_proj"": 1.0, ""mlp.up_proj"": -2.0, ""self_attn.o_proj"": -4.0, ""self_attn.v_proj"": -5.0}","{""mlp.down_proj"": 0.0006583278472679394, ""mlp.gate_proj"": -0.0013679890560875513, ""mlp.up_proj"": 0.00156128024980484, ""self_attn.o_proj"": 0.0049382716049382715, ""self_attn.v_proj"": 0.01160092807424594}",0.00020094992615762552,0.0032772138178762617,7,equal7,True,"mlp.down_proj,mlp.gate_proj,mlp.up_proj,self_attn.k_proj,self_attn.o_proj,self_attn.q_proj,self_attn.v_proj",,713.4285714285714,715.5714285714286,713.4285714285714,-2.142857142857143,0.007257842400727703,0.002994609702535391,"{""mlp.down_proj"": 1519.0, ""mlp.gate_proj"": 731.0, ""mlp.up_proj"": 1281.0, ""self_attn.k_proj"": 116.0, ""self_attn.o_proj"": 810.0, ""self_attn.q_proj"": 121.0, ""self_attn.v_proj"": 431.0}","{""mlp.down_proj"": 1518.0, ""mlp.gate_proj"": 732.0, ""mlp.up_proj"": 1279.0, ""self_attn.k_proj"": 115.0, ""self_attn.o_proj"": 806.0, ""self_attn.q_proj"": 118.0, ""self_attn.v_proj"": 426.0}","{""mlp.down_proj"": -1.0, ""mlp.gate_proj"": 1.0, ""mlp.up_proj"": -2.0, ""self_attn.k_proj"": -1.0, ""self_attn.o_proj"": -4.0, ""self_attn.q_proj"": -3.0, ""self_attn.v_proj"": -5.0}","{""mlp.down_proj"": 0.0006583278472679394, ""mlp.gate_proj"": -0.0013679890560875513, ""mlp.up_proj"": 0.00156128024980484, ""self_attn.k_proj"": 0.008620689655172414, ""self_attn.o_proj"": 0.0049382716049382715, ""self_attn.q_proj"": 0.024793388429752067, ""self_attn.v_proj"": 0.01160092807424594}",-0.003779678656693816,-0.057142857142857384,238.7714285714286,False,True
qwen,sft,160,E_ood,E_mmluPro,0.1,18,5,equal5_non_qk,True,"mlp.down_proj,mlp.gate_proj,mlp.up_proj,self_attn.o_proj,self_attn.v_proj","self_attn.q_proj,self_attn.k_proj",615.4,617.4,615.4,-2.0,0.004836926717419745,0.0032393909944930356,"{""mlp.down_proj"": 1114.0, ""mlp.gate_proj"": 327.0, ""mlp.up_proj"": 850.0, ""self_attn.o_proj"": 518.0, ""self_attn.v_proj"": 278.0}","{""mlp.down_proj"": 1113.0, ""mlp.gate_proj"": 327.0, ""mlp.up_proj"": 849.0, ""self_attn.o_proj"": 514.0, ""self_attn.v_proj"": 274.0}","{""mlp.down_proj"": -1.0, ""mlp.gate_proj"": 0.0, ""mlp.up_proj"": -1.0, ""self_attn.o_proj"": -4.0, ""self_attn.v_proj"": -4.0}","{""mlp.down_proj"": 0.0008976660682226212, ""mlp.gate_proj"": 0.0, ""mlp.up_proj"": 0.001176470588235294, ""self_attn.o_proj"": 0.007722007722007722, ""self_attn.v_proj"": 0.014388489208633094}",-7.973808171701929e-05,0.004916664799136765,7,equal7,True,"mlp.down_proj,mlp.gate_proj,mlp.up_proj,self_attn.k_proj,self_attn.o_proj,self_attn.q_proj,self_attn.v_proj",,449.0,450.42857142857144,449.0,-1.4285714285714286,0.005378024578376742,0.00317158261972728,"{""mlp.down_proj"": 1114.0, ""mlp.gate_proj"": 327.0, ""mlp.up_proj"": 850.0, ""self_attn.k_proj"": 40.0, ""self_attn.o_proj"": 518.0, ""self_attn.q_proj"": 26.0, ""self_attn.v_proj"": 278.0}","{""mlp.down_proj"": 1113.0, ""mlp.gate_proj"": 327.0, ""mlp.up_proj"": 849.0, ""self_attn.k_proj"": 41.0, ""self_attn.o_proj"": 514.0, ""self_attn.q_proj"": 25.0, ""self_attn.v_proj"": 274.0}","{""mlp.down_proj"": -1.0, ""mlp.gate_proj"": 0.0, ""mlp.up_proj"": -1.0, ""self_attn.k_proj"": 1.0, ""self_attn.o_proj"": -4.0, ""self_attn.q_proj"": -1.0, ""self_attn.v_proj"": -4.0}","{""mlp.down_proj"": 0.0008976660682226212, ""mlp.gate_proj"": 0.0, ""mlp.up_proj"": 0.001176470588235294, ""self_attn.k_proj"": -0.025, ""self_attn.o_proj"": 0.007722007722007722, ""self_attn.q_proj"": 0.038461538461538464, ""self_attn.v_proj"": 0.014388489208633094}",-0.0005410978609569966,-0.5714285714285714,166.39999999999998,False,True
qwen,sft,320,E_general,E_general,0.01,18,5,equal5_non_qk,True,"mlp.down_proj,mlp.gate_proj,mlp.up_proj,self_attn.o_proj,self_attn.v_proj","self_attn.q_proj,self_attn.k_proj",1631.6,1634.4,1631.6,-2.8,0.002120291505419719,0.001713166911404908,"{""mlp.down_proj"": 2190.0, ""mlp.gate_proj"": 1641.0, ""mlp.up_proj"": 2064.0, ""self_attn.o_proj"": 1546.0, ""self_attn.v_proj"": 731.0}","{""mlp.down_proj"": 2188.0, ""mlp.gate_proj"": 1639.0, ""mlp.up_proj"": 2063.0, ""self_attn.o_proj"": 1540.0, ""self_attn.v_proj"": 728.0}","{""mlp.down_proj"": -2.0, ""mlp.gate_proj"": -2.0, ""mlp.up_proj"": -1.0, ""self_attn.o_proj"": -6.0, ""self_attn.v_proj"": -3.0}","{""mlp.down_proj"": 0.0009132420091324201, ""mlp.gate_proj"": 0.001218769043266301, ""mlp.up_proj"": 0.00048449612403100775, ""self_attn.o_proj"": 0.0038809831824062097, ""self_attn.v_proj"": 0.004103967168262654}",0.002120291505419719,0.0,7,equal7,True,"mlp.down_proj,mlp.gate_proj,mlp.up_proj,self_attn.k_proj,self_attn.o_proj,self_attn.q_proj,self_attn.v_proj",,1325.0,1328.4285714285713,1325.0,-3.4285714285714284,0.003961438322303139,0.002580922679857976,"{""mlp.down_proj"": 2190.0, ""mlp.gate_proj"": 1641.0, ""mlp.up_proj"": 2064.0, ""self_attn.k_proj"": 400.0, ""self_attn.o_proj"": 1546.0, ""self_attn.q_proj"": 727.0, ""self_attn.v_proj"": 731.0}","{""mlp.down_proj"": 2188.0, ""mlp.gate_proj"": 1639.0, ""mlp.up_proj"": 2063.0, ""self_attn.k_proj"": 397.0, ""self_attn.o_proj"": 1540.0, ""self_attn.q_proj"": 720.0, ""self_attn.v_proj"": 728.0}","{""mlp.down_proj"": -2.0, ""mlp.gate_proj"": -2.0, ""mlp.up_proj"": -1.0, ""self_attn.k_proj"": -3.0, ""self_attn.o_proj"": -6.0, ""self_attn.q_proj"": -7.0, ""self_attn.v_proj"": -3.0}","{""mlp.down_proj"": 0.0009132420091324201, ""mlp.gate_proj"": 0.001218769043266301, ""mlp.up_proj"": 0.00048449612403100775, ""self_attn.k_proj"": 0.0075, ""self_attn.o_proj"": 0.0038809831824062097, ""self_attn.q_proj"": 0.009628610729023384, ""self_attn.v_proj"": 0.004103967168262654}",-0.0018411468168834204,0.6285714285714286,306.5999999999999,False,True
qwen,sft,320,E_general,E_general,0.025,18,5,equal5_non_qk,True,"mlp.down_proj,mlp.gate_proj,mlp.up_proj,self_attn.o_proj,self_attn.v_proj","self_attn.q_proj,self_attn.k_proj",1296.2,1299.6,1296.2,-3.4,0.00337055523074845,0.0026161895967989103,"{""mlp.down_proj"": 1900.0, ""mlp.gate_proj"": 1133.0, ""mlp.up_proj"": 1706.0, ""self_attn.o_proj"": 1186.0, ""self_attn.v_proj"": 573.0}","{""mlp.down_proj"": 1897.0, ""mlp.gate_proj"": 1130.0, ""mlp.up_proj"": 1705.0, ""self_attn.o_proj"": 1180.0, ""self_attn.v_proj"": 569.0}","{""mlp.down_proj"": -3.0, ""mlp.gate_proj"": -3.0, ""mlp.up_proj"": -1.0, ""self_attn.o_proj"": -6.0, ""self_attn.v_proj"": -4.0}","{""mlp.down_proj"": 0.0015789473684210526, ""mlp.gate_proj"": 0.00264783759929391, ""mlp.up_proj"": 0.0005861664712778429, ""self_attn.o_proj"": 0.00505902192242833, ""self_attn.v_proj"": 0.006980802792321117}",0.00337055523074845,0.0,7,equal7,True,"mlp.down_proj,mlp.gate_proj,mlp.up_proj,self_attn.k_proj,self_attn.o_proj,self_attn.q_proj,self_attn.v_proj",,1007.7142857142857,1011.2857142857143,1007.7142857142857,-3.5714285714285716,0.006087500197619973,0.003531572255968453,"{""mlp.down_proj"": 1900.0, ""mlp.gate_proj"": 1133.0, ""mlp.up_proj"": 1706.0, ""self_attn.k_proj"": 227.0, ""self_attn.o_proj"": 1186.0, ""self_attn.q_proj"": 354.0, ""self_attn.v_proj"": 573.0}","{""mlp.down_proj"": 1897.0, ""mlp.gate_proj"": 1130.0, ""mlp.up_proj"": 1705.0, ""self_attn.k_proj"": 225.0, ""self_attn.o_proj"": 1180.0, ""self_attn.q_proj"": 348.0, ""self_attn.v_proj"": 569.0}","{""mlp.down_proj"": -3.0, ""mlp.gate_proj"": -3.0, ""mlp.up_proj"": -1.0, ""self_attn.k_proj"": -2.0, ""self_attn.o_proj"": -6.0, ""self_attn.q_proj"": -6.0, ""self_attn.v_proj"": -4.0}","{""mlp.down_proj"": 0.0015789473684210526, ""mlp.gate_proj"": 0.00264783759929391, ""mlp.up_proj"": 0.0005861664712778429, ""self_attn.k_proj"": 0.00881057268722467, ""self_attn.o_proj"": 0.00505902192242833, ""self_attn.q_proj"": 0.01694915254237288, ""self_attn.v_proj"": 0.006980802792321117}",-0.002716944966871523,0.1714285714285717,288.4857142857144,False,True
qwen,sft,320,E_general,E_general,0.05,18,5,equal5_non_qk,True,"mlp.down_proj,mlp.gate_proj,mlp.up_proj,self_attn.o_proj,self_attn.v_proj","self_attn.q_proj,self_attn.k_proj",987.4,991.2,987.4,-3.8,0.005176374513611017,0.003833736884584411,"{""mlp.down_proj"": 1590.0, ""mlp.gate_proj"": 701.0, ""mlp.up_proj"": 1344.0, ""self_attn.o_proj"": 890.0, ""self_attn.v_proj"": 431.0}","{""mlp.down_proj"": 1586.0, ""mlp.gate_proj"": 698.0, ""mlp.up_proj"": 1343.0, ""self_attn.o_proj"": 884.0, ""self_attn.v_proj"": 426.0}","{""mlp.down_proj"": -4.0, ""mlp.gate_proj"": -3.0, ""mlp.up_proj"": -1.0, ""self_attn.o_proj"": -6.0, ""self_attn.v_proj"": -5.0}","{""mlp.down_proj"": 0.0025157232704402514, ""mlp.gate_proj"": 0.0042796005706134095, ""mlp.up_proj"": 0.000744047619047619, ""self_attn.o_proj"": 0.006741573033707865, ""self_attn.v_proj"": 0.01160092807424594}",0.005176374513611017,0.0,7,equal7,True,"mlp.down_proj,mlp.gate_proj,mlp.up_proj,self_attn.k_proj,self_attn.o_proj,self_attn.q_proj,self_attn.v_proj",,741.4285714285714,744.7142857142857,741.4285714285714,-3.2857142857142856,0.007937823346216044,0.004412046806061682,"{""mlp.down_proj"": 1590.0, ""mlp.gate_proj"": 701.0, ""mlp.up_proj"": 1344.0, ""self_attn.k_proj"": 113.0, ""self_attn.o_proj"": 890.0, ""self_attn.q_proj"": 144.0, ""self_attn.v_proj"": 431.0}","{""mlp.down_proj"": 1586.0, ""mlp.gate_proj"": 698.0, ""mlp.up_proj"": 1343.0, ""self_attn.k_proj"": 112.0, ""self_attn.o_proj"": 884.0, ""self_attn.q_proj"": 141.0, ""self_attn.v_proj"": 426.0}","{""mlp.down_proj"": -4.0, ""mlp.gate_proj"": -3.0, ""mlp.up_proj"": -1.0, ""self_attn.k_proj"": -1.0, ""self_attn.o_proj"": -6.0, ""self_attn.q_proj"": -3.0, ""self_attn.v_proj"": -5.0}","{""mlp.down_proj"": 0.0025157232704402514, ""mlp.gate_proj"": 0.0042796005706134095, ""mlp.up_proj"": 0.000744047619047619, ""self_attn.k_proj"": 0.008849557522123894, ""self_attn.o_proj"": 0.006741573033707865, ""self_attn.q_proj"": 0.020833333333333332, ""self_attn.v_proj"": 0.01160092807424594}",-0.002761448832605027,-0.5142857142857142,245.97142857142853,False,True
qwen,sft,320,E_general,E_general,0.1,18,5,equal5_non_qk,True,"mlp.down_proj,mlp.gate_proj,mlp.up_proj,self_attn.o_proj,self_attn.v_proj","self_attn.q_proj,self_attn.k_proj",654.0,657.2,654.0,-3.2,0.0069254380857232175,0.004869141813755394,"{""mlp.down_proj"": 1200.0, ""mlp.gate_proj"": 300.0, ""mlp.up_proj"": 920.0, ""self_attn.o_proj"": 589.0, ""self_attn.v_proj"": 277.0}","{""mlp.down_proj"": 1196.0, ""mlp.gate_proj"": 298.0, ""mlp.up_proj"": 920.0, ""self_attn.o_proj"": 583.0, ""self_attn.v_proj"": 273.0}","{""mlp.down_proj"": -4.0, ""mlp.gate_proj"": -2.0, ""mlp.up_proj"": 0.0, ""self_attn.o_proj"": -6.0, ""self_attn.v_proj"": -4.0}","{""mlp.down_proj"": 0.0033333333333333335, ""mlp.gate_proj"": 0.006666666666666667, ""mlp.up_proj"": 0.0, ""self_attn.o_proj"": 0.010186757215619695, ""self_attn.v_proj"": 0.01444043321299639}",0.0069254380857232175,0.0,7,equal7,True,"mlp.down_proj,mlp.gate_proj,mlp.up_proj,self_attn.k_proj,self_attn.o_proj,self_attn.q_proj,self_attn.v_proj",,477.14285714285717,479.7142857142857,477.14285714285717,-2.5714285714285716,0.012938749481810289,0.005360333531864171,"{""mlp.down_proj"": 1200.0, ""mlp.gate_proj"": 300.0, ""mlp.up_proj"": 920.0, ""self_attn.k_proj"": 39.0, ""self_attn.o_proj"": 589.0, ""self_attn.q_proj"": 33.0, ""self_attn.v_proj"": 277.0}","{""mlp.down_proj"": 1196.0, ""mlp.gate_proj"": 298.0, ""mlp.up_proj"": 920.0, ""self_attn.k_proj"": 38.0, ""self_attn.o_proj"": 583.0, ""self_attn.q_proj"": 32.0, ""self_attn.v_proj"": 273.0}","{""mlp.down_proj"": -4.0, ""mlp.gate_proj"": -2.0, ""mlp.up_proj"": 0.0, ""self_attn.k_proj"": -1.0, ""self_attn.o_proj"": -6.0, ""self_attn.q_proj"": -1.0, ""self_attn.v_proj"": -4.0}","{""mlp.down_proj"": 0.0033333333333333335, ""mlp.gate_proj"": 0.006666666666666667, ""mlp.up_proj"": 0.0, ""self_attn.k_proj"": 0.02564102564102564, ""self_attn.o_proj"": 0.010186757215619695, ""self_attn.q_proj"": 0.030303030303030304, ""self_attn.v_proj"": 0.01444043321299639}",-0.0060133113960870715,-0.6285714285714286,176.85714285714283,False,True
qwen,sft,320,E_if,E_ifeval,0.01,18,5,equal5_non_qk,True,"mlp.down_proj,mlp.gate_proj,mlp.up_proj,self_attn.o_proj,self_attn.v_proj","self_attn.q_proj,self_attn.k_proj",1475.0,1484.2,1475.0,-9.2,0.007222881081712479,0.006198625522166854,"{""mlp.down_proj"": 2024.0, ""mlp.gate_proj"": 1528.0, ""mlp.up_proj"": 1933.0, ""self_attn.o_proj"": 1347.0, ""self_attn.v_proj"": 589.0}","{""mlp.down_proj"": 2014.0, ""mlp.gate_proj"": 1523.0, ""mlp.up_proj"": 1925.0, ""self_attn.o_proj"": 1331.0, ""self_attn.v_proj"": 582.0}","{""mlp.down_proj"": -10.0, ""mlp.gate_proj"": -5.0, ""mlp.up_proj"": -8.0, ""self_attn.o_proj"": -16.0, ""self_attn.v_proj"": -7.0}","{""mlp.down_proj"": 0.004940711462450593, ""mlp.gate_proj"": 0.0032722513089005235, ""mlp.up_proj"": 0.004138644593895499, ""self_attn.o_proj"": 0.011878247958426132, ""self_attn.v_proj"": 0.011884550084889643}",0.002120291505419719,0.00510258957629276,7,equal7,True,"mlp.down_proj,mlp.gate_proj,mlp.up_proj,self_attn.k_proj,self_attn.o_proj,self_attn.q_proj,self_attn.v_proj",,1165.5714285714287,1174.0,1165.5714285714287,-8.428571428571429,0.009956657042299972,0.007179362375273706,"{""mlp.down_proj"": 2024.0, ""mlp.gate_proj"": 1528.0, ""mlp.up_proj"": 1933.0, ""self_attn.k_proj"": 273.0, ""self_attn.o_proj"": 1347.0, ""self_attn.q_proj"": 524.0, ""self_attn.v_proj"": 589.0}","{""mlp.down_proj"": 2014.0, ""mlp.gate_proj"": 1523.0, ""mlp.up_proj"": 1925.0, ""self_attn.k_proj"": 268.0, ""self_attn.o_proj"": 1331.0, ""self_attn.q_proj"": 516.0, ""self_attn.v_proj"": 582.0}","{""mlp.down_proj"": -10.0, ""mlp.gate_proj"": -5.0, ""mlp.up_proj"": -8.0, ""self_attn.k_proj"": -5.0, ""self_attn.o_proj"": -16.0, ""self_attn.q_proj"": -8.0, ""self_attn.v_proj"": -7.0}","{""mlp.down_proj"": 0.004940711462450593, ""mlp.gate_proj"": 0.0032722513089005235, ""mlp.up_proj"": 0.004138644593895499, ""self_attn.k_proj"": 0.018315018315018316, ""self_attn.o_proj"": 0.011878247958426132, ""self_attn.q_proj"": 0.015267175572519083, ""self_attn.v_proj"": 0.011884550084889643}",-0.0027337759605874923,-0.7714285714285705,309.42857142857133,False,True
qwen,sft,320,E_if,E_ifeval,0.025,18,5,equal5_non_qk,True,"mlp.down_proj,mlp.gate_proj,mlp.up_proj,self_attn.o_proj,self_attn.v_proj","self_attn.q_proj,self_attn.k_proj",1098.8,1109.6,1098.8,-10.8,0.01155483537151286,0.00973323720259549,"{""mlp.down_proj"": 1649.0, ""mlp.gate_proj"": 1005.0, ""mlp.up_proj"": 1521.0, ""self_attn.o_proj"": 969.0, ""self_attn.v_proj"": 404.0}","{""mlp.down_proj"": 1636.0, ""mlp.gate_proj"": 999.0, ""mlp.up_proj"": 1511.0, ""self_attn.o_proj"": 952.0, ""self_attn.v_proj"": 396.0}","{""mlp.down_proj"": -13.0, ""mlp.gate_proj"": -6.0, ""mlp.up_proj"": -10.0, ""self_attn.o_proj"": -17.0, ""self_attn.v_proj"": -8.0}","{""mlp.down_proj"": 0.007883565797453002, ""mlp.gate_proj"": 0.005970149253731343, ""mlp.up_proj"": 0.006574621959237344, ""self_attn.o_proj"": 0.017543859649122806, ""self_attn.v_proj"": 0.019801980198019802}",0.00337055523074845,0.00818428014076441,7,equal7,True,"mlp.down_proj,mlp.gate_proj,mlp.up_proj,self_attn.k_proj,self_attn.o_proj,self_attn.q_proj,self_attn.v_proj",,831.1428571428571,840.0,831.1428571428571,-8.857142857142858,0.015155409390868554,0.010544217687074869,"{""mlp.down_proj"": 1649.0, ""mlp.gate_proj"": 1005.0, ""mlp.up_proj"": 1521.0, ""self_attn.k_proj"": 123.0, ""self_attn.o_proj"": 969.0, ""self_attn.q_proj"": 209.0, ""self_attn.v_proj"": 404.0}","{""mlp.down_proj"": 1636.0, ""mlp.gate_proj"": 999.0, ""mlp.up_proj"": 1511.0, ""self_attn.k_proj"": 120.0, ""self_attn.o_proj"": 952.0, ""self_attn.q_proj"": 204.0, ""self_attn.v_proj"": 396.0}","{""mlp.down_proj"": -13.0, ""mlp.gate_proj"": -6.0, ""mlp.up_proj"": -10.0, ""self_attn.k_proj"": -3.0, ""self_attn.o_proj"": -17.0, ""self_attn.q_proj"": -5.0, ""self_attn.v_proj"": -8.0}","{""mlp.down_proj"": 0.007883565797453002, ""mlp.gate_proj"": 0.005970149253731343, ""mlp.up_proj"": 0.006574621959237344, ""self_attn.k_proj"": 0.024390243902439025, ""self_attn.o_proj"": 0.017543859649122806, ""self_attn.q_proj"": 0.023923444976076555, ""self_attn.v_proj"": 0.019801980198019802}",-0.0036005740193556946,-1.942857142857143,267.65714285714284,False,True
qwen,sft,320,E_if,E_ifeval,0.05,18,5,equal5_non_qk,True,"mlp.down_proj,mlp.gate_proj,mlp.up_proj,self_attn.o_proj,self_attn.v_proj","self_attn.q_proj,self_attn.k_proj",770.8,782.0,770.8,-11.2,0.016769308536835975,0.014322250639386247,"{""mlp.down_proj"": 1274.0, ""mlp.gate_proj"": 584.0, ""mlp.up_proj"": 1127.0, ""self_attn.o_proj"": 672.0, ""self_attn.v_proj"": 253.0}","{""mlp.down_proj"": 1258.0, ""mlp.gate_proj"": 579.0, ""mlp.up_proj"": 1116.0, ""self_attn.o_proj"": 655.0, ""self_attn.v_proj"": 246.0}","{""mlp.down_proj"": -16.0, ""mlp.gate_proj"": -5.0, ""mlp.up_proj"": -11.0, ""self_attn.o_proj"": -17.0, ""self_attn.v_proj"": -7.0}","{""mlp.down_proj"": 0.012558869701726845, ""mlp.gate_proj"": 0.008561643835616438, ""mlp.up_proj"": 0.009760425909494233, ""self_attn.o_proj"": 0.025297619047619048, ""self_attn.v_proj"": 0.02766798418972332}",0.005176374513611017,0.01159293402322496,7,equal7,True,"mlp.down_proj,mlp.gate_proj,mlp.up_proj,self_attn.k_proj,self_attn.o_proj,self_attn.q_proj,self_attn.v_proj",,567.1428571428571,575.7142857142857,567.1428571428571,-8.571428571428571,0.02095766936304611,0.014888337468982603,"{""mlp.down_proj"": 1274.0, ""mlp.gate_proj"": 584.0, ""mlp.up_proj"": 1127.0, ""self_attn.k_proj"": 50.0, ""self_attn.o_proj"": 672.0, ""self_attn.q_proj"": 70.0, ""self_attn.v_proj"": 253.0}","{""mlp.down_proj"": 1258.0, ""mlp.gate_proj"": 579.0, ""mlp.up_proj"": 1116.0, ""self_attn.k_proj"": 49.0, ""self_attn.o_proj"": 655.0, ""self_attn.q_proj"": 67.0, ""self_attn.v_proj"": 246.0}","{""mlp.down_proj"": -16.0, ""mlp.gate_proj"": -5.0, ""mlp.up_proj"": -11.0, ""self_attn.k_proj"": -1.0, ""self_attn.o_proj"": -17.0, ""self_attn.q_proj"": -3.0, ""self_attn.v_proj"": -7.0}","{""mlp.down_proj"": 0.012558869701726845, ""mlp.gate_proj"": 0.008561643835616438, ""mlp.up_proj"": 0.009760425909494233, ""self_attn.k_proj"": 0.02, ""self_attn.o_proj"": 0.025297619047619048, ""self_attn.q_proj"": 0.04285714285714286, ""self_attn.v_proj"": 0.02766798418972332}",-0.004188360826210134,-2.628571428571428,203.65714285714284,False,True
qwen,sft,320,E_if,E_ifeval,0.1,18,5,equal5_non_qk,True,"mlp.down_proj,mlp.gate_proj,mlp.up_proj,self_attn.o_proj,self_attn.v_proj","self_attn.q_proj,self_attn.k_proj",442.6,453.0,442.6,-10.4,0.02732833666183492,0.02295805739514344,"{""mlp.down_proj"": 839.0, ""mlp.gate_proj"": 228.0, ""mlp.up_proj"": 695.0, ""self_attn.o_proj"": 387.0, ""self_attn.v_proj"": 116.0}","{""mlp.down_proj"": 822.0, ""mlp.gate_proj"": 224.0, ""mlp.up_proj"": 685.0, ""self_attn.o_proj"": 371.0, ""self_attn.v_proj"": 111.0}","{""mlp.down_proj"": -17.0, ""mlp.gate_proj"": -4.0, ""mlp.up_proj"": -10.0, ""self_attn.o_proj"": -16.0, ""self_attn.v_proj"": -5.0}","{""mlp.down_proj"": 0.02026221692491061, ""mlp.gate_proj"": 0.017543859649122806, ""mlp.up_proj"": 0.014388489208633094, ""self_attn.o_proj"": 0.041343669250646, ""self_attn.v_proj"": 0.04310344827586207}",0.0069254380857232175,0.020402898576111703,7,equal7,True,"mlp.down_proj,mlp.gate_proj,mlp.up_proj,self_attn.k_proj,self_attn.o_proj,self_attn.q_proj,self_attn.v_proj",,319.7142857142857,327.42857142857144,319.7142857142857,-7.714285714285714,0.04143582488832365,0.023560209424083794,"{""mlp.down_proj"": 839.0, ""mlp.gate_proj"": 228.0, ""mlp.up_proj"": 695.0, ""self_attn.k_proj"": 16.0, ""self_attn.o_proj"": 387.0, ""self_attn.q_proj"": 11.0, ""self_attn.v_proj"": 116.0}","{""mlp.down_proj"": 822.0, ""mlp.gate_proj"": 224.0, ""mlp.up_proj"": 685.0, ""self_attn.k_proj"": 15.0, ""self_attn.o_proj"": 371.0, ""self_attn.q_proj"": 10.0, ""self_attn.v_proj"": 111.0}","{""mlp.down_proj"": -17.0, ""mlp.gate_proj"": -4.0, ""mlp.up_proj"": -10.0, ""self_attn.k_proj"": -1.0, ""self_attn.o_proj"": -16.0, ""self_attn.q_proj"": -1.0, ""self_attn.v_proj"": -5.0}","{""mlp.down_proj"": 0.02026221692491061, ""mlp.gate_proj"": 0.017543859649122806, ""mlp.up_proj"": 0.014388489208633094, ""self_attn.k_proj"": 0.0625, ""self_attn.o_proj"": 0.041343669250646, ""self_attn.q_proj"": 0.09090909090909091, ""self_attn.v_proj"": 0.04310344827586207}",-0.014107488226488728,-2.685714285714286,122.8857142857143,False,True
qwen,sft,320,E_math,E_mathHeld,0.01,18,5,equal5_non_qk,True,"mlp.down_proj,mlp.gate_proj,mlp.up_proj,self_attn.o_proj,self_attn.v_proj","self_attn.q_proj,self_attn.k_proj",1645.8,1649.6,1645.8,-3.8,0.0032764351311536364,0.0023035887487875576,"{""mlp.down_proj"": 2176.0, ""mlp.gate_proj"": 1819.0, ""mlp.up_proj"": 2046.0, ""self_attn.o_proj"": 1520.0, ""self_attn.v_proj"": 687.0}","{""mlp.down_proj"": 2174.0, ""mlp.gate_proj"": 1819.0, ""mlp.up_proj"": 2043.0, ""self_attn.o_proj"": 1512.0, ""self_attn.v_proj"": 681.0}","{""mlp.down_proj"": -2.0, ""mlp.gate_proj"": 0.0, ""mlp.up_proj"": -3.0, ""self_attn.o_proj"": -8.0, ""self_attn.v_proj"": -6.0}","{""mlp.down_proj"": 0.0009191176470588235, ""mlp.gate_proj"": 0.0, ""mlp.up_proj"": 0.001466275659824047, ""self_attn.o_proj"": 0.005263157894736842, ""self_attn.v_proj"": 0.008733624454148471}",0.002120291505419719,0.0011561436257339175,7,equal7,True,"mlp.down_proj,mlp.gate_proj,mlp.up_proj,self_attn.k_proj,self_attn.o_proj,self_attn.q_proj,self_attn.v_proj",,1334.2857142857142,1339.0,1334.2857142857142,-4.714285714285714,0.005995329137287288,0.003520751093566676,"{""mlp.down_proj"": 2176.0, ""mlp.gate_proj"": 1819.0, ""mlp.up_proj"": 2046.0, ""self_attn.k_proj"": 363.0, ""self_attn.o_proj"": 1520.0, ""self_attn.q_proj"": 762.0, ""self_attn.v_proj"": 687.0}","{""mlp.down_proj"": 2174.0, ""mlp.gate_proj"": 1819.0, ""mlp.up_proj"": 2043.0, ""self_attn.k_proj"": 358.0, ""self_attn.o_proj"": 1512.0, ""self_attn.q_proj"": 753.0, ""self_attn.v_proj"": 681.0}","{""mlp.down_proj"": -2.0, ""mlp.gate_proj"": 0.0, ""mlp.up_proj"": -3.0, ""self_attn.k_proj"": -5.0, ""self_attn.o_proj"": -8.0, ""self_attn.q_proj"": -9.0, ""self_attn.v_proj"": -6.0}","{""mlp.down_proj"": 0.0009191176470588235, ""mlp.gate_proj"": 0.0, ""mlp.up_proj"": 0.001466275659824047, ""self_attn.k_proj"": 0.013774104683195593, ""self_attn.o_proj"": 0.005263157894736842, ""self_attn.q_proj"": 0.011811023622047244, ""self_attn.v_proj"": 0.008733624454148471}",-0.0027188940061336517,0.9142857142857146,311.51428571428573,False,True
qwen,sft,320,E_math,E_mathHeld,0.025,18,5,equal5_non_qk,True,"mlp.down_proj,mlp.gate_proj,mlp.up_proj,self_attn.o_proj,self_attn.v_proj","self_attn.q_proj,self_attn.k_proj",1317.6,1322.2,1317.6,-4.6,0.005258831258380863,0.003479050068068474,"{""mlp.down_proj"": 1875.0, ""mlp.gate_proj"": 1369.0, ""mlp.up_proj"": 1691.0, ""self_attn.o_proj"": 1157.0, ""self_attn.v_proj"": 519.0}","{""mlp.down_proj"": 1872.0, ""mlp.gate_proj"": 1369.0, ""mlp.up_proj"": 1687.0, ""self_attn.o_proj"": 1149.0, ""self_attn.v_proj"": 511.0}","{""mlp.down_proj"": -3.0, ""mlp.gate_proj"": 0.0, ""mlp.up_proj"": -4.0, ""self_attn.o_proj"": -8.0, ""self_attn.v_proj"": -8.0}","{""mlp.down_proj"": 0.0016, ""mlp.gate_proj"": 0.0, ""mlp.up_proj"": 0.002365464222353637, ""self_attn.o_proj"": 0.006914433880726016, ""self_attn.v_proj"": 0.015414258188824663}",0.00337055523074845,0.0018882760276324128,7,equal7,True,"mlp.down_proj,mlp.gate_proj,mlp.up_proj,self_attn.k_proj,self_attn.o_proj,self_attn.q_proj,self_attn.v_proj",,1020.7142857142857,1025.5714285714287,1020.7142857142857,-4.857142857142857,0.009418262064001415,0.0047360356595627555,"{""mlp.down_proj"": 1875.0, ""mlp.gate_proj"": 1369.0, ""mlp.up_proj"": 1691.0, ""self_attn.k_proj"": 189.0, ""self_attn.o_proj"": 1157.0, ""self_attn.q_proj"": 379.0, ""self_attn.v_proj"": 519.0}","{""mlp.down_proj"": 1872.0, ""mlp.gate_proj"": 1369.0, ""mlp.up_proj"": 1687.0, ""self_attn.k_proj"": 185.0, ""self_attn.o_proj"": 1149.0, ""self_attn.q_proj"": 372.0, ""self_attn.v_proj"": 511.0}","{""mlp.down_proj"": -3.0, ""mlp.gate_proj"": 0.0, ""mlp.up_proj"": -4.0, ""self_attn.k_proj"": -4.0, ""self_attn.o_proj"": -8.0, ""self_attn.q_proj"": -7.0, ""self_attn.v_proj"": -8.0}","{""mlp.down_proj"": 0.0016, ""mlp.gate_proj"": 0.0, ""mlp.up_proj"": 0.002365464222353637, ""self_attn.k_proj"": 0.021164021164021163, ""self_attn.o_proj"": 0.006914433880726016, ""self_attn.q_proj"": 0.018469656992084433, ""self_attn.v_proj"": 0.015414258188824663}",-0.0041594308056205525,0.2571428571428571,296.88571428571424,False,True
qwen,sft,320,E_math,E_mathHeld,0.05,18,5,equal5_non_qk,True,"mlp.down_proj,mlp.gate_proj,mlp.up_proj,self_attn.o_proj,self_attn.v_proj","self_attn.q_proj,self_attn.k_proj",1009.6,1014.2,1009.6,-4.6,0.007079993077096801,0.004535594557286553,"{""mlp.down_proj"": 1552.0, ""mlp.gate_proj"": 956.0, ""mlp.up_proj"": 1332.0, ""self_attn.o_proj"": 860.0, ""self_attn.v_proj"": 371.0}","{""mlp.down_proj"": 1548.0, ""mlp.gate_proj"": 957.0, ""mlp.up_proj"": 1328.0, ""self_attn.o_proj"": 852.0, ""self_attn.v_proj"": 363.0}","{""mlp.down_proj"": -4.0, ""mlp.gate_proj"": 1.0, ""mlp.up_proj"": -4.0, ""self_attn.o_proj"": -8.0, ""self_attn.v_proj"": -8.0}","{""mlp.down_proj"": 0.002577319587628866, ""mlp.gate_proj"": -0.0010460251046025104, ""mlp.up_proj"": 0.003003003003003003, ""self_attn.o_proj"": 0.009302325581395349, ""self_attn.v_proj"": 0.0215633423180593}",0.005176374513611017,0.0019036185634857842,7,equal7,True,"mlp.down_proj,mlp.gate_proj,mlp.up_proj,self_attn.k_proj,self_attn.o_proj,self_attn.q_proj,self_attn.v_proj",,754.0,758.1428571428571,754.0,-4.142857142857143,0.012252033608849858,0.005464480874316897,"{""mlp.down_proj"": 1552.0, ""mlp.gate_proj"": 956.0, ""mlp.up_proj"": 1332.0, ""self_attn.k_proj"": 82.0, ""self_attn.o_proj"": 860.0, ""self_attn.q_proj"": 154.0, ""self_attn.v_proj"": 371.0}","{""mlp.down_proj"": 1548.0, ""mlp.gate_proj"": 957.0, ""mlp.up_proj"": 1328.0, ""self_attn.k_proj"": 80.0, ""self_attn.o_proj"": 852.0, ""self_attn.q_proj"": 150.0, ""self_attn.v_proj"": 363.0}","{""mlp.down_proj"": -4.0, ""mlp.gate_proj"": 1.0, ""mlp.up_proj"": -4.0, ""self_attn.k_proj"": -2.0, ""self_attn.o_proj"": -8.0, ""self_attn.q_proj"": -4.0, ""self_attn.v_proj"": -8.0}","{""mlp.down_proj"": 0.002577319587628866, ""mlp.gate_proj"": -0.0010460251046025104, ""mlp.up_proj"": 0.003003003003003003, ""self_attn.k_proj"": 0.024390243902439025, ""self_attn.o_proj"": 0.009302325581395349, ""self_attn.q_proj"": 0.025974025974025976, ""self_attn.v_proj"": 0.0215633423180593}",-0.0051720405317530575,-0.4571428571428564,255.60000000000002,False,True
qwen,sft,320,E_math,E_mathHeld,0.1,18,5,equal5_non_qk,True,"mlp.down_proj,mlp.gate_proj,mlp.up_proj,self_attn.o_proj,self_attn.v_proj","self_attn.q_proj,self_attn.k_proj",668.8,673.2,668.8,-4.4,0.010529163425453536,0.006535947712418435,"{""mlp.down_proj"": 1147.0, ""mlp.gate_proj"": 529.0, ""mlp.up_proj"": 913.0, ""self_attn.o_proj"": 561.0, ""self_attn.v_proj"": 216.0}","{""mlp.down_proj"": 1143.0, ""mlp.gate_proj"": 530.0, ""mlp.up_proj"": 909.0, ""self_attn.o_proj"": 553.0, ""self_attn.v_proj"": 209.0}","{""mlp.down_proj"": -4.0, ""mlp.gate_proj"": 1.0, ""mlp.up_proj"": -4.0, ""self_attn.o_proj"": -8.0, ""self_attn.v_proj"": -7.0}","{""mlp.down_proj"": 0.0034873583260680036, ""mlp.gate_proj"": -0.001890359168241966, ""mlp.up_proj"": 0.004381161007667032, ""self_attn.o_proj"": 0.0142602495543672, ""self_attn.v_proj"": 0.032407407407407406}",0.0069254380857232175,0.003603725339730319,7,equal7,True,"mlp.down_proj,mlp.gate_proj,mlp.up_proj,self_attn.k_proj,self_attn.o_proj,self_attn.q_proj,self_attn.v_proj",,485.14285714285717,488.7142857142857,485.14285714285717,-3.5714285714285716,0.0226898018323132,0.007307804735457436,"{""mlp.down_proj"": 1147.0, ""mlp.gate_proj"": 529.0, ""mlp.up_proj"": 913.0, ""self_attn.k_proj"": 24.0, ""self_attn.o_proj"": 561.0, ""self_attn.q_proj"": 31.0, ""self_attn.v_proj"": 216.0}","{""mlp.down_proj"": 1143.0, ""mlp.gate_proj"": 530.0, ""mlp.up_proj"": 909.0, ""self_attn.k_proj"": 23.0, ""self_attn.o_proj"": 553.0, ""self_attn.q_proj"": 29.0, ""self_attn.v_proj"": 209.0}","{""mlp.down_proj"": -4.0, ""mlp.gate_proj"": 1.0, ""mlp.up_proj"": -4.0, ""self_attn.k_proj"": -1.0, ""self_attn.o_proj"": -8.0, ""self_attn.q_proj"": -2.0, ""self_attn.v_proj"": -7.0}","{""mlp.down_proj"": 0.0034873583260680036, ""mlp.gate_proj"": -0.001890359168241966, ""mlp.up_proj"": 0.004381161007667032, ""self_attn.k_proj"": 0.041666666666666664, ""self_attn.o_proj"": 0.0142602495543672, ""self_attn.q_proj"": 0.06451612903225806, ""self_attn.v_proj"": 0.032407407407407406}",-0.012160638406859664,-0.8285714285714287,183.6571428571428,False,True
qwen,sft,320,E_ood,E_mmluPro,0.01,18,5,equal5_non_qk,True,"mlp.down_proj,mlp.gate_proj,mlp.up_proj,self_attn.o_proj,self_attn.v_proj","self_attn.q_proj,self_attn.k_proj",1605.4,1610.4,1605.4,-5.0,0.0038601005271616104,0.00310481867858917,"{""mlp.down_proj"": 2156.0, ""mlp.gate_proj"": 1667.0, ""mlp.up_proj"": 2029.0, ""self_attn.o_proj"": 1471.0, ""self_attn.v_proj"": 729.0}","{""mlp.down_proj"": 2154.0, ""mlp.gate_proj"": 1661.0, ""mlp.up_proj"": 2024.0, ""self_attn.o_proj"": 1465.0, ""self_attn.v_proj"": 723.0}","{""mlp.down_proj"": -2.0, ""mlp.gate_proj"": -6.0, ""mlp.up_proj"": -5.0, ""self_attn.o_proj"": -6.0, ""self_attn.v_proj"": -6.0}","{""mlp.down_proj"": 0.0009276437847866419, ""mlp.gate_proj"": 0.003599280143971206, ""mlp.up_proj"": 0.0024642681123706258, ""self_attn.o_proj"": 0.004078857919782461, ""self_attn.v_proj"": 0.00823045267489712}",0.002120291505419719,0.0017398090217418914,7,equal7,True,"mlp.down_proj,mlp.gate_proj,mlp.up_proj,self_attn.k_proj,self_attn.o_proj,self_attn.q_proj,self_attn.v_proj",,1298.857142857143,1305.5714285714287,1298.857142857143,-6.714285714285714,0.007932589093542957,0.005142794616478877,"{""mlp.down_proj"": 2156.0, ""mlp.gate_proj"": 1667.0, ""mlp.up_proj"": 2029.0, ""self_attn.k_proj"": 402.0, ""self_attn.o_proj"": 1471.0, ""self_attn.q_proj"": 685.0, ""self_attn.v_proj"": 729.0}","{""mlp.down_proj"": 2154.0, ""mlp.gate_proj"": 1661.0, ""mlp.up_proj"": 2024.0, ""self_attn.k_proj"": 398.0, ""self_attn.o_proj"": 1465.0, ""self_attn.q_proj"": 667.0, ""self_attn.v_proj"": 723.0}","{""mlp.down_proj"": -2.0, ""mlp.gate_proj"": -6.0, ""mlp.up_proj"": -5.0, ""self_attn.k_proj"": -4.0, ""self_attn.o_proj"": -6.0, ""self_attn.q_proj"": -18.0, ""self_attn.v_proj"": -6.0}","{""mlp.down_proj"": 0.0009276437847866419, ""mlp.gate_proj"": 0.003599280143971206, ""mlp.up_proj"": 0.0024642681123706258, ""self_attn.k_proj"": 0.009950248756218905, ""self_attn.o_proj"": 0.004078857919782461, ""self_attn.q_proj"": 0.026277372262773723, ""self_attn.v_proj"": 0.00823045267489712}",-0.004072488566381346,1.7142857142857144,306.5428571428572,False,True
qwen,sft,320,E_ood,E_mmluPro,0.025,18,5,equal5_non_qk,True,"mlp.down_proj,mlp.gate_proj,mlp.up_proj,self_attn.o_proj,self_attn.v_proj","self_attn.q_proj,self_attn.k_proj",1262.6,1268.4,1262.6,-5.8,0.00572354991357348,0.004572690003153722,"{""mlp.down_proj"": 1847.0, ""mlp.gate_proj"": 1163.0, ""mlp.up_proj"": 1655.0, ""self_attn.o_proj"": 1105.0, ""self_attn.v_proj"": 572.0}","{""mlp.down_proj"": 1843.0, ""mlp.gate_proj"": 1157.0, ""mlp.up_proj"": 1649.0, ""self_attn.o_proj"": 1099.0, ""self_attn.v_proj"": 565.0}","{""mlp.down_proj"": -4.0, ""mlp.gate_proj"": -6.0, ""mlp.up_proj"": -6.0, ""self_attn.o_proj"": -6.0, ""self_attn.v_proj"": -7.0}","{""mlp.down_proj"": 0.002165674066053059, ""mlp.gate_proj"": 0.005159071367153913, ""mlp.up_proj"": 0.0036253776435045317, ""self_attn.o_proj"": 0.005429864253393665, ""self_attn.v_proj"": 0.012237762237762238}",0.00337055523074845,0.00235299468282503,7,equal7,True,"mlp.down_proj,mlp.gate_proj,mlp.up_proj,self_attn.k_proj,self_attn.o_proj,self_attn.q_proj,self_attn.v_proj",,977.8571428571429,984.2857142857143,977.8571428571429,-6.428571428571429,0.011963557567471039,0.006531204644412208,"{""mlp.down_proj"": 1847.0, ""mlp.gate_proj"": 1163.0, ""mlp.up_proj"": 1655.0, ""self_attn.k_proj"": 230.0, ""self_attn.o_proj"": 1105.0, ""self_attn.q_proj"": 318.0, ""self_attn.v_proj"": 572.0}","{""mlp.down_proj"": 1843.0, ""mlp.gate_proj"": 1157.0, ""mlp.up_proj"": 1649.0, ""self_attn.k_proj"": 226.0, ""self_attn.o_proj"": 1099.0, ""self_attn.q_proj"": 306.0, ""self_attn.v_proj"": 565.0}","{""mlp.down_proj"": -4.0, ""mlp.gate_proj"": -6.0, ""mlp.up_proj"": -6.0, ""self_attn.k_proj"": -4.0, ""self_attn.o_proj"": -6.0, ""self_attn.q_proj"": -12.0, ""self_attn.v_proj"": -7.0}","{""mlp.down_proj"": 0.002165674066053059, ""mlp.gate_proj"": 0.005159071367153913, ""mlp.up_proj"": 0.0036253776435045317, ""self_attn.k_proj"": 0.017391304347826087, ""self_attn.o_proj"": 0.005429864253393665, ""self_attn.q_proj"": 0.03773584905660377, ""self_attn.v_proj"": 0.012237762237762238}",-0.006240007653897558,0.628571428571429,284.742857142857,False,True
qwen,sft,320,E_ood,E_mmluPro,0.05,18,5,equal5_non_qk,True,"mlp.down_proj,mlp.gate_proj,mlp.up_proj,self_attn.o_proj,self_attn.v_proj","self_attn.q_proj,self_attn.k_proj",948.8,954.4,948.8,-5.6,0.007561160826055152,0.005867560771165154,"{""mlp.down_proj"": 1519.0, ""mlp.gate_proj"": 731.0, ""mlp.up_proj"": 1281.0, ""self_attn.o_proj"": 810.0, ""self_attn.v_proj"": 431.0}","{""mlp.down_proj"": 1515.0, ""mlp.gate_proj"": 726.0, ""mlp.up_proj"": 1275.0, ""self_attn.o_proj"": 804.0, ""self_attn.v_proj"": 424.0}","{""mlp.down_proj"": -4.0, ""mlp.gate_proj"": -5.0, ""mlp.up_proj"": -6.0, ""self_attn.o_proj"": -6.0, ""self_attn.v_proj"": -7.0}","{""mlp.down_proj"": 0.0026333113890717576, ""mlp.gate_proj"": 0.006839945280437756, ""mlp.up_proj"": 0.00468384074941452, ""self_attn.o_proj"": 0.007407407407407408, ""self_attn.v_proj"": 0.016241299303944315}",0.005176374513611017,0.0023847863124441355,7,equal7,True,"mlp.down_proj,mlp.gate_proj,mlp.up_proj,self_attn.k_proj,self_attn.o_proj,self_attn.q_proj,self_attn.v_proj",,710.2857142857143,715.5714285714286,710.2857142857143,-5.285714285714286,0.01612834615857744,0.007386703932920652,"{""mlp.down_proj"": 1519.0, ""mlp.gate_proj"": 731.0, ""mlp.up_proj"": 1281.0, ""self_attn.k_proj"": 116.0, ""self_attn.o_proj"": 810.0, ""self_attn.q_proj"": 121.0, ""self_attn.v_proj"": 431.0}","{""mlp.down_proj"": 1515.0, ""mlp.gate_proj"": 726.0, ""mlp.up_proj"": 1275.0, ""self_attn.k_proj"": 114.0, ""self_attn.o_proj"": 804.0, ""self_attn.q_proj"": 114.0, ""self_attn.v_proj"": 424.0}","{""mlp.down_proj"": -4.0, ""mlp.gate_proj"": -5.0, ""mlp.up_proj"": -6.0, ""self_attn.k_proj"": -2.0, ""self_attn.o_proj"": -6.0, ""self_attn.q_proj"": -7.0, ""self_attn.v_proj"": -7.0}","{""mlp.down_proj"": 0.0026333113890717576, ""mlp.gate_proj"": 0.006839945280437756, ""mlp.up_proj"": 0.00468384074941452, ""self_attn.k_proj"": 0.017241379310344827, ""self_attn.o_proj"": 0.007407407407407408, ""self_attn.q_proj"": 0.05785123966942149, ""self_attn.v_proj"": 0.016241299303944315}",-0.008567185332522289,-0.31428571428571406,238.51428571428562,False,True
qwen,sft,320,E_ood,E_mmluPro,0.1,18,5,equal5_non_qk,True,"mlp.down_proj,mlp.gate_proj,mlp.up_proj,self_attn.o_proj,self_attn.v_proj","self_attn.q_proj,self_attn.k_proj",611.8,617.4,611.8,-5.6,0.012108487494157008,0.009070294784580536,"{""mlp.down_proj"": 1114.0, ""mlp.gate_proj"": 327.0, ""mlp.up_proj"": 850.0, ""self_attn.o_proj"": 518.0, ""self_attn.v_proj"": 278.0}","{""mlp.down_proj"": 1109.0, ""mlp.gate_proj"": 323.0, ""mlp.up_proj"": 844.0, ""self_attn.o_proj"": 512.0, ""self_attn.v_proj"": 271.0}","{""mlp.down_proj"": -5.0, ""mlp.gate_proj"": -4.0, ""mlp.up_proj"": -6.0, ""self_attn.o_proj"": -6.0, ""self_attn.v_proj"": -7.0}","{""mlp.down_proj"": 0.004488330341113106, ""mlp.gate_proj"": 0.012232415902140673, ""mlp.up_proj"": 0.007058823529411765, ""self_attn.o_proj"": 0.011583011583011582, ""self_attn.v_proj"": 0.025179856115107913}",0.0069254380857232175,0.005183049408433791,7,equal7,True,"mlp.down_proj,mlp.gate_proj,mlp.up_proj,self_attn.k_proj,self_attn.o_proj,self_attn.q_proj,self_attn.v_proj",,446.14285714285717,450.42857142857144,446.14285714285717,-4.285714285714286,0.019637930627694564,0.009514747859181714,"{""mlp.down_proj"": 1114.0, ""mlp.gate_proj"": 327.0, ""mlp.up_proj"": 850.0, ""self_attn.k_proj"": 40.0, ""self_attn.o_proj"": 518.0, ""self_attn.q_proj"": 26.0, ""self_attn.v_proj"": 278.0}","{""mlp.down_proj"": 1109.0, ""mlp.gate_proj"": 323.0, ""mlp.up_proj"": 844.0, ""self_attn.k_proj"": 40.0, ""self_attn.o_proj"": 512.0, ""self_attn.q_proj"": 24.0, ""self_attn.v_proj"": 271.0}","{""mlp.down_proj"": -5.0, ""mlp.gate_proj"": -4.0, ""mlp.up_proj"": -6.0, ""self_attn.k_proj"": 0.0, ""self_attn.o_proj"": -6.0, ""self_attn.q_proj"": -2.0, ""self_attn.v_proj"": -7.0}","{""mlp.down_proj"": 0.004488330341113106, ""mlp.gate_proj"": 0.012232415902140673, ""mlp.up_proj"": 0.007058823529411765, ""self_attn.k_proj"": 0.0, ""self_attn.o_proj"": 0.011583011583011582, ""self_attn.q_proj"": 0.07692307692307693, ""self_attn.v_proj"": 0.025179856115107913}",-0.007529443133537556,-1.314285714285714,165.6571428571428,False,True
qwen,sft,480,E_general,E_general,0.01,18,5,equal5_non_qk,True,"mlp.down_proj,mlp.gate_proj,mlp.up_proj,self_attn.o_proj,self_attn.v_proj","self_attn.q_proj,self_attn.k_proj",1631.2,1634.4,1631.2,-3.2,0.002485213517550471,0.0019579050416055096,"{""mlp.down_proj"": 2190.0, ""mlp.gate_proj"": 1641.0, ""mlp.up_proj"": 2064.0, ""self_attn.o_proj"": 1546.0, ""self_attn.v_proj"": 731.0}","{""mlp.down_proj"": 2187.0, ""mlp.gate_proj"": 1639.0, ""mlp.up_proj"": 2063.0, ""self_attn.o_proj"": 1540.0, ""self_attn.v_proj"": 727.0}","{""mlp.down_proj"": -3.0, ""mlp.gate_proj"": -2.0, ""mlp.up_proj"": -1.0, ""self_attn.o_proj"": -6.0, ""self_attn.v_proj"": -4.0}","{""mlp.down_proj"": 0.0013698630136986301, ""mlp.gate_proj"": 0.001218769043266301, ""mlp.up_proj"": 0.00048449612403100775, ""self_attn.o_proj"": 0.0038809831824062097, ""self_attn.v_proj"": 0.005471956224350205}",0.002485213517550471,0.0,7,equal7,True,"mlp.down_proj,mlp.gate_proj,mlp.up_proj,self_attn.k_proj,self_attn.o_proj,self_attn.q_proj,self_attn.v_proj",,1324.5714285714287,1328.4285714285713,1324.5714285714287,-3.857142857142857,0.0044185991621725216,0.002903538014840159,"{""mlp.down_proj"": 2190.0, ""mlp.gate_proj"": 1641.0, ""mlp.up_proj"": 2064.0, ""self_attn.k_proj"": 400.0, ""self_attn.o_proj"": 1546.0, ""self_attn.q_proj"": 727.0, ""self_attn.v_proj"": 731.0}","{""mlp.down_proj"": 2187.0, ""mlp.gate_proj"": 1639.0, ""mlp.up_proj"": 2063.0, ""self_attn.k_proj"": 397.0, ""self_attn.o_proj"": 1540.0, ""self_attn.q_proj"": 719.0, ""self_attn.v_proj"": 727.0}","{""mlp.down_proj"": -3.0, ""mlp.gate_proj"": -2.0, ""mlp.up_proj"": -1.0, ""self_attn.k_proj"": -3.0, ""self_attn.o_proj"": -6.0, ""self_attn.q_proj"": -8.0, ""self_attn.v_proj"": -4.0}","{""mlp.down_proj"": 0.0013698630136986301, ""mlp.gate_proj"": 0.001218769043266301, ""mlp.up_proj"": 0.00048449612403100775, ""self_attn.k_proj"": 0.0075, ""self_attn.o_proj"": 0.0038809831824062097, ""self_attn.q_proj"": 0.011004126547455296, ""self_attn.v_proj"": 0.005471956224350205}",-0.0019333856446220508,0.657142857142857,306.6285714285714,False,True
qwen,sft,480,E_general,E_general,0.025,18,5,equal5_non_qk,True,"mlp.down_proj,mlp.gate_proj,mlp.up_proj,self_attn.o_proj,self_attn.v_proj","self_attn.q_proj,self_attn.k_proj",1296.2,1299.6,1296.2,-3.4,0.0035430728637449124,0.0026161895967989103,"{""mlp.down_proj"": 1900.0, ""mlp.gate_proj"": 1133.0, ""mlp.up_proj"": 1706.0, ""self_attn.o_proj"": 1186.0, ""self_attn.v_proj"": 573.0}","{""mlp.down_proj"": 1897.0, ""mlp.gate_proj"": 1131.0, ""mlp.up_proj"": 1705.0, ""self_attn.o_proj"": 1180.0, ""self_attn.v_proj"": 568.0}","{""mlp.down_proj"": -3.0, ""mlp.gate_proj"": -2.0, ""mlp.up_proj"": -1.0, ""self_attn.o_proj"": -6.0, ""self_attn.v_proj"": -5.0}","{""mlp.down_proj"": 0.0015789473684210526, ""mlp.gate_proj"": 0.00176522506619594, ""mlp.up_proj"": 0.0005861664712778429, ""self_attn.o_proj"": 0.00505902192242833, ""self_attn.v_proj"": 0.008726003490401396}",0.0035430728637449124,0.0,7,equal7,True,"mlp.down_proj,mlp.gate_proj,mlp.up_proj,self_attn.k_proj,self_attn.o_proj,self_attn.q_proj,self_attn.v_proj",,1007.7142857142857,1011.2857142857143,1007.7142857142857,-3.5714285714285716,0.006210727078331731,0.003531572255968453,"{""mlp.down_proj"": 1900.0, ""mlp.gate_proj"": 1133.0, ""mlp.up_proj"": 1706.0, ""self_attn.k_proj"": 227.0, ""self_attn.o_proj"": 1186.0, ""self_attn.q_proj"": 354.0, ""self_attn.v_proj"": 573.0}","{""mlp.down_proj"": 1897.0, ""mlp.gate_proj"": 1131.0, ""mlp.up_proj"": 1705.0, ""self_attn.k_proj"": 225.0, ""self_attn.o_proj"": 1180.0, ""self_attn.q_proj"": 348.0, ""self_attn.v_proj"": 568.0}","{""mlp.down_proj"": -3.0, ""mlp.gate_proj"": -2.0, ""mlp.up_proj"": -1.0, ""self_attn.k_proj"": -2.0, ""self_attn.o_proj"": -6.0, ""self_attn.q_proj"": -6.0, ""self_attn.v_proj"": -5.0}","{""mlp.down_proj"": 0.0015789473684210526, ""mlp.gate_proj"": 0.00176522506619594, ""mlp.up_proj"": 0.0005861664712778429, ""self_attn.k_proj"": 0.00881057268722467, ""self_attn.o_proj"": 0.00505902192242833, ""self_attn.q_proj"": 0.01694915254237288, ""self_attn.v_proj"": 0.008726003490401396}",-0.0026676542145868186,0.1714285714285717,288.4857142857144,False,True
qwen,sft,480,E_general,E_general,0.05,18,5,equal5_non_qk,True,"mlp.down_proj,mlp.gate_proj,mlp.up_proj,self_attn.o_proj,self_attn.v_proj","self_attn.q_proj,self_attn.k_proj",987.0,991.2,987.0,-4.2,0.005526879778256625,0.004237288135593266,"{""mlp.down_proj"": 1590.0, ""mlp.gate_proj"": 701.0, ""mlp.up_proj"": 1344.0, ""self_attn.o_proj"": 890.0, ""self_attn.v_proj"": 431.0}","{""mlp.down_proj"": 1585.0, ""mlp.gate_proj"": 698.0, ""mlp.up_proj"": 1343.0, ""self_attn.o_proj"": 883.0, ""self_attn.v_proj"": 426.0}","{""mlp.down_proj"": -5.0, ""mlp.gate_proj"": -3.0, ""mlp.up_proj"": -1.0, ""self_attn.o_proj"": -7.0, ""self_attn.v_proj"": -5.0}","{""mlp.down_proj"": 0.0031446540880503146, ""mlp.gate_proj"": 0.0042796005706134095, ""mlp.up_proj"": 0.000744047619047619, ""self_attn.o_proj"": 0.007865168539325843, ""self_attn.v_proj"": 0.01160092807424594}",0.005526879778256625,0.0,7,equal7,True,"mlp.down_proj,mlp.gate_proj,mlp.up_proj,self_attn.k_proj,self_attn.o_proj,self_attn.q_proj,self_attn.v_proj",,741.0,744.7142857142857,741.0,-3.7142857142857144,0.009180247741597827,0.00498753117206976,"{""mlp.down_proj"": 1590.0, ""mlp.gate_proj"": 701.0, ""mlp.up_proj"": 1344.0, ""self_attn.k_proj"": 113.0, ""self_attn.o_proj"": 890.0, ""self_attn.q_proj"": 144.0, ""self_attn.v_proj"": 431.0}","{""mlp.down_proj"": 1585.0, ""mlp.gate_proj"": 698.0, ""mlp.up_proj"": 1343.0, ""self_attn.k_proj"": 112.0, ""self_attn.o_proj"": 883.0, ""self_attn.q_proj"": 140.0, ""self_attn.v_proj"": 426.0}","{""mlp.down_proj"": -5.0, ""mlp.gate_proj"": -3.0, ""mlp.up_proj"": -1.0, ""self_attn.k_proj"": -1.0, ""self_attn.o_proj"": -7.0, ""self_attn.q_proj"": -4.0, ""self_attn.v_proj"": -5.0}","{""mlp.down_proj"": 0.0031446540880503146, ""mlp.gate_proj"": 0.0042796005706134095, ""mlp.up_proj"": 0.000744047619047619, ""self_attn.k_proj"": 0.008849557522123894, ""self_attn.o_proj"": 0.007865168539325843, ""self_attn.q_proj"": 0.027777777777777776, ""self_attn.v_proj"": 0.01160092807424594}",-0.003653367963341202,-0.48571428571428577,246.0,False,True
qwen,sft,480,E_general,E_general,0.1,18,5,equal5_non_qk,True,"mlp.down_proj,mlp.gate_proj,mlp.up_proj,self_attn.o_proj,self_attn.v_proj","self_attn.q_proj,self_attn.k_proj",653.4,657.2,653.4,-3.8,0.008153684986893693,0.005782105903834552,"{""mlp.down_proj"": 1200.0, ""mlp.gate_proj"": 300.0, ""mlp.up_proj"": 920.0, ""self_attn.o_proj"": 589.0, ""self_attn.v_proj"": 277.0}","{""mlp.down_proj"": 1195.0, ""mlp.gate_proj"": 298.0, ""mlp.up_proj"": 920.0, ""self_attn.o_proj"": 582.0, ""self_attn.v_proj"": 272.0}","{""mlp.down_proj"": -5.0, ""mlp.gate_proj"": -2.0, ""mlp.up_proj"": 0.0, ""self_attn.o_proj"": -7.0, ""self_attn.v_proj"": -5.0}","{""mlp.down_proj"": 0.004166666666666667, ""mlp.gate_proj"": 0.006666666666666667, ""mlp.up_proj"": 0.0, ""self_attn.o_proj"": 0.011884550084889643, ""self_attn.v_proj"": 0.018050541516245487}",0.008153684986893693,0.0,7,equal7,True,"mlp.down_proj,mlp.gate_proj,mlp.up_proj,self_attn.k_proj,self_attn.o_proj,self_attn.q_proj,self_attn.v_proj",,476.7142857142857,479.7142857142857,476.7142857142857,-3.0,0.013816068696932058,0.006253722453841573,"{""mlp.down_proj"": 1200.0, ""mlp.gate_proj"": 300.0, ""mlp.up_proj"": 920.0, ""self_attn.k_proj"": 39.0, ""self_attn.o_proj"": 589.0, ""self_attn.q_proj"": 33.0, ""self_attn.v_proj"": 277.0}","{""mlp.down_proj"": 1195.0, ""mlp.gate_proj"": 298.0, ""mlp.up_proj"": 920.0, ""self_attn.k_proj"": 38.0, ""self_attn.o_proj"": 582.0, ""self_attn.q_proj"": 32.0, ""self_attn.v_proj"": 272.0}","{""mlp.down_proj"": -5.0, ""mlp.gate_proj"": -2.0, ""mlp.up_proj"": 0.0, ""self_attn.k_proj"": -1.0, ""self_attn.o_proj"": -7.0, ""self_attn.q_proj"": -1.0, ""self_attn.v_proj"": -5.0}","{""mlp.down_proj"": 0.004166666666666667, ""mlp.gate_proj"": 0.006666666666666667, ""mlp.up_proj"": 0.0, ""self_attn.k_proj"": 0.02564102564102564, ""self_attn.o_proj"": 0.011884550084889643, ""self_attn.q_proj"": 0.030303030303030304, ""self_attn.v_proj"": 0.018050541516245487}",-0.005662383710038365,-0.7999999999999998,176.68571428571425,False,True
qwen,sft,480,E_if,E_ifeval,0.01,18,5,equal5_non_qk,True,"mlp.down_proj,mlp.gate_proj,mlp.up_proj,self_attn.o_proj,self_attn.v_proj","self_attn.q_proj,self_attn.k_proj",1473.6,1484.2,1473.6,-10.6,0.008527472939235156,0.007141894623366215,"{""mlp.down_proj"": 2024.0, ""mlp.gate_proj"": 1528.0, ""mlp.up_proj"": 1933.0, ""self_attn.o_proj"": 1347.0, ""self_attn.v_proj"": 589.0}","{""mlp.down_proj"": 2012.0, ""mlp.gate_proj"": 1522.0, ""mlp.up_proj"": 1925.0, ""self_attn.o_proj"": 1329.0, ""self_attn.v_proj"": 580.0}","{""mlp.down_proj"": -12.0, ""mlp.gate_proj"": -6.0, ""mlp.up_proj"": -8.0, ""self_attn.o_proj"": -18.0, ""self_attn.v_proj"": -9.0}","{""mlp.down_proj"": 0.005928853754940711, ""mlp.gate_proj"": 0.003926701570680628, ""mlp.up_proj"": 0.004138644593895499, ""self_attn.o_proj"": 0.013363028953229399, ""self_attn.v_proj"": 0.015280135823429542}",0.002485213517550471,0.006042259421684685,7,equal7,True,"mlp.down_proj,mlp.gate_proj,mlp.up_proj,self_attn.k_proj,self_attn.o_proj,self_attn.q_proj,self_attn.v_proj",,1164.0,1174.0,1164.0,-10.0,0.012480337114692897,0.008517887563884156,"{""mlp.down_proj"": 2024.0, ""mlp.gate_proj"": 1528.0, ""mlp.up_proj"": 1933.0, ""self_attn.k_proj"": 273.0, ""self_attn.o_proj"": 1347.0, ""self_attn.q_proj"": 524.0, ""self_attn.v_proj"": 589.0}","{""mlp.down_proj"": 2012.0, ""mlp.gate_proj"": 1522.0, ""mlp.up_proj"": 1925.0, ""self_attn.k_proj"": 266.0, ""self_attn.o_proj"": 1329.0, ""self_attn.q_proj"": 514.0, ""self_attn.v_proj"": 580.0}","{""mlp.down_proj"": -12.0, ""mlp.gate_proj"": -6.0, ""mlp.up_proj"": -8.0, ""self_attn.k_proj"": -7.0, ""self_attn.o_proj"": -18.0, ""self_attn.q_proj"": -10.0, ""self_attn.v_proj"": -9.0}","{""mlp.down_proj"": 0.005928853754940711, ""mlp.gate_proj"": 0.003926701570680628, ""mlp.up_proj"": 0.004138644593895499, ""self_attn.k_proj"": 0.02564102564102564, ""self_attn.o_proj"": 0.013363028953229399, ""self_attn.q_proj"": 0.019083969465648856, ""self_attn.v_proj"": 0.015280135823429542}",-0.003952864175457741,-0.5999999999999996,309.5999999999999,False,True
qwen,sft,480,E_if,E_ifeval,0.025,18,5,equal5_non_qk,True,"mlp.down_proj,mlp.gate_proj,mlp.up_proj,self_attn.o_proj,self_attn.v_proj","self_attn.q_proj,self_attn.k_proj",1096.8,1109.6,1096.8,-12.8,0.013773371003961888,0.011535688536409476,"{""mlp.down_proj"": 1649.0, ""mlp.gate_proj"": 1005.0, ""mlp.up_proj"": 1521.0, ""self_attn.o_proj"": 969.0, ""self_attn.v_proj"": 404.0}","{""mlp.down_proj"": 1632.0, ""mlp.gate_proj"": 998.0, ""mlp.up_proj"": 1510.0, ""self_attn.o_proj"": 950.0, ""self_attn.v_proj"": 394.0}","{""mlp.down_proj"": -17.0, ""mlp.gate_proj"": -7.0, ""mlp.up_proj"": -11.0, ""self_attn.o_proj"": -19.0, ""self_attn.v_proj"": -10.0}","{""mlp.down_proj"": 0.010309278350515464, ""mlp.gate_proj"": 0.006965174129353234, ""mlp.up_proj"": 0.007232084155161078, ""self_attn.o_proj"": 0.0196078431372549, ""self_attn.v_proj"": 0.024752475247524754}",0.0035430728637449124,0.010230298140216976,7,equal7,True,"mlp.down_proj,mlp.gate_proj,mlp.up_proj,self_attn.k_proj,self_attn.o_proj,self_attn.q_proj,self_attn.v_proj",,829.4285714285714,840.0,829.4285714285714,-10.571428571428571,0.018585044884907618,0.012585034013605422,"{""mlp.down_proj"": 1649.0, ""mlp.gate_proj"": 1005.0, ""mlp.up_proj"": 1521.0, ""self_attn.k_proj"": 123.0, ""self_attn.o_proj"": 969.0, ""self_attn.q_proj"": 209.0, ""self_attn.v_proj"": 404.0}","{""mlp.down_proj"": 1632.0, ""mlp.gate_proj"": 998.0, ""mlp.up_proj"": 1510.0, ""self_attn.k_proj"": 119.0, ""self_attn.o_proj"": 950.0, ""self_attn.q_proj"": 203.0, ""self_attn.v_proj"": 394.0}","{""mlp.down_proj"": -17.0, ""mlp.gate_proj"": -7.0, ""mlp.up_proj"": -11.0, ""self_attn.k_proj"": -4.0, ""self_attn.o_proj"": -19.0, ""self_attn.q_proj"": -6.0, ""self_attn.v_proj"": -10.0}","{""mlp.down_proj"": 0.010309278350515464, ""mlp.gate_proj"": 0.006965174129353234, ""mlp.up_proj"": 0.007232084155161078, ""self_attn.k_proj"": 0.032520325203252036, ""self_attn.o_proj"": 0.0196078431372549, ""self_attn.q_proj"": 0.028708133971291867, ""self_attn.v_proj"": 0.024752475247524754}",-0.00481167388094573,-2.2285714285714295,267.3714285714285,False,True
qwen,sft,480,E_if,E_ifeval,0.05,18,5,equal5_non_qk,True,"mlp.down_proj,mlp.gate_proj,mlp.up_proj,self_attn.o_proj,self_attn.v_proj","self_attn.q_proj,self_attn.k_proj",768.4,782.0,768.4,-13.6,0.020548050746723424,0.017391304347826115,"{""mlp.down_proj"": 1274.0, ""mlp.gate_proj"": 584.0, ""mlp.up_proj"": 1127.0, ""self_attn.o_proj"": 672.0, ""self_attn.v_proj"": 253.0}","{""mlp.down_proj"": 1253.0, ""mlp.gate_proj"": 578.0, ""mlp.up_proj"": 1115.0, ""self_attn.o_proj"": 652.0, ""self_attn.v_proj"": 244.0}","{""mlp.down_proj"": -21.0, ""mlp.gate_proj"": -6.0, ""mlp.up_proj"": -12.0, ""self_attn.o_proj"": -20.0, ""self_attn.v_proj"": -9.0}","{""mlp.down_proj"": 0.016483516483516484, ""mlp.gate_proj"": 0.010273972602739725, ""mlp.up_proj"": 0.01064773735581189, ""self_attn.o_proj"": 0.02976190476190476, ""self_attn.v_proj"": 0.03557312252964427}",0.005526879778256625,0.0150211709684668,7,equal7,True,"mlp.down_proj,mlp.gate_proj,mlp.up_proj,self_attn.k_proj,self_attn.o_proj,self_attn.q_proj,self_attn.v_proj",,565.2857142857143,575.7142857142857,565.2857142857143,-10.428571428571429,0.02651391379868,0.018114143920595367,"{""mlp.down_proj"": 1274.0, ""mlp.gate_proj"": 584.0, ""mlp.up_proj"": 1127.0, ""self_attn.k_proj"": 50.0, ""self_attn.o_proj"": 672.0, ""self_attn.q_proj"": 70.0, ""self_attn.v_proj"": 253.0}","{""mlp.down_proj"": 1253.0, ""mlp.gate_proj"": 578.0, ""mlp.up_proj"": 1115.0, ""self_attn.k_proj"": 48.0, ""self_attn.o_proj"": 652.0, ""self_attn.q_proj"": 67.0, ""self_attn.v_proj"": 244.0}","{""mlp.down_proj"": -21.0, ""mlp.gate_proj"": -6.0, ""mlp.up_proj"": -12.0, ""self_attn.k_proj"": -2.0, ""self_attn.o_proj"": -20.0, ""self_attn.q_proj"": -3.0, ""self_attn.v_proj"": -9.0}","{""mlp.down_proj"": 0.016483516483516484, ""mlp.gate_proj"": 0.010273972602739725, ""mlp.up_proj"": 0.01064773735581189, ""self_attn.k_proj"": 0.04, ""self_attn.o_proj"": 0.02976190476190476, ""self_attn.q_proj"": 0.04285714285714286, ""self_attn.v_proj"": 0.03557312252964427}",-0.005965863051956576,-3.171428571428571,203.11428571428564,False,True
qwen,sft,480,E_if,E_ifeval,0.1,18,5,equal5_non_qk,True,"mlp.down_proj,mlp.gate_proj,mlp.up_proj,self_attn.o_proj,self_attn.v_proj","self_attn.q_proj,self_attn.k_proj",440.6,453.0,440.6,-12.4,0.0318535010057109,0.02737306843267103,"{""mlp.down_proj"": 839.0, ""mlp.gate_proj"": 228.0, ""mlp.up_proj"": 695.0, ""self_attn.o_proj"": 387.0, ""self_attn.v_proj"": 116.0}","{""mlp.down_proj"": 817.0, ""mlp.gate_proj"": 224.0, ""mlp.up_proj"": 683.0, ""self_attn.o_proj"": 369.0, ""self_attn.v_proj"": 110.0}","{""mlp.down_proj"": -22.0, ""mlp.gate_proj"": -4.0, ""mlp.up_proj"": -12.0, ""self_attn.o_proj"": -18.0, ""self_attn.v_proj"": -6.0}","{""mlp.down_proj"": 0.026221692491060787, ""mlp.gate_proj"": 0.017543859649122806, ""mlp.up_proj"": 0.017266187050359712, ""self_attn.o_proj"": 0.046511627906976744, ""self_attn.v_proj"": 0.05172413793103448}",0.008153684986893693,0.02369981601881721,7,equal7,True,"mlp.down_proj,mlp.gate_proj,mlp.up_proj,self_attn.k_proj,self_attn.o_proj,self_attn.q_proj,self_attn.v_proj",,318.2857142857143,327.42857142857144,318.2857142857143,-9.142857142857142,0.04466808513394934,0.02792321116928454,"{""mlp.down_proj"": 839.0, ""mlp.gate_proj"": 228.0, ""mlp.up_proj"": 695.0, ""self_attn.k_proj"": 16.0, ""self_attn.o_proj"": 387.0, ""self_attn.q_proj"": 11.0, ""self_attn.v_proj"": 116.0}","{""mlp.down_proj"": 817.0, ""mlp.gate_proj"": 224.0, ""mlp.up_proj"": 683.0, ""self_attn.k_proj"": 15.0, ""self_attn.o_proj"": 369.0, ""self_attn.q_proj"": 10.0, ""self_attn.v_proj"": 110.0}","{""mlp.down_proj"": -22.0, ""mlp.gate_proj"": -4.0, ""mlp.up_proj"": -12.0, ""self_attn.k_proj"": -1.0, ""self_attn.o_proj"": -18.0, ""self_attn.q_proj"": -1.0, ""self_attn.v_proj"": -6.0}","{""mlp.down_proj"": 0.026221692491060787, ""mlp.gate_proj"": 0.017543859649122806, ""mlp.up_proj"": 0.017266187050359712, ""self_attn.k_proj"": 0.0625, ""self_attn.o_proj"": 0.046511627906976744, ""self_attn.q_proj"": 0.09090909090909091, ""self_attn.v_proj"": 0.05172413793103448}",-0.012814584128238438,-3.257142857142858,122.31428571428575,False,True
qwen,sft,480,E_math,E_mathHeld,0.01,18,5,equal5_non_qk,True,"mlp.down_proj,mlp.gate_proj,mlp.up_proj,self_attn.o_proj,self_attn.v_proj","self_attn.q_proj,self_attn.k_proj",1646.2,1649.6,1646.2,-3.4,0.003068732898233719,0.0020611057225993355,"{""mlp.down_proj"": 2176.0, ""mlp.gate_proj"": 1819.0, ""mlp.up_proj"": 2046.0, ""self_attn.o_proj"": 1520.0, ""self_attn.v_proj"": 687.0}","{""mlp.down_proj"": 2174.0, ""mlp.gate_proj"": 1820.0, ""mlp.up_proj"": 2044.0, ""self_attn.o_proj"": 1512.0, ""self_attn.v_proj"": 681.0}","{""mlp.down_proj"": -2.0, ""mlp.gate_proj"": 1.0, ""mlp.up_proj"": -2.0, ""self_attn.o_proj"": -8.0, ""self_attn.v_proj"": -6.0}","{""mlp.down_proj"": 0.0009191176470588235, ""mlp.gate_proj"": -0.0005497526113249038, ""mlp.up_proj"": 0.0009775171065493646, ""self_attn.o_proj"": 0.005263157894736842, ""self_attn.v_proj"": 0.008733624454148471}",0.002485213517550471,0.0005835193806832482,7,equal7,True,"mlp.down_proj,mlp.gate_proj,mlp.up_proj,self_attn.k_proj,self_attn.o_proj,self_attn.q_proj,self_attn.v_proj",,1334.5714285714287,1339.0,1334.5714285714287,-4.428571428571429,0.006053039682149329,0.0033073722394110017,"{""mlp.down_proj"": 2176.0, ""mlp.gate_proj"": 1819.0, ""mlp.up_proj"": 2046.0, ""self_attn.k_proj"": 363.0, ""self_attn.o_proj"": 1520.0, ""self_attn.q_proj"": 762.0, ""self_attn.v_proj"": 687.0}","{""mlp.down_proj"": 2174.0, ""mlp.gate_proj"": 1820.0, ""mlp.up_proj"": 2044.0, ""self_attn.k_proj"": 357.0, ""self_attn.o_proj"": 1512.0, ""self_attn.q_proj"": 754.0, ""self_attn.v_proj"": 681.0}","{""mlp.down_proj"": -2.0, ""mlp.gate_proj"": 1.0, ""mlp.up_proj"": -2.0, ""self_attn.k_proj"": -6.0, ""self_attn.o_proj"": -8.0, ""self_attn.q_proj"": -8.0, ""self_attn.v_proj"": -6.0}","{""mlp.down_proj"": 0.0009191176470588235, ""mlp.gate_proj"": -0.0005497526113249038, ""mlp.up_proj"": 0.0009775171065493646, ""self_attn.k_proj"": 0.01652892561983471, ""self_attn.o_proj"": 0.005263157894736842, ""self_attn.q_proj"": 0.010498687664041995, ""self_attn.v_proj"": 0.008733624454148471}",-0.00298430678391561,1.028571428571429,311.6285714285714,False,True
qwen,sft,480,E_math,E_mathHeld,0.025,18,5,equal5_non_qk,True,"mlp.down_proj,mlp.gate_proj,mlp.up_proj,self_attn.o_proj,self_attn.v_proj","self_attn.q_proj,self_attn.k_proj",1317.8,1322.2,1317.8,-4.4,0.005379822463999868,0.0033277870216306842,"{""mlp.down_proj"": 1875.0, ""mlp.gate_proj"": 1369.0, ""mlp.up_proj"": 1691.0, ""self_attn.o_proj"": 1157.0, ""self_attn.v_proj"": 519.0}","{""mlp.down_proj"": 1872.0, ""mlp.gate_proj"": 1370.0, ""mlp.up_proj"": 1688.0, ""self_attn.o_proj"": 1149.0, ""self_attn.v_proj"": 510.0}","{""mlp.down_proj"": -3.0, ""mlp.gate_proj"": 1.0, ""mlp.up_proj"": -3.0, ""self_attn.o_proj"": -8.0, ""self_attn.v_proj"": -9.0}","{""mlp.down_proj"": 0.0016, ""mlp.gate_proj"": -0.0007304601899196494, ""mlp.up_proj"": 0.0017740981667652277, ""self_attn.o_proj"": 0.006914433880726016, ""self_attn.v_proj"": 0.017341040462427744}",0.0035430728637449124,0.001836749600254956,7,equal7,True,"mlp.down_proj,mlp.gate_proj,mlp.up_proj,self_attn.k_proj,self_attn.o_proj,self_attn.q_proj,self_attn.v_proj",,1020.8571428571429,1025.5714285714287,1020.8571428571429,-4.714285714285714,0.009883610477095656,0.004596740493104952,"{""mlp.down_proj"": 1875.0, ""mlp.gate_proj"": 1369.0, ""mlp.up_proj"": 1691.0, ""self_attn.k_proj"": 189.0, ""self_attn.o_proj"": 1157.0, ""self_attn.q_proj"": 379.0, ""self_attn.v_proj"": 519.0}","{""mlp.down_proj"": 1872.0, ""mlp.gate_proj"": 1370.0, ""mlp.up_proj"": 1688.0, ""self_attn.k_proj"": 184.0, ""self_attn.o_proj"": 1149.0, ""self_attn.q_proj"": 373.0, ""self_attn.v_proj"": 510.0}","{""mlp.down_proj"": -3.0, ""mlp.gate_proj"": 1.0, ""mlp.up_proj"": -3.0, ""self_attn.k_proj"": -5.0, ""self_attn.o_proj"": -8.0, ""self_attn.q_proj"": -6.0, ""self_attn.v_proj"": -9.0}","{""mlp.down_proj"": 0.0016, ""mlp.gate_proj"": -0.0007304601899196494, ""mlp.up_proj"": 0.0017740981667652277, ""self_attn.k_proj"": 0.026455026455026454, ""self_attn.o_proj"": 0.006914433880726016, ""self_attn.q_proj"": 0.0158311345646438, ""self_attn.v_proj"": 0.017341040462427744}",-0.004503788013095787,0.31428571428571406,296.94285714285706,False,True
qwen,sft,480,E_math,E_mathHeld,0.05,18,5,equal5_non_qk,True,"mlp.down_proj,mlp.gate_proj,mlp.up_proj,self_attn.o_proj,self_attn.v_proj","self_attn.q_proj,self_attn.k_proj",1009.8,1014.2,1009.8,-4.4,0.007259721463977631,0.004338394793926337,"{""mlp.down_proj"": 1552.0, ""mlp.gate_proj"": 956.0, ""mlp.up_proj"": 1332.0, ""self_attn.o_proj"": 860.0, ""self_attn.v_proj"": 371.0}","{""mlp.down_proj"": 1548.0, ""mlp.gate_proj"": 958.0, ""mlp.up_proj"": 1329.0, ""self_attn.o_proj"": 852.0, ""self_attn.v_proj"": 362.0}","{""mlp.down_proj"": -4.0, ""mlp.gate_proj"": 2.0, ""mlp.up_proj"": -3.0, ""self_attn.o_proj"": -8.0, ""self_attn.v_proj"": -9.0}","{""mlp.down_proj"": 0.002577319587628866, ""mlp.gate_proj"": -0.0020920502092050207, ""mlp.up_proj"": 0.0022522522522522522, ""self_attn.o_proj"": 0.009302325581395349, ""self_attn.v_proj"": 0.02425876010781671}",0.005526879778256625,0.0017328416857210057,7,equal7,True,"mlp.down_proj,mlp.gate_proj,mlp.up_proj,self_attn.k_proj,self_attn.o_proj,self_attn.q_proj,self_attn.v_proj",,754.1428571428571,758.1428571428571,754.1428571428571,-4.0,0.013194927522009453,0.005276050499340494,"{""mlp.down_proj"": 1552.0, ""mlp.gate_proj"": 956.0, ""mlp.up_proj"": 1332.0, ""self_attn.k_proj"": 82.0, ""self_attn.o_proj"": 860.0, ""self_attn.q_proj"": 154.0, ""self_attn.v_proj"": 371.0}","{""mlp.down_proj"": 1548.0, ""mlp.gate_proj"": 958.0, ""mlp.up_proj"": 1329.0, ""self_attn.k_proj"": 79.0, ""self_attn.o_proj"": 852.0, ""self_attn.q_proj"": 151.0, ""self_attn.v_proj"": 362.0}","{""mlp.down_proj"": -4.0, ""mlp.gate_proj"": 2.0, ""mlp.up_proj"": -3.0, ""self_attn.k_proj"": -3.0, ""self_attn.o_proj"": -8.0, ""self_attn.q_proj"": -3.0, ""self_attn.v_proj"": -9.0}","{""mlp.down_proj"": 0.002577319587628866, ""mlp.gate_proj"": -0.0020920502092050207, ""mlp.up_proj"": 0.0022522522522522522, ""self_attn.k_proj"": 0.036585365853658534, ""self_attn.o_proj"": 0.009302325581395349, ""self_attn.q_proj"": 0.01948051948051948, ""self_attn.v_proj"": 0.02425876010781671}",-0.0059352060580318226,-0.40000000000000036,255.65714285714284,False,True
qwen,sft,480,E_math,E_mathHeld,0.1,18,5,equal5_non_qk,True,"mlp.down_proj,mlp.gate_proj,mlp.up_proj,self_attn.o_proj,self_attn.v_proj","self_attn.q_proj,self_attn.k_proj",669.0,673.2,669.0,-4.2,0.010813269333267764,0.0062388591800357175,"{""mlp.down_proj"": 1147.0, ""mlp.gate_proj"": 529.0, ""mlp.up_proj"": 913.0, ""self_attn.o_proj"": 561.0, ""self_attn.v_proj"": 216.0}","{""mlp.down_proj"": 1142.0, ""mlp.gate_proj"": 531.0, ""mlp.up_proj"": 911.0, ""self_attn.o_proj"": 553.0, ""self_attn.v_proj"": 208.0}","{""mlp.down_proj"": -5.0, ""mlp.gate_proj"": 2.0, ""mlp.up_proj"": -2.0, ""self_attn.o_proj"": -8.0, ""self_attn.v_proj"": -8.0}","{""mlp.down_proj"": 0.004359197907585004, ""mlp.gate_proj"": -0.003780718336483932, ""mlp.up_proj"": 0.002190580503833516, ""self_attn.o_proj"": 0.0142602495543672, ""self_attn.v_proj"": 0.037037037037037035}",0.008153684986893693,0.0026595843463740713,7,equal7,True,"mlp.down_proj,mlp.gate_proj,mlp.up_proj,self_attn.k_proj,self_attn.o_proj,self_attn.q_proj,self_attn.v_proj",,485.42857142857144,488.7142857142857,485.42857142857144,-3.2857142857142856,0.018284439692733502,0.006723180356620854,"{""mlp.down_proj"": 1147.0, ""mlp.gate_proj"": 529.0, ""mlp.up_proj"": 913.0, ""self_attn.k_proj"": 24.0, ""self_attn.o_proj"": 561.0, ""self_attn.q_proj"": 31.0, ""self_attn.v_proj"": 216.0}","{""mlp.down_proj"": 1142.0, ""mlp.gate_proj"": 531.0, ""mlp.up_proj"": 911.0, ""self_attn.k_proj"": 23.0, ""self_attn.o_proj"": 553.0, ""self_attn.q_proj"": 30.0, ""self_attn.v_proj"": 208.0}","{""mlp.down_proj"": -5.0, ""mlp.gate_proj"": 2.0, ""mlp.up_proj"": -2.0, ""self_attn.k_proj"": -1.0, ""self_attn.o_proj"": -8.0, ""self_attn.q_proj"": -1.0, ""self_attn.v_proj"": -8.0}","{""mlp.down_proj"": 0.004359197907585004, ""mlp.gate_proj"": -0.003780718336483932, ""mlp.up_proj"": 0.002190580503833516, ""self_attn.k_proj"": 0.041666666666666664, ""self_attn.o_proj"": 0.0142602495543672, ""self_attn.q_proj"": 0.03225806451612903, ""self_attn.v_proj"": 0.037037037037037035}",-0.007471170359465738,-0.9142857142857146,183.57142857142856,False,True
qwen,sft,480,E_ood,E_mmluPro,0.01,18,5,equal5_non_qk,True,"mlp.down_proj,mlp.gate_proj,mlp.up_proj,self_attn.o_proj,self_attn.v_proj","self_attn.q_proj,self_attn.k_proj",1604.4,1610.4,1604.4,-6.0,0.004619113194254717,0.0037257824143070045,"{""mlp.down_proj"": 2156.0, ""mlp.gate_proj"": 1667.0, ""mlp.up_proj"": 2029.0, ""self_attn.o_proj"": 1471.0, ""self_attn.v_proj"": 729.0}","{""mlp.down_proj"": 2153.0, ""mlp.gate_proj"": 1660.0, ""mlp.up_proj"": 2024.0, ""self_attn.o_proj"": 1463.0, ""self_attn.v_proj"": 722.0}","{""mlp.down_proj"": -3.0, ""mlp.gate_proj"": -7.0, ""mlp.up_proj"": -5.0, ""self_attn.o_proj"": -8.0, ""self_attn.v_proj"": -7.0}","{""mlp.down_proj"": 0.0013914656771799629, ""mlp.gate_proj"": 0.004199160167966407, ""mlp.up_proj"": 0.0024642681123706258, ""self_attn.o_proj"": 0.005438477226376614, ""self_attn.v_proj"": 0.009602194787379973}",0.002485213517550471,0.002133899676704246,7,equal7,True,"mlp.down_proj,mlp.gate_proj,mlp.up_proj,self_attn.k_proj,self_attn.o_proj,self_attn.q_proj,self_attn.v_proj",,1297.7142857142858,1305.5714285714287,1297.7142857142858,-7.857142857142857,0.00924720817264543,0.006018163912900779,"{""mlp.down_proj"": 2156.0, ""mlp.gate_proj"": 1667.0, ""mlp.up_proj"": 2029.0, ""self_attn.k_proj"": 402.0, ""self_attn.o_proj"": 1471.0, ""self_attn.q_proj"": 685.0, ""self_attn.v_proj"": 729.0}","{""mlp.down_proj"": 2153.0, ""mlp.gate_proj"": 1660.0, ""mlp.up_proj"": 2024.0, ""self_attn.k_proj"": 397.0, ""self_attn.o_proj"": 1463.0, ""self_attn.q_proj"": 665.0, ""self_attn.v_proj"": 722.0}","{""mlp.down_proj"": -3.0, ""mlp.gate_proj"": -7.0, ""mlp.up_proj"": -5.0, ""self_attn.k_proj"": -5.0, ""self_attn.o_proj"": -8.0, ""self_attn.q_proj"": -20.0, ""self_attn.v_proj"": -7.0}","{""mlp.down_proj"": 0.0013914656771799629, ""mlp.gate_proj"": 0.004199160167966407, ""mlp.up_proj"": 0.0024642681123706258, ""self_attn.k_proj"": 0.012437810945273632, ""self_attn.o_proj"": 0.005438477226376614, ""self_attn.q_proj"": 0.029197080291970802, ""self_attn.v_proj"": 0.009602194787379973}",-0.004628094978390714,1.8571428571428568,306.6857142857143,False,True
qwen,sft,480,E_ood,E_mmluPro,0.025,18,5,equal5_non_qk,True,"mlp.down_proj,mlp.gate_proj,mlp.up_proj,self_attn.o_proj,self_attn.v_proj","self_attn.q_proj,self_attn.k_proj",1261.2,1268.4,1261.2,-7.2,0.007008258929346473,0.005676442762535513,"{""mlp.down_proj"": 1847.0, ""mlp.gate_proj"": 1163.0, ""mlp.up_proj"": 1655.0, ""self_attn.o_proj"": 1105.0, ""self_attn.v_proj"": 572.0}","{""mlp.down_proj"": 1842.0, ""mlp.gate_proj"": 1155.0, ""mlp.up_proj"": 1648.0, ""self_attn.o_proj"": 1097.0, ""self_attn.v_proj"": 564.0}","{""mlp.down_proj"": -5.0, ""mlp.gate_proj"": -8.0, ""mlp.up_proj"": -7.0, ""self_attn.o_proj"": -8.0, ""self_attn.v_proj"": -8.0}","{""mlp.down_proj"": 0.0027070925825663237, ""mlp.gate_proj"": 0.006878761822871883, ""mlp.up_proj"": 0.004229607250755287, ""self_attn.o_proj"": 0.007239819004524887, ""self_attn.v_proj"": 0.013986013986013986}",0.0035430728637449124,0.0034651860656015605,7,equal7,True,"mlp.down_proj,mlp.gate_proj,mlp.up_proj,self_attn.k_proj,self_attn.o_proj,self_attn.q_proj,self_attn.v_proj",,976.5714285714286,984.2857142857143,976.5714285714286,-7.714285714285714,0.01377967946103755,0.007837445573294695,"{""mlp.down_proj"": 1847.0, ""mlp.gate_proj"": 1163.0, ""mlp.up_proj"": 1655.0, ""self_attn.k_proj"": 230.0, ""self_attn.o_proj"": 1105.0, ""self_attn.q_proj"": 318.0, ""self_attn.v_proj"": 572.0}","{""mlp.down_proj"": 1842.0, ""mlp.gate_proj"": 1155.0, ""mlp.up_proj"": 1648.0, ""self_attn.k_proj"": 226.0, ""self_attn.o_proj"": 1097.0, ""self_attn.q_proj"": 304.0, ""self_attn.v_proj"": 564.0}","{""mlp.down_proj"": -5.0, ""mlp.gate_proj"": -8.0, ""mlp.up_proj"": -7.0, ""self_attn.k_proj"": -4.0, ""self_attn.o_proj"": -8.0, ""self_attn.q_proj"": -14.0, ""self_attn.v_proj"": -8.0}","{""mlp.down_proj"": 0.0027070925825663237, ""mlp.gate_proj"": 0.006878761822871883, ""mlp.up_proj"": 0.004229607250755287, ""self_attn.k_proj"": 0.017391304347826087, ""self_attn.o_proj"": 0.007239819004524887, ""self_attn.q_proj"": 0.0440251572327044, ""self_attn.v_proj"": 0.013986013986013986}",-0.006771420531691077,0.5142857142857142,284.6285714285715,False,True
qwen,sft,480,E_ood,E_mmluPro,0.05,18,5,equal5_non_qk,True,"mlp.down_proj,mlp.gate_proj,mlp.up_proj,self_attn.o_proj,self_attn.v_proj","self_attn.q_proj,self_attn.k_proj",946.8,954.4,946.8,-7.6,0.010105845043791816,0.007963118189438415,"{""mlp.down_proj"": 1519.0, ""mlp.gate_proj"": 731.0, ""mlp.up_proj"": 1281.0, ""self_attn.o_proj"": 810.0, ""self_attn.v_proj"": 431.0}","{""mlp.down_proj"": 1513.0, ""mlp.gate_proj"": 724.0, ""mlp.up_proj"": 1273.0, ""self_attn.o_proj"": 802.0, ""self_attn.v_proj"": 422.0}","{""mlp.down_proj"": -6.0, ""mlp.gate_proj"": -7.0, ""mlp.up_proj"": -8.0, ""self_attn.o_proj"": -8.0, ""self_attn.v_proj"": -9.0}","{""mlp.down_proj"": 0.003949967083607637, ""mlp.gate_proj"": 0.009575923392612859, ""mlp.up_proj"": 0.00624512099921936, ""self_attn.o_proj"": 0.009876543209876543, ""self_attn.v_proj"": 0.02088167053364269}",0.005526879778256625,0.004578965265535191,7,equal7,True,"mlp.down_proj,mlp.gate_proj,mlp.up_proj,self_attn.k_proj,self_attn.o_proj,self_attn.q_proj,self_attn.v_proj",,708.5714285714286,715.5714285714286,708.5714285714286,-7.0,0.02035814238054503,0.009782391694949093,"{""mlp.down_proj"": 1519.0, ""mlp.gate_proj"": 731.0, ""mlp.up_proj"": 1281.0, ""self_attn.k_proj"": 116.0, ""self_attn.o_proj"": 810.0, ""self_attn.q_proj"": 121.0, ""self_attn.v_proj"": 431.0}","{""mlp.down_proj"": 1513.0, ""mlp.gate_proj"": 724.0, ""mlp.up_proj"": 1273.0, ""self_attn.k_proj"": 113.0, ""self_attn.o_proj"": 802.0, ""self_attn.q_proj"": 113.0, ""self_attn.v_proj"": 422.0}","{""mlp.down_proj"": -6.0, ""mlp.gate_proj"": -7.0, ""mlp.up_proj"": -8.0, ""self_attn.k_proj"": -3.0, ""self_attn.o_proj"": -8.0, ""self_attn.q_proj"": -8.0, ""self_attn.v_proj"": -9.0}","{""mlp.down_proj"": 0.003949967083607637, ""mlp.gate_proj"": 0.009575923392612859, ""mlp.up_proj"": 0.00624512099921936, ""self_attn.k_proj"": 0.02586206896551724, ""self_attn.o_proj"": 0.009876543209876543, ""self_attn.q_proj"": 0.06611570247933884, ""self_attn.v_proj"": 0.02088167053364269}",-0.010252297336753213,-0.5999999999999996,238.2285714285714,False,True
qwen,sft,480,E_ood,E_mmluPro,0.1,18,5,equal5_non_qk,True,"mlp.down_proj,mlp.gate_proj,mlp.up_proj,self_attn.o_proj,self_attn.v_proj","self_attn.q_proj,self_attn.k_proj",610.0,617.4,610.0,-7.4,0.016137139322371267,0.011985746679624194,"{""mlp.down_proj"": 1114.0, ""mlp.gate_proj"": 327.0, ""mlp.up_proj"": 850.0, ""self_attn.o_proj"": 518.0, ""self_attn.v_proj"": 278.0}","{""mlp.down_proj"": 1107.0, ""mlp.gate_proj"": 321.0, ""mlp.up_proj"": 843.0, ""self_attn.o_proj"": 510.0, ""self_attn.v_proj"": 269.0}","{""mlp.down_proj"": -7.0, ""mlp.gate_proj"": -6.0, ""mlp.up_proj"": -7.0, ""self_attn.o_proj"": -8.0, ""self_attn.v_proj"": -9.0}","{""mlp.down_proj"": 0.0062836624775583485, ""mlp.gate_proj"": 0.01834862385321101, ""mlp.up_proj"": 0.00823529411764706, ""self_attn.o_proj"": 0.015444015444015444, ""self_attn.v_proj"": 0.03237410071942446}",0.008153684986893693,0.007983454335477574,7,equal7,True,"mlp.down_proj,mlp.gate_proj,mlp.up_proj,self_attn.k_proj,self_attn.o_proj,self_attn.q_proj,self_attn.v_proj",,444.7142857142857,450.42857142857144,444.7142857142857,-5.714285714285714,0.02801004457092453,0.012686330478908993,"{""mlp.down_proj"": 1114.0, ""mlp.gate_proj"": 327.0, ""mlp.up_proj"": 850.0, ""self_attn.k_proj"": 40.0, ""self_attn.o_proj"": 518.0, ""self_attn.q_proj"": 26.0, ""self_attn.v_proj"": 278.0}","{""mlp.down_proj"": 1107.0, ""mlp.gate_proj"": 321.0, ""mlp.up_proj"": 843.0, ""self_attn.k_proj"": 40.0, ""self_attn.o_proj"": 510.0, ""self_attn.q_proj"": 23.0, ""self_attn.v_proj"": 269.0}","{""mlp.down_proj"": -7.0, ""mlp.gate_proj"": -6.0, ""mlp.up_proj"": -7.0, ""self_attn.k_proj"": 0.0, ""self_attn.o_proj"": -8.0, ""self_attn.q_proj"": -3.0, ""self_attn.v_proj"": -9.0}","{""mlp.down_proj"": 0.0062836624775583485, ""mlp.gate_proj"": 0.01834862385321101, ""mlp.up_proj"": 0.00823529411764706, ""self_attn.k_proj"": 0.0, ""self_attn.o_proj"": 0.015444015444015444, ""self_attn.q_proj"": 0.11538461538461539, ""self_attn.v_proj"": 0.03237410071942446}",-0.011872905248553264,-1.685714285714286,165.28571428571428,False,True
qwen,sft,624,E_general,E_general,0.01,18,5,equal5_non_qk,True,"mlp.down_proj,mlp.gate_proj,mlp.up_proj,self_attn.o_proj,self_attn.v_proj","self_attn.q_proj,self_attn.k_proj",1631.8,1634.4,1631.8,-2.6,0.0019928395772001286,0.0015907978463045376,"{""mlp.down_proj"": 2190.0, ""mlp.gate_proj"": 1641.0, ""mlp.up_proj"": 2064.0, ""self_attn.o_proj"": 1546.0, ""self_attn.v_proj"": 731.0}","{""mlp.down_proj"": 2187.0, ""mlp.gate_proj"": 1640.0, ""mlp.up_proj"": 2064.0, ""self_attn.o_proj"": 1540.0, ""self_attn.v_proj"": 728.0}","{""mlp.down_proj"": -3.0, ""mlp.gate_proj"": -1.0, ""mlp.up_proj"": 0.0, ""self_attn.o_proj"": -6.0, ""self_attn.v_proj"": -3.0}","{""mlp.down_proj"": 0.0013698630136986301, ""mlp.gate_proj"": 0.0006093845216331506, ""mlp.up_proj"": 0.0, ""self_attn.o_proj"": 0.0038809831824062097, ""self_attn.v_proj"": 0.004103967168262654}",0.0019928395772001286,0.0,7,equal7,True,"mlp.down_proj,mlp.gate_proj,mlp.up_proj,self_attn.k_proj,self_attn.o_proj,self_attn.q_proj,self_attn.v_proj",,1325.0,1328.4285714285713,1325.0,-3.4285714285714284,0.004066903490493706,0.002580922679857976,"{""mlp.down_proj"": 2190.0, ""mlp.gate_proj"": 1641.0, ""mlp.up_proj"": 2064.0, ""self_attn.k_proj"": 400.0, ""self_attn.o_proj"": 1546.0, ""self_attn.q_proj"": 727.0, ""self_attn.v_proj"": 731.0}","{""mlp.down_proj"": 2187.0, ""mlp.gate_proj"": 1640.0, ""mlp.up_proj"": 2064.0, ""self_attn.k_proj"": 397.0, ""self_attn.o_proj"": 1540.0, ""self_attn.q_proj"": 719.0, ""self_attn.v_proj"": 728.0}","{""mlp.down_proj"": -3.0, ""mlp.gate_proj"": -1.0, ""mlp.up_proj"": 0.0, ""self_attn.k_proj"": -3.0, ""self_attn.o_proj"": -6.0, ""self_attn.q_proj"": -8.0, ""self_attn.v_proj"": -3.0}","{""mlp.down_proj"": 0.0013698630136986301, ""mlp.gate_proj"": 0.0006093845216331506, ""mlp.up_proj"": 0.0, ""self_attn.k_proj"": 0.0075, ""self_attn.o_proj"": 0.0038809831824062097, ""self_attn.q_proj"": 0.011004126547455296, ""self_attn.v_proj"": 0.004103967168262654}",-0.002074063913293577,0.8285714285714283,306.79999999999995,False,True
qwen,sft,624,E_general,E_general,0.025,18,5,equal5_non_qk,True,"mlp.down_proj,mlp.gate_proj,mlp.up_proj,self_attn.o_proj,self_attn.v_proj","self_attn.q_proj,self_attn.k_proj",1296.4,1299.6,1296.4,-3.2,0.0034258395694893437,0.0024622960911048156,"{""mlp.down_proj"": 1900.0, ""mlp.gate_proj"": 1133.0, ""mlp.up_proj"": 1706.0, ""self_attn.o_proj"": 1186.0, ""self_attn.v_proj"": 573.0}","{""mlp.down_proj"": 1897.0, ""mlp.gate_proj"": 1131.0, ""mlp.up_proj"": 1706.0, ""self_attn.o_proj"": 1180.0, ""self_attn.v_proj"": 568.0}","{""mlp.down_proj"": -3.0, ""mlp.gate_proj"": -2.0, ""mlp.up_proj"": 0.0, ""self_attn.o_proj"": -6.0, ""self_attn.v_proj"": -5.0}","{""mlp.down_proj"": 0.0015789473684210526, ""mlp.gate_proj"": 0.00176522506619594, ""mlp.up_proj"": 0.0, ""self_attn.o_proj"": 0.00505902192242833, ""self_attn.v_proj"": 0.008726003490401396}",0.0034258395694893437,0.0,7,equal7,True,"mlp.down_proj,mlp.gate_proj,mlp.up_proj,self_attn.k_proj,self_attn.o_proj,self_attn.q_proj,self_attn.v_proj",,1007.8571428571429,1011.2857142857143,1007.8571428571429,-3.4285714285714284,0.006126989011006325,0.0033903093657296386,"{""mlp.down_proj"": 1900.0, ""mlp.gate_proj"": 1133.0, ""mlp.up_proj"": 1706.0, ""self_attn.k_proj"": 227.0, ""self_attn.o_proj"": 1186.0, ""self_attn.q_proj"": 354.0, ""self_attn.v_proj"": 573.0}","{""mlp.down_proj"": 1897.0, ""mlp.gate_proj"": 1131.0, ""mlp.up_proj"": 1706.0, ""self_attn.k_proj"": 225.0, ""self_attn.o_proj"": 1180.0, ""self_attn.q_proj"": 348.0, ""self_attn.v_proj"": 568.0}","{""mlp.down_proj"": -3.0, ""mlp.gate_proj"": -2.0, ""mlp.up_proj"": 0.0, ""self_attn.k_proj"": -2.0, ""self_attn.o_proj"": -6.0, ""self_attn.q_proj"": -6.0, ""self_attn.v_proj"": -5.0}","{""mlp.down_proj"": 0.0015789473684210526, ""mlp.gate_proj"": 0.00176522506619594, ""mlp.up_proj"": 0.0, ""self_attn.k_proj"": 0.00881057268722467, ""self_attn.o_proj"": 0.00505902192242833, ""self_attn.q_proj"": 0.01694915254237288, ""self_attn.v_proj"": 0.008726003490401396}",-0.0027011494415169817,0.2285714285714282,288.5428571428572,False,True
qwen,sft,624,E_general,E_general,0.05,18,5,equal5_non_qk,True,"mlp.down_proj,mlp.gate_proj,mlp.up_proj,self_attn.o_proj,self_attn.v_proj","self_attn.q_proj,self_attn.k_proj",987.4,991.2,987.4,-3.8,0.0050927635497395405,0.003833736884584411,"{""mlp.down_proj"": 1590.0, ""mlp.gate_proj"": 701.0, ""mlp.up_proj"": 1344.0, ""self_attn.o_proj"": 890.0, ""self_attn.v_proj"": 431.0}","{""mlp.down_proj"": 1585.0, ""mlp.gate_proj"": 699.0, ""mlp.up_proj"": 1344.0, ""self_attn.o_proj"": 883.0, ""self_attn.v_proj"": 426.0}","{""mlp.down_proj"": -5.0, ""mlp.gate_proj"": -2.0, ""mlp.up_proj"": 0.0, ""self_attn.o_proj"": -7.0, ""self_attn.v_proj"": -5.0}","{""mlp.down_proj"": 0.0031446540880503146, ""mlp.gate_proj"": 0.0028530670470756064, ""mlp.up_proj"": 0.0, ""self_attn.o_proj"": 0.007865168539325843, ""self_attn.v_proj"": 0.01160092807424594}",0.0050927635497395405,0.0,7,equal7,True,"mlp.down_proj,mlp.gate_proj,mlp.up_proj,self_attn.k_proj,self_attn.o_proj,self_attn.q_proj,self_attn.v_proj",,741.2857142857143,744.7142857142857,741.2857142857143,-3.4285714285714284,0.008870164721228481,0.004603874928064323,"{""mlp.down_proj"": 1590.0, ""mlp.gate_proj"": 701.0, ""mlp.up_proj"": 1344.0, ""self_attn.k_proj"": 113.0, ""self_attn.o_proj"": 890.0, ""self_attn.q_proj"": 144.0, ""self_attn.v_proj"": 431.0}","{""mlp.down_proj"": 1585.0, ""mlp.gate_proj"": 699.0, ""mlp.up_proj"": 1344.0, ""self_attn.k_proj"": 112.0, ""self_attn.o_proj"": 883.0, ""self_attn.q_proj"": 140.0, ""self_attn.v_proj"": 426.0}","{""mlp.down_proj"": -5.0, ""mlp.gate_proj"": -2.0, ""mlp.up_proj"": 0.0, ""self_attn.k_proj"": -1.0, ""self_attn.o_proj"": -7.0, ""self_attn.q_proj"": -4.0, ""self_attn.v_proj"": -5.0}","{""mlp.down_proj"": 0.0031446540880503146, ""mlp.gate_proj"": 0.0028530670470756064, ""mlp.up_proj"": 0.0, ""self_attn.k_proj"": 0.008849557522123894, ""self_attn.o_proj"": 0.007865168539325843, ""self_attn.q_proj"": 0.027777777777777776, ""self_attn.v_proj"": 0.01160092807424594}",-0.0037774011714889408,-0.37142857142857144,246.11428571428564,False,True
qwen,sft,624,E_general,E_general,0.1,18,5,equal5_non_qk,True,"mlp.down_proj,mlp.gate_proj,mlp.up_proj,self_attn.o_proj,self_attn.v_proj","self_attn.q_proj,self_attn.k_proj",653.6,657.2,653.6,-3.6,0.007814126413039702,0.0054777845404747755,"{""mlp.down_proj"": 1200.0, ""mlp.gate_proj"": 300.0, ""mlp.up_proj"": 920.0, ""self_attn.o_proj"": 589.0, ""self_attn.v_proj"": 277.0}","{""mlp.down_proj"": 1195.0, ""mlp.gate_proj"": 298.0, ""mlp.up_proj"": 920.0, ""self_attn.o_proj"": 583.0, ""self_attn.v_proj"": 272.0}","{""mlp.down_proj"": -5.0, ""mlp.gate_proj"": -2.0, ""mlp.up_proj"": 0.0, ""self_attn.o_proj"": -6.0, ""self_attn.v_proj"": -5.0}","{""mlp.down_proj"": 0.004166666666666667, ""mlp.gate_proj"": 0.006666666666666667, ""mlp.up_proj"": 0.0, ""self_attn.o_proj"": 0.010186757215619695, ""self_attn.v_proj"": 0.018050541516245487}",0.007814126413039702,0.0,7,equal7,True,"mlp.down_proj,mlp.gate_proj,mlp.up_proj,self_attn.k_proj,self_attn.o_proj,self_attn.q_proj,self_attn.v_proj",,476.85714285714283,479.7142857142857,476.85714285714283,-2.857142857142857,0.013573526858464923,0.005955926146515851,"{""mlp.down_proj"": 1200.0, ""mlp.gate_proj"": 300.0, ""mlp.up_proj"": 920.0, ""self_attn.k_proj"": 39.0, ""self_attn.o_proj"": 589.0, ""self_attn.q_proj"": 33.0, ""self_attn.v_proj"": 277.0}","{""mlp.down_proj"": 1195.0, ""mlp.gate_proj"": 298.0, ""mlp.up_proj"": 920.0, ""self_attn.k_proj"": 38.0, ""self_attn.o_proj"": 583.0, ""self_attn.q_proj"": 32.0, ""self_attn.v_proj"": 272.0}","{""mlp.down_proj"": -5.0, ""mlp.gate_proj"": -2.0, ""mlp.up_proj"": 0.0, ""self_attn.k_proj"": -1.0, ""self_attn.o_proj"": -6.0, ""self_attn.q_proj"": -1.0, ""self_attn.v_proj"": -5.0}","{""mlp.down_proj"": 0.004166666666666667, ""mlp.gate_proj"": 0.006666666666666667, ""mlp.up_proj"": 0.0, ""self_attn.k_proj"": 0.02564102564102564, ""self_attn.o_proj"": 0.010186757215619695, ""self_attn.q_proj"": 0.030303030303030304, ""self_attn.v_proj"": 0.018050541516245487}",-0.005759400445425221,-0.7428571428571429,176.7428571428572,False,True
qwen,sft,624,E_if,E_ifeval,0.01,18,5,equal5_non_qk,True,"mlp.down_proj,mlp.gate_proj,mlp.up_proj,self_attn.o_proj,self_attn.v_proj","self_attn.q_proj,self_attn.k_proj",1473.8,1484.2,1473.8,-10.4,0.008187914365381167,0.007007141894623427,"{""mlp.down_proj"": 2024.0, ""mlp.gate_proj"": 1528.0, ""mlp.up_proj"": 1933.0, ""self_attn.o_proj"": 1347.0, ""self_attn.v_proj"": 589.0}","{""mlp.down_proj"": 2012.0, ""mlp.gate_proj"": 1522.0, ""mlp.up_proj"": 1925.0, ""self_attn.o_proj"": 1329.0, ""self_attn.v_proj"": 581.0}","{""mlp.down_proj"": -12.0, ""mlp.gate_proj"": -6.0, ""mlp.up_proj"": -8.0, ""self_attn.o_proj"": -18.0, ""self_attn.v_proj"": -8.0}","{""mlp.down_proj"": 0.005928853754940711, ""mlp.gate_proj"": 0.003926701570680628, ""mlp.up_proj"": 0.004138644593895499, ""self_attn.o_proj"": 0.013363028953229399, ""self_attn.v_proj"": 0.013582342954159592}",0.0019928395772001286,0.006195074788181039,7,equal7,True,"mlp.down_proj,mlp.gate_proj,mlp.up_proj,self_attn.k_proj,self_attn.o_proj,self_attn.q_proj,self_attn.v_proj",,1164.142857142857,1174.0,1164.142857142857,-9.857142857142858,0.01223779527622576,0.008396203455828696,"{""mlp.down_proj"": 2024.0, ""mlp.gate_proj"": 1528.0, ""mlp.up_proj"": 1933.0, ""self_attn.k_proj"": 273.0, ""self_attn.o_proj"": 1347.0, ""self_attn.q_proj"": 524.0, ""self_attn.v_proj"": 589.0}","{""mlp.down_proj"": 2012.0, ""mlp.gate_proj"": 1522.0, ""mlp.up_proj"": 1925.0, ""self_attn.k_proj"": 266.0, ""self_attn.o_proj"": 1329.0, ""self_attn.q_proj"": 514.0, ""self_attn.v_proj"": 581.0}","{""mlp.down_proj"": -12.0, ""mlp.gate_proj"": -6.0, ""mlp.up_proj"": -8.0, ""self_attn.k_proj"": -7.0, ""self_attn.o_proj"": -18.0, ""self_attn.q_proj"": -10.0, ""self_attn.v_proj"": -8.0}","{""mlp.down_proj"": 0.005928853754940711, ""mlp.gate_proj"": 0.003926701570680628, ""mlp.up_proj"": 0.004138644593895499, ""self_attn.k_proj"": 0.02564102564102564, ""self_attn.o_proj"": 0.013363028953229399, ""self_attn.q_proj"": 0.019083969465648856, ""self_attn.v_proj"": 0.013582342954159592}",-0.004049880910844593,-0.5428571428571427,309.65714285714284,False,True
qwen,sft,624,E_if,E_ifeval,0.025,18,5,equal5_non_qk,True,"mlp.down_proj,mlp.gate_proj,mlp.up_proj,self_attn.o_proj,self_attn.v_proj","self_attn.q_proj,self_attn.k_proj",1097.0,1109.6,1097.0,-12.6,0.013641878564777141,0.011355443403028038,"{""mlp.down_proj"": 1649.0, ""mlp.gate_proj"": 1005.0, ""mlp.up_proj"": 1521.0, ""self_attn.o_proj"": 969.0, ""self_attn.v_proj"": 404.0}","{""mlp.down_proj"": 1632.0, ""mlp.gate_proj"": 998.0, ""mlp.up_proj"": 1511.0, ""self_attn.o_proj"": 950.0, ""self_attn.v_proj"": 394.0}","{""mlp.down_proj"": -17.0, ""mlp.gate_proj"": -7.0, ""mlp.up_proj"": -10.0, ""self_attn.o_proj"": -19.0, ""self_attn.v_proj"": -10.0}","{""mlp.down_proj"": 0.010309278350515464, ""mlp.gate_proj"": 0.006965174129353234, ""mlp.up_proj"": 0.006574621959237344, ""self_attn.o_proj"": 0.0196078431372549, ""self_attn.v_proj"": 0.024752475247524754}",0.0034258395694893437,0.010216038995287797,7,equal7,True,"mlp.down_proj,mlp.gate_proj,mlp.up_proj,self_attn.k_proj,self_attn.o_proj,self_attn.q_proj,self_attn.v_proj",,829.5714285714286,840.0,829.5714285714286,-10.428571428571429,0.018491121714061372,0.012414965986394577,"{""mlp.down_proj"": 1649.0, ""mlp.gate_proj"": 1005.0, ""mlp.up_proj"": 1521.0, ""self_attn.k_proj"": 123.0, ""self_attn.o_proj"": 969.0, ""self_attn.q_proj"": 209.0, ""self_attn.v_proj"": 404.0}","{""mlp.down_proj"": 1632.0, ""mlp.gate_proj"": 998.0, ""mlp.up_proj"": 1511.0, ""self_attn.k_proj"": 119.0, ""self_attn.o_proj"": 950.0, ""self_attn.q_proj"": 203.0, ""self_attn.v_proj"": 394.0}","{""mlp.down_proj"": -17.0, ""mlp.gate_proj"": -7.0, ""mlp.up_proj"": -10.0, ""self_attn.k_proj"": -4.0, ""self_attn.o_proj"": -19.0, ""self_attn.q_proj"": -6.0, ""self_attn.v_proj"": -10.0}","{""mlp.down_proj"": 0.010309278350515464, ""mlp.gate_proj"": 0.006965174129353234, ""mlp.up_proj"": 0.006574621959237344, ""self_attn.k_proj"": 0.032520325203252036, ""self_attn.o_proj"": 0.0196078431372549, ""self_attn.q_proj"": 0.028708133971291867, ""self_attn.v_proj"": 0.024752475247524754}",-0.00484924314928423,-2.171428571428571,267.42857142857144,False,True
qwen,sft,624,E_if,E_ifeval,0.05,18,5,equal5_non_qk,True,"mlp.down_proj,mlp.gate_proj,mlp.up_proj,self_attn.o_proj,self_attn.v_proj","self_attn.q_proj,self_attn.k_proj",768.6,782.0,768.6,-13.4,0.01975753691273133,0.01713554987212273,"{""mlp.down_proj"": 1274.0, ""mlp.gate_proj"": 584.0, ""mlp.up_proj"": 1127.0, ""self_attn.o_proj"": 672.0, ""self_attn.v_proj"": 253.0}","{""mlp.down_proj"": 1253.0, ""mlp.gate_proj"": 578.0, ""mlp.up_proj"": 1115.0, ""self_attn.o_proj"": 652.0, ""self_attn.v_proj"": 245.0}","{""mlp.down_proj"": -21.0, ""mlp.gate_proj"": -6.0, ""mlp.up_proj"": -12.0, ""self_attn.o_proj"": -20.0, ""self_attn.v_proj"": -8.0}","{""mlp.down_proj"": 0.016483516483516484, ""mlp.gate_proj"": 0.010273972602739725, ""mlp.up_proj"": 0.01064773735581189, ""self_attn.o_proj"": 0.02976190476190476, ""self_attn.v_proj"": 0.03162055335968379}",0.0050927635497395405,0.01466477336299179,7,equal7,True,"mlp.down_proj,mlp.gate_proj,mlp.up_proj,self_attn.k_proj,self_attn.o_proj,self_attn.q_proj,self_attn.v_proj",,565.4285714285714,575.7142857142857,565.4285714285714,-10.285714285714286,0.025949261060114213,0.017866004962779045,"{""mlp.down_proj"": 1274.0, ""mlp.gate_proj"": 584.0, ""mlp.up_proj"": 1127.0, ""self_attn.k_proj"": 50.0, ""self_attn.o_proj"": 672.0, ""self_attn.q_proj"": 70.0, ""self_attn.v_proj"": 253.0}","{""mlp.down_proj"": 1253.0, ""mlp.gate_proj"": 578.0, ""mlp.up_proj"": 1115.0, ""self_attn.k_proj"": 48.0, ""self_attn.o_proj"": 652.0, ""self_attn.q_proj"": 67.0, ""self_attn.v_proj"": 245.0}","{""mlp.down_proj"": -21.0, ""mlp.gate_proj"": -6.0, ""mlp.up_proj"": -12.0, ""self_attn.k_proj"": -2.0, ""self_attn.o_proj"": -20.0, ""self_attn.q_proj"": -3.0, ""self_attn.v_proj"": -8.0}","{""mlp.down_proj"": 0.016483516483516484, ""mlp.gate_proj"": 0.010273972602739725, ""mlp.up_proj"": 0.01064773735581189, ""self_attn.k_proj"": 0.04, ""self_attn.o_proj"": 0.02976190476190476, ""self_attn.q_proj"": 0.04285714285714286, ""self_attn.v_proj"": 0.03162055335968379}",-0.006191724147382883,-3.114285714285714,203.17142857142858,False,True
qwen,sft,624,E_if,E_ifeval,0.1,18,5,equal5_non_qk,True,"mlp.down_proj,mlp.gate_proj,mlp.up_proj,self_attn.o_proj,self_attn.v_proj","self_attn.q_proj,self_attn.k_proj",440.8,453.0,440.8,-12.2,0.031565731221538246,0.0269315673289183,"{""mlp.down_proj"": 839.0, ""mlp.gate_proj"": 228.0, ""mlp.up_proj"": 695.0, ""self_attn.o_proj"": 387.0, ""self_attn.v_proj"": 116.0}","{""mlp.down_proj"": 817.0, ""mlp.gate_proj"": 224.0, ""mlp.up_proj"": 684.0, ""self_attn.o_proj"": 369.0, ""self_attn.v_proj"": 110.0}","{""mlp.down_proj"": -22.0, ""mlp.gate_proj"": -4.0, ""mlp.up_proj"": -11.0, ""self_attn.o_proj"": -18.0, ""self_attn.v_proj"": -6.0}","{""mlp.down_proj"": 0.026221692491060787, ""mlp.gate_proj"": 0.017543859649122806, ""mlp.up_proj"": 0.015827338129496403, ""self_attn.o_proj"": 0.046511627906976744, ""self_attn.v_proj"": 0.05172413793103448}",0.007814126413039702,0.02375160480849854,7,equal7,True,"mlp.down_proj,mlp.gate_proj,mlp.up_proj,self_attn.k_proj,self_attn.o_proj,self_attn.q_proj,self_attn.v_proj",,318.42857142857144,327.42857142857144,318.42857142857144,-9.0,0.044462535288111726,0.027486910994764396,"{""mlp.down_proj"": 839.0, ""mlp.gate_proj"": 228.0, ""mlp.up_proj"": 695.0, ""self_attn.k_proj"": 16.0, ""self_attn.o_proj"": 387.0, ""self_attn.q_proj"": 11.0, ""self_attn.v_proj"": 116.0}","{""mlp.down_proj"": 817.0, ""mlp.gate_proj"": 224.0, ""mlp.up_proj"": 684.0, ""self_attn.k_proj"": 15.0, ""self_attn.o_proj"": 369.0, ""self_attn.q_proj"": 10.0, ""self_attn.v_proj"": 110.0}","{""mlp.down_proj"": -22.0, ""mlp.gate_proj"": -4.0, ""mlp.up_proj"": -11.0, ""self_attn.k_proj"": -1.0, ""self_attn.o_proj"": -18.0, ""self_attn.q_proj"": -1.0, ""self_attn.v_proj"": -6.0}","{""mlp.down_proj"": 0.026221692491060787, ""mlp.gate_proj"": 0.017543859649122806, ""mlp.up_proj"": 0.015827338129496403, ""self_attn.k_proj"": 0.0625, ""self_attn.o_proj"": 0.046511627906976744, ""self_attn.q_proj"": 0.09090909090909091, ""self_attn.v_proj"": 0.05172413793103448}",-0.01289680406657348,-3.1999999999999993,122.37142857142857,False,True
qwen,sft,624,E_math,E_mathHeld,0.01,18,5,equal5_non_qk,True,"mlp.down_proj,mlp.gate_proj,mlp.up_proj,self_attn.o_proj,self_attn.v_proj","self_attn.q_proj,self_attn.k_proj",1646.4,1649.6,1646.4,-3.2,0.0029371539508652985,0.0019398642095052245,"{""mlp.down_proj"": 2176.0, ""mlp.gate_proj"": 1819.0, ""mlp.up_proj"": 2046.0, ""self_attn.o_proj"": 1520.0, ""self_attn.v_proj"": 687.0}","{""mlp.down_proj"": 2174.0, ""mlp.gate_proj"": 1820.0, ""mlp.up_proj"": 2044.0, ""self_attn.o_proj"": 1513.0, ""self_attn.v_proj"": 681.0}","{""mlp.down_proj"": -2.0, ""mlp.gate_proj"": 1.0, ""mlp.up_proj"": -2.0, ""self_attn.o_proj"": -7.0, ""self_attn.v_proj"": -6.0}","{""mlp.down_proj"": 0.0009191176470588235, ""mlp.gate_proj"": -0.0005497526113249038, ""mlp.up_proj"": 0.0009775171065493646, ""self_attn.o_proj"": 0.004605263157894736, ""self_attn.v_proj"": 0.008733624454148471}",0.0019928395772001286,0.0009443143736651699,7,equal7,True,"mlp.down_proj,mlp.gate_proj,mlp.up_proj,self_attn.k_proj,self_attn.o_proj,self_attn.q_proj,self_attn.v_proj",,1335.0,1339.0,1335.0,-4.0,0.00537803230622269,0.002987303958177745,"{""mlp.down_proj"": 2176.0, ""mlp.gate_proj"": 1819.0, ""mlp.up_proj"": 2046.0, ""self_attn.k_proj"": 363.0, ""self_attn.o_proj"": 1520.0, ""self_attn.q_proj"": 762.0, ""self_attn.v_proj"": 687.0}","{""mlp.down_proj"": 2174.0, ""mlp.gate_proj"": 1820.0, ""mlp.up_proj"": 2044.0, ""self_attn.k_proj"": 358.0, ""self_attn.o_proj"": 1513.0, ""self_attn.q_proj"": 755.0, ""self_attn.v_proj"": 681.0}","{""mlp.down_proj"": -2.0, ""mlp.gate_proj"": 1.0, ""mlp.up_proj"": -2.0, ""self_attn.k_proj"": -5.0, ""self_attn.o_proj"": -7.0, ""self_attn.q_proj"": -7.0, ""self_attn.v_proj"": -6.0}","{""mlp.down_proj"": 0.0009191176470588235, ""mlp.gate_proj"": -0.0005497526113249038, ""mlp.up_proj"": 0.0009775171065493646, ""self_attn.k_proj"": 0.013774104683195593, ""self_attn.o_proj"": 0.004605263157894736, ""self_attn.q_proj"": 0.009186351706036745, ""self_attn.v_proj"": 0.008733624454148471}",-0.0024408783553573916,0.7999999999999998,311.4000000000001,False,True
qwen,sft,624,E_math,E_mathHeld,0.025,18,5,equal5_non_qk,True,"mlp.down_proj,mlp.gate_proj,mlp.up_proj,self_attn.o_proj,self_attn.v_proj","self_attn.q_proj,self_attn.k_proj",1318.6,1322.2,1318.6,-3.6,0.004557239913159489,0.0027227348358796976,"{""mlp.down_proj"": 1875.0, ""mlp.gate_proj"": 1369.0, ""mlp.up_proj"": 1691.0, ""self_attn.o_proj"": 1157.0, ""self_attn.v_proj"": 519.0}","{""mlp.down_proj"": 1872.0, ""mlp.gate_proj"": 1371.0, ""mlp.up_proj"": 1689.0, ""self_attn.o_proj"": 1150.0, ""self_attn.v_proj"": 511.0}","{""mlp.down_proj"": -3.0, ""mlp.gate_proj"": 2.0, ""mlp.up_proj"": -2.0, ""self_attn.o_proj"": -7.0, ""self_attn.v_proj"": -8.0}","{""mlp.down_proj"": 0.0016, ""mlp.gate_proj"": -0.0014609203798392988, ""mlp.up_proj"": 0.0011827321111768185, ""self_attn.o_proj"": 0.006050129645635264, ""self_attn.v_proj"": 0.015414258188824663}",0.0034258395694893437,0.0011314003436701456,7,equal7,True,"mlp.down_proj,mlp.gate_proj,mlp.up_proj,self_attn.k_proj,self_attn.o_proj,self_attn.q_proj,self_attn.v_proj",,1021.7142857142857,1025.5714285714287,1021.7142857142857,-3.857142857142857,0.008163261838145967,0.003760969494358688,"{""mlp.down_proj"": 1875.0, ""mlp.gate_proj"": 1369.0, ""mlp.up_proj"": 1691.0, ""self_attn.k_proj"": 189.0, ""self_attn.o_proj"": 1157.0, ""self_attn.q_proj"": 379.0, ""self_attn.v_proj"": 519.0}","{""mlp.down_proj"": 1872.0, ""mlp.gate_proj"": 1371.0, ""mlp.up_proj"": 1689.0, ""self_attn.k_proj"": 185.0, ""self_attn.o_proj"": 1150.0, ""self_attn.q_proj"": 374.0, ""self_attn.v_proj"": 511.0}","{""mlp.down_proj"": -3.0, ""mlp.gate_proj"": 2.0, ""mlp.up_proj"": -2.0, ""self_attn.k_proj"": -4.0, ""self_attn.o_proj"": -7.0, ""self_attn.q_proj"": -5.0, ""self_attn.v_proj"": -8.0}","{""mlp.down_proj"": 0.0016, ""mlp.gate_proj"": -0.0014609203798392988, ""mlp.up_proj"": 0.0011827321111768185, ""self_attn.k_proj"": 0.021164021164021163, ""self_attn.o_proj"": 0.006050129645635264, ""self_attn.q_proj"": 0.013192612137203167, ""self_attn.v_proj"": 0.015414258188824663}",-0.003606021924986478,0.2571428571428571,296.88571428571424,False,True
qwen,sft,624,E_math,E_mathHeld,0.05,18,5,equal5_non_qk,True,"mlp.down_proj,mlp.gate_proj,mlp.up_proj,self_attn.o_proj,self_attn.v_proj","self_attn.q_proj,self_attn.k_proj",1010.2,1014.2,1010.2,-4.0,0.006900366292906979,0.003943995267205679,"{""mlp.down_proj"": 1552.0, ""mlp.gate_proj"": 956.0, ""mlp.up_proj"": 1332.0, ""self_attn.o_proj"": 860.0, ""self_attn.v_proj"": 371.0}","{""mlp.down_proj"": 1548.0, ""mlp.gate_proj"": 959.0, ""mlp.up_proj"": 1330.0, ""self_attn.o_proj"": 852.0, ""self_attn.v_proj"": 362.0}","{""mlp.down_proj"": -4.0, ""mlp.gate_proj"": 3.0, ""mlp.up_proj"": -2.0, ""self_attn.o_proj"": -8.0, ""self_attn.v_proj"": -9.0}","{""mlp.down_proj"": 0.002577319587628866, ""mlp.gate_proj"": -0.0031380753138075313, ""mlp.up_proj"": 0.0015015015015015015, ""self_attn.o_proj"": 0.009302325581395349, ""self_attn.v_proj"": 0.02425876010781671}",0.0050927635497395405,0.0018076027431674383,7,equal7,True,"mlp.down_proj,mlp.gate_proj,mlp.up_proj,self_attn.k_proj,self_attn.o_proj,self_attn.q_proj,self_attn.v_proj",,754.4285714285714,758.1428571428571,754.4285714285714,-3.7142857142857144,0.012938245256958986,0.004899189749387537,"{""mlp.down_proj"": 1552.0, ""mlp.gate_proj"": 956.0, ""mlp.up_proj"": 1332.0, ""self_attn.k_proj"": 82.0, ""self_attn.o_proj"": 860.0, ""self_attn.q_proj"": 154.0, ""self_attn.v_proj"": 371.0}","{""mlp.down_proj"": 1548.0, ""mlp.gate_proj"": 959.0, ""mlp.up_proj"": 1330.0, ""self_attn.k_proj"": 79.0, ""self_attn.o_proj"": 852.0, ""self_attn.q_proj"": 151.0, ""self_attn.v_proj"": 362.0}","{""mlp.down_proj"": -4.0, ""mlp.gate_proj"": 3.0, ""mlp.up_proj"": -2.0, ""self_attn.k_proj"": -3.0, ""self_attn.o_proj"": -8.0, ""self_attn.q_proj"": -3.0, ""self_attn.v_proj"": -9.0}","{""mlp.down_proj"": 0.002577319587628866, ""mlp.gate_proj"": -0.0031380753138075313, ""mlp.up_proj"": 0.0015015015015015015, ""self_attn.k_proj"": 0.036585365853658534, ""self_attn.o_proj"": 0.009302325581395349, ""self_attn.q_proj"": 0.01948051948051948, ""self_attn.v_proj"": 0.02425876010781671}",-0.0060378789640520075,-0.2857142857142856,255.7714285714286,False,True
qwen,sft,624,E_math,E_mathHeld,0.1,18,5,equal5_non_qk,True,"mlp.down_proj,mlp.gate_proj,mlp.up_proj,self_attn.o_proj,self_attn.v_proj","self_attn.q_proj,self_attn.k_proj",669.6,673.2,669.6,-3.6,0.01004177153293262,0.005347593582887734,"{""mlp.down_proj"": 1147.0, ""mlp.gate_proj"": 529.0, ""mlp.up_proj"": 913.0, ""self_attn.o_proj"": 561.0, ""self_attn.v_proj"": 216.0}","{""mlp.down_proj"": 1143.0, ""mlp.gate_proj"": 532.0, ""mlp.up_proj"": 912.0, ""self_attn.o_proj"": 553.0, ""self_attn.v_proj"": 208.0}","{""mlp.down_proj"": -4.0, ""mlp.gate_proj"": 3.0, ""mlp.up_proj"": -1.0, ""self_attn.o_proj"": -8.0, ""self_attn.v_proj"": -8.0}","{""mlp.down_proj"": 0.0034873583260680036, ""mlp.gate_proj"": -0.005671077504725898, ""mlp.up_proj"": 0.001095290251916758, ""self_attn.o_proj"": 0.0142602495543672, ""self_attn.v_proj"": 0.037037037037037035}",0.007814126413039702,0.002227645119892917,7,equal7,True,"mlp.down_proj,mlp.gate_proj,mlp.up_proj,self_attn.k_proj,self_attn.o_proj,self_attn.q_proj,self_attn.v_proj",,485.85714285714283,488.7142857142857,485.85714285714283,-2.857142857142857,0.017733369835351256,0.005846243788366041,"{""mlp.down_proj"": 1147.0, ""mlp.gate_proj"": 529.0, ""mlp.up_proj"": 913.0, ""self_attn.k_proj"": 24.0, ""self_attn.o_proj"": 561.0, ""self_attn.q_proj"": 31.0, ""self_attn.v_proj"": 216.0}","{""mlp.down_proj"": 1143.0, ""mlp.gate_proj"": 532.0, ""mlp.up_proj"": 912.0, ""self_attn.k_proj"": 23.0, ""self_attn.o_proj"": 553.0, ""self_attn.q_proj"": 30.0, ""self_attn.v_proj"": 208.0}","{""mlp.down_proj"": -4.0, ""mlp.gate_proj"": 3.0, ""mlp.up_proj"": -1.0, ""self_attn.k_proj"": -1.0, ""self_attn.o_proj"": -8.0, ""self_attn.q_proj"": -1.0, ""self_attn.v_proj"": -8.0}","{""mlp.down_proj"": 0.0034873583260680036, ""mlp.gate_proj"": -0.005671077504725898, ""mlp.up_proj"": 0.001095290251916758, ""self_attn.k_proj"": 0.041666666666666664, ""self_attn.o_proj"": 0.0142602495543672, ""self_attn.q_proj"": 0.03225806451612903, ""self_attn.v_proj"": 0.037037037037037035}",-0.007691598302418636,-0.7428571428571429,183.7428571428572,False,True
qwen,sft,624,E_ood,E_mmluPro,0.01,18,5,equal5_non_qk,True,"mlp.down_proj,mlp.gate_proj,mlp.up_proj,self_attn.o_proj,self_attn.v_proj","self_attn.q_proj,self_attn.k_proj",1604.6,1610.4,1604.6,-5.8,0.004483151263595301,0.00360158966716355,"{""mlp.down_proj"": 2156.0, ""mlp.gate_proj"": 1667.0, ""mlp.up_proj"": 2029.0, ""self_attn.o_proj"": 1471.0, ""self_attn.v_proj"": 729.0}","{""mlp.down_proj"": 2153.0, ""mlp.gate_proj"": 1660.0, ""mlp.up_proj"": 2024.0, ""self_attn.o_proj"": 1464.0, ""self_attn.v_proj"": 722.0}","{""mlp.down_proj"": -3.0, ""mlp.gate_proj"": -7.0, ""mlp.up_proj"": -5.0, ""self_attn.o_proj"": -7.0, ""self_attn.v_proj"": -7.0}","{""mlp.down_proj"": 0.0013914656771799629, ""mlp.gate_proj"": 0.004199160167966407, ""mlp.up_proj"": 0.0024642681123706258, ""self_attn.o_proj"": 0.004758667573079538, ""self_attn.v_proj"": 0.009602194787379973}",0.0019928395772001286,0.0024903116863951727,7,equal7,True,"mlp.down_proj,mlp.gate_proj,mlp.up_proj,self_attn.k_proj,self_attn.o_proj,self_attn.q_proj,self_attn.v_proj",,1297.857142857143,1305.5714285714287,1297.857142857143,-7.714285714285714,0.009150092507888705,0.005908742750848063,"{""mlp.down_proj"": 2156.0, ""mlp.gate_proj"": 1667.0, ""mlp.up_proj"": 2029.0, ""self_attn.k_proj"": 402.0, ""self_attn.o_proj"": 1471.0, ""self_attn.q_proj"": 685.0, ""self_attn.v_proj"": 729.0}","{""mlp.down_proj"": 2153.0, ""mlp.gate_proj"": 1660.0, ""mlp.up_proj"": 2024.0, ""self_attn.k_proj"": 397.0, ""self_attn.o_proj"": 1464.0, ""self_attn.q_proj"": 665.0, ""self_attn.v_proj"": 722.0}","{""mlp.down_proj"": -3.0, ""mlp.gate_proj"": -7.0, ""mlp.up_proj"": -5.0, ""self_attn.k_proj"": -5.0, ""self_attn.o_proj"": -7.0, ""self_attn.q_proj"": -20.0, ""self_attn.v_proj"": -7.0}","{""mlp.down_proj"": 0.0013914656771799629, ""mlp.gate_proj"": 0.004199160167966407, ""mlp.up_proj"": 0.0024642681123706258, ""self_attn.k_proj"": 0.012437810945273632, ""self_attn.o_proj"": 0.004758667573079538, ""self_attn.q_proj"": 0.029197080291970802, ""self_attn.v_proj"": 0.009602194787379973}",-0.004666941244293404,1.9142857142857146,306.742857142857,False,True
qwen,sft,624,E_ood,E_mmluPro,0.025,18,5,equal5_non_qk,True,"mlp.down_proj,mlp.gate_proj,mlp.up_proj,self_attn.o_proj,self_attn.v_proj","self_attn.q_proj,self_attn.k_proj",1261.4,1268.4,1261.4,-7.0,0.0068362898837746764,0.005518763796909492,"{""mlp.down_proj"": 1847.0, ""mlp.gate_proj"": 1163.0, ""mlp.up_proj"": 1655.0, ""self_attn.o_proj"": 1105.0, ""self_attn.v_proj"": 572.0}","{""mlp.down_proj"": 1842.0, ""mlp.gate_proj"": 1156.0, ""mlp.up_proj"": 1648.0, ""self_attn.o_proj"": 1097.0, ""self_attn.v_proj"": 564.0}","{""mlp.down_proj"": -5.0, ""mlp.gate_proj"": -7.0, ""mlp.up_proj"": -7.0, ""self_attn.o_proj"": -8.0, ""self_attn.v_proj"": -8.0}","{""mlp.down_proj"": 0.0027070925825663237, ""mlp.gate_proj"": 0.0060189165950128975, ""mlp.up_proj"": 0.004229607250755287, ""self_attn.o_proj"": 0.007239819004524887, ""self_attn.v_proj"": 0.013986013986013986}",0.0034258395694893437,0.0034104503142853328,7,equal7,True,"mlp.down_proj,mlp.gate_proj,mlp.up_proj,self_attn.k_proj,self_attn.o_proj,self_attn.q_proj,self_attn.v_proj",,976.7142857142857,984.2857142857143,976.7142857142857,-7.571428571428571,0.013656844428486267,0.007692307692307791,"{""mlp.down_proj"": 1847.0, ""mlp.gate_proj"": 1163.0, ""mlp.up_proj"": 1655.0, ""self_attn.k_proj"": 230.0, ""self_attn.o_proj"": 1105.0, ""self_attn.q_proj"": 318.0, ""self_attn.v_proj"": 572.0}","{""mlp.down_proj"": 1842.0, ""mlp.gate_proj"": 1156.0, ""mlp.up_proj"": 1648.0, ""self_attn.k_proj"": 226.0, ""self_attn.o_proj"": 1097.0, ""self_attn.q_proj"": 304.0, ""self_attn.v_proj"": 564.0}","{""mlp.down_proj"": -5.0, ""mlp.gate_proj"": -7.0, ""mlp.up_proj"": -7.0, ""self_attn.k_proj"": -4.0, ""self_attn.o_proj"": -8.0, ""self_attn.q_proj"": -14.0, ""self_attn.v_proj"": -8.0}","{""mlp.down_proj"": 0.0027070925825663237, ""mlp.gate_proj"": 0.0060189165950128975, ""mlp.up_proj"": 0.004229607250755287, ""self_attn.k_proj"": 0.017391304347826087, ""self_attn.o_proj"": 0.007239819004524887, ""self_attn.q_proj"": 0.0440251572327044, ""self_attn.v_proj"": 0.013986013986013986}",-0.0068205545447115904,0.5714285714285712,284.6857142857144,False,True
qwen,sft,624,E_ood,E_mmluPro,0.05,18,5,equal5_non_qk,True,"mlp.down_proj,mlp.gate_proj,mlp.up_proj,self_attn.o_proj,self_attn.v_proj","self_attn.q_proj,self_attn.k_proj",947.0,954.4,947.0,-7.4,0.009949717018811333,0.0077535624476110405,"{""mlp.down_proj"": 1519.0, ""mlp.gate_proj"": 731.0, ""mlp.up_proj"": 1281.0, ""self_attn.o_proj"": 810.0, ""self_attn.v_proj"": 431.0}","{""mlp.down_proj"": 1513.0, ""mlp.gate_proj"": 724.0, ""mlp.up_proj"": 1274.0, ""self_attn.o_proj"": 802.0, ""self_attn.v_proj"": 422.0}","{""mlp.down_proj"": -6.0, ""mlp.gate_proj"": -7.0, ""mlp.up_proj"": -7.0, ""self_attn.o_proj"": -8.0, ""self_attn.v_proj"": -9.0}","{""mlp.down_proj"": 0.003949967083607637, ""mlp.gate_proj"": 0.009575923392612859, ""mlp.up_proj"": 0.00546448087431694, ""self_attn.o_proj"": 0.009876543209876543, ""self_attn.v_proj"": 0.02088167053364269}",0.0050927635497395405,0.0048569534690717925,7,equal7,True,"mlp.down_proj,mlp.gate_proj,mlp.up_proj,self_attn.k_proj,self_attn.o_proj,self_attn.q_proj,self_attn.v_proj",,708.7142857142857,715.5714285714286,708.7142857142857,-6.857142857142857,0.020246622362701826,0.00958275104811344,"{""mlp.down_proj"": 1519.0, ""mlp.gate_proj"": 731.0, ""mlp.up_proj"": 1281.0, ""self_attn.k_proj"": 116.0, ""self_attn.o_proj"": 810.0, ""self_attn.q_proj"": 121.0, ""self_attn.v_proj"": 431.0}","{""mlp.down_proj"": 1513.0, ""mlp.gate_proj"": 724.0, ""mlp.up_proj"": 1274.0, ""self_attn.k_proj"": 113.0, ""self_attn.o_proj"": 802.0, ""self_attn.q_proj"": 113.0, ""self_attn.v_proj"": 422.0}","{""mlp.down_proj"": -6.0, ""mlp.gate_proj"": -7.0, ""mlp.up_proj"": -7.0, ""self_attn.k_proj"": -3.0, ""self_attn.o_proj"": -8.0, ""self_attn.q_proj"": -8.0, ""self_attn.v_proj"": -9.0}","{""mlp.down_proj"": 0.003949967083607637, ""mlp.gate_proj"": 0.009575923392612859, ""mlp.up_proj"": 0.00546448087431694, ""self_attn.k_proj"": 0.02586206896551724, ""self_attn.o_proj"": 0.009876543209876543, ""self_attn.q_proj"": 0.06611570247933884, ""self_attn.v_proj"": 0.02088167053364269}",-0.010296905343890493,-0.5428571428571436,238.28571428571433,False,True
qwen,sft,624,E_ood,E_mmluPro,0.1,18,5,equal5_non_qk,True,"mlp.down_proj,mlp.gate_proj,mlp.up_proj,self_attn.o_proj,self_attn.v_proj","self_attn.q_proj,self_attn.k_proj",610.4,617.4,610.4,-7.0,0.015290224409617173,0.011337868480725623,"{""mlp.down_proj"": 1114.0, ""mlp.gate_proj"": 327.0, ""mlp.up_proj"": 850.0, ""self_attn.o_proj"": 518.0, ""self_attn.v_proj"": 278.0}","{""mlp.down_proj"": 1107.0, ""mlp.gate_proj"": 322.0, ""mlp.up_proj"": 844.0, ""self_attn.o_proj"": 510.0, ""self_attn.v_proj"": 269.0}","{""mlp.down_proj"": -7.0, ""mlp.gate_proj"": -5.0, ""mlp.up_proj"": -6.0, ""self_attn.o_proj"": -8.0, ""self_attn.v_proj"": -9.0}","{""mlp.down_proj"": 0.0062836624775583485, ""mlp.gate_proj"": 0.01529051987767584, ""mlp.up_proj"": 0.007058823529411765, ""self_attn.o_proj"": 0.015444015444015444, ""self_attn.v_proj"": 0.03237410071942446}",0.007814126413039702,0.007476097996577471,7,equal7,True,"mlp.down_proj,mlp.gate_proj,mlp.up_proj,self_attn.k_proj,self_attn.o_proj,self_attn.q_proj,self_attn.v_proj",,445.0,450.42857142857144,445.0,-5.428571428571429,0.027405105347528748,0.012052013954963562,"{""mlp.down_proj"": 1114.0, ""mlp.gate_proj"": 327.0, ""mlp.up_proj"": 850.0, ""self_attn.k_proj"": 40.0, ""self_attn.o_proj"": 518.0, ""self_attn.q_proj"": 26.0, ""self_attn.v_proj"": 278.0}","{""mlp.down_proj"": 1107.0, ""mlp.gate_proj"": 322.0, ""mlp.up_proj"": 844.0, ""self_attn.k_proj"": 40.0, ""self_attn.o_proj"": 510.0, ""self_attn.q_proj"": 23.0, ""self_attn.v_proj"": 269.0}","{""mlp.down_proj"": -7.0, ""mlp.gate_proj"": -5.0, ""mlp.up_proj"": -6.0, ""self_attn.k_proj"": 0.0, ""self_attn.o_proj"": -8.0, ""self_attn.q_proj"": -3.0, ""self_attn.v_proj"": -9.0}","{""mlp.down_proj"": 0.0062836624775583485, ""mlp.gate_proj"": 0.01529051987767584, ""mlp.up_proj"": 0.007058823529411765, ""self_attn.k_proj"": 0.0, ""self_attn.o_proj"": 0.015444015444015444, ""self_attn.q_proj"": 0.11538461538461539, ""self_attn.v_proj"": 0.03237410071942446}",-0.012114880937911575,-1.5714285714285712,165.39999999999998,False,True
,,0,E_general,E_general,0.01,18,5,equal5_non_qk,True,"mlp.down_proj,mlp.gate_proj,mlp.up_proj,self_attn.o_proj,self_attn.v_proj","self_attn.q_proj,self_attn.k_proj",1634.4,1634.4,1634.4,0.0,0.0,0.0,"{""mlp.down_proj"": 2190.0, ""mlp.gate_proj"": 1641.0, ""mlp.up_proj"": 2064.0, ""self_attn.o_proj"": 1546.0, ""self_attn.v_proj"": 731.0}","{""mlp.down_proj"": 2190.0, ""mlp.gate_proj"": 1641.0, ""mlp.up_proj"": 2064.0, ""self_attn.o_proj"": 1546.0, ""self_attn.v_proj"": 731.0}","{""mlp.down_proj"": 0.0, ""mlp.gate_proj"": 0.0, ""mlp.up_proj"": 0.0, ""self_attn.o_proj"": 0.0, ""self_attn.v_proj"": 0.0}","{""mlp.down_proj"": 0.0, ""mlp.gate_proj"": 0.0, ""mlp.up_proj"": 0.0, ""self_attn.o_proj"": 0.0, ""self_attn.v_proj"": 0.0}",0.0,0.0,7,equal7,True,"mlp.down_proj,mlp.gate_proj,mlp.up_proj,self_attn.k_proj,self_attn.o_proj,self_attn.q_proj,self_attn.v_proj",,1328.5714285714287,1328.5714285714287,1328.5714285714287,0.0,0.0,0.0,"{""mlp.down_proj"": 2190.0, ""mlp.gate_proj"": 1641.0, ""mlp.up_proj"": 2064.0, ""self_attn.k_proj"": 400.0, ""self_attn.o_proj"": 1546.0, ""self_attn.q_proj"": 728.0, ""self_attn.v_proj"": 731.0}","{""mlp.down_proj"": 2190.0, ""mlp.gate_proj"": 1641.0, ""mlp.up_proj"": 2064.0, ""self_attn.k_proj"": 400.0, ""self_attn.o_proj"": 1546.0, ""self_attn.q_proj"": 728.0, ""self_attn.v_proj"": 731.0}","{""mlp.down_proj"": 0.0, ""mlp.gate_proj"": 0.0, ""mlp.up_proj"": 0.0, ""self_attn.k_proj"": 0.0, ""self_attn.o_proj"": 0.0, ""self_attn.q_proj"": 0.0, ""self_attn.v_proj"": 0.0}","{""mlp.down_proj"": 0.0, ""mlp.gate_proj"": 0.0, ""mlp.up_proj"": 0.0, ""self_attn.k_proj"": 0.0, ""self_attn.o_proj"": 0.0, ""self_attn.q_proj"": 0.0, ""self_attn.v_proj"": 0.0}",0.0,0.0,305.8285714285714,False,True
,,0,E_general,E_general,0.025,18,5,equal5_non_qk,True,"mlp.down_proj,mlp.gate_proj,mlp.up_proj,self_attn.o_proj,self_attn.v_proj","self_attn.q_proj,self_attn.k_proj",1299.8,1299.8,1299.8,0.0,0.0,0.0,"{""mlp.down_proj"": 1901.0, ""mlp.gate_proj"": 1133.0, ""mlp.up_proj"": 1706.0, ""self_attn.o_proj"": 1186.0, ""self_attn.v_proj"": 573.0}","{""mlp.down_proj"": 1901.0, ""mlp.gate_proj"": 1133.0, ""mlp.up_proj"": 1706.0, ""self_attn.o_proj"": 1186.0, ""self_attn.v_proj"": 573.0}","{""mlp.down_proj"": 0.0, ""mlp.gate_proj"": 0.0, ""mlp.up_proj"": 0.0, ""self_attn.o_proj"": 0.0, ""self_attn.v_proj"": 0.0}","{""mlp.down_proj"": 0.0, ""mlp.gate_proj"": 0.0, ""mlp.up_proj"": 0.0, ""self_attn.o_proj"": 0.0, ""self_attn.v_proj"": 0.0}",0.0,0.0,7,equal7,True,"mlp.down_proj,mlp.gate_proj,mlp.up_proj,self_attn.k_proj,self_attn.o_proj,self_attn.q_proj,self_attn.v_proj",,1011.5714285714286,1011.5714285714286,1011.5714285714286,0.0,0.0,0.0,"{""mlp.down_proj"": 1901.0, ""mlp.gate_proj"": 1133.0, ""mlp.up_proj"": 1706.0, ""self_attn.k_proj"": 227.0, ""self_attn.o_proj"": 1186.0, ""self_attn.q_proj"": 355.0, ""self_attn.v_proj"": 573.0}","{""mlp.down_proj"": 1901.0, ""mlp.gate_proj"": 1133.0, ""mlp.up_proj"": 1706.0, ""self_attn.k_proj"": 227.0, ""self_attn.o_proj"": 1186.0, ""self_attn.q_proj"": 355.0, ""self_attn.v_proj"": 573.0}","{""mlp.down_proj"": 0.0, ""mlp.gate_proj"": 0.0, ""mlp.up_proj"": 0.0, ""self_attn.k_proj"": 0.0, ""self_attn.o_proj"": 0.0, ""self_attn.q_proj"": 0.0, ""self_attn.v_proj"": 0.0}","{""mlp.down_proj"": 0.0, ""mlp.gate_proj"": 0.0, ""mlp.up_proj"": 0.0, ""self_attn.k_proj"": 0.0, ""self_attn.o_proj"": 0.0, ""self_attn.q_proj"": 0.0, ""self_attn.v_proj"": 0.0}",0.0,0.0,288.2285714285714,False,True
,,0,E_general,E_general,0.05,18,5,equal5_non_qk,True,"mlp.down_proj,mlp.gate_proj,mlp.up_proj,self_attn.o_proj,self_attn.v_proj","self_attn.q_proj,self_attn.k_proj",991.2,991.2,991.2,0.0,0.0,0.0,"{""mlp.down_proj"": 1590.0, ""mlp.gate_proj"": 701.0, ""mlp.up_proj"": 1344.0, ""self_attn.o_proj"": 890.0, ""self_attn.v_proj"": 431.0}","{""mlp.down_proj"": 1590.0, ""mlp.gate_proj"": 701.0, ""mlp.up_proj"": 1344.0, ""self_attn.o_proj"": 890.0, ""self_attn.v_proj"": 431.0}","{""mlp.down_proj"": 0.0, ""mlp.gate_proj"": 0.0, ""mlp.up_proj"": 0.0, ""self_attn.o_proj"": 0.0, ""self_attn.v_proj"": 0.0}","{""mlp.down_proj"": 0.0, ""mlp.gate_proj"": 0.0, ""mlp.up_proj"": 0.0, ""self_attn.o_proj"": 0.0, ""self_attn.v_proj"": 0.0}",0.0,0.0,7,equal7,True,"mlp.down_proj,mlp.gate_proj,mlp.up_proj,self_attn.k_proj,self_attn.o_proj,self_attn.q_proj,self_attn.v_proj",,744.7142857142857,744.7142857142857,744.7142857142857,0.0,0.0,0.0,"{""mlp.down_proj"": 1590.0, ""mlp.gate_proj"": 701.0, ""mlp.up_proj"": 1344.0, ""self_attn.k_proj"": 113.0, ""self_attn.o_proj"": 890.0, ""self_attn.q_proj"": 144.0, ""self_attn.v_proj"": 431.0}","{""mlp.down_proj"": 1590.0, ""mlp.gate_proj"": 701.0, ""mlp.up_proj"": 1344.0, ""self_attn.k_proj"": 113.0, ""self_attn.o_proj"": 890.0, ""self_attn.q_proj"": 144.0, ""self_attn.v_proj"": 431.0}","{""mlp.down_proj"": 0.0, ""mlp.gate_proj"": 0.0, ""mlp.up_proj"": 0.0, ""self_attn.k_proj"": 0.0, ""self_attn.o_proj"": 0.0, ""self_attn.q_proj"": 0.0, ""self_attn.v_proj"": 0.0}","{""mlp.down_proj"": 0.0, ""mlp.gate_proj"": 0.0, ""mlp.up_proj"": 0.0, ""self_attn.k_proj"": 0.0, ""self_attn.o_proj"": 0.0, ""self_attn.q_proj"": 0.0, ""self_attn.v_proj"": 0.0}",0.0,0.0,246.48571428571438,False,True
,,0,E_general,E_general,0.1,18,5,equal5_non_qk,True,"mlp.down_proj,mlp.gate_proj,mlp.up_proj,self_attn.o_proj,self_attn.v_proj","self_attn.q_proj,self_attn.k_proj",657.4,657.4,657.4,0.0,0.0,0.0,"{""mlp.down_proj"": 1200.0, ""mlp.gate_proj"": 300.0, ""mlp.up_proj"": 921.0, ""self_attn.o_proj"": 589.0, ""self_attn.v_proj"": 277.0}","{""mlp.down_proj"": 1200.0, ""mlp.gate_proj"": 300.0, ""mlp.up_proj"": 921.0, ""self_attn.o_proj"": 589.0, ""self_attn.v_proj"": 277.0}","{""mlp.down_proj"": 0.0, ""mlp.gate_proj"": 0.0, ""mlp.up_proj"": 0.0, ""self_attn.o_proj"": 0.0, ""self_attn.v_proj"": 0.0}","{""mlp.down_proj"": 0.0, ""mlp.gate_proj"": 0.0, ""mlp.up_proj"": 0.0, ""self_attn.o_proj"": 0.0, ""self_attn.v_proj"": 0.0}",0.0,0.0,7,equal7,True,"mlp.down_proj,mlp.gate_proj,mlp.up_proj,self_attn.k_proj,self_attn.o_proj,self_attn.q_proj,self_attn.v_proj",,479.85714285714283,479.85714285714283,479.85714285714283,0.0,0.0,0.0,"{""mlp.down_proj"": 1200.0, ""mlp.gate_proj"": 300.0, ""mlp.up_proj"": 921.0, ""self_attn.k_proj"": 39.0, ""self_attn.o_proj"": 589.0, ""self_attn.q_proj"": 33.0, ""self_attn.v_proj"": 277.0}","{""mlp.down_proj"": 1200.0, ""mlp.gate_proj"": 300.0, ""mlp.up_proj"": 921.0, ""self_attn.k_proj"": 39.0, ""self_attn.o_proj"": 589.0, ""self_attn.q_proj"": 33.0, ""self_attn.v_proj"": 277.0}","{""mlp.down_proj"": 0.0, ""mlp.gate_proj"": 0.0, ""mlp.up_proj"": 0.0, ""self_attn.k_proj"": 0.0, ""self_attn.o_proj"": 0.0, ""self_attn.q_proj"": 0.0, ""self_attn.v_proj"": 0.0}","{""mlp.down_proj"": 0.0, ""mlp.gate_proj"": 0.0, ""mlp.up_proj"": 0.0, ""self_attn.k_proj"": 0.0, ""self_attn.o_proj"": 0.0, ""self_attn.q_proj"": 0.0, ""self_attn.v_proj"": 0.0}",0.0,0.0,177.54285714285714,False,True
,,0,E_if,E_ifeval,0.01,18,5,equal5_non_qk,True,"mlp.down_proj,mlp.gate_proj,mlp.up_proj,self_attn.o_proj,self_attn.v_proj","self_attn.q_proj,self_attn.k_proj",1485.0,1485.0,1485.0,0.0,0.0,0.0,"{""mlp.down_proj"": 2024.0, ""mlp.gate_proj"": 1529.0, ""mlp.up_proj"": 1934.0, ""self_attn.o_proj"": 1349.0, ""self_attn.v_proj"": 589.0}","{""mlp.down_proj"": 2024.0, ""mlp.gate_proj"": 1529.0, ""mlp.up_proj"": 1934.0, ""self_attn.o_proj"": 1349.0, ""self_attn.v_proj"": 589.0}","{""mlp.down_proj"": 0.0, ""mlp.gate_proj"": 0.0, ""mlp.up_proj"": 0.0, ""self_attn.o_proj"": 0.0, ""self_attn.v_proj"": 0.0}","{""mlp.down_proj"": 0.0, ""mlp.gate_proj"": 0.0, ""mlp.up_proj"": 0.0, ""self_attn.o_proj"": 0.0, ""self_attn.v_proj"": 0.0}",0.0,0.0,7,equal7,True,"mlp.down_proj,mlp.gate_proj,mlp.up_proj,self_attn.k_proj,self_attn.o_proj,self_attn.q_proj,self_attn.v_proj",,1174.7142857142858,1174.7142857142858,1174.7142857142858,0.0,0.0,0.0,"{""mlp.down_proj"": 2024.0, ""mlp.gate_proj"": 1529.0, ""mlp.up_proj"": 1934.0, ""self_attn.k_proj"": 273.0, ""self_attn.o_proj"": 1349.0, ""self_attn.q_proj"": 525.0, ""self_attn.v_proj"": 589.0}","{""mlp.down_proj"": 2024.0, ""mlp.gate_proj"": 1529.0, ""mlp.up_proj"": 1934.0, ""self_attn.k_proj"": 273.0, ""self_attn.o_proj"": 1349.0, ""self_attn.q_proj"": 525.0, ""self_attn.v_proj"": 589.0}","{""mlp.down_proj"": 0.0, ""mlp.gate_proj"": 0.0, ""mlp.up_proj"": 0.0, ""self_attn.k_proj"": 0.0, ""self_attn.o_proj"": 0.0, ""self_attn.q_proj"": 0.0, ""self_attn.v_proj"": 0.0}","{""mlp.down_proj"": 0.0, ""mlp.gate_proj"": 0.0, ""mlp.up_proj"": 0.0, ""self_attn.k_proj"": 0.0, ""self_attn.o_proj"": 0.0, ""self_attn.q_proj"": 0.0, ""self_attn.v_proj"": 0.0}",0.0,0.0,310.2857142857142,False,True
,,0,E_if,E_ifeval,0.025,18,5,equal5_non_qk,True,"mlp.down_proj,mlp.gate_proj,mlp.up_proj,self_attn.o_proj,self_attn.v_proj","self_attn.q_proj,self_attn.k_proj",1110.4,1110.4,1110.4,0.0,0.0,0.0,"{""mlp.down_proj"": 1649.0, ""mlp.gate_proj"": 1006.0, ""mlp.up_proj"": 1522.0, ""self_attn.o_proj"": 971.0, ""self_attn.v_proj"": 404.0}","{""mlp.down_proj"": 1649.0, ""mlp.gate_proj"": 1006.0, ""mlp.up_proj"": 1522.0, ""self_attn.o_proj"": 971.0, ""self_attn.v_proj"": 404.0}","{""mlp.down_proj"": 0.0, ""mlp.gate_proj"": 0.0, ""mlp.up_proj"": 0.0, ""self_attn.o_proj"": 0.0, ""self_attn.v_proj"": 0.0}","{""mlp.down_proj"": 0.0, ""mlp.gate_proj"": 0.0, ""mlp.up_proj"": 0.0, ""self_attn.o_proj"": 0.0, ""self_attn.v_proj"": 0.0}",0.0,0.0,7,equal7,True,"mlp.down_proj,mlp.gate_proj,mlp.up_proj,self_attn.k_proj,self_attn.o_proj,self_attn.q_proj,self_attn.v_proj",,840.7142857142857,840.7142857142857,840.7142857142857,0.0,0.0,0.0,"{""mlp.down_proj"": 1649.0, ""mlp.gate_proj"": 1006.0, ""mlp.up_proj"": 1522.0, ""self_attn.k_proj"": 123.0, ""self_attn.o_proj"": 971.0, ""self_attn.q_proj"": 210.0, ""self_attn.v_proj"": 404.0}","{""mlp.down_proj"": 1649.0, ""mlp.gate_proj"": 1006.0, ""mlp.up_proj"": 1522.0, ""self_attn.k_proj"": 123.0, ""self_attn.o_proj"": 971.0, ""self_attn.q_proj"": 210.0, ""self_attn.v_proj"": 404.0}","{""mlp.down_proj"": 0.0, ""mlp.gate_proj"": 0.0, ""mlp.up_proj"": 0.0, ""self_attn.k_proj"": 0.0, ""self_attn.o_proj"": 0.0, ""self_attn.q_proj"": 0.0, ""self_attn.v_proj"": 0.0}","{""mlp.down_proj"": 0.0, ""mlp.gate_proj"": 0.0, ""mlp.up_proj"": 0.0, ""self_attn.k_proj"": 0.0, ""self_attn.o_proj"": 0.0, ""self_attn.q_proj"": 0.0, ""self_attn.v_proj"": 0.0}",0.0,0.0,269.6857142857144,False,True
,,0,E_if,E_ifeval,0.05,18,5,equal5_non_qk,True,"mlp.down_proj,mlp.gate_proj,mlp.up_proj,self_attn.o_proj,self_attn.v_proj","self_attn.q_proj,self_attn.k_proj",782.4,782.4,782.4,0.0,0.0,0.0,"{""mlp.down_proj"": 1274.0, ""mlp.gate_proj"": 584.0, ""mlp.up_proj"": 1128.0, ""self_attn.o_proj"": 673.0, ""self_attn.v_proj"": 253.0}","{""mlp.down_proj"": 1274.0, ""mlp.gate_proj"": 584.0, ""mlp.up_proj"": 1128.0, ""self_attn.o_proj"": 673.0, ""self_attn.v_proj"": 253.0}","{""mlp.down_proj"": 0.0, ""mlp.gate_proj"": 0.0, ""mlp.up_proj"": 0.0, ""self_attn.o_proj"": 0.0, ""self_attn.v_proj"": 0.0}","{""mlp.down_proj"": 0.0, ""mlp.gate_proj"": 0.0, ""mlp.up_proj"": 0.0, ""self_attn.o_proj"": 0.0, ""self_attn.v_proj"": 0.0}",0.0,0.0,7,equal7,True,"mlp.down_proj,mlp.gate_proj,mlp.up_proj,self_attn.k_proj,self_attn.o_proj,self_attn.q_proj,self_attn.v_proj",,576.0,576.0,576.0,0.0,0.0,0.0,"{""mlp.down_proj"": 1274.0, ""mlp.gate_proj"": 584.0, ""mlp.up_proj"": 1128.0, ""self_attn.k_proj"": 50.0, ""self_attn.o_proj"": 673.0, ""self_attn.q_proj"": 70.0, ""self_attn.v_proj"": 253.0}","{""mlp.down_proj"": 1274.0, ""mlp.gate_proj"": 584.0, ""mlp.up_proj"": 1128.0, ""self_attn.k_proj"": 50.0, ""self_attn.o_proj"": 673.0, ""self_attn.q_proj"": 70.0, ""self_attn.v_proj"": 253.0}","{""mlp.down_proj"": 0.0, ""mlp.gate_proj"": 0.0, ""mlp.up_proj"": 0.0, ""self_attn.k_proj"": 0.0, ""self_attn.o_proj"": 0.0, ""self_attn.q_proj"": 0.0, ""self_attn.v_proj"": 0.0}","{""mlp.down_proj"": 0.0, ""mlp.gate_proj"": 0.0, ""mlp.up_proj"": 0.0, ""self_attn.k_proj"": 0.0, ""self_attn.o_proj"": 0.0, ""self_attn.q_proj"": 0.0, ""self_attn.v_proj"": 0.0}",0.0,0.0,206.39999999999998,False,True
,,0,E_if,E_ifeval,0.1,18,5,equal5_non_qk,True,"mlp.down_proj,mlp.gate_proj,mlp.up_proj,self_attn.o_proj,self_attn.v_proj","self_attn.q_proj,self_attn.k_proj",453.4,453.4,453.4,0.0,0.0,0.0,"{""mlp.down_proj"": 839.0, ""mlp.gate_proj"": 228.0, ""mlp.up_proj"": 696.0, ""self_attn.o_proj"": 388.0, ""self_attn.v_proj"": 116.0}","{""mlp.down_proj"": 839.0, ""mlp.gate_proj"": 228.0, ""mlp.up_proj"": 696.0, ""self_attn.o_proj"": 388.0, ""self_attn.v_proj"": 116.0}","{""mlp.down_proj"": 0.0, ""mlp.gate_proj"": 0.0, ""mlp.up_proj"": 0.0, ""self_attn.o_proj"": 0.0, ""self_attn.v_proj"": 0.0}","{""mlp.down_proj"": 0.0, ""mlp.gate_proj"": 0.0, ""mlp.up_proj"": 0.0, ""self_attn.o_proj"": 0.0, ""self_attn.v_proj"": 0.0}",0.0,0.0,7,equal7,True,"mlp.down_proj,mlp.gate_proj,mlp.up_proj,self_attn.k_proj,self_attn.o_proj,self_attn.q_proj,self_attn.v_proj",,327.7142857142857,327.7142857142857,327.7142857142857,0.0,0.0,0.0,"{""mlp.down_proj"": 839.0, ""mlp.gate_proj"": 228.0, ""mlp.up_proj"": 696.0, ""self_attn.k_proj"": 16.0, ""self_attn.o_proj"": 388.0, ""self_attn.q_proj"": 11.0, ""self_attn.v_proj"": 116.0}","{""mlp.down_proj"": 839.0, ""mlp.gate_proj"": 228.0, ""mlp.up_proj"": 696.0, ""self_attn.k_proj"": 16.0, ""self_attn.o_proj"": 388.0, ""self_attn.q_proj"": 11.0, ""self_attn.v_proj"": 116.0}","{""mlp.down_proj"": 0.0, ""mlp.gate_proj"": 0.0, ""mlp.up_proj"": 0.0, ""self_attn.k_proj"": 0.0, ""self_attn.o_proj"": 0.0, ""self_attn.q_proj"": 0.0, ""self_attn.v_proj"": 0.0}","{""mlp.down_proj"": 0.0, ""mlp.gate_proj"": 0.0, ""mlp.up_proj"": 0.0, ""self_attn.k_proj"": 0.0, ""self_attn.o_proj"": 0.0, ""self_attn.q_proj"": 0.0, ""self_attn.v_proj"": 0.0}",0.0,0.0,125.68571428571425,False,True
,,0,E_math,E_mathHeld,0.01,18,5,equal5_non_qk,True,"mlp.down_proj,mlp.gate_proj,mlp.up_proj,self_attn.o_proj,self_attn.v_proj","self_attn.q_proj,self_attn.k_proj",893.0,893.0,893.0,0.0,0.0,0.0,"{""mlp.down_proj"": 1195.0, ""mlp.gate_proj"": 912.0, ""mlp.up_proj"": 1080.0, ""self_attn.o_proj"": 776.0, ""self_attn.v_proj"": 502.0}","{""mlp.down_proj"": 1195.0, ""mlp.gate_proj"": 912.0, ""mlp.up_proj"": 1080.0, ""self_attn.o_proj"": 776.0, ""self_attn.v_proj"": 502.0}","{""mlp.down_proj"": 0.0, ""mlp.gate_proj"": 0.0, ""mlp.up_proj"": 0.0, ""self_attn.o_proj"": 0.0, ""self_attn.v_proj"": 0.0}","{""mlp.down_proj"": 0.0, ""mlp.gate_proj"": 0.0, ""mlp.up_proj"": 0.0, ""self_attn.o_proj"": 0.0, ""self_attn.v_proj"": 0.0}",0.0,0.0,7,equal7,True,"mlp.down_proj,mlp.gate_proj,mlp.up_proj,self_attn.k_proj,self_attn.o_proj,self_attn.q_proj,self_attn.v_proj",,733.2857142857143,733.2857142857143,733.2857142857143,0.0,0.0,0.0,"{""mlp.down_proj"": 1195.0, ""mlp.gate_proj"": 912.0, ""mlp.up_proj"": 1080.0, ""self_attn.k_proj"": 249.0, ""self_attn.o_proj"": 776.0, ""self_attn.q_proj"": 419.0, ""self_attn.v_proj"": 502.0}","{""mlp.down_proj"": 1195.0, ""mlp.gate_proj"": 912.0, ""mlp.up_proj"": 1080.0, ""self_attn.k_proj"": 249.0, ""self_attn.o_proj"": 776.0, ""self_attn.q_proj"": 419.0, ""self_attn.v_proj"": 502.0}","{""mlp.down_proj"": 0.0, ""mlp.gate_proj"": 0.0, ""mlp.up_proj"": 0.0, ""self_attn.k_proj"": 0.0, ""self_attn.o_proj"": 0.0, ""self_attn.q_proj"": 0.0, ""self_attn.v_proj"": 0.0}","{""mlp.down_proj"": 0.0, ""mlp.gate_proj"": 0.0, ""mlp.up_proj"": 0.0, ""self_attn.k_proj"": 0.0, ""self_attn.o_proj"": 0.0, ""self_attn.q_proj"": 0.0, ""self_attn.v_proj"": 0.0}",0.0,0.0,159.71428571428567,False,True
,,0,E_math,E_mathHeld,0.025,18,5,equal5_non_qk,True,"mlp.down_proj,mlp.gate_proj,mlp.up_proj,self_attn.o_proj,self_attn.v_proj","self_attn.q_proj,self_attn.k_proj",661.4,661.4,661.4,0.0,0.0,0.0,"{""mlp.down_proj"": 945.0, ""mlp.gate_proj"": 638.0, ""mlp.up_proj"": 822.0, ""self_attn.o_proj"": 550.0, ""self_attn.v_proj"": 352.0}","{""mlp.down_proj"": 945.0, ""mlp.gate_proj"": 638.0, ""mlp.up_proj"": 822.0, ""self_attn.o_proj"": 550.0, ""self_attn.v_proj"": 352.0}","{""mlp.down_proj"": 0.0, ""mlp.gate_proj"": 0.0, ""mlp.up_proj"": 0.0, ""self_attn.o_proj"": 0.0, ""self_attn.v_proj"": 0.0}","{""mlp.down_proj"": 0.0, ""mlp.gate_proj"": 0.0, ""mlp.up_proj"": 0.0, ""self_attn.o_proj"": 0.0, ""self_attn.v_proj"": 0.0}",0.0,0.0,7,equal7,True,"mlp.down_proj,mlp.gate_proj,mlp.up_proj,self_attn.k_proj,self_attn.o_proj,self_attn.q_proj,self_attn.v_proj",,520.7142857142857,520.7142857142857,520.7142857142857,0.0,0.0,0.0,"{""mlp.down_proj"": 945.0, ""mlp.gate_proj"": 638.0, ""mlp.up_proj"": 822.0, ""self_attn.k_proj"": 126.0, ""self_attn.o_proj"": 550.0, ""self_attn.q_proj"": 212.0, ""self_attn.v_proj"": 352.0}","{""mlp.down_proj"": 945.0, ""mlp.gate_proj"": 638.0, ""mlp.up_proj"": 822.0, ""self_attn.k_proj"": 126.0, ""self_attn.o_proj"": 550.0, ""self_attn.q_proj"": 212.0, ""self_attn.v_proj"": 352.0}","{""mlp.down_proj"": 0.0, ""mlp.gate_proj"": 0.0, ""mlp.up_proj"": 0.0, ""self_attn.k_proj"": 0.0, ""self_attn.o_proj"": 0.0, ""self_attn.q_proj"": 0.0, ""self_attn.v_proj"": 0.0}","{""mlp.down_proj"": 0.0, ""mlp.gate_proj"": 0.0, ""mlp.up_proj"": 0.0, ""self_attn.k_proj"": 0.0, ""self_attn.o_proj"": 0.0, ""self_attn.q_proj"": 0.0, ""self_attn.v_proj"": 0.0}",0.0,0.0,140.6857142857143,False,True
,,0,E_math,E_mathHeld,0.05,18,5,equal5_non_qk,True,"mlp.down_proj,mlp.gate_proj,mlp.up_proj,self_attn.o_proj,self_attn.v_proj","self_attn.q_proj,self_attn.k_proj",478.2,478.2,478.2,0.0,0.0,0.0,"{""mlp.down_proj"": 733.0, ""mlp.gate_proj"": 427.0, ""mlp.up_proj"": 610.0, ""self_attn.o_proj"": 384.0, ""self_attn.v_proj"": 237.0}","{""mlp.down_proj"": 733.0, ""mlp.gate_proj"": 427.0, ""mlp.up_proj"": 610.0, ""self_attn.o_proj"": 384.0, ""self_attn.v_proj"": 237.0}","{""mlp.down_proj"": 0.0, ""mlp.gate_proj"": 0.0, ""mlp.up_proj"": 0.0, ""self_attn.o_proj"": 0.0, ""self_attn.v_proj"": 0.0}","{""mlp.down_proj"": 0.0, ""mlp.gate_proj"": 0.0, ""mlp.up_proj"": 0.0, ""self_attn.o_proj"": 0.0, ""self_attn.v_proj"": 0.0}",0.0,0.0,7,equal7,True,"mlp.down_proj,mlp.gate_proj,mlp.up_proj,self_attn.k_proj,self_attn.o_proj,self_attn.q_proj,self_attn.v_proj",,363.0,363.0,363.0,0.0,0.0,0.0,"{""mlp.down_proj"": 733.0, ""mlp.gate_proj"": 427.0, ""mlp.up_proj"": 610.0, ""self_attn.k_proj"": 57.0, ""self_attn.o_proj"": 384.0, ""self_attn.q_proj"": 93.0, ""self_attn.v_proj"": 237.0}","{""mlp.down_proj"": 733.0, ""mlp.gate_proj"": 427.0, ""mlp.up_proj"": 610.0, ""self_attn.k_proj"": 57.0, ""self_attn.o_proj"": 384.0, ""self_attn.q_proj"": 93.0, ""self_attn.v_proj"": 237.0}","{""mlp.down_proj"": 0.0, ""mlp.gate_proj"": 0.0, ""mlp.up_proj"": 0.0, ""self_attn.k_proj"": 0.0, ""self_attn.o_proj"": 0.0, ""self_attn.q_proj"": 0.0, ""self_attn.v_proj"": 0.0}","{""mlp.down_proj"": 0.0, ""mlp.gate_proj"": 0.0, ""mlp.up_proj"": 0.0, ""self_attn.k_proj"": 0.0, ""self_attn.o_proj"": 0.0, ""self_attn.q_proj"": 0.0, ""self_attn.v_proj"": 0.0}",0.0,0.0,115.19999999999999,False,True
,,0,E_math,E_mathHeld,0.1,18,5,equal5_non_qk,True,"mlp.down_proj,mlp.gate_proj,mlp.up_proj,self_attn.o_proj,self_attn.v_proj","self_attn.q_proj,self_attn.k_proj",300.2,300.2,300.2,0.0,0.0,0.0,"{""mlp.down_proj"": 510.0, ""mlp.gate_proj"": 232.0, ""mlp.up_proj"": 397.0, ""self_attn.o_proj"": 232.0, ""self_attn.v_proj"": 130.0}","{""mlp.down_proj"": 510.0, ""mlp.gate_proj"": 232.0, ""mlp.up_proj"": 397.0, ""self_attn.o_proj"": 232.0, ""self_attn.v_proj"": 130.0}","{""mlp.down_proj"": 0.0, ""mlp.gate_proj"": 0.0, ""mlp.up_proj"": 0.0, ""self_attn.o_proj"": 0.0, ""self_attn.v_proj"": 0.0}","{""mlp.down_proj"": 0.0, ""mlp.gate_proj"": 0.0, ""mlp.up_proj"": 0.0, ""self_attn.o_proj"": 0.0, ""self_attn.v_proj"": 0.0}",0.0,0.0,7,equal7,True,"mlp.down_proj,mlp.gate_proj,mlp.up_proj,self_attn.k_proj,self_attn.o_proj,self_attn.q_proj,self_attn.v_proj",,220.14285714285714,220.14285714285714,220.14285714285714,0.0,0.0,0.0,"{""mlp.down_proj"": 510.0, ""mlp.gate_proj"": 232.0, ""mlp.up_proj"": 397.0, ""self_attn.k_proj"": 18.0, ""self_attn.o_proj"": 232.0, ""self_attn.q_proj"": 22.0, ""self_attn.v_proj"": 130.0}","{""mlp.down_proj"": 510.0, ""mlp.gate_proj"": 232.0, ""mlp.up_proj"": 397.0, ""self_attn.k_proj"": 18.0, ""self_attn.o_proj"": 232.0, ""self_attn.q_proj"": 22.0, ""self_attn.v_proj"": 130.0}","{""mlp.down_proj"": 0.0, ""mlp.gate_proj"": 0.0, ""mlp.up_proj"": 0.0, ""self_attn.k_proj"": 0.0, ""self_attn.o_proj"": 0.0, ""self_attn.q_proj"": 0.0, ""self_attn.v_proj"": 0.0}","{""mlp.down_proj"": 0.0, ""mlp.gate_proj"": 0.0, ""mlp.up_proj"": 0.0, ""self_attn.k_proj"": 0.0, ""self_attn.o_proj"": 0.0, ""self_attn.q_proj"": 0.0, ""self_attn.v_proj"": 0.0}",0.0,0.0,80.05714285714285,False,True
,,0,E_math_hard_v2,E_AIME24,0.01,18,5,equal5_non_qk,True,"mlp.down_proj,mlp.gate_proj,mlp.up_proj,self_attn.o_proj,self_attn.v_proj","self_attn.q_proj,self_attn.k_proj",1269.4,1269.4,1269.4,0.0,0.0,0.0,"{""mlp.down_proj"": 1764.0, ""mlp.gate_proj"": 1286.0, ""mlp.up_proj"": 1539.0, ""self_attn.o_proj"": 1126.0, ""self_attn.v_proj"": 632.0}","{""mlp.down_proj"": 1764.0, ""mlp.gate_proj"": 1286.0, ""mlp.up_proj"": 1539.0, ""self_attn.o_proj"": 1126.0, ""self_attn.v_proj"": 632.0}","{""mlp.down_proj"": 0.0, ""mlp.gate_proj"": 0.0, ""mlp.up_proj"": 0.0, ""self_attn.o_proj"": 0.0, ""self_attn.v_proj"": 0.0}","{""mlp.down_proj"": 0.0, ""mlp.gate_proj"": 0.0, ""mlp.up_proj"": 0.0, ""self_attn.o_proj"": 0.0, ""self_attn.v_proj"": 0.0}",0.0,0.0,7,equal7,True,"mlp.down_proj,mlp.gate_proj,mlp.up_proj,self_attn.k_proj,self_attn.o_proj,self_attn.q_proj,self_attn.v_proj",,1034.2857142857142,1034.2857142857142,1034.2857142857142,0.0,0.0,0.0,"{""mlp.down_proj"": 1764.0, ""mlp.gate_proj"": 1286.0, ""mlp.up_proj"": 1539.0, ""self_attn.k_proj"": 338.0, ""self_attn.o_proj"": 1126.0, ""self_attn.q_proj"": 555.0, ""self_attn.v_proj"": 632.0}","{""mlp.down_proj"": 1764.0, ""mlp.gate_proj"": 1286.0, ""mlp.up_proj"": 1539.0, ""self_attn.k_proj"": 338.0, ""self_attn.o_proj"": 1126.0, ""self_attn.q_proj"": 555.0, ""self_attn.v_proj"": 632.0}","{""mlp.down_proj"": 0.0, ""mlp.gate_proj"": 0.0, ""mlp.up_proj"": 0.0, ""self_attn.k_proj"": 0.0, ""self_attn.o_proj"": 0.0, ""self_attn.q_proj"": 0.0, ""self_attn.v_proj"": 0.0}","{""mlp.down_proj"": 0.0, ""mlp.gate_proj"": 0.0, ""mlp.up_proj"": 0.0, ""self_attn.k_proj"": 0.0, ""self_attn.o_proj"": 0.0, ""self_attn.q_proj"": 0.0, ""self_attn.v_proj"": 0.0}",0.0,0.0,235.11428571428587,False,True
,,0,E_math_hard_v2,E_AIME24,0.025,18,5,equal5_non_qk,True,"mlp.down_proj,mlp.gate_proj,mlp.up_proj,self_attn.o_proj,self_attn.v_proj","self_attn.q_proj,self_attn.k_proj",951.8,951.8,951.8,0.0,0.0,0.0,"{""mlp.down_proj"": 1417.0, ""mlp.gate_proj"": 889.0, ""mlp.up_proj"": 1167.0, ""self_attn.o_proj"": 815.0, ""self_attn.v_proj"": 471.0}","{""mlp.down_proj"": 1417.0, ""mlp.gate_proj"": 889.0, ""mlp.up_proj"": 1167.0, ""self_attn.o_proj"": 815.0, ""self_attn.v_proj"": 471.0}","{""mlp.down_proj"": 0.0, ""mlp.gate_proj"": 0.0, ""mlp.up_proj"": 0.0, ""self_attn.o_proj"": 0.0, ""self_attn.v_proj"": 0.0}","{""mlp.down_proj"": 0.0, ""mlp.gate_proj"": 0.0, ""mlp.up_proj"": 0.0, ""self_attn.o_proj"": 0.0, ""self_attn.v_proj"": 0.0}",0.0,0.0,7,equal7,True,"mlp.down_proj,mlp.gate_proj,mlp.up_proj,self_attn.k_proj,self_attn.o_proj,self_attn.q_proj,self_attn.v_proj",,746.7142857142857,746.7142857142857,746.7142857142857,0.0,0.0,0.0,"{""mlp.down_proj"": 1417.0, ""mlp.gate_proj"": 889.0, ""mlp.up_proj"": 1167.0, ""self_attn.k_proj"": 188.0, ""self_attn.o_proj"": 815.0, ""self_attn.q_proj"": 280.0, ""self_attn.v_proj"": 471.0}","{""mlp.down_proj"": 1417.0, ""mlp.gate_proj"": 889.0, ""mlp.up_proj"": 1167.0, ""self_attn.k_proj"": 188.0, ""self_attn.o_proj"": 815.0, ""self_attn.q_proj"": 280.0, ""self_attn.v_proj"": 471.0}","{""mlp.down_proj"": 0.0, ""mlp.gate_proj"": 0.0, ""mlp.up_proj"": 0.0, ""self_attn.k_proj"": 0.0, ""self_attn.o_proj"": 0.0, ""self_attn.q_proj"": 0.0, ""self_attn.v_proj"": 0.0}","{""mlp.down_proj"": 0.0, ""mlp.gate_proj"": 0.0, ""mlp.up_proj"": 0.0, ""self_attn.k_proj"": 0.0, ""self_attn.o_proj"": 0.0, ""self_attn.q_proj"": 0.0, ""self_attn.v_proj"": 0.0}",0.0,0.0,205.0857142857143,False,True
,,0,E_math_hard_v2,E_AIME24,0.05,18,5,equal5_non_qk,True,"mlp.down_proj,mlp.gate_proj,mlp.up_proj,self_attn.o_proj,self_attn.v_proj","self_attn.q_proj,self_attn.k_proj",698.0,698.0,698.0,0.0,0.0,0.0,"{""mlp.down_proj"": 1117.0, ""mlp.gate_proj"": 586.0, ""mlp.up_proj"": 863.0, ""self_attn.o_proj"": 584.0, ""self_attn.v_proj"": 340.0}","{""mlp.down_proj"": 1117.0, ""mlp.gate_proj"": 586.0, ""mlp.up_proj"": 863.0, ""self_attn.o_proj"": 584.0, ""self_attn.v_proj"": 340.0}","{""mlp.down_proj"": 0.0, ""mlp.gate_proj"": 0.0, ""mlp.up_proj"": 0.0, ""self_attn.o_proj"": 0.0, ""self_attn.v_proj"": 0.0}","{""mlp.down_proj"": 0.0, ""mlp.gate_proj"": 0.0, ""mlp.up_proj"": 0.0, ""self_attn.o_proj"": 0.0, ""self_attn.v_proj"": 0.0}",0.0,0.0,7,equal7,True,"mlp.down_proj,mlp.gate_proj,mlp.up_proj,self_attn.k_proj,self_attn.o_proj,self_attn.q_proj,self_attn.v_proj",,529.4285714285714,529.4285714285714,529.4285714285714,0.0,0.0,0.0,"{""mlp.down_proj"": 1117.0, ""mlp.gate_proj"": 586.0, ""mlp.up_proj"": 863.0, ""self_attn.k_proj"": 93.0, ""self_attn.o_proj"": 584.0, ""self_attn.q_proj"": 123.0, ""self_attn.v_proj"": 340.0}","{""mlp.down_proj"": 1117.0, ""mlp.gate_proj"": 586.0, ""mlp.up_proj"": 863.0, ""self_attn.k_proj"": 93.0, ""self_attn.o_proj"": 584.0, ""self_attn.q_proj"": 123.0, ""self_attn.v_proj"": 340.0}","{""mlp.down_proj"": 0.0, ""mlp.gate_proj"": 0.0, ""mlp.up_proj"": 0.0, ""self_attn.k_proj"": 0.0, ""self_attn.o_proj"": 0.0, ""self_attn.q_proj"": 0.0, ""self_attn.v_proj"": 0.0}","{""mlp.down_proj"": 0.0, ""mlp.gate_proj"": 0.0, ""mlp.up_proj"": 0.0, ""self_attn.k_proj"": 0.0, ""self_attn.o_proj"": 0.0, ""self_attn.q_proj"": 0.0, ""self_attn.v_proj"": 0.0}",0.0,0.0,168.57142857142856,False,True
,,0,E_math_hard_v2,E_AIME24,0.1,18,5,equal5_non_qk,True,"mlp.down_proj,mlp.gate_proj,mlp.up_proj,self_attn.o_proj,self_attn.v_proj","self_attn.q_proj,self_attn.k_proj",447.6,447.6,447.6,0.0,0.0,0.0,"{""mlp.down_proj"": 795.0, ""mlp.gate_proj"": 309.0, ""mlp.up_proj"": 556.0, ""self_attn.o_proj"": 369.0, ""self_attn.v_proj"": 209.0}","{""mlp.down_proj"": 795.0, ""mlp.gate_proj"": 309.0, ""mlp.up_proj"": 556.0, ""self_attn.o_proj"": 369.0, ""self_attn.v_proj"": 209.0}","{""mlp.down_proj"": 0.0, ""mlp.gate_proj"": 0.0, ""mlp.up_proj"": 0.0, ""self_attn.o_proj"": 0.0, ""self_attn.v_proj"": 0.0}","{""mlp.down_proj"": 0.0, ""mlp.gate_proj"": 0.0, ""mlp.up_proj"": 0.0, ""self_attn.o_proj"": 0.0, ""self_attn.v_proj"": 0.0}",0.0,0.0,7,equal7,True,"mlp.down_proj,mlp.gate_proj,mlp.up_proj,self_attn.k_proj,self_attn.o_proj,self_attn.q_proj,self_attn.v_proj",,328.85714285714283,328.85714285714283,328.85714285714283,0.0,0.0,0.0,"{""mlp.down_proj"": 795.0, ""mlp.gate_proj"": 309.0, ""mlp.up_proj"": 556.0, ""self_attn.k_proj"": 33.0, ""self_attn.o_proj"": 369.0, ""self_attn.q_proj"": 31.0, ""self_attn.v_proj"": 209.0}","{""mlp.down_proj"": 795.0, ""mlp.gate_proj"": 309.0, ""mlp.up_proj"": 556.0, ""self_attn.k_proj"": 33.0, ""self_attn.o_proj"": 369.0, ""self_attn.q_proj"": 31.0, ""self_attn.v_proj"": 209.0}","{""mlp.down_proj"": 0.0, ""mlp.gate_proj"": 0.0, ""mlp.up_proj"": 0.0, ""self_attn.k_proj"": 0.0, ""self_attn.o_proj"": 0.0, ""self_attn.q_proj"": 0.0, ""self_attn.v_proj"": 0.0}","{""mlp.down_proj"": 0.0, ""mlp.gate_proj"": 0.0, ""mlp.up_proj"": 0.0, ""self_attn.k_proj"": 0.0, ""self_attn.o_proj"": 0.0, ""self_attn.q_proj"": 0.0, ""self_attn.v_proj"": 0.0}",0.0,0.0,118.74285714285719,False,True
,,0,E_ood,E_mmluPro,0.01,18,5,equal5_non_qk,True,"mlp.down_proj,mlp.gate_proj,mlp.up_proj,self_attn.o_proj,self_attn.v_proj","self_attn.q_proj,self_attn.k_proj",1610.8,1610.8,1610.8,0.0,0.0,0.0,"{""mlp.down_proj"": 2156.0, ""mlp.gate_proj"": 1668.0, ""mlp.up_proj"": 2030.0, ""self_attn.o_proj"": 1471.0, ""self_attn.v_proj"": 729.0}","{""mlp.down_proj"": 2156.0, ""mlp.gate_proj"": 1668.0, ""mlp.up_proj"": 2030.0, ""self_attn.o_proj"": 1471.0, ""self_attn.v_proj"": 729.0}","{""mlp.down_proj"": 0.0, ""mlp.gate_proj"": 0.0, ""mlp.up_proj"": 0.0, ""self_attn.o_proj"": 0.0, ""self_attn.v_proj"": 0.0}","{""mlp.down_proj"": 0.0, ""mlp.gate_proj"": 0.0, ""mlp.up_proj"": 0.0, ""self_attn.o_proj"": 0.0, ""self_attn.v_proj"": 0.0}",0.0,0.0,7,equal7,True,"mlp.down_proj,mlp.gate_proj,mlp.up_proj,self_attn.k_proj,self_attn.o_proj,self_attn.q_proj,self_attn.v_proj",,1306.0,1306.0,1306.0,0.0,0.0,0.0,"{""mlp.down_proj"": 2156.0, ""mlp.gate_proj"": 1668.0, ""mlp.up_proj"": 2030.0, ""self_attn.k_proj"": 402.0, ""self_attn.o_proj"": 1471.0, ""self_attn.q_proj"": 686.0, ""self_attn.v_proj"": 729.0}","{""mlp.down_proj"": 2156.0, ""mlp.gate_proj"": 1668.0, ""mlp.up_proj"": 2030.0, ""self_attn.k_proj"": 402.0, ""self_attn.o_proj"": 1471.0, ""self_attn.q_proj"": 686.0, ""self_attn.v_proj"": 729.0}","{""mlp.down_proj"": 0.0, ""mlp.gate_proj"": 0.0, ""mlp.up_proj"": 0.0, ""self_attn.k_proj"": 0.0, ""self_attn.o_proj"": 0.0, ""self_attn.q_proj"": 0.0, ""self_attn.v_proj"": 0.0}","{""mlp.down_proj"": 0.0, ""mlp.gate_proj"": 0.0, ""mlp.up_proj"": 0.0, ""self_attn.k_proj"": 0.0, ""self_attn.o_proj"": 0.0, ""self_attn.q_proj"": 0.0, ""self_attn.v_proj"": 0.0}",0.0,0.0,304.79999999999995,False,True
,,0,E_ood,E_mmluPro,0.025,18,5,equal5_non_qk,True,"mlp.down_proj,mlp.gate_proj,mlp.up_proj,self_attn.o_proj,self_attn.v_proj","self_attn.q_proj,self_attn.k_proj",1269.0,1269.0,1269.0,0.0,0.0,0.0,"{""mlp.down_proj"": 1847.0, ""mlp.gate_proj"": 1164.0, ""mlp.up_proj"": 1656.0, ""self_attn.o_proj"": 1106.0, ""self_attn.v_proj"": 572.0}","{""mlp.down_proj"": 1847.0, ""mlp.gate_proj"": 1164.0, ""mlp.up_proj"": 1656.0, ""self_attn.o_proj"": 1106.0, ""self_attn.v_proj"": 572.0}","{""mlp.down_proj"": 0.0, ""mlp.gate_proj"": 0.0, ""mlp.up_proj"": 0.0, ""self_attn.o_proj"": 0.0, ""self_attn.v_proj"": 0.0}","{""mlp.down_proj"": 0.0, ""mlp.gate_proj"": 0.0, ""mlp.up_proj"": 0.0, ""self_attn.o_proj"": 0.0, ""self_attn.v_proj"": 0.0}",0.0,0.0,7,equal7,True,"mlp.down_proj,mlp.gate_proj,mlp.up_proj,self_attn.k_proj,self_attn.o_proj,self_attn.q_proj,self_attn.v_proj",,984.8571428571429,984.8571428571429,984.8571428571429,0.0,0.0,0.0,"{""mlp.down_proj"": 1847.0, ""mlp.gate_proj"": 1164.0, ""mlp.up_proj"": 1656.0, ""self_attn.k_proj"": 230.0, ""self_attn.o_proj"": 1106.0, ""self_attn.q_proj"": 319.0, ""self_attn.v_proj"": 572.0}","{""mlp.down_proj"": 1847.0, ""mlp.gate_proj"": 1164.0, ""mlp.up_proj"": 1656.0, ""self_attn.k_proj"": 230.0, ""self_attn.o_proj"": 1106.0, ""self_attn.q_proj"": 319.0, ""self_attn.v_proj"": 572.0}","{""mlp.down_proj"": 0.0, ""mlp.gate_proj"": 0.0, ""mlp.up_proj"": 0.0, ""self_attn.k_proj"": 0.0, ""self_attn.o_proj"": 0.0, ""self_attn.q_proj"": 0.0, ""self_attn.v_proj"": 0.0}","{""mlp.down_proj"": 0.0, ""mlp.gate_proj"": 0.0, ""mlp.up_proj"": 0.0, ""self_attn.k_proj"": 0.0, ""self_attn.o_proj"": 0.0, ""self_attn.q_proj"": 0.0, ""self_attn.v_proj"": 0.0}",0.0,0.0,284.1428571428571,False,True
,,0,E_ood,E_mmluPro,0.05,18,5,equal5_non_qk,True,"mlp.down_proj,mlp.gate_proj,mlp.up_proj,self_attn.o_proj,self_attn.v_proj","self_attn.q_proj,self_attn.k_proj",955.0,955.0,955.0,0.0,0.0,0.0,"{""mlp.down_proj"": 1519.0, ""mlp.gate_proj"": 732.0, ""mlp.up_proj"": 1282.0, ""self_attn.o_proj"": 811.0, ""self_attn.v_proj"": 431.0}","{""mlp.down_proj"": 1519.0, ""mlp.gate_proj"": 732.0, ""mlp.up_proj"": 1282.0, ""self_attn.o_proj"": 811.0, ""self_attn.v_proj"": 431.0}","{""mlp.down_proj"": 0.0, ""mlp.gate_proj"": 0.0, ""mlp.up_proj"": 0.0, ""self_attn.o_proj"": 0.0, ""self_attn.v_proj"": 0.0}","{""mlp.down_proj"": 0.0, ""mlp.gate_proj"": 0.0, ""mlp.up_proj"": 0.0, ""self_attn.o_proj"": 0.0, ""self_attn.v_proj"": 0.0}",0.0,0.0,7,equal7,True,"mlp.down_proj,mlp.gate_proj,mlp.up_proj,self_attn.k_proj,self_attn.o_proj,self_attn.q_proj,self_attn.v_proj",,716.0,716.0,716.0,0.0,0.0,0.0,"{""mlp.down_proj"": 1519.0, ""mlp.gate_proj"": 732.0, ""mlp.up_proj"": 1282.0, ""self_attn.k_proj"": 116.0, ""self_attn.o_proj"": 811.0, ""self_attn.q_proj"": 121.0, ""self_attn.v_proj"": 431.0}","{""mlp.down_proj"": 1519.0, ""mlp.gate_proj"": 732.0, ""mlp.up_proj"": 1282.0, ""self_attn.k_proj"": 116.0, ""self_attn.o_proj"": 811.0, ""self_attn.q_proj"": 121.0, ""self_attn.v_proj"": 431.0}","{""mlp.down_proj"": 0.0, ""mlp.gate_proj"": 0.0, ""mlp.up_proj"": 0.0, ""self_attn.k_proj"": 0.0, ""self_attn.o_proj"": 0.0, ""self_attn.q_proj"": 0.0, ""self_attn.v_proj"": 0.0}","{""mlp.down_proj"": 0.0, ""mlp.gate_proj"": 0.0, ""mlp.up_proj"": 0.0, ""self_attn.k_proj"": 0.0, ""self_attn.o_proj"": 0.0, ""self_attn.q_proj"": 0.0, ""self_attn.v_proj"": 0.0}",0.0,0.0,239.0,False,True
,,0,E_ood,E_mmluPro,0.1,18,5,equal5_non_qk,True,"mlp.down_proj,mlp.gate_proj,mlp.up_proj,self_attn.o_proj,self_attn.v_proj","self_attn.q_proj,self_attn.k_proj",618.0,618.0,618.0,0.0,0.0,0.0,"{""mlp.down_proj"": 1115.0, ""mlp.gate_proj"": 328.0, ""mlp.up_proj"": 851.0, ""self_attn.o_proj"": 518.0, ""self_attn.v_proj"": 278.0}","{""mlp.down_proj"": 1115.0, ""mlp.gate_proj"": 328.0, ""mlp.up_proj"": 851.0, ""self_attn.o_proj"": 518.0, ""self_attn.v_proj"": 278.0}","{""mlp.down_proj"": 0.0, ""mlp.gate_proj"": 0.0, ""mlp.up_proj"": 0.0, ""self_attn.o_proj"": 0.0, ""self_attn.v_proj"": 0.0}","{""mlp.down_proj"": 0.0, ""mlp.gate_proj"": 0.0, ""mlp.up_proj"": 0.0, ""self_attn.o_proj"": 0.0, ""self_attn.v_proj"": 0.0}",0.0,0.0,7,equal7,True,"mlp.down_proj,mlp.gate_proj,mlp.up_proj,self_attn.k_proj,self_attn.o_proj,self_attn.q_proj,self_attn.v_proj",,450.85714285714283,450.85714285714283,450.85714285714283,0.0,0.0,0.0,"{""mlp.down_proj"": 1115.0, ""mlp.gate_proj"": 328.0, ""mlp.up_proj"": 851.0, ""self_attn.k_proj"": 40.0, ""self_attn.o_proj"": 518.0, ""self_attn.q_proj"": 26.0, ""self_attn.v_proj"": 278.0}","{""mlp.down_proj"": 1115.0, ""mlp.gate_proj"": 328.0, ""mlp.up_proj"": 851.0, ""self_attn.k_proj"": 40.0, ""self_attn.o_proj"": 518.0, ""self_attn.q_proj"": 26.0, ""self_attn.v_proj"": 278.0}","{""mlp.down_proj"": 0.0, ""mlp.gate_proj"": 0.0, ""mlp.up_proj"": 0.0, ""self_attn.k_proj"": 0.0, ""self_attn.o_proj"": 0.0, ""self_attn.q_proj"": 0.0, ""self_attn.v_proj"": 0.0}","{""mlp.down_proj"": 0.0, ""mlp.gate_proj"": 0.0, ""mlp.up_proj"": 0.0, ""self_attn.k_proj"": 0.0, ""self_attn.o_proj"": 0.0, ""self_attn.q_proj"": 0.0, ""self_attn.v_proj"": 0.0}",0.0,0.0,167.14285714285717,False,True
,,0,S_math,legacy_S_math,0.01,18,5,equal5_non_qk,True,"mlp.down_proj,mlp.gate_proj,mlp.up_proj,self_attn.o_proj,self_attn.v_proj","self_attn.q_proj,self_attn.k_proj",1527.2,1527.2,1527.2,0.0,0.0,0.0,"{""mlp.down_proj"": 2158.0, ""mlp.gate_proj"": 1490.0, ""mlp.up_proj"": 1931.0, ""self_attn.o_proj"": 1338.0, ""self_attn.v_proj"": 719.0}","{""mlp.down_proj"": 2158.0, ""mlp.gate_proj"": 1490.0, ""mlp.up_proj"": 1931.0, ""self_attn.o_proj"": 1338.0, ""self_attn.v_proj"": 719.0}","{""mlp.down_proj"": 0.0, ""mlp.gate_proj"": 0.0, ""mlp.up_proj"": 0.0, ""self_attn.o_proj"": 0.0, ""self_attn.v_proj"": 0.0}","{""mlp.down_proj"": 0.0, ""mlp.gate_proj"": 0.0, ""mlp.up_proj"": 0.0, ""self_attn.o_proj"": 0.0, ""self_attn.v_proj"": 0.0}",0.0,0.0,7,equal7,True,"mlp.down_proj,mlp.gate_proj,mlp.up_proj,self_attn.k_proj,self_attn.o_proj,self_attn.q_proj,self_attn.v_proj",,1236.5714285714287,1236.5714285714287,1236.5714285714287,0.0,0.0,0.0,"{""mlp.down_proj"": 2158.0, ""mlp.gate_proj"": 1490.0, ""mlp.up_proj"": 1931.0, ""self_attn.k_proj"": 371.0, ""self_attn.o_proj"": 1338.0, ""self_attn.q_proj"": 649.0, ""self_attn.v_proj"": 719.0}","{""mlp.down_proj"": 2158.0, ""mlp.gate_proj"": 1490.0, ""mlp.up_proj"": 1931.0, ""self_attn.k_proj"": 371.0, ""self_attn.o_proj"": 1338.0, ""self_attn.q_proj"": 649.0, ""self_attn.v_proj"": 719.0}","{""mlp.down_proj"": 0.0, ""mlp.gate_proj"": 0.0, ""mlp.up_proj"": 0.0, ""self_attn.k_proj"": 0.0, ""self_attn.o_proj"": 0.0, ""self_attn.q_proj"": 0.0, ""self_attn.v_proj"": 0.0}","{""mlp.down_proj"": 0.0, ""mlp.gate_proj"": 0.0, ""mlp.up_proj"": 0.0, ""self_attn.k_proj"": 0.0, ""self_attn.o_proj"": 0.0, ""self_attn.q_proj"": 0.0, ""self_attn.v_proj"": 0.0}",0.0,0.0,290.6285714285714,False,True
,,0,S_math,legacy_S_math,0.025,18,5,equal5_non_qk,True,"mlp.down_proj,mlp.gate_proj,mlp.up_proj,self_attn.o_proj,self_attn.v_proj","self_attn.q_proj,self_attn.k_proj",1169.2,1169.2,1169.2,0.0,0.0,0.0,"{""mlp.down_proj"": 1850.0, ""mlp.gate_proj"": 956.0, ""mlp.up_proj"": 1521.0, ""self_attn.o_proj"": 958.0, ""self_attn.v_proj"": 561.0}","{""mlp.down_proj"": 1850.0, ""mlp.gate_proj"": 956.0, ""mlp.up_proj"": 1521.0, ""self_attn.o_proj"": 958.0, ""self_attn.v_proj"": 561.0}","{""mlp.down_proj"": 0.0, ""mlp.gate_proj"": 0.0, ""mlp.up_proj"": 0.0, ""self_attn.o_proj"": 0.0, ""self_attn.v_proj"": 0.0}","{""mlp.down_proj"": 0.0, ""mlp.gate_proj"": 0.0, ""mlp.up_proj"": 0.0, ""self_attn.o_proj"": 0.0, ""self_attn.v_proj"": 0.0}",0.0,0.0,7,equal7,True,"mlp.down_proj,mlp.gate_proj,mlp.up_proj,self_attn.k_proj,self_attn.o_proj,self_attn.q_proj,self_attn.v_proj",,909.2857142857143,909.2857142857143,909.2857142857143,0.0,0.0,0.0,"{""mlp.down_proj"": 1850.0, ""mlp.gate_proj"": 956.0, ""mlp.up_proj"": 1521.0, ""self_attn.k_proj"": 206.0, ""self_attn.o_proj"": 958.0, ""self_attn.q_proj"": 313.0, ""self_attn.v_proj"": 561.0}","{""mlp.down_proj"": 1850.0, ""mlp.gate_proj"": 956.0, ""mlp.up_proj"": 1521.0, ""self_attn.k_proj"": 206.0, ""self_attn.o_proj"": 958.0, ""self_attn.q_proj"": 313.0, ""self_attn.v_proj"": 561.0}","{""mlp.down_proj"": 0.0, ""mlp.gate_proj"": 0.0, ""mlp.up_proj"": 0.0, ""self_attn.k_proj"": 0.0, ""self_attn.o_proj"": 0.0, ""self_attn.q_proj"": 0.0, ""self_attn.v_proj"": 0.0}","{""mlp.down_proj"": 0.0, ""mlp.gate_proj"": 0.0, ""mlp.up_proj"": 0.0, ""self_attn.k_proj"": 0.0, ""self_attn.o_proj"": 0.0, ""self_attn.q_proj"": 0.0, ""self_attn.v_proj"": 0.0}",0.0,0.0,259.9142857142857,False,True
,,0,S_math,legacy_S_math,0.05,18,5,equal5_non_qk,True,"mlp.down_proj,mlp.gate_proj,mlp.up_proj,self_attn.o_proj,self_attn.v_proj","self_attn.q_proj,self_attn.k_proj",856.2,856.2,856.2,0.0,0.0,0.0,"{""mlp.down_proj"": 1523.0, ""mlp.gate_proj"": 542.0, ""mlp.up_proj"": 1133.0, ""self_attn.o_proj"": 663.0, ""self_attn.v_proj"": 420.0}","{""mlp.down_proj"": 1523.0, ""mlp.gate_proj"": 542.0, ""mlp.up_proj"": 1133.0, ""self_attn.o_proj"": 663.0, ""self_attn.v_proj"": 420.0}","{""mlp.down_proj"": 0.0, ""mlp.gate_proj"": 0.0, ""mlp.up_proj"": 0.0, ""self_attn.o_proj"": 0.0, ""self_attn.v_proj"": 0.0}","{""mlp.down_proj"": 0.0, ""mlp.gate_proj"": 0.0, ""mlp.up_proj"": 0.0, ""self_attn.o_proj"": 0.0, ""self_attn.v_proj"": 0.0}",0.0,0.0,7,equal7,True,"mlp.down_proj,mlp.gate_proj,mlp.up_proj,self_attn.k_proj,self_attn.o_proj,self_attn.q_proj,self_attn.v_proj",,645.7142857142857,645.7142857142857,645.7142857142857,0.0,0.0,0.0,"{""mlp.down_proj"": 1523.0, ""mlp.gate_proj"": 542.0, ""mlp.up_proj"": 1133.0, ""self_attn.k_proj"": 105.0, ""self_attn.o_proj"": 663.0, ""self_attn.q_proj"": 134.0, ""self_attn.v_proj"": 420.0}","{""mlp.down_proj"": 1523.0, ""mlp.gate_proj"": 542.0, ""mlp.up_proj"": 1133.0, ""self_attn.k_proj"": 105.0, ""self_attn.o_proj"": 663.0, ""self_attn.q_proj"": 134.0, ""self_attn.v_proj"": 420.0}","{""mlp.down_proj"": 0.0, ""mlp.gate_proj"": 0.0, ""mlp.up_proj"": 0.0, ""self_attn.k_proj"": 0.0, ""self_attn.o_proj"": 0.0, ""self_attn.q_proj"": 0.0, ""self_attn.v_proj"": 0.0}","{""mlp.down_proj"": 0.0, ""mlp.gate_proj"": 0.0, ""mlp.up_proj"": 0.0, ""self_attn.k_proj"": 0.0, ""self_attn.o_proj"": 0.0, ""self_attn.q_proj"": 0.0, ""self_attn.v_proj"": 0.0}",0.0,0.0,210.48571428571438,False,True
,,0,S_math,legacy_S_math,0.1,18,5,equal5_non_qk,True,"mlp.down_proj,mlp.gate_proj,mlp.up_proj,self_attn.o_proj,self_attn.v_proj","self_attn.q_proj,self_attn.k_proj",538.6,538.6,538.6,0.0,0.0,0.0,"{""mlp.down_proj"": 1121.0, ""mlp.gate_proj"": 206.0, ""mlp.up_proj"": 711.0, ""self_attn.o_proj"": 383.0, ""self_attn.v_proj"": 272.0}","{""mlp.down_proj"": 1121.0, ""mlp.gate_proj"": 206.0, ""mlp.up_proj"": 711.0, ""self_attn.o_proj"": 383.0, ""self_attn.v_proj"": 272.0}","{""mlp.down_proj"": 0.0, ""mlp.gate_proj"": 0.0, ""mlp.up_proj"": 0.0, ""self_attn.o_proj"": 0.0, ""self_attn.v_proj"": 0.0}","{""mlp.down_proj"": 0.0, ""mlp.gate_proj"": 0.0, ""mlp.up_proj"": 0.0, ""self_attn.o_proj"": 0.0, ""self_attn.v_proj"": 0.0}",0.0,0.0,7,equal7,True,"mlp.down_proj,mlp.gate_proj,mlp.up_proj,self_attn.k_proj,self_attn.o_proj,self_attn.q_proj,self_attn.v_proj",,396.14285714285717,396.14285714285717,396.14285714285717,0.0,0.0,0.0,"{""mlp.down_proj"": 1121.0, ""mlp.gate_proj"": 206.0, ""mlp.up_proj"": 711.0, ""self_attn.k_proj"": 41.0, ""self_attn.o_proj"": 383.0, ""self_attn.q_proj"": 39.0, ""self_attn.v_proj"": 272.0}","{""mlp.down_proj"": 1121.0, ""mlp.gate_proj"": 206.0, ""mlp.up_proj"": 711.0, ""self_attn.k_proj"": 41.0, ""self_attn.o_proj"": 383.0, ""self_attn.q_proj"": 39.0, ""self_attn.v_proj"": 272.0}","{""mlp.down_proj"": 0.0, ""mlp.gate_proj"": 0.0, ""mlp.up_proj"": 0.0, ""self_attn.k_proj"": 0.0, ""self_attn.o_proj"": 0.0, ""self_attn.q_proj"": 0.0, ""self_attn.v_proj"": 0.0}","{""mlp.down_proj"": 0.0, ""mlp.gate_proj"": 0.0, ""mlp.up_proj"": 0.0, ""self_attn.k_proj"": 0.0, ""self_attn.o_proj"": 0.0, ""self_attn.q_proj"": 0.0, ""self_attn.v_proj"": 0.0}",0.0,0.0,142.45714285714286,False,True
,,5,E_general,E_general,0.01,14,5,equal5_non_qk,True,"mlp.down_proj,mlp.gate_proj,mlp.up_proj,self_attn.o_proj,self_attn.v_proj","self_attn.q_proj,self_attn.k_proj",1737.6,1738.2,1737.6,-0.6,0.0003555128576726849,0.00034518467380056174,"{""mlp.down_proj"": 2529.0, ""mlp.gate_proj"": 1400.0, ""mlp.up_proj"": 2315.0, ""self_attn.o_proj"": 1584.0, ""self_attn.v_proj"": 863.0}","{""mlp.down_proj"": 2529.0, ""mlp.gate_proj"": 1399.0, ""mlp.up_proj"": 2314.0, ""self_attn.o_proj"": 1583.0, ""self_attn.v_proj"": 863.0}","{""mlp.down_proj"": 0.0, ""mlp.gate_proj"": -1.0, ""mlp.up_proj"": -1.0, ""self_attn.o_proj"": -1.0, ""self_attn.v_proj"": 0.0}","{""mlp.down_proj"": 0.0, ""mlp.gate_proj"": 0.0007142857142857143, ""mlp.up_proj"": 0.00043196544276457883, ""self_attn.o_proj"": 0.0006313131313131314, ""self_attn.v_proj"": 0.0}",0.0003555128576726849,0.0,7,equal7,True,"mlp.down_proj,mlp.gate_proj,mlp.up_proj,self_attn.k_proj,self_attn.o_proj,self_attn.q_proj,self_attn.v_proj",,1393.5714285714287,1394.142857142857,1393.5714285714287,-0.5714285714285714,0.0004600808187664096,0.00040987806127667695,"{""mlp.down_proj"": 2529.0, ""mlp.gate_proj"": 1400.0, ""mlp.up_proj"": 2315.0, ""self_attn.k_proj"": 375.0, ""self_attn.o_proj"": 1584.0, ""self_attn.q_proj"": 693.0, ""self_attn.v_proj"": 863.0}","{""mlp.down_proj"": 2529.0, ""mlp.gate_proj"": 1399.0, ""mlp.up_proj"": 2314.0, ""self_attn.k_proj"": 375.0, ""self_attn.o_proj"": 1583.0, ""self_attn.q_proj"": 692.0, ""self_attn.v_proj"": 863.0}","{""mlp.down_proj"": 0.0, ""mlp.gate_proj"": -1.0, ""mlp.up_proj"": -1.0, ""self_attn.k_proj"": 0.0, ""self_attn.o_proj"": -1.0, ""self_attn.q_proj"": -1.0, ""self_attn.v_proj"": 0.0}","{""mlp.down_proj"": 0.0, ""mlp.gate_proj"": 0.0007142857142857143, ""mlp.up_proj"": 0.00043196544276457883, ""self_attn.k_proj"": 0.0, ""self_attn.o_proj"": 0.0006313131313131314, ""self_attn.q_proj"": 0.001443001443001443, ""self_attn.v_proj"": 0.0}",-0.00010456796109372475,-0.02857142857142858,344.02857142857124,False,True
,,5,E_general,E_general,0.01,18,5,equal5_non_qk,True,"mlp.down_proj,mlp.gate_proj,mlp.up_proj,self_attn.o_proj,self_attn.v_proj","self_attn.q_proj,self_attn.k_proj",1633.6,1634.4,1633.6,-0.8,0.00043197723437270375,0.0004894762604014818,"{""mlp.down_proj"": 2190.0, ""mlp.gate_proj"": 1641.0, ""mlp.up_proj"": 2064.0, ""self_attn.o_proj"": 1546.0, ""self_attn.v_proj"": 731.0}","{""mlp.down_proj"": 2189.0, ""mlp.gate_proj"": 1639.0, ""mlp.up_proj"": 2063.0, ""self_attn.o_proj"": 1546.0, ""self_attn.v_proj"": 731.0}","{""mlp.down_proj"": -1.0, ""mlp.gate_proj"": -2.0, ""mlp.up_proj"": -1.0, ""self_attn.o_proj"": 0.0, ""self_attn.v_proj"": 0.0}","{""mlp.down_proj"": 0.00045662100456621003, ""mlp.gate_proj"": 0.001218769043266301, ""mlp.up_proj"": 0.00048449612403100775, ""self_attn.o_proj"": 0.0, ""self_attn.v_proj"": 0.0}",0.00043197723437270375,0.0,7,equal7,True,"mlp.down_proj,mlp.gate_proj,mlp.up_proj,self_attn.k_proj,self_attn.o_proj,self_attn.q_proj,self_attn.v_proj",,1327.7142857142858,1328.5714285714287,1327.7142857142858,-0.8571428571428571,0.0008619303636414132,0.000645161290322605,"{""mlp.down_proj"": 2190.0, ""mlp.gate_proj"": 1641.0, ""mlp.up_proj"": 2064.0, ""self_attn.k_proj"": 400.0, ""self_attn.o_proj"": 1546.0, ""self_attn.q_proj"": 728.0, ""self_attn.v_proj"": 731.0}","{""mlp.down_proj"": 2189.0, ""mlp.gate_proj"": 1639.0, ""mlp.up_proj"": 2063.0, ""self_attn.k_proj"": 399.0, ""self_attn.o_proj"": 1546.0, ""self_attn.q_proj"": 727.0, ""self_attn.v_proj"": 731.0}","{""mlp.down_proj"": -1.0, ""mlp.gate_proj"": -2.0, ""mlp.up_proj"": -1.0, ""self_attn.k_proj"": -1.0, ""self_attn.o_proj"": 0.0, ""self_attn.q_proj"": -1.0, ""self_attn.v_proj"": 0.0}","{""mlp.down_proj"": 0.00045662100456621003, ""mlp.gate_proj"": 0.001218769043266301, ""mlp.up_proj"": 0.00048449612403100775, ""self_attn.k_proj"": 0.0025, ""self_attn.o_proj"": 0.0, ""self_attn.q_proj"": 0.0013736263736263737, ""self_attn.v_proj"": 0.0}",-0.00042995312926870946,0.05714285714285705,305.88571428571413,False,True
,,5,E_general,E_general,0.025,14,5,equal5_non_qk,True,"mlp.down_proj,mlp.gate_proj,mlp.up_proj,self_attn.o_proj,self_attn.v_proj","self_attn.q_proj,self_attn.k_proj",1358.4,1359.0,1358.4,-0.6,0.00043077408229657904,0.00044150110375269243,"{""mlp.down_proj"": 2167.0, ""mlp.gate_proj"": 785.0, ""mlp.up_proj"": 1853.0, ""self_attn.o_proj"": 1239.0, ""self_attn.v_proj"": 751.0}","{""mlp.down_proj"": 2167.0, ""mlp.gate_proj"": 785.0, ""mlp.up_proj"": 1852.0, ""self_attn.o_proj"": 1237.0, ""self_attn.v_proj"": 751.0}","{""mlp.down_proj"": 0.0, ""mlp.gate_proj"": 0.0, ""mlp.up_proj"": -1.0, ""self_attn.o_proj"": -2.0, ""self_attn.v_proj"": 0.0}","{""mlp.down_proj"": 0.0, ""mlp.gate_proj"": 0.0, ""mlp.up_proj"": 0.0005396654074473826, ""self_attn.o_proj"": 0.0016142050040355124, ""self_attn.v_proj"": 0.0}",0.00043077408229657904,0.0,7,equal7,True,"mlp.down_proj,mlp.gate_proj,mlp.up_proj,self_attn.k_proj,self_attn.o_proj,self_attn.q_proj,self_attn.v_proj",,1050.5714285714287,1051.142857142857,1050.5714285714287,-0.5714285714285714,0.0009815502205083382,0.0005436259853219748,"{""mlp.down_proj"": 2167.0, ""mlp.gate_proj"": 785.0, ""mlp.up_proj"": 1853.0, ""self_attn.k_proj"": 212.0, ""self_attn.o_proj"": 1239.0, ""self_attn.q_proj"": 351.0, ""self_attn.v_proj"": 751.0}","{""mlp.down_proj"": 2167.0, ""mlp.gate_proj"": 785.0, ""mlp.up_proj"": 1852.0, ""self_attn.k_proj"": 211.0, ""self_attn.o_proj"": 1237.0, ""self_attn.q_proj"": 351.0, ""self_attn.v_proj"": 751.0}","{""mlp.down_proj"": 0.0, ""mlp.gate_proj"": 0.0, ""mlp.up_proj"": -1.0, ""self_attn.k_proj"": -1.0, ""self_attn.o_proj"": -2.0, ""self_attn.q_proj"": 0.0, ""self_attn.v_proj"": 0.0}","{""mlp.down_proj"": 0.0, ""mlp.gate_proj"": 0.0, ""mlp.up_proj"": 0.0005396654074473826, ""self_attn.k_proj"": 0.0047169811320754715, ""self_attn.o_proj"": 0.0016142050040355124, ""self_attn.q_proj"": 0.0, ""self_attn.v_proj"": 0.0}",-0.0005507761382117592,-0.02857142857142858,307.8285714285714,False,True
,,5,E_general,E_general,0.025,18,5,equal5_non_qk,True,"mlp.down_proj,mlp.gate_proj,mlp.up_proj,self_attn.o_proj,self_attn.v_proj","self_attn.q_proj,self_attn.k_proj",1298.6,1299.8,1298.6,-1.2,0.001029734017863048,0.0009232189567626139,"{""mlp.down_proj"": 1901.0, ""mlp.gate_proj"": 1133.0, ""mlp.up_proj"": 1706.0, ""self_attn.o_proj"": 1186.0, ""self_attn.v_proj"": 573.0}","{""mlp.down_proj"": 1899.0, ""mlp.gate_proj"": 1131.0, ""mlp.up_proj"": 1705.0, ""self_attn.o_proj"": 1186.0, ""self_attn.v_proj"": 572.0}","{""mlp.down_proj"": -2.0, ""mlp.gate_proj"": -2.0, ""mlp.up_proj"": -1.0, ""self_attn.o_proj"": 0.0, ""self_attn.v_proj"": -1.0}","{""mlp.down_proj"": 0.0010520778537611783, ""mlp.gate_proj"": 0.00176522506619594, ""mlp.up_proj"": 0.0005861664712778429, ""self_attn.o_proj"": 0.0, ""self_attn.v_proj"": 0.0017452006980802793}",0.001029734017863048,0.0,7,equal7,True,"mlp.down_proj,mlp.gate_proj,mlp.up_proj,self_attn.k_proj,self_attn.o_proj,self_attn.q_proj,self_attn.v_proj",,1010.4285714285714,1011.5714285714286,1010.4285714285714,-1.1428571428571428,0.001767265405911183,0.0011297839288235804,"{""mlp.down_proj"": 1901.0, ""mlp.gate_proj"": 1133.0, ""mlp.up_proj"": 1706.0, ""self_attn.k_proj"": 227.0, ""self_attn.o_proj"": 1186.0, ""self_attn.q_proj"": 355.0, ""self_attn.v_proj"": 573.0}","{""mlp.down_proj"": 1899.0, ""mlp.gate_proj"": 1131.0, ""mlp.up_proj"": 1705.0, ""self_attn.k_proj"": 226.0, ""self_attn.o_proj"": 1186.0, ""self_attn.q_proj"": 354.0, ""self_attn.v_proj"": 572.0}","{""mlp.down_proj"": -2.0, ""mlp.gate_proj"": -2.0, ""mlp.up_proj"": -1.0, ""self_attn.k_proj"": -1.0, ""self_attn.o_proj"": 0.0, ""self_attn.q_proj"": -1.0, ""self_attn.v_proj"": -1.0}","{""mlp.down_proj"": 0.0010520778537611783, ""mlp.gate_proj"": 0.00176522506619594, ""mlp.up_proj"": 0.0005861664712778429, ""self_attn.k_proj"": 0.004405286343612335, ""self_attn.o_proj"": 0.0, ""self_attn.q_proj"": 0.0028169014084507044, ""self_attn.v_proj"": 0.0017452006980802793}",-0.0007375313880481349,-0.05714285714285716,288.17142857142846,False,True
,,5,E_general,E_general,0.05,14,5,equal5_non_qk,True,"mlp.down_proj,mlp.gate_proj,mlp.up_proj,self_attn.o_proj,self_attn.v_proj","self_attn.q_proj,self_attn.k_proj",1033.6,1033.8,1033.6,-0.2,0.00020942408376963353,0.00019346101760499659,"{""mlp.down_proj"": 1802.0, ""mlp.gate_proj"": 368.0, ""mlp.up_proj"": 1413.0, ""self_attn.o_proj"": 955.0, ""self_attn.v_proj"": 631.0}","{""mlp.down_proj"": 1802.0, ""mlp.gate_proj"": 368.0, ""mlp.up_proj"": 1413.0, ""self_attn.o_proj"": 954.0, ""self_attn.v_proj"": 631.0}","{""mlp.down_proj"": 0.0, ""mlp.gate_proj"": 0.0, ""mlp.up_proj"": 0.0, ""self_attn.o_proj"": -1.0, ""self_attn.v_proj"": 0.0}","{""mlp.down_proj"": 0.0, ""mlp.gate_proj"": 0.0, ""mlp.up_proj"": 0.0, ""self_attn.o_proj"": 0.0010471204188481676, ""self_attn.v_proj"": 0.0}",0.00020942408376963353,0.0,7,equal7,True,"mlp.down_proj,mlp.gate_proj,mlp.up_proj,self_attn.k_proj,self_attn.o_proj,self_attn.q_proj,self_attn.v_proj",,776.4285714285714,776.5714285714286,776.4285714285714,-0.14285714285714285,0.00014958863126402394,0.00018395879323027459,"{""mlp.down_proj"": 1802.0, ""mlp.gate_proj"": 368.0, ""mlp.up_proj"": 1413.0, ""self_attn.k_proj"": 111.0, ""self_attn.o_proj"": 955.0, ""self_attn.q_proj"": 156.0, ""self_attn.v_proj"": 631.0}","{""mlp.down_proj"": 1802.0, ""mlp.gate_proj"": 368.0, ""mlp.up_proj"": 1413.0, ""self_attn.k_proj"": 111.0, ""self_attn.o_proj"": 954.0, ""self_attn.q_proj"": 156.0, ""self_attn.v_proj"": 631.0}","{""mlp.down_proj"": 0.0, ""mlp.gate_proj"": 0.0, ""mlp.up_proj"": 0.0, ""self_attn.k_proj"": 0.0, ""self_attn.o_proj"": -1.0, ""self_attn.q_proj"": 0.0, ""self_attn.v_proj"": 0.0}","{""mlp.down_proj"": 0.0, ""mlp.gate_proj"": 0.0, ""mlp.up_proj"": 0.0, ""self_attn.k_proj"": 0.0, ""self_attn.o_proj"": 0.0010471204188481676, ""self_attn.q_proj"": 0.0, ""self_attn.v_proj"": 0.0}",5.983545250560959e-05,-0.05714285714285716,257.17142857142846,False,True
,,5,E_general,E_general,0.05,18,5,equal5_non_qk,True,"mlp.down_proj,mlp.gate_proj,mlp.up_proj,self_attn.o_proj,self_attn.v_proj","self_attn.q_proj,self_attn.k_proj",990.2,991.2,990.2,-1.0,0.0013092462197164952,0.0010088781275221952,"{""mlp.down_proj"": 1590.0, ""mlp.gate_proj"": 701.0, ""mlp.up_proj"": 1344.0, ""self_attn.o_proj"": 890.0, ""self_attn.v_proj"": 431.0}","{""mlp.down_proj"": 1589.0, ""mlp.gate_proj"": 699.0, ""mlp.up_proj"": 1343.0, ""self_attn.o_proj"": 890.0, ""self_attn.v_proj"": 430.0}","{""mlp.down_proj"": -1.0, ""mlp.gate_proj"": -2.0, ""mlp.up_proj"": -1.0, ""self_attn.o_proj"": 0.0, ""self_attn.v_proj"": -1.0}","{""mlp.down_proj"": 0.0006289308176100629, ""mlp.gate_proj"": 0.0028530670470756064, ""mlp.up_proj"": 0.000744047619047619, ""self_attn.o_proj"": 0.0, ""self_attn.v_proj"": 0.002320185614849188}",0.0013092462197164952,0.0,7,equal7,True,"mlp.down_proj,mlp.gate_proj,mlp.up_proj,self_attn.k_proj,self_attn.o_proj,self_attn.q_proj,self_attn.v_proj",,744.0,744.7142857142857,744.0,-0.7142857142857143,0.000935175871226068,0.0009591406100133626,"{""mlp.down_proj"": 1590.0, ""mlp.gate_proj"": 701.0, ""mlp.up_proj"": 1344.0, ""self_attn.k_proj"": 113.0, ""self_attn.o_proj"": 890.0, ""self_attn.q_proj"": 144.0, ""self_attn.v_proj"": 431.0}","{""mlp.down_proj"": 1589.0, ""mlp.gate_proj"": 699.0, ""mlp.up_proj"": 1343.0, ""self_attn.k_proj"": 113.0, ""self_attn.o_proj"": 890.0, ""self_attn.q_proj"": 144.0, ""self_attn.v_proj"": 430.0}","{""mlp.down_proj"": -1.0, ""mlp.gate_proj"": -2.0, ""mlp.up_proj"": -1.0, ""self_attn.k_proj"": 0.0, ""self_attn.o_proj"": 0.0, ""self_attn.q_proj"": 0.0, ""self_attn.v_proj"": -1.0}","{""mlp.down_proj"": 0.0006289308176100629, ""mlp.gate_proj"": 0.0028530670470756064, ""mlp.up_proj"": 0.000744047619047619, ""self_attn.k_proj"": 0.0, ""self_attn.o_proj"": 0.0, ""self_attn.q_proj"": 0.0, ""self_attn.v_proj"": 0.002320185614849188}",0.00037407034849042727,-0.2857142857142857,246.20000000000005,False,True
,,5,E_general,E_general,0.1,14,5,equal5_non_qk,True,"mlp.down_proj,mlp.gate_proj,mlp.up_proj,self_attn.o_proj,self_attn.v_proj","self_attn.q_proj,self_attn.k_proj",704.4,704.8,704.4,-0.4,0.0005199403530207779,0.0005675368898978111,"{""mlp.down_proj"": 1362.0, ""mlp.gate_proj"": 100.0, ""mlp.up_proj"": 924.0, ""self_attn.o_proj"": 659.0, ""self_attn.v_proj"": 479.0}","{""mlp.down_proj"": 1362.0, ""mlp.gate_proj"": 100.0, ""mlp.up_proj"": 923.0, ""self_attn.o_proj"": 658.0, ""self_attn.v_proj"": 479.0}","{""mlp.down_proj"": 0.0, ""mlp.gate_proj"": 0.0, ""mlp.up_proj"": -1.0, ""self_attn.o_proj"": -1.0, ""self_attn.v_proj"": 0.0}","{""mlp.down_proj"": 0.0, ""mlp.gate_proj"": 0.0, ""mlp.up_proj"": 0.0010822510822510823, ""self_attn.o_proj"": 0.0015174506828528073, ""self_attn.v_proj"": 0.0}",0.0005199403530207779,0.0,7,equal7,True,"mlp.down_proj,mlp.gate_proj,mlp.up_proj,self_attn.k_proj,self_attn.o_proj,self_attn.q_proj,self_attn.v_proj",,517.1428571428571,517.4285714285714,517.1428571428571,-0.2857142857142857,0.0003713859664434128,0.0005521811154059473,"{""mlp.down_proj"": 1362.0, ""mlp.gate_proj"": 100.0, ""mlp.up_proj"": 924.0, ""self_attn.k_proj"": 48.0, ""self_attn.o_proj"": 659.0, ""self_attn.q_proj"": 50.0, ""self_attn.v_proj"": 479.0}","{""mlp.down_proj"": 1362.0, ""mlp.gate_proj"": 100.0, ""mlp.up_proj"": 923.0, ""self_attn.k_proj"": 48.0, ""self_attn.o_proj"": 658.0, ""self_attn.q_proj"": 50.0, ""self_attn.v_proj"": 479.0}","{""mlp.down_proj"": 0.0, ""mlp.gate_proj"": 0.0, ""mlp.up_proj"": -1.0, ""self_attn.k_proj"": 0.0, ""self_attn.o_proj"": -1.0, ""self_attn.q_proj"": 0.0, ""self_attn.v_proj"": 0.0}","{""mlp.down_proj"": 0.0, ""mlp.gate_proj"": 0.0, ""mlp.up_proj"": 0.0010822510822510823, ""self_attn.k_proj"": 0.0, ""self_attn.o_proj"": 0.0015174506828528073, ""self_attn.q_proj"": 0.0, ""self_attn.v_proj"": 0.0}",0.00014855438657736508,-0.11428571428571432,187.25714285714287,False,True
,,5,E_general,E_general,0.1,18,5,equal5_non_qk,True,"mlp.down_proj,mlp.gate_proj,mlp.up_proj,self_attn.o_proj,self_attn.v_proj","self_attn.q_proj,self_attn.k_proj",656.4,657.4,656.4,-1.0,0.0019343105320304018,0.0015211439002129601,"{""mlp.down_proj"": 1200.0, ""mlp.gate_proj"": 300.0, ""mlp.up_proj"": 921.0, ""self_attn.o_proj"": 589.0, ""self_attn.v_proj"": 277.0}","{""mlp.down_proj"": 1199.0, ""mlp.gate_proj"": 298.0, ""mlp.up_proj"": 919.0, ""self_attn.o_proj"": 589.0, ""self_attn.v_proj"": 277.0}","{""mlp.down_proj"": -1.0, ""mlp.gate_proj"": -2.0, ""mlp.up_proj"": -2.0, ""self_attn.o_proj"": 0.0, ""self_attn.v_proj"": 0.0}","{""mlp.down_proj"": 0.0008333333333333334, ""mlp.gate_proj"": 0.006666666666666667, ""mlp.up_proj"": 0.002171552660152009, ""self_attn.o_proj"": 0.0, ""self_attn.v_proj"": 0.0}",0.0019343105320304018,0.0,7,equal7,True,"mlp.down_proj,mlp.gate_proj,mlp.up_proj,self_attn.k_proj,self_attn.o_proj,self_attn.q_proj,self_attn.v_proj",,479.14285714285717,479.85714285714283,479.14285714285717,-0.7142857142857143,0.0013816503800217156,0.0014885382554330631,"{""mlp.down_proj"": 1200.0, ""mlp.gate_proj"": 300.0, ""mlp.up_proj"": 921.0, ""self_attn.k_proj"": 39.0, ""self_attn.o_proj"": 589.0, ""self_attn.q_proj"": 33.0, ""self_attn.v_proj"": 277.0}","{""mlp.down_proj"": 1199.0, ""mlp.gate_proj"": 298.0, ""mlp.up_proj"": 919.0, ""self_attn.k_proj"": 39.0, ""self_attn.o_proj"": 589.0, ""self_attn.q_proj"": 33.0, ""self_attn.v_proj"": 277.0}","{""mlp.down_proj"": -1.0, ""mlp.gate_proj"": -2.0, ""mlp.up_proj"": -2.0, ""self_attn.k_proj"": 0.0, ""self_attn.o_proj"": 0.0, ""self_attn.q_proj"": 0.0, ""self_attn.v_proj"": 0.0}","{""mlp.down_proj"": 0.0008333333333333334, ""mlp.gate_proj"": 0.006666666666666667, ""mlp.up_proj"": 0.002171552660152009, ""self_attn.k_proj"": 0.0, ""self_attn.o_proj"": 0.0, ""self_attn.q_proj"": 0.0, ""self_attn.v_proj"": 0.0}",0.0005526601520086862,-0.2857142857142857,177.2571428571428,False,True
,,5,E_if,E_ifeval,0.01,14,5,equal5_non_qk,True,"mlp.down_proj,mlp.gate_proj,mlp.up_proj,self_attn.o_proj,self_attn.v_proj","self_attn.q_proj,self_attn.k_proj",1651.4,1653.2,1651.4,-1.8,0.0012291204702831568,0.0010887974836680102,"{""mlp.down_proj"": 2435.0, ""mlp.gate_proj"": 1310.0, ""mlp.up_proj"": 2179.0, ""self_attn.o_proj"": 1511.0, ""self_attn.v_proj"": 831.0}","{""mlp.down_proj"": 2434.0, ""mlp.gate_proj"": 1307.0, ""mlp.up_proj"": 2177.0, ""self_attn.o_proj"": 1509.0, ""self_attn.v_proj"": 830.0}","{""mlp.down_proj"": -1.0, ""mlp.gate_proj"": -3.0, ""mlp.up_proj"": -2.0, ""self_attn.o_proj"": -2.0, ""self_attn.v_proj"": -1.0}","{""mlp.down_proj"": 0.0004106776180698152, ""mlp.gate_proj"": 0.0022900763358778627, ""mlp.up_proj"": 0.0009178522257916476, ""self_attn.o_proj"": 0.0013236267372600927, ""self_attn.v_proj"": 0.0012033694344163659}",0.0003555128576726849,0.0008736076126104719,7,equal7,True,"mlp.down_proj,mlp.gate_proj,mlp.up_proj,self_attn.k_proj,self_attn.o_proj,self_attn.q_proj,self_attn.v_proj",,1318.7142857142858,1320.0,1318.7142857142858,-1.2857142857142858,0.0008779431930593977,0.0009740259740259248,"{""mlp.down_proj"": 2435.0, ""mlp.gate_proj"": 1310.0, ""mlp.up_proj"": 2179.0, ""self_attn.k_proj"": 344.0, ""self_attn.o_proj"": 1511.0, ""self_attn.q_proj"": 630.0, ""self_attn.v_proj"": 831.0}","{""mlp.down_proj"": 2434.0, ""mlp.gate_proj"": 1307.0, ""mlp.up_proj"": 2177.0, ""self_attn.k_proj"": 344.0, ""self_attn.o_proj"": 1509.0, ""self_attn.q_proj"": 630.0, ""self_attn.v_proj"": 830.0}","{""mlp.down_proj"": -1.0, ""mlp.gate_proj"": -3.0, ""mlp.up_proj"": -2.0, ""self_attn.k_proj"": 0.0, ""self_attn.o_proj"": -2.0, ""self_attn.q_proj"": 0.0, ""self_attn.v_proj"": -1.0}","{""mlp.down_proj"": 0.0004106776180698152, ""mlp.gate_proj"": 0.0022900763358778627, ""mlp.up_proj"": 0.0009178522257916476, ""self_attn.k_proj"": 0.0, ""self_attn.o_proj"": 0.0013236267372600927, ""self_attn.q_proj"": 0.0, ""self_attn.v_proj"": 0.0012033694344163659}",0.0003511772772237591,-0.5142857142857142,332.6857142857143,False,True
,,5,E_if,E_ifeval,0.01,18,5,equal5_non_qk,True,"mlp.down_proj,mlp.gate_proj,mlp.up_proj,self_attn.o_proj,self_attn.v_proj","self_attn.q_proj,self_attn.k_proj",1484.8,1485.0,1484.8,-0.2,0.00013080444735120994,0.0001346801346801653,"{""mlp.down_proj"": 2024.0, ""mlp.gate_proj"": 1529.0, ""mlp.up_proj"": 1934.0, ""self_attn.o_proj"": 1349.0, ""self_attn.v_proj"": 589.0}","{""mlp.down_proj"": 2024.0, ""mlp.gate_proj"": 1528.0, ""mlp.up_proj"": 1934.0, ""self_attn.o_proj"": 1349.0, ""self_attn.v_proj"": 589.0}","{""mlp.down_proj"": 0.0, ""mlp.gate_proj"": -1.0, ""mlp.up_proj"": 0.0, ""self_attn.o_proj"": 0.0, ""self_attn.v_proj"": 0.0}","{""mlp.down_proj"": 0.0, ""mlp.gate_proj"": 0.0006540222367560497, ""mlp.up_proj"": 0.0, ""self_attn.o_proj"": 0.0, ""self_attn.v_proj"": 0.0}",0.00043197723437270375,-0.0003011727870214938,7,equal7,True,"mlp.down_proj,mlp.gate_proj,mlp.up_proj,self_attn.k_proj,self_attn.o_proj,self_attn.q_proj,self_attn.v_proj",,1174.5714285714287,1174.7142857142858,1174.5714285714287,-0.14285714285714285,0.000344609142142544,0.00012161011796178676,"{""mlp.down_proj"": 2024.0, ""mlp.gate_proj"": 1529.0, ""mlp.up_proj"": 1934.0, ""self_attn.k_proj"": 273.0, ""self_attn.o_proj"": 1349.0, ""self_attn.q_proj"": 525.0, ""self_attn.v_proj"": 589.0}","{""mlp.down_proj"": 2024.0, ""mlp.gate_proj"": 1528.0, ""mlp.up_proj"": 1934.0, ""self_attn.k_proj"": 272.0, ""self_attn.o_proj"": 1349.0, ""self_attn.q_proj"": 526.0, ""self_attn.v_proj"": 589.0}","{""mlp.down_proj"": 0.0, ""mlp.gate_proj"": -1.0, ""mlp.up_proj"": 0.0, ""self_attn.k_proj"": -1.0, ""self_attn.o_proj"": 0.0, ""self_attn.q_proj"": 1.0, ""self_attn.v_proj"": 0.0}","{""mlp.down_proj"": 0.0, ""mlp.gate_proj"": 0.0006540222367560497, ""mlp.up_proj"": 0.0, ""self_attn.k_proj"": 0.003663003663003663, ""self_attn.o_proj"": 0.0, ""self_attn.q_proj"": -0.0019047619047619048, ""self_attn.v_proj"": 0.0}",-0.00021380469479133406,-0.05714285714285716,310.2285714285713,False,True
,,5,E_if,E_ifeval,0.025,14,5,equal5_non_qk,True,"mlp.down_proj,mlp.gate_proj,mlp.up_proj,self_attn.o_proj,self_attn.v_proj","self_attn.q_proj,self_attn.k_proj",1253.0,1254.4,1253.0,-1.4,0.0013345673952425226,0.001116071428571501,"{""mlp.down_proj"": 2031.0, ""mlp.gate_proj"": 710.0, ""mlp.up_proj"": 1671.0, ""self_attn.o_proj"": 1157.0, ""self_attn.v_proj"": 703.0}","{""mlp.down_proj"": 2029.0, ""mlp.gate_proj"": 707.0, ""mlp.up_proj"": 1670.0, ""self_attn.o_proj"": 1156.0, ""self_attn.v_proj"": 703.0}","{""mlp.down_proj"": -2.0, ""mlp.gate_proj"": -3.0, ""mlp.up_proj"": -1.0, ""self_attn.o_proj"": -1.0, ""self_attn.v_proj"": 0.0}","{""mlp.down_proj"": 0.0009847365829640572, ""mlp.gate_proj"": 0.004225352112676056, ""mlp.up_proj"": 0.0005984440454817474, ""self_attn.o_proj"": 0.000864304235090752, ""self_attn.v_proj"": 0.0}",0.00043077408229657904,0.0009037933129459435,7,equal7,True,"mlp.down_proj,mlp.gate_proj,mlp.up_proj,self_attn.k_proj,self_attn.o_proj,self_attn.q_proj,self_attn.v_proj",,966.0,967.0,966.0,-1.0,0.0009532624251732305,0.001034126163391934,"{""mlp.down_proj"": 2031.0, ""mlp.gate_proj"": 710.0, ""mlp.up_proj"": 1671.0, ""self_attn.k_proj"": 188.0, ""self_attn.o_proj"": 1157.0, ""self_attn.q_proj"": 309.0, ""self_attn.v_proj"": 703.0}","{""mlp.down_proj"": 2029.0, ""mlp.gate_proj"": 707.0, ""mlp.up_proj"": 1670.0, ""self_attn.k_proj"": 188.0, ""self_attn.o_proj"": 1156.0, ""self_attn.q_proj"": 309.0, ""self_attn.v_proj"": 703.0}","{""mlp.down_proj"": -2.0, ""mlp.gate_proj"": -3.0, ""mlp.up_proj"": -1.0, ""self_attn.k_proj"": 0.0, ""self_attn.o_proj"": -1.0, ""self_attn.q_proj"": 0.0, ""self_attn.v_proj"": 0.0}","{""mlp.down_proj"": 0.0009847365829640572, ""mlp.gate_proj"": 0.004225352112676056, ""mlp.up_proj"": 0.0005984440454817474, ""self_attn.k_proj"": 0.0, ""self_attn.o_proj"": 0.000864304235090752, ""self_attn.q_proj"": 0.0, ""self_attn.v_proj"": 0.0}",0.0003813049700692921,-0.3999999999999999,287.0,False,True
,,5,E_if,E_ifeval,0.025,18,5,equal5_non_qk,True,"mlp.down_proj,mlp.gate_proj,mlp.up_proj,self_attn.o_proj,self_attn.v_proj","self_attn.q_proj,self_attn.k_proj",1110.0,1110.4,1110.0,-0.4,0.0006866905955848557,0.00036023054755051416,"{""mlp.down_proj"": 1649.0, ""mlp.gate_proj"": 1006.0, ""mlp.up_proj"": 1522.0, ""self_attn.o_proj"": 971.0, ""self_attn.v_proj"": 404.0}","{""mlp.down_proj"": 1649.0, ""mlp.gate_proj"": 1004.0, ""mlp.up_proj"": 1522.0, ""self_attn.o_proj"": 972.0, ""self_attn.v_proj"": 403.0}","{""mlp.down_proj"": 0.0, ""mlp.gate_proj"": -2.0, ""mlp.up_proj"": 0.0, ""self_attn.o_proj"": 1.0, ""self_attn.v_proj"": -1.0}","{""mlp.down_proj"": 0.0, ""mlp.gate_proj"": 0.0019880715705765406, ""mlp.up_proj"": 0.0, ""self_attn.o_proj"": -0.0010298661174047373, ""self_attn.v_proj"": 0.0024752475247524753}",0.001029734017863048,-0.00034304342227819236,7,equal7,True,"mlp.down_proj,mlp.gate_proj,mlp.up_proj,self_attn.k_proj,self_attn.o_proj,self_attn.q_proj,self_attn.v_proj",,840.4285714285714,840.7142857142857,840.4285714285714,-0.2857142857142857,0.0004904932825606112,0.00033984706881895417,"{""mlp.down_proj"": 1649.0, ""mlp.gate_proj"": 1006.0, ""mlp.up_proj"": 1522.0, ""self_attn.k_proj"": 123.0, ""self_attn.o_proj"": 971.0, ""self_attn.q_proj"": 210.0, ""self_attn.v_proj"": 404.0}","{""mlp.down_proj"": 1649.0, ""mlp.gate_proj"": 1004.0, ""mlp.up_proj"": 1522.0, ""self_attn.k_proj"": 123.0, ""self_attn.o_proj"": 972.0, ""self_attn.q_proj"": 210.0, ""self_attn.v_proj"": 403.0}","{""mlp.down_proj"": 0.0, ""mlp.gate_proj"": -2.0, ""mlp.up_proj"": 0.0, ""self_attn.k_proj"": 0.0, ""self_attn.o_proj"": 1.0, ""self_attn.q_proj"": 0.0, ""self_attn.v_proj"": -1.0}","{""mlp.down_proj"": 0.0, ""mlp.gate_proj"": 0.0019880715705765406, ""mlp.up_proj"": 0.0, ""self_attn.k_proj"": 0.0, ""self_attn.o_proj"": -0.0010298661174047373, ""self_attn.q_proj"": 0.0, ""self_attn.v_proj"": 0.0024752475247524753}",0.0001961973130242445,-0.11428571428571432,269.57142857142856,False,True
,,5,E_if,E_ifeval,0.05,14,5,equal5_non_qk,True,"mlp.down_proj,mlp.gate_proj,mlp.up_proj,self_attn.o_proj,self_attn.v_proj","self_attn.q_proj,self_attn.k_proj",920.4,921.4,920.4,-1.0,0.001738038875180858,0.0010853049706967658,"{""mlp.down_proj"": 1632.0, ""mlp.gate_proj"": 328.0, ""mlp.up_proj"": 1208.0, ""self_attn.o_proj"": 868.0, ""self_attn.v_proj"": 571.0}","{""mlp.down_proj"": 1631.0, ""mlp.gate_proj"": 326.0, ""mlp.up_proj"": 1207.0, ""self_attn.o_proj"": 867.0, ""self_attn.v_proj"": 571.0}","{""mlp.down_proj"": -1.0, ""mlp.gate_proj"": -2.0, ""mlp.up_proj"": -1.0, ""self_attn.o_proj"": -1.0, ""self_attn.v_proj"": 0.0}","{""mlp.down_proj"": 0.0006127450980392157, ""mlp.gate_proj"": 0.006097560975609756, ""mlp.up_proj"": 0.0008278145695364238, ""self_attn.o_proj"": 0.001152073732718894, ""self_attn.v_proj"": 0.0}",0.00020942408376963353,0.0015286147914112245,7,equal7,True,"mlp.down_proj,mlp.gate_proj,mlp.up_proj,self_attn.k_proj,self_attn.o_proj,self_attn.q_proj,self_attn.v_proj",,690.7142857142857,691.4285714285714,690.7142857142857,-0.7142857142857143,0.0012414563394148987,0.0010330578512397633,"{""mlp.down_proj"": 1632.0, ""mlp.gate_proj"": 328.0, ""mlp.up_proj"": 1208.0, ""self_attn.k_proj"": 98.0, ""self_attn.o_proj"": 868.0, ""self_attn.q_proj"": 135.0, ""self_attn.v_proj"": 571.0}","{""mlp.down_proj"": 1631.0, ""mlp.gate_proj"": 326.0, ""mlp.up_proj"": 1207.0, ""self_attn.k_proj"": 98.0, ""self_attn.o_proj"": 867.0, ""self_attn.q_proj"": 135.0, ""self_attn.v_proj"": 571.0}","{""mlp.down_proj"": -1.0, ""mlp.gate_proj"": -2.0, ""mlp.up_proj"": -1.0, ""self_attn.k_proj"": 0.0, ""self_attn.o_proj"": -1.0, ""self_attn.q_proj"": 0.0, ""self_attn.v_proj"": 0.0}","{""mlp.down_proj"": 0.0006127450980392157, ""mlp.gate_proj"": 0.006097560975609756, ""mlp.up_proj"": 0.0008278145695364238, ""self_attn.k_proj"": 0.0, ""self_attn.o_proj"": 0.001152073732718894, ""self_attn.q_proj"": 0.0, ""self_attn.v_proj"": 0.0}",0.0004965825357659593,-0.2857142857142857,229.6857142857143,False,True
,,5,E_if,E_ifeval,0.05,18,5,equal5_non_qk,True,"mlp.down_proj,mlp.gate_proj,mlp.up_proj,self_attn.o_proj,self_attn.v_proj","self_attn.q_proj,self_attn.k_proj",782.4,782.4,782.4,0.0,4.5288933216633755e-05,0.0,"{""mlp.down_proj"": 1274.0, ""mlp.gate_proj"": 584.0, ""mlp.up_proj"": 1128.0, ""self_attn.o_proj"": 673.0, ""self_attn.v_proj"": 253.0}","{""mlp.down_proj"": 1274.0, ""mlp.gate_proj"": 583.0, ""mlp.up_proj"": 1128.0, ""self_attn.o_proj"": 674.0, ""self_attn.v_proj"": 253.0}","{""mlp.down_proj"": 0.0, ""mlp.gate_proj"": -1.0, ""mlp.up_proj"": 0.0, ""self_attn.o_proj"": 1.0, ""self_attn.v_proj"": 0.0}","{""mlp.down_proj"": 0.0, ""mlp.gate_proj"": 0.0017123287671232876, ""mlp.up_proj"": 0.0, ""self_attn.o_proj"": -0.0014858841010401188, ""self_attn.v_proj"": 0.0}",0.0013092462197164952,-0.0012639572864998614,7,equal7,True,"mlp.down_proj,mlp.gate_proj,mlp.up_proj,self_attn.k_proj,self_attn.o_proj,self_attn.q_proj,self_attn.v_proj",,576.0,576.0,576.0,0.0,3.234923801188125e-05,0.0,"{""mlp.down_proj"": 1274.0, ""mlp.gate_proj"": 584.0, ""mlp.up_proj"": 1128.0, ""self_attn.k_proj"": 50.0, ""self_attn.o_proj"": 673.0, ""self_attn.q_proj"": 70.0, ""self_attn.v_proj"": 253.0}","{""mlp.down_proj"": 1274.0, ""mlp.gate_proj"": 583.0, ""mlp.up_proj"": 1128.0, ""self_attn.k_proj"": 50.0, ""self_attn.o_proj"": 674.0, ""self_attn.q_proj"": 70.0, ""self_attn.v_proj"": 253.0}","{""mlp.down_proj"": 0.0, ""mlp.gate_proj"": -1.0, ""mlp.up_proj"": 0.0, ""self_attn.k_proj"": 0.0, ""self_attn.o_proj"": 1.0, ""self_attn.q_proj"": 0.0, ""self_attn.v_proj"": 0.0}","{""mlp.down_proj"": 0.0, ""mlp.gate_proj"": 0.0017123287671232876, ""mlp.up_proj"": 0.0, ""self_attn.k_proj"": 0.0, ""self_attn.o_proj"": -0.0014858841010401188, ""self_attn.q_proj"": 0.0, ""self_attn.v_proj"": 0.0}",1.2939695204752502e-05,0.0,206.39999999999998,False,True
,,5,E_if,E_ifeval,0.1,14,5,equal5_non_qk,True,"mlp.down_proj,mlp.gate_proj,mlp.up_proj,self_attn.o_proj,self_attn.v_proj","self_attn.q_proj,self_attn.k_proj",591.8,592.8,591.8,-1.0,0.003053045166474843,0.0016869095816464238,"{""mlp.down_proj"": 1166.0, ""mlp.gate_proj"": 96.0, ""mlp.up_proj"": 722.0, ""self_attn.o_proj"": 572.0, ""self_attn.v_proj"": 408.0}","{""mlp.down_proj"": 1164.0, ""mlp.gate_proj"": 95.0, ""mlp.up_proj"": 721.0, ""self_attn.o_proj"": 571.0, ""self_attn.v_proj"": 408.0}","{""mlp.down_proj"": -2.0, ""mlp.gate_proj"": -1.0, ""mlp.up_proj"": -1.0, ""self_attn.o_proj"": -1.0, ""self_attn.v_proj"": 0.0}","{""mlp.down_proj"": 0.0017152658662092624, ""mlp.gate_proj"": 0.010416666666666666, ""mlp.up_proj"": 0.0013850415512465374, ""self_attn.o_proj"": 0.0017482517482517483, ""self_attn.v_proj"": 0.0}",0.0005199403530207779,0.002533104813454065,7,equal7,True,"mlp.down_proj,mlp.gate_proj,mlp.up_proj,self_attn.k_proj,self_attn.o_proj,self_attn.q_proj,self_attn.v_proj",,435.0,435.7142857142857,435.0,-0.7142857142857143,0.0021807465474820305,0.0016393442622951006,"{""mlp.down_proj"": 1166.0, ""mlp.gate_proj"": 96.0, ""mlp.up_proj"": 722.0, ""self_attn.k_proj"": 42.0, ""self_attn.o_proj"": 572.0, ""self_attn.q_proj"": 44.0, ""self_attn.v_proj"": 408.0}","{""mlp.down_proj"": 1164.0, ""mlp.gate_proj"": 95.0, ""mlp.up_proj"": 721.0, ""self_attn.k_proj"": 42.0, ""self_attn.o_proj"": 571.0, ""self_attn.q_proj"": 44.0, ""self_attn.v_proj"": 408.0}","{""mlp.down_proj"": -2.0, ""mlp.gate_proj"": -1.0, ""mlp.up_proj"": -1.0, ""self_attn.k_proj"": 0.0, ""self_attn.o_proj"": -1.0, ""self_attn.q_proj"": 0.0, ""self_attn.v_proj"": 0.0}","{""mlp.down_proj"": 0.0017152658662092624, ""mlp.gate_proj"": 0.010416666666666666, ""mlp.up_proj"": 0.0013850415512465374, ""self_attn.k_proj"": 0.0, ""self_attn.o_proj"": 0.0017482517482517483, ""self_attn.q_proj"": 0.0, ""self_attn.v_proj"": 0.0}",0.0008722986189928124,-0.2857142857142857,156.79999999999995,False,True
,,5,E_if,E_ifeval,0.1,18,5,equal5_non_qk,True,"mlp.down_proj,mlp.gate_proj,mlp.up_proj,self_attn.o_proj,self_attn.v_proj","self_attn.q_proj,self_attn.k_proj",453.4,453.4,453.4,0.0,0.0003617290649303671,0.0,"{""mlp.down_proj"": 839.0, ""mlp.gate_proj"": 228.0, ""mlp.up_proj"": 696.0, ""self_attn.o_proj"": 388.0, ""self_attn.v_proj"": 116.0}","{""mlp.down_proj"": 839.0, ""mlp.gate_proj"": 227.0, ""mlp.up_proj"": 696.0, ""self_attn.o_proj"": 389.0, ""self_attn.v_proj"": 116.0}","{""mlp.down_proj"": 0.0, ""mlp.gate_proj"": -1.0, ""mlp.up_proj"": 0.0, ""self_attn.o_proj"": 1.0, ""self_attn.v_proj"": 0.0}","{""mlp.down_proj"": 0.0, ""mlp.gate_proj"": 0.0043859649122807015, ""mlp.up_proj"": 0.0, ""self_attn.o_proj"": -0.002577319587628866, ""self_attn.v_proj"": 0.0}",0.0019343105320304018,-0.0015725814671000346,7,equal7,True,"mlp.down_proj,mlp.gate_proj,mlp.up_proj,self_attn.k_proj,self_attn.o_proj,self_attn.q_proj,self_attn.v_proj",,327.7142857142857,327.7142857142857,327.7142857142857,0.0,0.0002583779035216908,0.0,"{""mlp.down_proj"": 839.0, ""mlp.gate_proj"": 228.0, ""mlp.up_proj"": 696.0, ""self_attn.k_proj"": 16.0, ""self_attn.o_proj"": 388.0, ""self_attn.q_proj"": 11.0, ""self_attn.v_proj"": 116.0}","{""mlp.down_proj"": 839.0, ""mlp.gate_proj"": 227.0, ""mlp.up_proj"": 696.0, ""self_attn.k_proj"": 16.0, ""self_attn.o_proj"": 389.0, ""self_attn.q_proj"": 11.0, ""self_attn.v_proj"": 116.0}","{""mlp.down_proj"": 0.0, ""mlp.gate_proj"": -1.0, ""mlp.up_proj"": 0.0, ""self_attn.k_proj"": 0.0, ""self_attn.o_proj"": 1.0, ""self_attn.q_proj"": 0.0, ""self_attn.v_proj"": 0.0}","{""mlp.down_proj"": 0.0, ""mlp.gate_proj"": 0.0043859649122807015, ""mlp.up_proj"": 0.0, ""self_attn.k_proj"": 0.0, ""self_attn.o_proj"": -0.002577319587628866, ""self_attn.q_proj"": 0.0, ""self_attn.v_proj"": 0.0}",0.00010335116140867631,0.0,125.68571428571425,False,True
,,5,E_math,E_mathHeld,0.01,14,5,equal5_non_qk,True,"mlp.down_proj,mlp.gate_proj,mlp.up_proj,self_attn.o_proj,self_attn.v_proj","self_attn.q_proj,self_attn.k_proj",860.6,862.0,860.6,-1.4,0.00171052133456158,0.0016241299303944052,"{""mlp.down_proj"": 1191.0, ""mlp.gate_proj"": 588.0, ""mlp.up_proj"": 1024.0, ""self_attn.o_proj"": 848.0, ""self_attn.v_proj"": 659.0}","{""mlp.down_proj"": 1190.0, ""mlp.gate_proj"": 586.0, ""mlp.up_proj"": 1022.0, ""self_attn.o_proj"": 846.0, ""self_attn.v_proj"": 659.0}","{""mlp.down_proj"": -1.0, ""mlp.gate_proj"": -2.0, ""mlp.up_proj"": -2.0, ""self_attn.o_proj"": -2.0, ""self_attn.v_proj"": 0.0}","{""mlp.down_proj"": 0.0008396305625524769, ""mlp.gate_proj"": 0.003401360544217687, ""mlp.up_proj"": 0.001953125, ""self_attn.o_proj"": 0.0023584905660377358, ""self_attn.v_proj"": 0.0}",0.0003555128576726849,0.0013550084768888951,7,equal7,True,"mlp.down_proj,mlp.gate_proj,mlp.up_proj,self_attn.k_proj,self_attn.o_proj,self_attn.q_proj,self_attn.v_proj",,708.1428571428571,709.1428571428571,708.1428571428571,-1.0,0.0012218009532582715,0.0014101531023368251,"{""mlp.down_proj"": 1191.0, ""mlp.gate_proj"": 588.0, ""mlp.up_proj"": 1024.0, ""self_attn.k_proj"": 263.0, ""self_attn.o_proj"": 848.0, ""self_attn.q_proj"": 391.0, ""self_attn.v_proj"": 659.0}","{""mlp.down_proj"": 1190.0, ""mlp.gate_proj"": 586.0, ""mlp.up_proj"": 1022.0, ""self_attn.k_proj"": 263.0, ""self_attn.o_proj"": 846.0, ""self_attn.q_proj"": 391.0, ""self_attn.v_proj"": 659.0}","{""mlp.down_proj"": -1.0, ""mlp.gate_proj"": -2.0, ""mlp.up_proj"": -2.0, ""self_attn.k_proj"": 0.0, ""self_attn.o_proj"": -2.0, ""self_attn.q_proj"": 0.0, ""self_attn.v_proj"": 0.0}","{""mlp.down_proj"": 0.0008396305625524769, ""mlp.gate_proj"": 0.003401360544217687, ""mlp.up_proj"": 0.001953125, ""self_attn.k_proj"": 0.0, ""self_attn.o_proj"": 0.0023584905660377358, ""self_attn.q_proj"": 0.0, ""self_attn.v_proj"": 0.0}",0.0004887203813033086,-0.3999999999999999,152.4571428571429,False,True
,,5,E_math,E_mathHeld,0.01,18,5,equal5_non_qk,True,"mlp.down_proj,mlp.gate_proj,mlp.up_proj,self_attn.o_proj,self_attn.v_proj","self_attn.q_proj,self_attn.k_proj",892.8,893.0,892.8,-0.2,0.00012893030358755015,0.00022396416573353356,"{""mlp.down_proj"": 1195.0, ""mlp.gate_proj"": 912.0, ""mlp.up_proj"": 1080.0, ""self_attn.o_proj"": 776.0, ""self_attn.v_proj"": 502.0}","{""mlp.down_proj"": 1194.0, ""mlp.gate_proj"": 911.0, ""mlp.up_proj"": 1080.0, ""self_attn.o_proj"": 777.0, ""self_attn.v_proj"": 502.0}","{""mlp.down_proj"": -1.0, ""mlp.gate_proj"": -1.0, ""mlp.up_proj"": 0.0, ""self_attn.o_proj"": 1.0, ""self_attn.v_proj"": 0.0}","{""mlp.down_proj"": 0.0008368200836820083, ""mlp.gate_proj"": 0.0010964912280701754, ""mlp.up_proj"": 0.0, ""self_attn.o_proj"": -0.001288659793814433, ""self_attn.v_proj"": 0.0}",0.00043197723437270375,-0.0003030469307851536,7,equal7,True,"mlp.down_proj,mlp.gate_proj,mlp.up_proj,self_attn.k_proj,self_attn.o_proj,self_attn.q_proj,self_attn.v_proj",,733.1428571428571,733.2857142857143,733.1428571428571,-0.14285714285714285,9.209307399110724e-05,0.00019481784531474156,"{""mlp.down_proj"": 1195.0, ""mlp.gate_proj"": 912.0, ""mlp.up_proj"": 1080.0, ""self_attn.k_proj"": 249.0, ""self_attn.o_proj"": 776.0, ""self_attn.q_proj"": 419.0, ""self_attn.v_proj"": 502.0}","{""mlp.down_proj"": 1194.0, ""mlp.gate_proj"": 911.0, ""mlp.up_proj"": 1080.0, ""self_attn.k_proj"": 249.0, ""self_attn.o_proj"": 777.0, ""self_attn.q_proj"": 419.0, ""self_attn.v_proj"": 502.0}","{""mlp.down_proj"": -1.0, ""mlp.gate_proj"": -1.0, ""mlp.up_proj"": 0.0, ""self_attn.k_proj"": 0.0, ""self_attn.o_proj"": 1.0, ""self_attn.q_proj"": 0.0, ""self_attn.v_proj"": 0.0}","{""mlp.down_proj"": 0.0008368200836820083, ""mlp.gate_proj"": 0.0010964912280701754, ""mlp.up_proj"": 0.0, ""self_attn.k_proj"": 0.0, ""self_attn.o_proj"": -0.001288659793814433, ""self_attn.q_proj"": 0.0, ""self_attn.v_proj"": 0.0}",3.6837229596442905e-05,-0.05714285714285716,159.65714285714284,False,True
,,5,E_math,E_mathHeld,0.025,14,5,equal5_non_qk,True,"mlp.down_proj,mlp.gate_proj,mlp.up_proj,self_attn.o_proj,self_attn.v_proj","self_attn.q_proj,self_attn.k_proj",625.6,627.4,625.6,-1.8,0.0032392817875167073,0.002868983104877199,"{""mlp.down_proj"": 928.0, ""mlp.gate_proj"": 322.0, ""mlp.up_proj"": 752.0, ""self_attn.o_proj"": 618.0, ""self_attn.v_proj"": 517.0}","{""mlp.down_proj"": 926.0, ""mlp.gate_proj"": 320.0, ""mlp.up_proj"": 750.0, ""self_attn.o_proj"": 616.0, ""self_attn.v_proj"": 516.0}","{""mlp.down_proj"": -2.0, ""mlp.gate_proj"": -2.0, ""mlp.up_proj"": -2.0, ""self_attn.o_proj"": -2.0, ""self_attn.v_proj"": -1.0}","{""mlp.down_proj"": 0.0021551724137931034, ""mlp.gate_proj"": 0.006211180124223602, ""mlp.up_proj"": 0.0026595744680851063, ""self_attn.o_proj"": 0.003236245954692557, ""self_attn.v_proj"": 0.0019342359767891683}",0.00043077408229657904,0.0028085077052201284,7,equal7,True,"mlp.down_proj,mlp.gate_proj,mlp.up_proj,self_attn.k_proj,self_attn.o_proj,self_attn.q_proj,self_attn.v_proj",,497.85714285714283,499.2857142857143,497.85714285714283,-1.4285714285714286,0.0030005858921822635,0.0028612303290415204,"{""mlp.down_proj"": 928.0, ""mlp.gate_proj"": 322.0, ""mlp.up_proj"": 752.0, ""self_attn.k_proj"": 150.0, ""self_attn.o_proj"": 618.0, ""self_attn.q_proj"": 208.0, ""self_attn.v_proj"": 517.0}","{""mlp.down_proj"": 926.0, ""mlp.gate_proj"": 320.0, ""mlp.up_proj"": 750.0, ""self_attn.k_proj"": 150.0, ""self_attn.o_proj"": 616.0, ""self_attn.q_proj"": 207.0, ""self_attn.v_proj"": 516.0}","{""mlp.down_proj"": -2.0, ""mlp.gate_proj"": -2.0, ""mlp.up_proj"": -2.0, ""self_attn.k_proj"": 0.0, ""self_attn.o_proj"": -2.0, ""self_attn.q_proj"": -1.0, ""self_attn.v_proj"": -1.0}","{""mlp.down_proj"": 0.0021551724137931034, ""mlp.gate_proj"": 0.006211180124223602, ""mlp.up_proj"": 0.0026595744680851063, ""self_attn.k_proj"": 0.0, ""self_attn.o_proj"": 0.003236245954692557, ""self_attn.q_proj"": 0.004807692307692308, ""self_attn.v_proj"": 0.0019342359767891683}",0.00023869589533444388,-0.37142857142857144,127.74285714285719,False,True
,,5,E_math,E_mathHeld,0.025,18,5,equal5_non_qk,True,"mlp.down_proj,mlp.gate_proj,mlp.up_proj,self_attn.o_proj,self_attn.v_proj","self_attn.q_proj,self_attn.k_proj",661.0,661.4,661.0,-0.4,0.0007798220298220299,0.0006047777441789799,"{""mlp.down_proj"": 945.0, ""mlp.gate_proj"": 638.0, ""mlp.up_proj"": 822.0, ""self_attn.o_proj"": 550.0, ""self_attn.v_proj"": 352.0}","{""mlp.down_proj"": 944.0, ""mlp.gate_proj"": 638.0, ""mlp.up_proj"": 822.0, ""self_attn.o_proj"": 550.0, ""self_attn.v_proj"": 351.0}","{""mlp.down_proj"": -1.0, ""mlp.gate_proj"": 0.0, ""mlp.up_proj"": 0.0, ""self_attn.o_proj"": 0.0, ""self_attn.v_proj"": -1.0}","{""mlp.down_proj"": 0.0010582010582010583, ""mlp.gate_proj"": 0.0, ""mlp.up_proj"": 0.0, ""self_attn.o_proj"": 0.0, ""self_attn.v_proj"": 0.002840909090909091}",0.001029734017863048,-0.00024991198804101816,7,equal7,True,"mlp.down_proj,mlp.gate_proj,mlp.up_proj,self_attn.k_proj,self_attn.o_proj,self_attn.q_proj,self_attn.v_proj",,520.4285714285714,520.7142857142857,520.4285714285714,-0.2857142857142857,0.0005570157355871642,0.0005486968449930166,"{""mlp.down_proj"": 945.0, ""mlp.gate_proj"": 638.0, ""mlp.up_proj"": 822.0, ""self_attn.k_proj"": 126.0, ""self_attn.o_proj"": 550.0, ""self_attn.q_proj"": 212.0, ""self_attn.v_proj"": 352.0}","{""mlp.down_proj"": 944.0, ""mlp.gate_proj"": 638.0, ""mlp.up_proj"": 822.0, ""self_attn.k_proj"": 126.0, ""self_attn.o_proj"": 550.0, ""self_attn.q_proj"": 212.0, ""self_attn.v_proj"": 351.0}","{""mlp.down_proj"": -1.0, ""mlp.gate_proj"": 0.0, ""mlp.up_proj"": 0.0, ""self_attn.k_proj"": 0.0, ""self_attn.o_proj"": 0.0, ""self_attn.q_proj"": 0.0, ""self_attn.v_proj"": -1.0}","{""mlp.down_proj"": 0.0010582010582010583, ""mlp.gate_proj"": 0.0, ""mlp.up_proj"": 0.0, ""self_attn.k_proj"": 0.0, ""self_attn.o_proj"": 0.0, ""self_attn.q_proj"": 0.0, ""self_attn.v_proj"": 0.002840909090909091}",0.00022280629423486573,-0.11428571428571432,140.57142857142856,False,True
,,5,E_math,E_mathHeld,0.05,14,5,equal5_non_qk,True,"mlp.down_proj,mlp.gate_proj,mlp.up_proj,self_attn.o_proj,self_attn.v_proj","self_attn.q_proj,self_attn.k_proj",448.4,449.6,448.4,-1.2,0.003915492542746121,0.0026690391459075744,"{""mlp.down_proj"": 711.0, ""mlp.gate_proj"": 158.0, ""mlp.up_proj"": 535.0, ""self_attn.o_proj"": 447.0, ""self_attn.v_proj"": 397.0}","{""mlp.down_proj"": 709.0, ""mlp.gate_proj"": 156.0, ""mlp.up_proj"": 534.0, ""self_attn.o_proj"": 446.0, ""self_attn.v_proj"": 397.0}","{""mlp.down_proj"": -2.0, ""mlp.gate_proj"": -2.0, ""mlp.up_proj"": -1.0, ""self_attn.o_proj"": -1.0, ""self_attn.v_proj"": 0.0}","{""mlp.down_proj"": 0.0028129395218002813, ""mlp.gate_proj"": 0.012658227848101266, ""mlp.up_proj"": 0.001869158878504673, ""self_attn.o_proj"": 0.0022371364653243847, ""self_attn.v_proj"": 0.0}",0.00020942408376963353,0.0037060684589764878,7,equal7,True,"mlp.down_proj,mlp.gate_proj,mlp.up_proj,self_attn.k_proj,self_attn.o_proj,self_attn.q_proj,self_attn.v_proj",,347.0,347.85714285714283,347.0,-0.8571428571428571,0.0027967803876758008,0.0024640657084188215,"{""mlp.down_proj"": 711.0, ""mlp.gate_proj"": 158.0, ""mlp.up_proj"": 535.0, ""self_attn.k_proj"": 84.0, ""self_attn.o_proj"": 447.0, ""self_attn.q_proj"": 103.0, ""self_attn.v_proj"": 397.0}","{""mlp.down_proj"": 709.0, ""mlp.gate_proj"": 156.0, ""mlp.up_proj"": 534.0, ""self_attn.k_proj"": 84.0, ""self_attn.o_proj"": 446.0, ""self_attn.q_proj"": 103.0, ""self_attn.v_proj"": 397.0}","{""mlp.down_proj"": -2.0, ""mlp.gate_proj"": -2.0, ""mlp.up_proj"": -1.0, ""self_attn.k_proj"": 0.0, ""self_attn.o_proj"": -1.0, ""self_attn.q_proj"": 0.0, ""self_attn.v_proj"": 0.0}","{""mlp.down_proj"": 0.0028129395218002813, ""mlp.gate_proj"": 0.012658227848101266, ""mlp.up_proj"": 0.001869158878504673, ""self_attn.k_proj"": 0.0, ""self_attn.o_proj"": 0.0022371364653243847, ""self_attn.q_proj"": 0.0, ""self_attn.v_proj"": 0.0}",0.0011187121550703203,-0.34285714285714286,101.39999999999998,False,True
,,5,E_math,E_mathHeld,0.05,18,5,equal5_non_qk,True,"mlp.down_proj,mlp.gate_proj,mlp.up_proj,self_attn.o_proj,self_attn.v_proj","self_attn.q_proj,self_attn.k_proj",477.8,478.2,477.8,-0.4,0.0013122659314815364,0.0008364700961940135,"{""mlp.down_proj"": 733.0, ""mlp.gate_proj"": 427.0, ""mlp.up_proj"": 610.0, ""self_attn.o_proj"": 384.0, ""self_attn.v_proj"": 237.0}","{""mlp.down_proj"": 733.0, ""mlp.gate_proj"": 426.0, ""mlp.up_proj"": 610.0, ""self_attn.o_proj"": 384.0, ""self_attn.v_proj"": 236.0}","{""mlp.down_proj"": 0.0, ""mlp.gate_proj"": -1.0, ""mlp.up_proj"": 0.0, ""self_attn.o_proj"": 0.0, ""self_attn.v_proj"": -1.0}","{""mlp.down_proj"": 0.0, ""mlp.gate_proj"": 0.00234192037470726, ""mlp.up_proj"": 0.0, ""self_attn.o_proj"": 0.0, ""self_attn.v_proj"": 0.004219409282700422}",0.0013092462197164952,3.0197117650411585e-06,7,equal7,True,"mlp.down_proj,mlp.gate_proj,mlp.up_proj,self_attn.k_proj,self_attn.o_proj,self_attn.q_proj,self_attn.v_proj",,362.7142857142857,363.0,362.7142857142857,-0.2857142857142857,0.0009373328082010973,0.0007870916961825829,"{""mlp.down_proj"": 733.0, ""mlp.gate_proj"": 427.0, ""mlp.up_proj"": 610.0, ""self_attn.k_proj"": 57.0, ""self_attn.o_proj"": 384.0, ""self_attn.q_proj"": 93.0, ""self_attn.v_proj"": 237.0}","{""mlp.down_proj"": 733.0, ""mlp.gate_proj"": 426.0, ""mlp.up_proj"": 610.0, ""self_attn.k_proj"": 57.0, ""self_attn.o_proj"": 384.0, ""self_attn.q_proj"": 93.0, ""self_attn.v_proj"": 236.0}","{""mlp.down_proj"": 0.0, ""mlp.gate_proj"": -1.0, ""mlp.up_proj"": 0.0, ""self_attn.k_proj"": 0.0, ""self_attn.o_proj"": 0.0, ""self_attn.q_proj"": 0.0, ""self_attn.v_proj"": -1.0}","{""mlp.down_proj"": 0.0, ""mlp.gate_proj"": 0.00234192037470726, ""mlp.up_proj"": 0.0, ""self_attn.k_proj"": 0.0, ""self_attn.o_proj"": 0.0, ""self_attn.q_proj"": 0.0, ""self_attn.v_proj"": 0.004219409282700422}",0.00037493312328043906,-0.11428571428571432,115.08571428571429,False,True
,,5,E_math,E_mathHeld,0.1,14,5,equal5_non_qk,True,"mlp.down_proj,mlp.gate_proj,mlp.up_proj,self_attn.o_proj,self_attn.v_proj","self_attn.q_proj,self_attn.k_proj",284.2,285.2,284.2,-1.0,0.006205167018088361,0.003506311360448808,"{""mlp.down_proj"": 489.0, ""mlp.gate_proj"": 49.0, ""mlp.up_proj"": 326.0, ""self_attn.o_proj"": 289.0, ""self_attn.v_proj"": 273.0}","{""mlp.down_proj"": 487.0, ""mlp.gate_proj"": 48.0, ""mlp.up_proj"": 325.0, ""self_attn.o_proj"": 288.0, ""self_attn.v_proj"": 273.0}","{""mlp.down_proj"": -2.0, ""mlp.gate_proj"": -1.0, ""mlp.up_proj"": -1.0, ""self_attn.o_proj"": -1.0, ""self_attn.v_proj"": 0.0}","{""mlp.down_proj"": 0.00408997955010225, ""mlp.gate_proj"": 0.02040816326530612, ""mlp.up_proj"": 0.003067484662576687, ""self_attn.o_proj"": 0.0034602076124567475, ""self_attn.v_proj"": 0.0}",0.0005199403530207779,0.005685226665067583,7,equal7,True,"mlp.down_proj,mlp.gate_proj,mlp.up_proj,self_attn.k_proj,self_attn.o_proj,self_attn.q_proj,self_attn.v_proj",,213.85714285714286,214.57142857142858,213.85714285714286,-0.7142857142857143,0.004432262155777401,0.003328894806924139,"{""mlp.down_proj"": 489.0, ""mlp.gate_proj"": 49.0, ""mlp.up_proj"": 326.0, ""self_attn.k_proj"": 38.0, ""self_attn.o_proj"": 289.0, ""self_attn.q_proj"": 38.0, ""self_attn.v_proj"": 273.0}","{""mlp.down_proj"": 487.0, ""mlp.gate_proj"": 48.0, ""mlp.up_proj"": 325.0, ""self_attn.k_proj"": 38.0, ""self_attn.o_proj"": 288.0, ""self_attn.q_proj"": 38.0, ""self_attn.v_proj"": 273.0}","{""mlp.down_proj"": -2.0, ""mlp.gate_proj"": -1.0, ""mlp.up_proj"": -1.0, ""self_attn.k_proj"": 0.0, ""self_attn.o_proj"": -1.0, ""self_attn.q_proj"": 0.0, ""self_attn.v_proj"": 0.0}","{""mlp.down_proj"": 0.00408997955010225, ""mlp.gate_proj"": 0.02040816326530612, ""mlp.up_proj"": 0.003067484662576687, ""self_attn.k_proj"": 0.0, ""self_attn.o_proj"": 0.0034602076124567475, ""self_attn.q_proj"": 0.0, ""self_attn.v_proj"": 0.0}",0.0017729048623109601,-0.2857142857142857,70.34285714285713,False,True
,,5,E_math,E_mathHeld,0.1,18,5,equal5_non_qk,True,"mlp.down_proj,mlp.gate_proj,mlp.up_proj,self_attn.o_proj,self_attn.v_proj","self_attn.q_proj,self_attn.k_proj",300.0,300.2,300.0,-0.2,0.000392156862745098,0.0006662225183210814,"{""mlp.down_proj"": 510.0, ""mlp.gate_proj"": 232.0, ""mlp.up_proj"": 397.0, ""self_attn.o_proj"": 232.0, ""self_attn.v_proj"": 130.0}","{""mlp.down_proj"": 509.0, ""mlp.gate_proj"": 232.0, ""mlp.up_proj"": 397.0, ""self_attn.o_proj"": 232.0, ""self_attn.v_proj"": 130.0}","{""mlp.down_proj"": -1.0, ""mlp.gate_proj"": 0.0, ""mlp.up_proj"": 0.0, ""self_attn.o_proj"": 0.0, ""self_attn.v_proj"": 0.0}","{""mlp.down_proj"": 0.00196078431372549, ""mlp.gate_proj"": 0.0, ""mlp.up_proj"": 0.0, ""self_attn.o_proj"": 0.0, ""self_attn.v_proj"": 0.0}",0.0019343105320304018,-0.0015421536692853037,7,equal7,True,"mlp.down_proj,mlp.gate_proj,mlp.up_proj,self_attn.k_proj,self_attn.o_proj,self_attn.q_proj,self_attn.v_proj",,220.0,220.14285714285714,220.0,-0.14285714285714285,0.00028011204481792715,0.0006489292667099101,"{""mlp.down_proj"": 510.0, ""mlp.gate_proj"": 232.0, ""mlp.up_proj"": 397.0, ""self_attn.k_proj"": 18.0, ""self_attn.o_proj"": 232.0, ""self_attn.q_proj"": 22.0, ""self_attn.v_proj"": 130.0}","{""mlp.down_proj"": 509.0, ""mlp.gate_proj"": 232.0, ""mlp.up_proj"": 397.0, ""self_attn.k_proj"": 18.0, ""self_attn.o_proj"": 232.0, ""self_attn.q_proj"": 22.0, ""self_attn.v_proj"": 130.0}","{""mlp.down_proj"": -1.0, ""mlp.gate_proj"": 0.0, ""mlp.up_proj"": 0.0, ""self_attn.k_proj"": 0.0, ""self_attn.o_proj"": 0.0, ""self_attn.q_proj"": 0.0, ""self_attn.v_proj"": 0.0}","{""mlp.down_proj"": 0.00196078431372549, ""mlp.gate_proj"": 0.0, ""mlp.up_proj"": 0.0, ""self_attn.k_proj"": 0.0, ""self_attn.o_proj"": 0.0, ""self_attn.q_proj"": 0.0, ""self_attn.v_proj"": 0.0}",0.00011204481792717087,-0.05714285714285716,80.0,False,True
,,5,E_math_hard_v2,E_AIME24,0.01,14,5,equal5_non_qk,True,"mlp.down_proj,mlp.gate_proj,mlp.up_proj,self_attn.o_proj,self_attn.v_proj","self_attn.q_proj,self_attn.k_proj",1233.8,1236.2,1233.8,-2.4,0.002161972970933317,0.0019414334250122075,"{""mlp.down_proj"": 1802.0, ""mlp.gate_proj"": 877.0, ""mlp.up_proj"": 1561.0, ""self_attn.o_proj"": 1177.0, ""self_attn.v_proj"": 764.0}","{""mlp.down_proj"": 1800.0, ""mlp.gate_proj"": 873.0, ""mlp.up_proj"": 1559.0, ""self_attn.o_proj"": 1174.0, ""self_attn.v_proj"": 763.0}","{""mlp.down_proj"": -2.0, ""mlp.gate_proj"": -4.0, ""mlp.up_proj"": -2.0, ""self_attn.o_proj"": -3.0, ""self_attn.v_proj"": -1.0}","{""mlp.down_proj"": 0.0011098779134295228, ""mlp.gate_proj"": 0.004561003420752566, ""mlp.up_proj"": 0.0012812299807815502, ""self_attn.o_proj"": 0.002548853016142736, ""self_attn.v_proj"": 0.0013089005235602095}",0.0003555128576726849,0.0018064601132606322,7,equal7,True,"mlp.down_proj,mlp.gate_proj,mlp.up_proj,self_attn.k_proj,self_attn.o_proj,self_attn.q_proj,self_attn.v_proj",,992.1428571428571,994.0,992.1428571428571,-1.8571428571428572,0.002023652793236166,0.0018683529749928466,"{""mlp.down_proj"": 1802.0, ""mlp.gate_proj"": 877.0, ""mlp.up_proj"": 1561.0, ""self_attn.k_proj"": 298.0, ""self_attn.o_proj"": 1177.0, ""self_attn.q_proj"": 479.0, ""self_attn.v_proj"": 764.0}","{""mlp.down_proj"": 1800.0, ""mlp.gate_proj"": 873.0, ""mlp.up_proj"": 1559.0, ""self_attn.k_proj"": 297.0, ""self_attn.o_proj"": 1174.0, ""self_attn.q_proj"": 479.0, ""self_attn.v_proj"": 763.0}","{""mlp.down_proj"": -2.0, ""mlp.gate_proj"": -4.0, ""mlp.up_proj"": -2.0, ""self_attn.k_proj"": -1.0, ""self_attn.o_proj"": -3.0, ""self_attn.q_proj"": 0.0, ""self_attn.v_proj"": -1.0}","{""mlp.down_proj"": 0.0011098779134295228, ""mlp.gate_proj"": 0.004561003420752566, ""mlp.up_proj"": 0.0012812299807815502, ""self_attn.k_proj"": 0.003355704697986577, ""self_attn.o_proj"": 0.002548853016142736, ""self_attn.q_proj"": 0.0, ""self_attn.v_proj"": 0.0013089005235602095}",0.0001383201776971512,-0.5428571428571427,241.65714285714284,False,True
,,5,E_math_hard_v2,E_AIME24,0.01,18,5,equal5_non_qk,True,"mlp.down_proj,mlp.gate_proj,mlp.up_proj,self_attn.o_proj,self_attn.v_proj","self_attn.q_proj,self_attn.k_proj",1270.2,1269.4,1270.2,0.8,-0.0005764740894891186,-0.0006302190011028474,"{""mlp.down_proj"": 1764.0, ""mlp.gate_proj"": 1286.0, ""mlp.up_proj"": 1539.0, ""self_attn.o_proj"": 1126.0, ""self_attn.v_proj"": 632.0}","{""mlp.down_proj"": 1765.0, ""mlp.gate_proj"": 1287.0, ""mlp.up_proj"": 1540.0, ""self_attn.o_proj"": 1127.0, ""self_attn.v_proj"": 632.0}","{""mlp.down_proj"": 1.0, ""mlp.gate_proj"": 1.0, ""mlp.up_proj"": 1.0, ""self_attn.o_proj"": 1.0, ""self_attn.v_proj"": 0.0}","{""mlp.down_proj"": -0.0005668934240362812, ""mlp.gate_proj"": -0.0007776049766718507, ""mlp.up_proj"": -0.000649772579597141, ""self_attn.o_proj"": -0.0008880994671403197, ""self_attn.v_proj"": 0.0}",0.00043197723437270375,-0.0010084513238618224,7,equal7,True,"mlp.down_proj,mlp.gate_proj,mlp.up_proj,self_attn.k_proj,self_attn.o_proj,self_attn.q_proj,self_attn.v_proj",,1035.0,1034.2857142857142,1035.0,0.7142857142857143,-0.0006691674641781993,-0.0006906077348066927,"{""mlp.down_proj"": 1764.0, ""mlp.gate_proj"": 1286.0, ""mlp.up_proj"": 1539.0, ""self_attn.k_proj"": 338.0, ""self_attn.o_proj"": 1126.0, ""self_attn.q_proj"": 555.0, ""self_attn.v_proj"": 632.0}","{""mlp.down_proj"": 1765.0, ""mlp.gate_proj"": 1287.0, ""mlp.up_proj"": 1540.0, ""self_attn.k_proj"": 338.0, ""self_attn.o_proj"": 1127.0, ""self_attn.q_proj"": 556.0, ""self_attn.v_proj"": 632.0}","{""mlp.down_proj"": 1.0, ""mlp.gate_proj"": 1.0, ""mlp.up_proj"": 1.0, ""self_attn.k_proj"": 0.0, ""self_attn.o_proj"": 1.0, ""self_attn.q_proj"": 1.0, ""self_attn.v_proj"": 0.0}","{""mlp.down_proj"": -0.0005668934240362812, ""mlp.gate_proj"": -0.0007776049766718507, ""mlp.up_proj"": -0.000649772579597141, ""self_attn.k_proj"": 0.0, ""self_attn.o_proj"": -0.0008880994671403197, ""self_attn.q_proj"": -0.0018018018018018018, ""self_attn.v_proj"": 0.0}",9.269337468908068e-05,0.08571428571428574,235.20000000000005,False,True
,,5,E_math_hard_v2,E_AIME24,0.025,14,5,equal5_non_qk,True,"mlp.down_proj,mlp.gate_proj,mlp.up_proj,self_attn.o_proj,self_attn.v_proj","self_attn.q_proj,self_attn.k_proj",892.4,894.8,892.4,-2.4,0.0030251540487623587,0.0026821636119803054,"{""mlp.down_proj"": 1392.0, ""mlp.gate_proj"": 470.0, ""mlp.up_proj"": 1129.0, ""self_attn.o_proj"": 863.0, ""self_attn.v_proj"": 620.0}","{""mlp.down_proj"": 1389.0, ""mlp.gate_proj"": 467.0, ""mlp.up_proj"": 1126.0, ""self_attn.o_proj"": 861.0, ""self_attn.v_proj"": 619.0}","{""mlp.down_proj"": -3.0, ""mlp.gate_proj"": -3.0, ""mlp.up_proj"": -3.0, ""self_attn.o_proj"": -2.0, ""self_attn.v_proj"": -1.0}","{""mlp.down_proj"": 0.0021551724137931034, ""mlp.gate_proj"": 0.006382978723404255, ""mlp.up_proj"": 0.002657218777679362, ""self_attn.o_proj"": 0.002317497103128621, ""self_attn.v_proj"": 0.0016129032258064516}",0.00043077408229657904,0.0025943799664657798,7,equal7,True,"mlp.down_proj,mlp.gate_proj,mlp.up_proj,self_attn.k_proj,self_attn.o_proj,self_attn.q_proj,self_attn.v_proj",,696.4285714285714,698.2857142857143,696.4285714285714,-1.8571428571428572,0.0030111644565989637,0.0026595744680851527,"{""mlp.down_proj"": 1392.0, ""mlp.gate_proj"": 470.0, ""mlp.up_proj"": 1129.0, ""self_attn.k_proj"": 168.0, ""self_attn.o_proj"": 863.0, ""self_attn.q_proj"": 246.0, ""self_attn.v_proj"": 620.0}","{""mlp.down_proj"": 1389.0, ""mlp.gate_proj"": 467.0, ""mlp.up_proj"": 1126.0, ""self_attn.k_proj"": 167.0, ""self_attn.o_proj"": 861.0, ""self_attn.q_proj"": 246.0, ""self_attn.v_proj"": 619.0}","{""mlp.down_proj"": -3.0, ""mlp.gate_proj"": -3.0, ""mlp.up_proj"": -3.0, ""self_attn.k_proj"": -1.0, ""self_attn.o_proj"": -2.0, ""self_attn.q_proj"": 0.0, ""self_attn.v_proj"": -1.0}","{""mlp.down_proj"": 0.0021551724137931034, ""mlp.gate_proj"": 0.006382978723404255, ""mlp.up_proj"": 0.002657218777679362, ""self_attn.k_proj"": 0.005952380952380952, ""self_attn.o_proj"": 0.002317497103128621, ""self_attn.q_proj"": 0.0, ""self_attn.v_proj"": 0.0016129032258064516}",1.3989592163394984e-05,-0.5428571428571427,195.97142857142853,False,True
,,5,E_math_hard_v2,E_AIME24,0.025,18,5,equal5_non_qk,True,"mlp.down_proj,mlp.gate_proj,mlp.up_proj,self_attn.o_proj,self_attn.v_proj","self_attn.q_proj,self_attn.k_proj",952.6,951.8,952.6,0.8,-0.0007828935177575426,-0.0008405127127548522,"{""mlp.down_proj"": 1417.0, ""mlp.gate_proj"": 889.0, ""mlp.up_proj"": 1167.0, ""self_attn.o_proj"": 815.0, ""self_attn.v_proj"": 471.0}","{""mlp.down_proj"": 1418.0, ""mlp.gate_proj"": 890.0, ""mlp.up_proj"": 1168.0, ""self_attn.o_proj"": 816.0, ""self_attn.v_proj"": 471.0}","{""mlp.down_proj"": 1.0, ""mlp.gate_proj"": 1.0, ""mlp.up_proj"": 1.0, ""self_attn.o_proj"": 1.0, ""self_attn.v_proj"": 0.0}","{""mlp.down_proj"": -0.0007057163020465773, ""mlp.gate_proj"": -0.0011248593925759281, ""mlp.up_proj"": -0.000856898029134533, ""self_attn.o_proj"": -0.001226993865030675, ""self_attn.v_proj"": 0.0}",0.001029734017863048,-0.0018126275356205907,7,equal7,True,"mlp.down_proj,mlp.gate_proj,mlp.up_proj,self_attn.k_proj,self_attn.o_proj,self_attn.q_proj,self_attn.v_proj",,747.4285714285714,746.7142857142857,747.4285714285714,0.7142857142857143,-0.001069413737173755,-0.0009565716472164636,"{""mlp.down_proj"": 1417.0, ""mlp.gate_proj"": 889.0, ""mlp.up_proj"": 1167.0, ""self_attn.k_proj"": 188.0, ""self_attn.o_proj"": 815.0, ""self_attn.q_proj"": 280.0, ""self_attn.v_proj"": 471.0}","{""mlp.down_proj"": 1418.0, ""mlp.gate_proj"": 890.0, ""mlp.up_proj"": 1168.0, ""self_attn.k_proj"": 188.0, ""self_attn.o_proj"": 816.0, ""self_attn.q_proj"": 281.0, ""self_attn.v_proj"": 471.0}","{""mlp.down_proj"": 1.0, ""mlp.gate_proj"": 1.0, ""mlp.up_proj"": 1.0, ""self_attn.k_proj"": 0.0, ""self_attn.o_proj"": 1.0, ""self_attn.q_proj"": 1.0, ""self_attn.v_proj"": 0.0}","{""mlp.down_proj"": -0.0007057163020465773, ""mlp.gate_proj"": -0.0011248593925759281, ""mlp.up_proj"": -0.000856898029134533, ""self_attn.k_proj"": 0.0, ""self_attn.o_proj"": -0.001226993865030675, ""self_attn.q_proj"": -0.0035714285714285713, ""self_attn.v_proj"": 0.0}",0.0002865202194162124,0.08571428571428574,205.17142857142858,False,True
,,5,E_math_hard_v2,E_AIME24,0.05,14,5,equal5_non_qk,True,"mlp.down_proj,mlp.gate_proj,mlp.up_proj,self_attn.o_proj,self_attn.v_proj","self_attn.q_proj,self_attn.k_proj",636.2,638.2,636.2,-2.0,0.003897502169442529,0.0031338138514572234,"{""mlp.down_proj"": 1060.0, ""mlp.gate_proj"": 225.0, ""mlp.up_proj"": 792.0, ""self_attn.o_proj"": 627.0, ""self_attn.v_proj"": 487.0}","{""mlp.down_proj"": 1057.0, ""mlp.gate_proj"": 223.0, ""mlp.up_proj"": 790.0, ""self_attn.o_proj"": 625.0, ""self_attn.v_proj"": 486.0}","{""mlp.down_proj"": -3.0, ""mlp.gate_proj"": -2.0, ""mlp.up_proj"": -2.0, ""self_attn.o_proj"": -2.0, ""self_attn.v_proj"": -1.0}","{""mlp.down_proj"": 0.002830188679245283, ""mlp.gate_proj"": 0.008888888888888889, ""mlp.up_proj"": 0.0025252525252525255, ""self_attn.o_proj"": 0.003189792663476874, ""self_attn.v_proj"": 0.002053388090349076}",0.00020942408376963353,0.003688078085672896,7,equal7,True,"mlp.down_proj,mlp.gate_proj,mlp.up_proj,self_attn.k_proj,self_attn.o_proj,self_attn.q_proj,self_attn.v_proj",,484.14285714285717,485.57142857142856,484.14285714285717,-1.4285714285714286,0.002783930121030378,0.0029420417769931498,"{""mlp.down_proj"": 1060.0, ""mlp.gate_proj"": 225.0, ""mlp.up_proj"": 792.0, ""self_attn.k_proj"": 91.0, ""self_attn.o_proj"": 627.0, ""self_attn.q_proj"": 117.0, ""self_attn.v_proj"": 487.0}","{""mlp.down_proj"": 1057.0, ""mlp.gate_proj"": 223.0, ""mlp.up_proj"": 790.0, ""self_attn.k_proj"": 91.0, ""self_attn.o_proj"": 625.0, ""self_attn.q_proj"": 117.0, ""self_attn.v_proj"": 486.0}","{""mlp.down_proj"": -3.0, ""mlp.gate_proj"": -2.0, ""mlp.up_proj"": -2.0, ""self_attn.k_proj"": 0.0, ""self_attn.o_proj"": -2.0, ""self_attn.q_proj"": 0.0, ""self_attn.v_proj"": -1.0}","{""mlp.down_proj"": 0.002830188679245283, ""mlp.gate_proj"": 0.008888888888888889, ""mlp.up_proj"": 0.0025252525252525255, ""self_attn.k_proj"": 0.0, ""self_attn.o_proj"": 0.003189792663476874, ""self_attn.q_proj"": 0.0, ""self_attn.v_proj"": 0.002053388090349076}",0.0011135720484121512,-0.5714285714285714,152.05714285714288,False,True
,,5,E_math_hard_v2,E_AIME24,0.05,18,5,equal5_non_qk,True,"mlp.down_proj,mlp.gate_proj,mlp.up_proj,self_attn.o_proj,self_attn.v_proj","self_attn.q_proj,self_attn.k_proj",698.4,698.0,698.4,0.4,-0.0005742154637375196,-0.000573065902578764,"{""mlp.down_proj"": 1117.0, ""mlp.gate_proj"": 586.0, ""mlp.up_proj"": 863.0, ""self_attn.o_proj"": 584.0, ""self_attn.v_proj"": 340.0}","{""mlp.down_proj"": 1117.0, ""mlp.gate_proj"": 586.0, ""mlp.up_proj"": 864.0, ""self_attn.o_proj"": 585.0, ""self_attn.v_proj"": 340.0}","{""mlp.down_proj"": 0.0, ""mlp.gate_proj"": 0.0, ""mlp.up_proj"": 1.0, ""self_attn.o_proj"": 1.0, ""self_attn.v_proj"": 0.0}","{""mlp.down_proj"": 0.0, ""mlp.gate_proj"": 0.0, ""mlp.up_proj"": -0.0011587485515643105, ""self_attn.o_proj"": -0.0017123287671232876, ""self_attn.v_proj"": 0.0}",0.0013092462197164952,-0.0018834616834540149,7,equal7,True,"mlp.down_proj,mlp.gate_proj,mlp.up_proj,self_attn.k_proj,self_attn.o_proj,self_attn.q_proj,self_attn.v_proj",,530.0,529.4285714285714,530.0,0.5714285714285714,-0.0031076923987919452,-0.0010793308148947345,"{""mlp.down_proj"": 1117.0, ""mlp.gate_proj"": 586.0, ""mlp.up_proj"": 863.0, ""self_attn.k_proj"": 93.0, ""self_attn.o_proj"": 584.0, ""self_attn.q_proj"": 123.0, ""self_attn.v_proj"": 340.0}","{""mlp.down_proj"": 1117.0, ""mlp.gate_proj"": 586.0, ""mlp.up_proj"": 864.0, ""self_attn.k_proj"": 94.0, ""self_attn.o_proj"": 585.0, ""self_attn.q_proj"": 124.0, ""self_attn.v_proj"": 340.0}","{""mlp.down_proj"": 0.0, ""mlp.gate_proj"": 0.0, ""mlp.up_proj"": 1.0, ""self_attn.k_proj"": 1.0, ""self_attn.o_proj"": 1.0, ""self_attn.q_proj"": 1.0, ""self_attn.v_proj"": 0.0}","{""mlp.down_proj"": 0.0, ""mlp.gate_proj"": 0.0, ""mlp.up_proj"": -0.0011587485515643105, ""self_attn.k_proj"": -0.010752688172043012, ""self_attn.o_proj"": -0.0017123287671232876, ""self_attn.q_proj"": -0.008130081300813009, ""self_attn.v_proj"": 0.0}",0.0025334769350544256,-0.17142857142857137,168.39999999999998,False,True
,,5,E_math_hard_v2,E_AIME24,0.1,14,5,equal5_non_qk,True,"mlp.down_proj,mlp.gate_proj,mlp.up_proj,self_attn.o_proj,self_attn.v_proj","self_attn.q_proj,self_attn.k_proj",400.6,402.0,400.6,-1.4,0.005414325395676073,0.00348258706467656,"{""mlp.down_proj"": 724.0, ""mlp.gate_proj"": 66.0, ""mlp.up_proj"": 474.0, ""self_attn.o_proj"": 405.0, ""self_attn.v_proj"": 341.0}","{""mlp.down_proj"": 722.0, ""mlp.gate_proj"": 65.0, ""mlp.up_proj"": 472.0, ""self_attn.o_proj"": 403.0, ""self_attn.v_proj"": 341.0}","{""mlp.down_proj"": -2.0, ""mlp.gate_proj"": -1.0, ""mlp.up_proj"": -2.0, ""self_attn.o_proj"": -2.0, ""self_attn.v_proj"": 0.0}","{""mlp.down_proj"": 0.0027624309392265192, ""mlp.gate_proj"": 0.015151515151515152, ""mlp.up_proj"": 0.004219409282700422, ""self_attn.o_proj"": 0.0049382716049382715, ""self_attn.v_proj"": 0.0}",0.0005199403530207779,0.004894385042655295,7,equal7,True,"mlp.down_proj,mlp.gate_proj,mlp.up_proj,self_attn.k_proj,self_attn.o_proj,self_attn.q_proj,self_attn.v_proj",,297.7142857142857,298.7142857142857,297.7142857142857,-1.0,0.0038673752826257663,0.0033476805356288854,"{""mlp.down_proj"": 724.0, ""mlp.gate_proj"": 66.0, ""mlp.up_proj"": 474.0, ""self_attn.k_proj"": 40.0, ""self_attn.o_proj"": 405.0, ""self_attn.q_proj"": 41.0, ""self_attn.v_proj"": 341.0}","{""mlp.down_proj"": 722.0, ""mlp.gate_proj"": 65.0, ""mlp.up_proj"": 472.0, ""self_attn.k_proj"": 40.0, ""self_attn.o_proj"": 403.0, ""self_attn.q_proj"": 41.0, ""self_attn.v_proj"": 341.0}","{""mlp.down_proj"": -2.0, ""mlp.gate_proj"": -1.0, ""mlp.up_proj"": -2.0, ""self_attn.k_proj"": 0.0, ""self_attn.o_proj"": -2.0, ""self_attn.q_proj"": 0.0, ""self_attn.v_proj"": 0.0}","{""mlp.down_proj"": 0.0027624309392265192, ""mlp.gate_proj"": 0.015151515151515152, ""mlp.up_proj"": 0.004219409282700422, ""self_attn.k_proj"": 0.0, ""self_attn.o_proj"": 0.0049382716049382715, ""self_attn.q_proj"": 0.0, ""self_attn.v_proj"": 0.0}",0.0015469501130503066,-0.3999999999999999,102.8857142857143,False,True
,,5,E_math_hard_v2,E_AIME24,0.1,18,5,equal5_non_qk,True,"mlp.down_proj,mlp.gate_proj,mlp.up_proj,self_attn.o_proj,self_attn.v_proj","self_attn.q_proj,self_attn.k_proj",448.2,447.6,448.2,0.6,-0.001153289977314053,-0.0013404825737264653,"{""mlp.down_proj"": 795.0, ""mlp.gate_proj"": 309.0, ""mlp.up_proj"": 556.0, ""self_attn.o_proj"": 369.0, ""self_attn.v_proj"": 209.0}","{""mlp.down_proj"": 796.0, ""mlp.gate_proj"": 309.0, ""mlp.up_proj"": 557.0, ""self_attn.o_proj"": 370.0, ""self_attn.v_proj"": 209.0}","{""mlp.down_proj"": 1.0, ""mlp.gate_proj"": 0.0, ""mlp.up_proj"": 1.0, ""self_attn.o_proj"": 1.0, ""self_attn.v_proj"": 0.0}","{""mlp.down_proj"": -0.0012578616352201257, ""mlp.gate_proj"": 0.0, ""mlp.up_proj"": -0.0017985611510791368, ""self_attn.o_proj"": -0.0027100271002710027, ""self_attn.v_proj"": 0.0}",0.0019343105320304018,-0.003087600509344455,7,equal7,True,"mlp.down_proj,mlp.gate_proj,mlp.up_proj,self_attn.k_proj,self_attn.o_proj,self_attn.q_proj,self_attn.v_proj",,329.2857142857143,328.85714285714283,329.2857142857143,0.42857142857142855,-0.0008237785552243236,-0.0013032145960035248,"{""mlp.down_proj"": 795.0, ""mlp.gate_proj"": 309.0, ""mlp.up_proj"": 556.0, ""self_attn.k_proj"": 33.0, ""self_attn.o_proj"": 369.0, ""self_attn.q_proj"": 31.0, ""self_attn.v_proj"": 209.0}","{""mlp.down_proj"": 796.0, ""mlp.gate_proj"": 309.0, ""mlp.up_proj"": 557.0, ""self_attn.k_proj"": 33.0, ""self_attn.o_proj"": 370.0, ""self_attn.q_proj"": 31.0, ""self_attn.v_proj"": 209.0}","{""mlp.down_proj"": 1.0, ""mlp.gate_proj"": 0.0, ""mlp.up_proj"": 1.0, ""self_attn.k_proj"": 0.0, ""self_attn.o_proj"": 1.0, ""self_attn.q_proj"": 0.0, ""self_attn.v_proj"": 0.0}","{""mlp.down_proj"": -0.0012578616352201257, ""mlp.gate_proj"": 0.0, ""mlp.up_proj"": -0.0017985611510791368, ""self_attn.k_proj"": 0.0, ""self_attn.o_proj"": -0.0027100271002710027, ""self_attn.q_proj"": 0.0, ""self_attn.v_proj"": 0.0}",-0.0003295114220897295,0.17142857142857143,118.91428571428571,False,True
,,5,E_ood,E_mmluPro,0.01,14,5,equal5_non_qk,True,"mlp.down_proj,mlp.gate_proj,mlp.up_proj,self_attn.o_proj,self_attn.v_proj","self_attn.q_proj,self_attn.k_proj",1693.4,1694.8,1693.4,-1.4,0.0008301556453630644,0.0008260561718196033,"{""mlp.down_proj"": 2452.0, ""mlp.gate_proj"": 1353.0, ""mlp.up_proj"": 2264.0, ""self_attn.o_proj"": 1557.0, ""self_attn.v_proj"": 848.0}","{""mlp.down_proj"": 2451.0, ""mlp.gate_proj"": 1350.0, ""mlp.up_proj"": 2262.0, ""self_attn.o_proj"": 1556.0, ""self_attn.v_proj"": 848.0}","{""mlp.down_proj"": -1.0, ""mlp.gate_proj"": -3.0, ""mlp.up_proj"": -2.0, ""self_attn.o_proj"": -1.0, ""self_attn.v_proj"": 0.0}","{""mlp.down_proj"": 0.0004078303425774878, ""mlp.gate_proj"": 0.0022172949002217295, ""mlp.up_proj"": 0.0008833922261484099, ""self_attn.o_proj"": 0.0006422607578676942, ""self_attn.v_proj"": 0.0}",0.0003555128576726849,0.0004746427876903795,7,equal7,True,"mlp.down_proj,mlp.gate_proj,mlp.up_proj,self_attn.k_proj,self_attn.o_proj,self_attn.q_proj,self_attn.v_proj",,1342.857142857143,1343.857142857143,1342.857142857143,-1.0,0.0005929683181164745,0.000744126714149038,"{""mlp.down_proj"": 2452.0, ""mlp.gate_proj"": 1353.0, ""mlp.up_proj"": 2264.0, ""self_attn.k_proj"": 330.0, ""self_attn.o_proj"": 1557.0, ""self_attn.q_proj"": 603.0, ""self_attn.v_proj"": 848.0}","{""mlp.down_proj"": 2451.0, ""mlp.gate_proj"": 1350.0, ""mlp.up_proj"": 2262.0, ""self_attn.k_proj"": 330.0, ""self_attn.o_proj"": 1556.0, ""self_attn.q_proj"": 603.0, ""self_attn.v_proj"": 848.0}","{""mlp.down_proj"": -1.0, ""mlp.gate_proj"": -3.0, ""mlp.up_proj"": -2.0, ""self_attn.k_proj"": 0.0, ""self_attn.o_proj"": -1.0, ""self_attn.q_proj"": 0.0, ""self_attn.v_proj"": 0.0}","{""mlp.down_proj"": 0.0004078303425774878, ""mlp.gate_proj"": 0.0022172949002217295, ""mlp.up_proj"": 0.0008833922261484099, ""self_attn.k_proj"": 0.0, ""self_attn.o_proj"": 0.0006422607578676942, ""self_attn.q_proj"": 0.0, ""self_attn.v_proj"": 0.0}",0.00023718732724658988,-0.3999999999999999,350.5428571428572,False,True
,,5,E_ood,E_mmluPro,0.01,18,5,equal5_non_qk,True,"mlp.down_proj,mlp.gate_proj,mlp.up_proj,self_attn.o_proj,self_attn.v_proj","self_attn.q_proj,self_attn.k_proj",1611.2,1610.8,1611.2,0.4,-0.0002719238613188307,-0.0002483238142538434,"{""mlp.down_proj"": 2156.0, ""mlp.gate_proj"": 1668.0, ""mlp.up_proj"": 2030.0, ""self_attn.o_proj"": 1471.0, ""self_attn.v_proj"": 729.0}","{""mlp.down_proj"": 2156.0, ""mlp.gate_proj"": 1668.0, ""mlp.up_proj"": 2030.0, ""self_attn.o_proj"": 1473.0, ""self_attn.v_proj"": 729.0}","{""mlp.down_proj"": 0.0, ""mlp.gate_proj"": 0.0, ""mlp.up_proj"": 0.0, ""self_attn.o_proj"": 2.0, ""self_attn.v_proj"": 0.0}","{""mlp.down_proj"": 0.0, ""mlp.gate_proj"": 0.0, ""mlp.up_proj"": 0.0, ""self_attn.o_proj"": -0.0013596193065941536, ""self_attn.v_proj"": 0.0}",0.00043197723437270375,-0.0007039010956915344,7,equal7,True,"mlp.down_proj,mlp.gate_proj,mlp.up_proj,self_attn.k_proj,self_attn.o_proj,self_attn.q_proj,self_attn.v_proj",,1306.7142857142858,1306.0,1306.7142857142858,0.7142857142857143,-0.000966090484384659,-0.000546926274338269,"{""mlp.down_proj"": 2156.0, ""mlp.gate_proj"": 1668.0, ""mlp.up_proj"": 2030.0, ""self_attn.k_proj"": 402.0, ""self_attn.o_proj"": 1471.0, ""self_attn.q_proj"": 686.0, ""self_attn.v_proj"": 729.0}","{""mlp.down_proj"": 2156.0, ""mlp.gate_proj"": 1668.0, ""mlp.up_proj"": 2030.0, ""self_attn.k_proj"": 403.0, ""self_attn.o_proj"": 1473.0, ""self_attn.q_proj"": 688.0, ""self_attn.v_proj"": 729.0}","{""mlp.down_proj"": 0.0, ""mlp.gate_proj"": 0.0, ""mlp.up_proj"": 0.0, ""self_attn.k_proj"": 1.0, ""self_attn.o_proj"": 2.0, ""self_attn.q_proj"": 2.0, ""self_attn.v_proj"": 0.0}","{""mlp.down_proj"": 0.0, ""mlp.gate_proj"": 0.0, ""mlp.up_proj"": 0.0, ""self_attn.k_proj"": -0.0024875621890547263, ""self_attn.o_proj"": -0.0013596193065941536, ""self_attn.q_proj"": -0.0029154518950437317, ""self_attn.v_proj"": 0.0}",0.0006941666230658283,-0.3142857142857143,304.48571428571427,False,True
,,5,E_ood,E_mmluPro,0.025,14,5,equal5_non_qk,True,"mlp.down_proj,mlp.gate_proj,mlp.up_proj,self_attn.o_proj,self_attn.v_proj","self_attn.q_proj,self_attn.k_proj",1295.6,1297.0,1295.6,-1.4,0.001416804360932832,0.0010794140323824911,"{""mlp.down_proj"": 2058.0, ""mlp.gate_proj"": 732.0, ""mlp.up_proj"": 1776.0, ""self_attn.o_proj"": 1191.0, ""self_attn.v_proj"": 728.0}","{""mlp.down_proj"": 2057.0, ""mlp.gate_proj"": 729.0, ""mlp.up_proj"": 1774.0, ""self_attn.o_proj"": 1191.0, ""self_attn.v_proj"": 727.0}","{""mlp.down_proj"": -1.0, ""mlp.gate_proj"": -3.0, ""mlp.up_proj"": -2.0, ""self_attn.o_proj"": 0.0, ""self_attn.v_proj"": -1.0}","{""mlp.down_proj"": 0.00048590864917395527, ""mlp.gate_proj"": 0.004098360655737705, ""mlp.up_proj"": 0.0011261261261261261, ""self_attn.o_proj"": 0.0, ""self_attn.v_proj"": 0.0013736263736263737}",0.00043077408229657904,0.0009860302786362531,7,equal7,True,"mlp.down_proj,mlp.gate_proj,mlp.up_proj,self_attn.k_proj,self_attn.o_proj,self_attn.q_proj,self_attn.v_proj",,992.0,993.0,992.0,-1.0,0.001012003114952023,0.0010070493454179255,"{""mlp.down_proj"": 2058.0, ""mlp.gate_proj"": 732.0, ""mlp.up_proj"": 1776.0, ""self_attn.k_proj"": 178.0, ""self_attn.o_proj"": 1191.0, ""self_attn.q_proj"": 288.0, ""self_attn.v_proj"": 728.0}","{""mlp.down_proj"": 2057.0, ""mlp.gate_proj"": 729.0, ""mlp.up_proj"": 1774.0, ""self_attn.k_proj"": 178.0, ""self_attn.o_proj"": 1191.0, ""self_attn.q_proj"": 288.0, ""self_attn.v_proj"": 727.0}","{""mlp.down_proj"": -1.0, ""mlp.gate_proj"": -3.0, ""mlp.up_proj"": -2.0, ""self_attn.k_proj"": 0.0, ""self_attn.o_proj"": 0.0, ""self_attn.q_proj"": 0.0, ""self_attn.v_proj"": -1.0}","{""mlp.down_proj"": 0.00048590864917395527, ""mlp.gate_proj"": 0.004098360655737705, ""mlp.up_proj"": 0.0011261261261261261, ""self_attn.k_proj"": 0.0, ""self_attn.o_proj"": 0.0, ""self_attn.q_proj"": 0.0, ""self_attn.v_proj"": 0.0013736263736263737}",0.00040480124598080906,-0.3999999999999999,303.5999999999999,False,True
,,5,E_ood,E_mmluPro,0.025,18,5,equal5_non_qk,True,"mlp.down_proj,mlp.gate_proj,mlp.up_proj,self_attn.o_proj,self_attn.v_proj","self_attn.q_proj,self_attn.k_proj",1269.6,1269.0,1269.6,0.6,-0.0005334849586448177,-0.0004728132387706139,"{""mlp.down_proj"": 1847.0, ""mlp.gate_proj"": 1164.0, ""mlp.up_proj"": 1656.0, ""self_attn.o_proj"": 1106.0, ""self_attn.v_proj"": 572.0}","{""mlp.down_proj"": 1847.0, ""mlp.gate_proj"": 1165.0, ""mlp.up_proj"": 1656.0, ""self_attn.o_proj"": 1108.0, ""self_attn.v_proj"": 572.0}","{""mlp.down_proj"": 0.0, ""mlp.gate_proj"": 1.0, ""mlp.up_proj"": 0.0, ""self_attn.o_proj"": 2.0, ""self_attn.v_proj"": 0.0}","{""mlp.down_proj"": 0.0, ""mlp.gate_proj"": -0.000859106529209622, ""mlp.up_proj"": 0.0, ""self_attn.o_proj"": -0.0018083182640144665, ""self_attn.v_proj"": 0.0}",0.001029734017863048,-0.0015632189765078658,7,equal7,True,"mlp.down_proj,mlp.gate_proj,mlp.up_proj,self_attn.k_proj,self_attn.o_proj,self_attn.q_proj,self_attn.v_proj",,985.4285714285714,984.8571428571429,985.4285714285714,0.5714285714285714,-0.0008288887187812288,-0.0005802146794313732,"{""mlp.down_proj"": 1847.0, ""mlp.gate_proj"": 1164.0, ""mlp.up_proj"": 1656.0, ""self_attn.k_proj"": 230.0, ""self_attn.o_proj"": 1106.0, ""self_attn.q_proj"": 319.0, ""self_attn.v_proj"": 572.0}","{""mlp.down_proj"": 1847.0, ""mlp.gate_proj"": 1165.0, ""mlp.up_proj"": 1656.0, ""self_attn.k_proj"": 230.0, ""self_attn.o_proj"": 1108.0, ""self_attn.q_proj"": 320.0, ""self_attn.v_proj"": 572.0}","{""mlp.down_proj"": 0.0, ""mlp.gate_proj"": 1.0, ""mlp.up_proj"": 0.0, ""self_attn.k_proj"": 0.0, ""self_attn.o_proj"": 2.0, ""self_attn.q_proj"": 1.0, ""self_attn.v_proj"": 0.0}","{""mlp.down_proj"": 0.0, ""mlp.gate_proj"": -0.000859106529209622, ""mlp.up_proj"": 0.0, ""self_attn.k_proj"": 0.0, ""self_attn.o_proj"": -0.0018083182640144665, ""self_attn.q_proj"": -0.003134796238244514, ""self_attn.v_proj"": 0.0}",0.00029540376013641114,0.02857142857142858,284.17142857142846,False,True
,,5,E_ood,E_mmluPro,0.05,14,5,equal5_non_qk,True,"mlp.down_proj,mlp.gate_proj,mlp.up_proj,self_attn.o_proj,self_attn.v_proj","self_attn.q_proj,self_attn.k_proj",961.0,962.0,961.0,-1.0,0.0016423747330234345,0.0010395010395010396,"{""mlp.down_proj"": 1669.0, ""mlp.gate_proj"": 328.0, ""mlp.up_proj"": 1320.0, ""self_attn.o_proj"": 891.0, ""self_attn.v_proj"": 602.0}","{""mlp.down_proj"": 1668.0, ""mlp.gate_proj"": 326.0, ""mlp.up_proj"": 1318.0, ""self_attn.o_proj"": 891.0, ""self_attn.v_proj"": 602.0}","{""mlp.down_proj"": -1.0, ""mlp.gate_proj"": -2.0, ""mlp.up_proj"": -2.0, ""self_attn.o_proj"": 0.0, ""self_attn.v_proj"": 0.0}","{""mlp.down_proj"": 0.0005991611743559018, ""mlp.gate_proj"": 0.006097560975609756, ""mlp.up_proj"": 0.0015151515151515152, ""self_attn.o_proj"": 0.0, ""self_attn.v_proj"": 0.0}",0.00020942408376963353,0.001432950649253801,7,equal7,True,"mlp.down_proj,mlp.gate_proj,mlp.up_proj,self_attn.k_proj,self_attn.o_proj,self_attn.q_proj,self_attn.v_proj",,717.0,717.7142857142857,717.0,-0.7142857142857143,0.0011731248093024532,0.0009952229299362379,"{""mlp.down_proj"": 1669.0, ""mlp.gate_proj"": 328.0, ""mlp.up_proj"": 1320.0, ""self_attn.k_proj"": 91.0, ""self_attn.o_proj"": 891.0, ""self_attn.q_proj"": 123.0, ""self_attn.v_proj"": 602.0}","{""mlp.down_proj"": 1668.0, ""mlp.gate_proj"": 326.0, ""mlp.up_proj"": 1318.0, ""self_attn.k_proj"": 91.0, ""self_attn.o_proj"": 891.0, ""self_attn.q_proj"": 123.0, ""self_attn.v_proj"": 602.0}","{""mlp.down_proj"": -1.0, ""mlp.gate_proj"": -2.0, ""mlp.up_proj"": -2.0, ""self_attn.k_proj"": 0.0, ""self_attn.o_proj"": 0.0, ""self_attn.q_proj"": 0.0, ""self_attn.v_proj"": 0.0}","{""mlp.down_proj"": 0.0005991611743559018, ""mlp.gate_proj"": 0.006097560975609756, ""mlp.up_proj"": 0.0015151515151515152, ""self_attn.k_proj"": 0.0, ""self_attn.o_proj"": 0.0, ""self_attn.q_proj"": 0.0, ""self_attn.v_proj"": 0.0}",0.00046924992372098136,-0.2857142857142857,244.0,False,True
,,5,E_ood,E_mmluPro,0.05,18,5,equal5_non_qk,True,"mlp.down_proj,mlp.gate_proj,mlp.up_proj,self_attn.o_proj,self_attn.v_proj","self_attn.q_proj,self_attn.k_proj",955.6,955.0,955.6,0.6,-0.0007664422927910628,-0.0006282722513089243,"{""mlp.down_proj"": 1519.0, ""mlp.gate_proj"": 732.0, ""mlp.up_proj"": 1282.0, ""self_attn.o_proj"": 811.0, ""self_attn.v_proj"": 431.0}","{""mlp.down_proj"": 1519.0, ""mlp.gate_proj"": 733.0, ""mlp.up_proj"": 1282.0, ""self_attn.o_proj"": 813.0, ""self_attn.v_proj"": 431.0}","{""mlp.down_proj"": 0.0, ""mlp.gate_proj"": 1.0, ""mlp.up_proj"": 0.0, ""self_attn.o_proj"": 2.0, ""self_attn.v_proj"": 0.0}","{""mlp.down_proj"": 0.0, ""mlp.gate_proj"": -0.001366120218579235, ""mlp.up_proj"": 0.0, ""self_attn.o_proj"": -0.002466091245376079, ""self_attn.v_proj"": 0.0}",0.0013092462197164952,-0.002075688512507558,7,equal7,True,"mlp.down_proj,mlp.gate_proj,mlp.up_proj,self_attn.k_proj,self_attn.o_proj,self_attn.q_proj,self_attn.v_proj",,716.5714285714286,716.0,716.5714285714286,0.5714285714285714,-0.0017280963248389528,-0.0007980845969672558,"{""mlp.down_proj"": 1519.0, ""mlp.gate_proj"": 732.0, ""mlp.up_proj"": 1282.0, ""self_attn.k_proj"": 116.0, ""self_attn.o_proj"": 811.0, ""self_attn.q_proj"": 121.0, ""self_attn.v_proj"": 431.0}","{""mlp.down_proj"": 1519.0, ""mlp.gate_proj"": 733.0, ""mlp.up_proj"": 1282.0, ""self_attn.k_proj"": 116.0, ""self_attn.o_proj"": 813.0, ""self_attn.q_proj"": 122.0, ""self_attn.v_proj"": 431.0}","{""mlp.down_proj"": 0.0, ""mlp.gate_proj"": 1.0, ""mlp.up_proj"": 0.0, ""self_attn.k_proj"": 0.0, ""self_attn.o_proj"": 2.0, ""self_attn.q_proj"": 1.0, ""self_attn.v_proj"": 0.0}","{""mlp.down_proj"": 0.0, ""mlp.gate_proj"": -0.001366120218579235, ""mlp.up_proj"": 0.0, ""self_attn.k_proj"": 0.0, ""self_attn.o_proj"": -0.002466091245376079, ""self_attn.q_proj"": -0.008264462809917356, ""self_attn.v_proj"": 0.0}",0.00096165403204789,0.02857142857142858,239.02857142857147,False,True
,,5,E_ood,E_mmluPro,0.1,14,5,equal5_non_qk,True,"mlp.down_proj,mlp.gate_proj,mlp.up_proj,self_attn.o_proj,self_attn.v_proj","self_attn.q_proj,self_attn.k_proj",629.8,630.8,629.8,-1.0,0.0035072110103663567,0.0015852885225110971,"{""mlp.down_proj"": 1213.0, ""mlp.gate_proj"": 83.0, ""mlp.up_proj"": 826.0, ""self_attn.o_proj"": 586.0, ""self_attn.v_proj"": 446.0}","{""mlp.down_proj"": 1212.0, ""mlp.gate_proj"": 82.0, ""mlp.up_proj"": 824.0, ""self_attn.o_proj"": 586.0, ""self_attn.v_proj"": 445.0}","{""mlp.down_proj"": -1.0, ""mlp.gate_proj"": -1.0, ""mlp.up_proj"": -2.0, ""self_attn.o_proj"": 0.0, ""self_attn.v_proj"": -1.0}","{""mlp.down_proj"": 0.0008244023083264633, ""mlp.gate_proj"": 0.012048192771084338, ""mlp.up_proj"": 0.002421307506053269, ""self_attn.o_proj"": 0.0, ""self_attn.v_proj"": 0.002242152466367713}",0.0005199403530207779,0.0029872706573455788,7,equal7,True,"mlp.down_proj,mlp.gate_proj,mlp.up_proj,self_attn.k_proj,self_attn.o_proj,self_attn.q_proj,self_attn.v_proj",,461.2857142857143,462.0,461.2857142857143,-0.7142857142857143,0.0025051507216902547,0.0015460729746444208,"{""mlp.down_proj"": 1213.0, ""mlp.gate_proj"": 83.0, ""mlp.up_proj"": 826.0, ""self_attn.k_proj"": 39.0, ""self_attn.o_proj"": 586.0, ""self_attn.q_proj"": 41.0, ""self_attn.v_proj"": 446.0}","{""mlp.down_proj"": 1212.0, ""mlp.gate_proj"": 82.0, ""mlp.up_proj"": 824.0, ""self_attn.k_proj"": 39.0, ""self_attn.o_proj"": 586.0, ""self_attn.q_proj"": 41.0, ""self_attn.v_proj"": 445.0}","{""mlp.down_proj"": -1.0, ""mlp.gate_proj"": -1.0, ""mlp.up_proj"": -2.0, ""self_attn.k_proj"": 0.0, ""self_attn.o_proj"": 0.0, ""self_attn.q_proj"": 0.0, ""self_attn.v_proj"": -1.0}","{""mlp.down_proj"": 0.0008244023083264633, ""mlp.gate_proj"": 0.012048192771084338, ""mlp.up_proj"": 0.002421307506053269, ""self_attn.k_proj"": 0.0, ""self_attn.o_proj"": 0.0, ""self_attn.q_proj"": 0.0, ""self_attn.v_proj"": 0.002242152466367713}",0.001002060288676102,-0.2857142857142857,168.51428571428568,False,True
,,5,E_ood,E_mmluPro,0.1,18,5,equal5_non_qk,True,"mlp.down_proj,mlp.gate_proj,mlp.up_proj,self_attn.o_proj,self_attn.v_proj","self_attn.q_proj,self_attn.k_proj",618.4,618.0,618.4,0.4,-0.0008278462012133293,-0.0006472491909384746,"{""mlp.down_proj"": 1115.0, ""mlp.gate_proj"": 328.0, ""mlp.up_proj"": 851.0, ""self_attn.o_proj"": 518.0, ""self_attn.v_proj"": 278.0}","{""mlp.down_proj"": 1114.0, ""mlp.gate_proj"": 328.0, ""mlp.up_proj"": 852.0, ""self_attn.o_proj"": 520.0, ""self_attn.v_proj"": 278.0}","{""mlp.down_proj"": -1.0, ""mlp.gate_proj"": 0.0, ""mlp.up_proj"": 1.0, ""self_attn.o_proj"": 2.0, ""self_attn.v_proj"": 0.0}","{""mlp.down_proj"": 0.0008968609865470852, ""mlp.gate_proj"": 0.0, ""mlp.up_proj"": -0.0011750881316098707, ""self_attn.o_proj"": -0.003861003861003861, ""self_attn.v_proj"": 0.0}",0.0019343105320304018,-0.0027621567332437313,7,equal7,True,"mlp.down_proj,mlp.gate_proj,mlp.up_proj,self_attn.k_proj,self_attn.o_proj,self_attn.q_proj,self_attn.v_proj",,451.2857142857143,450.85714285714283,451.2857142857143,0.42857142857142855,-0.00416274728658095,-0.0009505703422053593,"{""mlp.down_proj"": 1115.0, ""mlp.gate_proj"": 328.0, ""mlp.up_proj"": 851.0, ""self_attn.k_proj"": 40.0, ""self_attn.o_proj"": 518.0, ""self_attn.q_proj"": 26.0, ""self_attn.v_proj"": 278.0}","{""mlp.down_proj"": 1114.0, ""mlp.gate_proj"": 328.0, ""mlp.up_proj"": 852.0, ""self_attn.k_proj"": 41.0, ""self_attn.o_proj"": 520.0, ""self_attn.q_proj"": 26.0, ""self_attn.v_proj"": 278.0}","{""mlp.down_proj"": -1.0, ""mlp.gate_proj"": 0.0, ""mlp.up_proj"": 1.0, ""self_attn.k_proj"": 1.0, ""self_attn.o_proj"": 2.0, ""self_attn.q_proj"": 0.0, ""self_attn.v_proj"": 0.0}","{""mlp.down_proj"": 0.0008968609865470852, ""mlp.gate_proj"": 0.0, ""mlp.up_proj"": -0.0011750881316098707, ""self_attn.k_proj"": -0.025, ""self_attn.o_proj"": -0.003861003861003861, ""self_attn.q_proj"": 0.0, ""self_attn.v_proj"": 0.0}",0.0033349010853676204,-0.028571428571428525,167.1142857142857,False,True
,,5,S_math,legacy_S_math,0.01,14,5,equal5_non_qk,True,"mlp.down_proj,mlp.gate_proj,mlp.up_proj,self_attn.o_proj,self_attn.v_proj","self_attn.q_proj,self_attn.k_proj",931.2,924.4,931.2,6.8,-0.006855388284640848,-0.007356122890523657,"{""mlp.down_proj"": 1423.0, ""mlp.gate_proj"": 604.0, ""mlp.up_proj"": 1193.0, ""self_attn.o_proj"": 743.0, ""self_attn.v_proj"": 659.0}","{""mlp.down_proj"": 1437.0, ""mlp.gate_proj"": 608.0, ""mlp.up_proj"": 1201.0, ""self_attn.o_proj"": 749.0, ""self_attn.v_proj"": 661.0}","{""mlp.down_proj"": 14.0, ""mlp.gate_proj"": 4.0, ""mlp.up_proj"": 8.0, ""self_attn.o_proj"": 6.0, ""self_attn.v_proj"": 2.0}","{""mlp.down_proj"": -0.009838369641602248, ""mlp.gate_proj"": -0.006622516556291391, ""mlp.up_proj"": -0.006705783738474434, ""self_attn.o_proj"": -0.008075370121130552, ""self_attn.v_proj"": -0.0030349013657056147}",0.0003555128576726849,-0.007210901142313533,7,equal7,True,"mlp.down_proj,mlp.gate_proj,mlp.up_proj,self_attn.k_proj,self_attn.o_proj,self_attn.q_proj,self_attn.v_proj",,734.8571428571429,729.0,734.8571428571429,5.857142857142857,-0.008854111733945734,-0.008034489515971042,"{""mlp.down_proj"": 1423.0, ""mlp.gate_proj"": 604.0, ""mlp.up_proj"": 1193.0, ""self_attn.k_proj"": 186.0, ""self_attn.o_proj"": 743.0, ""self_attn.q_proj"": 295.0, ""self_attn.v_proj"": 659.0}","{""mlp.down_proj"": 1437.0, ""mlp.gate_proj"": 608.0, ""mlp.up_proj"": 1201.0, ""self_attn.k_proj"": 188.0, ""self_attn.o_proj"": 749.0, ""self_attn.q_proj"": 300.0, ""self_attn.v_proj"": 661.0}","{""mlp.down_proj"": 14.0, ""mlp.gate_proj"": 4.0, ""mlp.up_proj"": 8.0, ""self_attn.k_proj"": 2.0, ""self_attn.o_proj"": 6.0, ""self_attn.q_proj"": 5.0, ""self_attn.v_proj"": 2.0}","{""mlp.down_proj"": -0.009838369641602248, ""mlp.gate_proj"": -0.006622516556291391, ""mlp.up_proj"": -0.006705783738474434, ""self_attn.k_proj"": -0.010752688172043012, ""self_attn.o_proj"": -0.008075370121130552, ""self_attn.q_proj"": -0.01694915254237288, ""self_attn.v_proj"": -0.0030349013657056147}",0.001998723449304886,0.9428571428571431,196.34285714285716,False,True
,,5,S_math,legacy_S_math,0.01,18,5,equal5_non_qk,True,"mlp.down_proj,mlp.gate_proj,mlp.up_proj,self_attn.o_proj,self_attn.v_proj","self_attn.q_proj,self_attn.k_proj",1538.4,1527.2,1538.4,11.2,-0.007968168157255696,-0.007333682556312235,"{""mlp.down_proj"": 2158.0, ""mlp.gate_proj"": 1490.0, ""mlp.up_proj"": 1931.0, ""self_attn.o_proj"": 1338.0, ""self_attn.v_proj"": 719.0}","{""mlp.down_proj"": 2160.0, ""mlp.gate_proj"": 1509.0, ""mlp.up_proj"": 1945.0, ""self_attn.o_proj"": 1354.0, ""self_attn.v_proj"": 724.0}","{""mlp.down_proj"": 2.0, ""mlp.gate_proj"": 19.0, ""mlp.up_proj"": 14.0, ""self_attn.o_proj"": 16.0, ""self_attn.v_proj"": 5.0}","{""mlp.down_proj"": -0.0009267840593141798, ""mlp.gate_proj"": -0.012751677852348993, ""mlp.up_proj"": -0.0072501294665976174, ""self_attn.o_proj"": -0.01195814648729447, ""self_attn.v_proj"": -0.006954102920723227}",0.00043197723437270375,-0.0084001453916284,7,equal7,True,"mlp.down_proj,mlp.gate_proj,mlp.up_proj,self_attn.k_proj,self_attn.o_proj,self_attn.q_proj,self_attn.v_proj",,1246.5714285714287,1236.5714285714287,1246.5714285714287,10.0,-0.009432976062624915,-0.008086876155268022,"{""mlp.down_proj"": 2158.0, ""mlp.gate_proj"": 1490.0, ""mlp.up_proj"": 1931.0, ""self_attn.k_proj"": 371.0, ""self_attn.o_proj"": 1338.0, ""self_attn.q_proj"": 649.0, ""self_attn.v_proj"": 719.0}","{""mlp.down_proj"": 2160.0, ""mlp.gate_proj"": 1509.0, ""mlp.up_proj"": 1945.0, ""self_attn.k_proj"": 375.0, ""self_attn.o_proj"": 1354.0, ""self_attn.q_proj"": 659.0, ""self_attn.v_proj"": 724.0}","{""mlp.down_proj"": 2.0, ""mlp.gate_proj"": 19.0, ""mlp.up_proj"": 14.0, ""self_attn.k_proj"": 4.0, ""self_attn.o_proj"": 16.0, ""self_attn.q_proj"": 10.0, ""self_attn.v_proj"": 5.0}","{""mlp.down_proj"": -0.0009267840593141798, ""mlp.gate_proj"": -0.012751677852348993, ""mlp.up_proj"": -0.0072501294665976174, ""self_attn.k_proj"": -0.01078167115902965, ""self_attn.o_proj"": -0.01195814648729447, ""self_attn.q_proj"": -0.015408320493066256, ""self_attn.v_proj"": -0.006954102920723227}",0.001464807905369219,1.1999999999999993,291.8285714285714,False,True
,,5,S_math,legacy_S_math,0.025,14,5,equal5_non_qk,True,"mlp.down_proj,mlp.gate_proj,mlp.up_proj,self_attn.o_proj,self_attn.v_proj","self_attn.q_proj,self_attn.k_proj",618.2,612.8,618.2,5.4,-0.008420714293615048,-0.00881201044386438,"{""mlp.down_proj"": 1011.0, ""mlp.gate_proj"": 295.0, ""mlp.up_proj"": 783.0, ""self_attn.o_proj"": 477.0, ""self_attn.v_proj"": 498.0}","{""mlp.down_proj"": 1023.0, ""mlp.gate_proj"": 298.0, ""mlp.up_proj"": 789.0, ""self_attn.o_proj"": 481.0, ""self_attn.v_proj"": 500.0}","{""mlp.down_proj"": 12.0, ""mlp.gate_proj"": 3.0, ""mlp.up_proj"": 6.0, ""self_attn.o_proj"": 4.0, ""self_attn.v_proj"": 2.0}","{""mlp.down_proj"": -0.011869436201780416, ""mlp.gate_proj"": -0.010169491525423728, ""mlp.up_proj"": -0.007662835249042145, ""self_attn.o_proj"": -0.008385744234800839, ""self_attn.v_proj"": -0.004016064257028112}",0.00043077408229657904,-0.008851488375911628,7,equal7,True,"mlp.down_proj,mlp.gate_proj,mlp.up_proj,self_attn.k_proj,self_attn.o_proj,self_attn.q_proj,self_attn.v_proj",,475.42857142857144,470.85714285714283,475.42857142857144,4.571428571428571,-0.0121598996639341,-0.009708737864077756,"{""mlp.down_proj"": 1011.0, ""mlp.gate_proj"": 295.0, ""mlp.up_proj"": 783.0, ""self_attn.k_proj"": 94.0, ""self_attn.o_proj"": 477.0, ""self_attn.q_proj"": 138.0, ""self_attn.v_proj"": 498.0}","{""mlp.down_proj"": 1023.0, ""mlp.gate_proj"": 298.0, ""mlp.up_proj"": 789.0, ""self_attn.k_proj"": 96.0, ""self_attn.o_proj"": 481.0, ""self_attn.q_proj"": 141.0, ""self_attn.v_proj"": 500.0}","{""mlp.down_proj"": 12.0, ""mlp.gate_proj"": 3.0, ""mlp.up_proj"": 6.0, ""self_attn.k_proj"": 2.0, ""self_attn.o_proj"": 4.0, ""self_attn.q_proj"": 3.0, ""self_attn.v_proj"": 2.0}","{""mlp.down_proj"": -0.011869436201780416, ""mlp.gate_proj"": -0.010169491525423728, ""mlp.up_proj"": -0.007662835249042145, ""self_attn.k_proj"": -0.02127659574468085, ""self_attn.o_proj"": -0.008385744234800839, ""self_attn.q_proj"": -0.021739130434782608, ""self_attn.v_proj"": -0.004016064257028112}",0.0037391853703190522,0.8285714285714292,142.7714285714286,False,True
,,5,S_math,legacy_S_math,0.025,18,5,equal5_non_qk,True,"mlp.down_proj,mlp.gate_proj,mlp.up_proj,self_attn.o_proj,self_attn.v_proj","self_attn.q_proj,self_attn.k_proj",1182.0,1169.2,1182.0,12.8,-0.012586334201391904,-0.010947656517276732,"{""mlp.down_proj"": 1850.0, ""mlp.gate_proj"": 956.0, ""mlp.up_proj"": 1521.0, ""self_attn.o_proj"": 958.0, ""self_attn.v_proj"": 561.0}","{""mlp.down_proj"": 1852.0, ""mlp.gate_proj"": 975.0, ""mlp.up_proj"": 1540.0, ""self_attn.o_proj"": 976.0, ""self_attn.v_proj"": 567.0}","{""mlp.down_proj"": 2.0, ""mlp.gate_proj"": 19.0, ""mlp.up_proj"": 19.0, ""self_attn.o_proj"": 18.0, ""self_attn.v_proj"": 6.0}","{""mlp.down_proj"": -0.001081081081081081, ""mlp.gate_proj"": -0.0198744769874477, ""mlp.up_proj"": -0.012491781722550954, ""self_attn.o_proj"": -0.018789144050104383, ""self_attn.v_proj"": -0.0106951871657754}",0.001029734017863048,-0.013616068219254953,7,equal7,True,"mlp.down_proj,mlp.gate_proj,mlp.up_proj,self_attn.k_proj,self_attn.o_proj,self_attn.q_proj,self_attn.v_proj",,919.5714285714286,909.2857142857143,919.5714285714286,10.285714285714286,-0.013352745528234958,-0.011311861743911947,"{""mlp.down_proj"": 1850.0, ""mlp.gate_proj"": 956.0, ""mlp.up_proj"": 1521.0, ""self_attn.k_proj"": 206.0, ""self_attn.o_proj"": 958.0, ""self_attn.q_proj"": 313.0, ""self_attn.v_proj"": 561.0}","{""mlp.down_proj"": 1852.0, ""mlp.gate_proj"": 975.0, ""mlp.up_proj"": 1540.0, ""self_attn.k_proj"": 209.0, ""self_attn.o_proj"": 976.0, ""self_attn.q_proj"": 318.0, ""self_attn.v_proj"": 567.0}","{""mlp.down_proj"": 2.0, ""mlp.gate_proj"": 19.0, ""mlp.up_proj"": 19.0, ""self_attn.k_proj"": 3.0, ""self_attn.o_proj"": 18.0, ""self_attn.q_proj"": 5.0, ""self_attn.v_proj"": 6.0}","{""mlp.down_proj"": -0.001081081081081081, ""mlp.gate_proj"": -0.0198744769874477, ""mlp.up_proj"": -0.012491781722550954, ""self_attn.k_proj"": -0.014563106796116505, ""self_attn.o_proj"": -0.018789144050104383, ""self_attn.q_proj"": -0.01597444089456869, ""self_attn.v_proj"": -0.0106951871657754}",0.0007664113268430542,2.5142857142857142,262.42857142857144,False,True
,,5,S_math,legacy_S_math,0.05,14,5,equal5_non_qk,True,"mlp.down_proj,mlp.gate_proj,mlp.up_proj,self_attn.o_proj,self_attn.v_proj","self_attn.q_proj,self_attn.k_proj",408.4,404.0,408.4,4.4,-0.009791776415548573,-0.010891089108910835,"{""mlp.down_proj"": 711.0, ""mlp.gate_proj"": 132.0, ""mlp.up_proj"": 505.0, ""self_attn.o_proj"": 307.0, ""self_attn.v_proj"": 365.0}","{""mlp.down_proj"": 722.0, ""mlp.gate_proj"": 133.0, ""mlp.up_proj"": 509.0, ""self_attn.o_proj"": 310.0, ""self_attn.v_proj"": 368.0}","{""mlp.down_proj"": 11.0, ""mlp.gate_proj"": 1.0, ""mlp.up_proj"": 4.0, ""self_attn.o_proj"": 3.0, ""self_attn.v_proj"": 3.0}","{""mlp.down_proj"": -0.015471167369901548, ""mlp.gate_proj"": -0.007575757575757576, ""mlp.up_proj"": -0.007920792079207921, ""self_attn.o_proj"": -0.009771986970684038, ""self_attn.v_proj"": -0.00821917808219178}",0.00020942408376963353,-0.010001200499318207,7,equal7,True,"mlp.down_proj,mlp.gate_proj,mlp.up_proj,self_attn.k_proj,self_attn.o_proj,self_attn.q_proj,self_attn.v_proj",,308.42857142857144,304.85714285714283,308.42857142857144,3.5714285714285716,-0.01430518230175425,-0.011715089034676798,"{""mlp.down_proj"": 711.0, ""mlp.gate_proj"": 132.0, ""mlp.up_proj"": 505.0, ""self_attn.k_proj"": 49.0, ""self_attn.o_proj"": 307.0, ""self_attn.q_proj"": 65.0, ""self_attn.v_proj"": 365.0}","{""mlp.down_proj"": 722.0, ""mlp.gate_proj"": 133.0, ""mlp.up_proj"": 509.0, ""self_attn.k_proj"": 50.0, ""self_attn.o_proj"": 310.0, ""self_attn.q_proj"": 67.0, ""self_attn.v_proj"": 368.0}","{""mlp.down_proj"": 11.0, ""mlp.gate_proj"": 1.0, ""mlp.up_proj"": 4.0, ""self_attn.k_proj"": 1.0, ""self_attn.o_proj"": 3.0, ""self_attn.q_proj"": 2.0, ""self_attn.v_proj"": 3.0}","{""mlp.down_proj"": -0.015471167369901548, ""mlp.gate_proj"": -0.007575757575757576, ""mlp.up_proj"": -0.007920792079207921, ""self_attn.k_proj"": -0.02040816326530612, ""self_attn.o_proj"": -0.009771986970684038, ""self_attn.q_proj"": -0.03076923076923077, ""self_attn.v_proj"": -0.00821917808219178}",0.004513405886205676,0.8285714285714287,99.97142857142853,False,True
,,5,S_math,legacy_S_math,0.05,18,5,equal5_non_qk,True,"mlp.down_proj,mlp.gate_proj,mlp.up_proj,self_attn.o_proj,self_attn.v_proj","self_attn.q_proj,self_attn.k_proj",868.2,856.2,868.2,12.0,-0.017488024346544163,-0.01401541695865452,"{""mlp.down_proj"": 1523.0, ""mlp.gate_proj"": 542.0, ""mlp.up_proj"": 1133.0, ""self_attn.o_proj"": 663.0, ""self_attn.v_proj"": 420.0}","{""mlp.down_proj"": 1525.0, ""mlp.gate_proj"": 557.0, ""mlp.up_proj"": 1153.0, ""self_attn.o_proj"": 679.0, ""self_attn.v_proj"": 427.0}","{""mlp.down_proj"": 2.0, ""mlp.gate_proj"": 15.0, ""mlp.up_proj"": 20.0, ""self_attn.o_proj"": 16.0, ""self_attn.v_proj"": 7.0}","{""mlp.down_proj"": -0.0013131976362442547, ""mlp.gate_proj"": -0.027675276752767528, ""mlp.up_proj"": -0.0176522506619594, ""self_attn.o_proj"": -0.024132730015082957, ""self_attn.v_proj"": -0.016666666666666666}",0.0013092462197164952,-0.018797270566260658,7,equal7,True,"mlp.down_proj,mlp.gate_proj,mlp.up_proj,self_attn.k_proj,self_attn.o_proj,self_attn.q_proj,self_attn.v_proj",,655.0,645.7142857142857,655.0,9.285714285714286,-0.01841082864026177,-0.014380530973451404,"{""mlp.down_proj"": 1523.0, ""mlp.gate_proj"": 542.0, ""mlp.up_proj"": 1133.0, ""self_attn.k_proj"": 105.0, ""self_attn.o_proj"": 663.0, ""self_attn.q_proj"": 134.0, ""self_attn.v_proj"": 420.0}","{""mlp.down_proj"": 1525.0, ""mlp.gate_proj"": 557.0, ""mlp.up_proj"": 1153.0, ""self_attn.k_proj"": 107.0, ""self_attn.o_proj"": 679.0, ""self_attn.q_proj"": 137.0, ""self_attn.v_proj"": 427.0}","{""mlp.down_proj"": 2.0, ""mlp.gate_proj"": 15.0, ""mlp.up_proj"": 20.0, ""self_attn.k_proj"": 2.0, ""self_attn.o_proj"": 16.0, ""self_attn.q_proj"": 3.0, ""self_attn.v_proj"": 7.0}","{""mlp.down_proj"": -0.0013131976362442547, ""mlp.gate_proj"": -0.027675276752767528, ""mlp.up_proj"": -0.0176522506619594, ""self_attn.k_proj"": -0.01904761904761905, ""self_attn.o_proj"": -0.024132730015082957, ""self_attn.q_proj"": -0.022388059701492536, ""self_attn.v_proj"": -0.016666666666666666}",0.0009228042937176086,2.7142857142857135,213.20000000000005,False,True
,,5,S_math,legacy_S_math,0.1,14,5,equal5_non_qk,True,"mlp.down_proj,mlp.gate_proj,mlp.up_proj,self_attn.o_proj,self_attn.v_proj","self_attn.q_proj,self_attn.k_proj",235.6,232.2,235.6,3.4,-0.015691477786561686,-0.014642549526270482,"{""mlp.down_proj"": 440.0, ""mlp.gate_proj"": 37.0, ""mlp.up_proj"": 275.0, ""self_attn.o_proj"": 172.0, ""self_attn.v_proj"": 237.0}","{""mlp.down_proj"": 449.0, ""mlp.gate_proj"": 38.0, ""mlp.up_proj"": 278.0, ""self_attn.o_proj"": 174.0, ""self_attn.v_proj"": 239.0}","{""mlp.down_proj"": 9.0, ""mlp.gate_proj"": 1.0, ""mlp.up_proj"": 3.0, ""self_attn.o_proj"": 2.0, ""self_attn.v_proj"": 2.0}","{""mlp.down_proj"": -0.020454545454545454, ""mlp.gate_proj"": -0.02702702702702703, ""mlp.up_proj"": -0.01090909090909091, ""self_attn.o_proj"": -0.011627906976744186, ""self_attn.v_proj"": -0.008438818565400843}",0.0005199403530207779,-0.016211418139582465,7,equal7,True,"mlp.down_proj,mlp.gate_proj,mlp.up_proj,self_attn.k_proj,self_attn.o_proj,self_attn.q_proj,self_attn.v_proj",,174.71428571428572,172.28571428571428,174.71428571428572,2.4285714285714284,-0.011208198418972633,-0.014096185737976878,"{""mlp.down_proj"": 440.0, ""mlp.gate_proj"": 37.0, ""mlp.up_proj"": 275.0, ""self_attn.k_proj"": 19.0, ""self_attn.o_proj"": 172.0, ""self_attn.q_proj"": 26.0, ""self_attn.v_proj"": 237.0}","{""mlp.down_proj"": 449.0, ""mlp.gate_proj"": 38.0, ""mlp.up_proj"": 278.0, ""self_attn.k_proj"": 19.0, ""self_attn.o_proj"": 174.0, ""self_attn.q_proj"": 26.0, ""self_attn.v_proj"": 239.0}","{""mlp.down_proj"": 9.0, ""mlp.gate_proj"": 1.0, ""mlp.up_proj"": 3.0, ""self_attn.k_proj"": 0.0, ""self_attn.o_proj"": 2.0, ""self_attn.q_proj"": 0.0, ""self_attn.v_proj"": 2.0}","{""mlp.down_proj"": -0.020454545454545454, ""mlp.gate_proj"": -0.02702702702702703, ""mlp.up_proj"": -0.01090909090909091, ""self_attn.k_proj"": 0.0, ""self_attn.o_proj"": -0.011627906976744186, ""self_attn.q_proj"": 0.0, ""self_attn.v_proj"": -0.008438818565400843}",-0.004483279367589053,0.9714285714285715,60.88571428571427,False,True
,,5,S_math,legacy_S_math,0.1,18,5,equal5_non_qk,True,"mlp.down_proj,mlp.gate_proj,mlp.up_proj,self_attn.o_proj,self_attn.v_proj","self_attn.q_proj,self_attn.k_proj",548.0,538.6,548.0,9.4,-0.024387382149782207,-0.01745265503156327,"{""mlp.down_proj"": 1121.0, ""mlp.gate_proj"": 206.0, ""mlp.up_proj"": 711.0, ""self_attn.o_proj"": 383.0, ""self_attn.v_proj"": 272.0}","{""mlp.down_proj"": 1123.0, ""mlp.gate_proj"": 214.0, ""mlp.up_proj"": 729.0, ""self_attn.o_proj"": 396.0, ""self_attn.v_proj"": 278.0}","{""mlp.down_proj"": 2.0, ""mlp.gate_proj"": 8.0, ""mlp.up_proj"": 18.0, ""self_attn.o_proj"": 13.0, ""self_attn.v_proj"": 6.0}","{""mlp.down_proj"": -0.001784121320249777, ""mlp.gate_proj"": -0.038834951456310676, ""mlp.up_proj"": -0.02531645569620253, ""self_attn.o_proj"": -0.033942558746736295, ""self_attn.v_proj"": -0.022058823529411766}",0.0019343105320304018,-0.026321692681812607,7,equal7,True,"mlp.down_proj,mlp.gate_proj,mlp.up_proj,self_attn.k_proj,self_attn.o_proj,self_attn.q_proj,self_attn.v_proj",,403.0,396.14285714285717,403.0,6.857142857142857,-0.02090387923590715,-0.017309772809231815,"{""mlp.down_proj"": 1121.0, ""mlp.gate_proj"": 206.0, ""mlp.up_proj"": 711.0, ""self_attn.k_proj"": 41.0, ""self_attn.o_proj"": 383.0, ""self_attn.q_proj"": 39.0, ""self_attn.v_proj"": 272.0}","{""mlp.down_proj"": 1123.0, ""mlp.gate_proj"": 214.0, ""mlp.up_proj"": 729.0, ""self_attn.k_proj"": 42.0, ""self_attn.o_proj"": 396.0, ""self_attn.q_proj"": 39.0, ""self_attn.v_proj"": 278.0}","{""mlp.down_proj"": 2.0, ""mlp.gate_proj"": 8.0, ""mlp.up_proj"": 18.0, ""self_attn.k_proj"": 1.0, ""self_attn.o_proj"": 13.0, ""self_attn.q_proj"": 0.0, ""self_attn.v_proj"": 6.0}","{""mlp.down_proj"": -0.001784121320249777, ""mlp.gate_proj"": -0.038834951456310676, ""mlp.up_proj"": -0.02531645569620253, ""self_attn.k_proj"": -0.024390243902439025, ""self_attn.o_proj"": -0.033942558746736295, ""self_attn.q_proj"": 0.0, ""self_attn.v_proj"": -0.022058823529411766}",-0.003483502913875055,2.5428571428571436,145.0,False,True
,,20,E_general,E_general,0.01,14,5,equal5_non_qk,True,"mlp.down_proj,mlp.gate_proj,mlp.up_proj,self_attn.o_proj,self_attn.v_proj","self_attn.q_proj,self_attn.k_proj",1733.8,1738.2,1733.8,-4.4,0.002623506756701226,0.0025313542745369296,"{""mlp.down_proj"": 2529.0, ""mlp.gate_proj"": 1400.0, ""mlp.up_proj"": 2315.0, ""self_attn.o_proj"": 1584.0, ""self_attn.v_proj"": 863.0}","{""mlp.down_proj"": 2527.0, ""mlp.gate_proj"": 1394.0, ""mlp.up_proj"": 2311.0, ""self_attn.o_proj"": 1574.0, ""self_attn.v_proj"": 863.0}","{""mlp.down_proj"": -2.0, ""mlp.gate_proj"": -6.0, ""mlp.up_proj"": -4.0, ""self_attn.o_proj"": -10.0, ""self_attn.v_proj"": 0.0}","{""mlp.down_proj"": 0.0007908264136022143, ""mlp.gate_proj"": 0.004285714285714286, ""mlp.up_proj"": 0.0017278617710583153, ""self_attn.o_proj"": 0.006313131313131313, ""self_attn.v_proj"": 0.0}",0.002623506756701226,0.0,7,equal7,True,"mlp.down_proj,mlp.gate_proj,mlp.up_proj,self_attn.k_proj,self_attn.o_proj,self_attn.q_proj,self_attn.v_proj",,1390.7142857142858,1394.142857142857,1390.7142857142858,-3.4285714285714284,0.002461028841882034,0.002459268367660551,"{""mlp.down_proj"": 2529.0, ""mlp.gate_proj"": 1400.0, ""mlp.up_proj"": 2315.0, ""self_attn.k_proj"": 375.0, ""self_attn.o_proj"": 1584.0, ""self_attn.q_proj"": 693.0, ""self_attn.v_proj"": 863.0}","{""mlp.down_proj"": 2527.0, ""mlp.gate_proj"": 1394.0, ""mlp.up_proj"": 2311.0, ""self_attn.k_proj"": 374.0, ""self_attn.o_proj"": 1574.0, ""self_attn.q_proj"": 692.0, ""self_attn.v_proj"": 863.0}","{""mlp.down_proj"": -2.0, ""mlp.gate_proj"": -6.0, ""mlp.up_proj"": -4.0, ""self_attn.k_proj"": -1.0, ""self_attn.o_proj"": -10.0, ""self_attn.q_proj"": -1.0, ""self_attn.v_proj"": 0.0}","{""mlp.down_proj"": 0.0007908264136022143, ""mlp.gate_proj"": 0.004285714285714286, ""mlp.up_proj"": 0.0017278617710583153, ""self_attn.k_proj"": 0.0026666666666666666, ""self_attn.o_proj"": 0.006313131313131313, ""self_attn.q_proj"": 0.001443001443001443, ""self_attn.v_proj"": 0.0}",0.00016247791481919203,-0.971428571428572,343.0857142857142,False,True
,,20,E_general,E_general,0.01,18,5,equal5_non_qk,True,"mlp.down_proj,mlp.gate_proj,mlp.up_proj,self_attn.o_proj,self_attn.v_proj","self_attn.q_proj,self_attn.k_proj",1632.0,1634.4,1632.0,-2.4,0.0015162472185893446,0.0014684287812041672,"{""mlp.down_proj"": 2190.0, ""mlp.gate_proj"": 1641.0, ""mlp.up_proj"": 2064.0, ""self_attn.o_proj"": 1546.0, ""self_attn.v_proj"": 731.0}","{""mlp.down_proj"": 2189.0, ""mlp.gate_proj"": 1635.0, ""mlp.up_proj"": 2061.0, ""self_attn.o_proj"": 1545.0, ""self_attn.v_proj"": 730.0}","{""mlp.down_proj"": -1.0, ""mlp.gate_proj"": -6.0, ""mlp.up_proj"": -3.0, ""self_attn.o_proj"": -1.0, ""self_attn.v_proj"": -1.0}","{""mlp.down_proj"": 0.00045662100456621003, ""mlp.gate_proj"": 0.003656307129798903, ""mlp.up_proj"": 0.0014534883720930232, ""self_attn.o_proj"": 0.000646830530401035, ""self_attn.v_proj"": 0.0013679890560875513}",0.0015162472185893446,0.0,7,equal7,True,"mlp.down_proj,mlp.gate_proj,mlp.up_proj,self_attn.k_proj,self_attn.o_proj,self_attn.q_proj,self_attn.v_proj",,1326.0,1328.5714285714287,1326.0,-2.5714285714285716,0.0024213382801540847,0.0019354838709678152,"{""mlp.down_proj"": 2190.0, ""mlp.gate_proj"": 1641.0, ""mlp.up_proj"": 2064.0, ""self_attn.k_proj"": 400.0, ""self_attn.o_proj"": 1546.0, ""self_attn.q_proj"": 728.0, ""self_attn.v_proj"": 731.0}","{""mlp.down_proj"": 2189.0, ""mlp.gate_proj"": 1635.0, ""mlp.up_proj"": 2061.0, ""self_attn.k_proj"": 399.0, ""self_attn.o_proj"": 1545.0, ""self_attn.q_proj"": 723.0, ""self_attn.v_proj"": 730.0}","{""mlp.down_proj"": -1.0, ""mlp.gate_proj"": -6.0, ""mlp.up_proj"": -3.0, ""self_attn.k_proj"": -1.0, ""self_attn.o_proj"": -1.0, ""self_attn.q_proj"": -5.0, ""self_attn.v_proj"": -1.0}","{""mlp.down_proj"": 0.00045662100456621003, ""mlp.gate_proj"": 0.003656307129798903, ""mlp.up_proj"": 0.0014534883720930232, ""self_attn.k_proj"": 0.0025, ""self_attn.o_proj"": 0.000646830530401035, ""self_attn.q_proj"": 0.006868131868131868, ""self_attn.v_proj"": 0.0013679890560875513}",-0.0009050910615647401,0.1714285714285717,306.0,False,True
,,20,E_general,E_general,0.025,14,5,equal5_non_qk,True,"mlp.down_proj,mlp.gate_proj,mlp.up_proj,self_attn.o_proj,self_attn.v_proj","self_attn.q_proj,self_attn.k_proj",1354.6,1359.0,1354.6,-4.4,0.0037707212514832625,0.0032376747608536356,"{""mlp.down_proj"": 2167.0, ""mlp.gate_proj"": 785.0, ""mlp.up_proj"": 1853.0, ""self_attn.o_proj"": 1239.0, ""self_attn.v_proj"": 751.0}","{""mlp.down_proj"": 2165.0, ""mlp.gate_proj"": 780.0, ""mlp.up_proj"": 1849.0, ""self_attn.o_proj"": 1229.0, ""self_attn.v_proj"": 750.0}","{""mlp.down_proj"": -2.0, ""mlp.gate_proj"": -5.0, ""mlp.up_proj"": -4.0, ""self_attn.o_proj"": -10.0, ""self_attn.v_proj"": -1.0}","{""mlp.down_proj"": 0.0009229349330872173, ""mlp.gate_proj"": 0.006369426751592357, ""mlp.up_proj"": 0.0021586616297895305, ""self_attn.o_proj"": 0.008071025020177562, ""self_attn.v_proj"": 0.0013315579227696406}",0.0037707212514832625,0.0,7,equal7,True,"mlp.down_proj,mlp.gate_proj,mlp.up_proj,self_attn.k_proj,self_attn.o_proj,self_attn.q_proj,self_attn.v_proj",,1047.857142857143,1051.142857142857,1047.857142857143,-3.2857142857142856,0.0033672267699273975,0.003125849415602004,"{""mlp.down_proj"": 2167.0, ""mlp.gate_proj"": 785.0, ""mlp.up_proj"": 1853.0, ""self_attn.k_proj"": 212.0, ""self_attn.o_proj"": 1239.0, ""self_attn.q_proj"": 351.0, ""self_attn.v_proj"": 751.0}","{""mlp.down_proj"": 2165.0, ""mlp.gate_proj"": 780.0, ""mlp.up_proj"": 1849.0, ""self_attn.k_proj"": 211.0, ""self_attn.o_proj"": 1229.0, ""self_attn.q_proj"": 351.0, ""self_attn.v_proj"": 750.0}","{""mlp.down_proj"": -2.0, ""mlp.gate_proj"": -5.0, ""mlp.up_proj"": -4.0, ""self_attn.k_proj"": -1.0, ""self_attn.o_proj"": -10.0, ""self_attn.q_proj"": 0.0, ""self_attn.v_proj"": -1.0}","{""mlp.down_proj"": 0.0009229349330872173, ""mlp.gate_proj"": 0.006369426751592357, ""mlp.up_proj"": 0.0021586616297895305, ""self_attn.k_proj"": 0.0047169811320754715, ""self_attn.o_proj"": 0.008071025020177562, ""self_attn.q_proj"": 0.0, ""self_attn.v_proj"": 0.0013315579227696406}",0.00040349448155586496,-1.1142857142857148,306.742857142857,False,True
,,20,E_general,E_general,0.025,18,5,equal5_non_qk,True,"mlp.down_proj,mlp.gate_proj,mlp.up_proj,self_attn.o_proj,self_attn.v_proj","self_attn.q_proj,self_attn.k_proj",1296.6,1299.8,1296.6,-3.2,0.0027817206374247242,0.0024619172180335787,"{""mlp.down_proj"": 1901.0, ""mlp.gate_proj"": 1133.0, ""mlp.up_proj"": 1706.0, ""self_attn.o_proj"": 1186.0, ""self_attn.v_proj"": 573.0}","{""mlp.down_proj"": 1899.0, ""mlp.gate_proj"": 1126.0, ""mlp.up_proj"": 1702.0, ""self_attn.o_proj"": 1185.0, ""self_attn.v_proj"": 571.0}","{""mlp.down_proj"": -2.0, ""mlp.gate_proj"": -7.0, ""mlp.up_proj"": -4.0, ""self_attn.o_proj"": -1.0, ""self_attn.v_proj"": -2.0}","{""mlp.down_proj"": 0.0010520778537611783, ""mlp.gate_proj"": 0.00617828773168579, ""mlp.up_proj"": 0.0023446658851113715, ""self_attn.o_proj"": 0.0008431703204047217, ""self_attn.v_proj"": 0.0034904013961605585}",0.0027817206374247242,0.0,7,equal7,True,"mlp.down_proj,mlp.gate_proj,mlp.up_proj,self_attn.k_proj,self_attn.o_proj,self_attn.q_proj,self_attn.v_proj",,1008.7142857142857,1011.5714285714286,1008.7142857142857,-2.857142857142857,0.003823513393726867,0.0028244598220590633,"{""mlp.down_proj"": 1901.0, ""mlp.gate_proj"": 1133.0, ""mlp.up_proj"": 1706.0, ""self_attn.k_proj"": 227.0, ""self_attn.o_proj"": 1186.0, ""self_attn.q_proj"": 355.0, ""self_attn.v_proj"": 573.0}","{""mlp.down_proj"": 1899.0, ""mlp.gate_proj"": 1126.0, ""mlp.up_proj"": 1702.0, ""self_attn.k_proj"": 226.0, ""self_attn.o_proj"": 1185.0, ""self_attn.q_proj"": 352.0, ""self_attn.v_proj"": 571.0}","{""mlp.down_proj"": -2.0, ""mlp.gate_proj"": -7.0, ""mlp.up_proj"": -4.0, ""self_attn.k_proj"": -1.0, ""self_attn.o_proj"": -1.0, ""self_attn.q_proj"": -3.0, ""self_attn.v_proj"": -2.0}","{""mlp.down_proj"": 0.0010520778537611783, ""mlp.gate_proj"": 0.00617828773168579, ""mlp.up_proj"": 0.0023446658851113715, ""self_attn.k_proj"": 0.004405286343612335, ""self_attn.o_proj"": 0.0008431703204047217, ""self_attn.q_proj"": 0.008450704225352112, ""self_attn.v_proj"": 0.0034904013961605585}",-0.0010417927563021426,-0.34285714285714297,287.88571428571424,False,True
,,20,E_general,E_general,0.05,14,5,equal5_non_qk,True,"mlp.down_proj,mlp.gate_proj,mlp.up_proj,self_attn.o_proj,self_attn.v_proj","self_attn.q_proj,self_attn.k_proj",1029.8,1033.8,1029.8,-4.0,0.004731343388149008,0.003869220352099052,"{""mlp.down_proj"": 1802.0, ""mlp.gate_proj"": 368.0, ""mlp.up_proj"": 1413.0, ""self_attn.o_proj"": 955.0, ""self_attn.v_proj"": 631.0}","{""mlp.down_proj"": 1799.0, ""mlp.gate_proj"": 365.0, ""mlp.up_proj"": 1409.0, ""self_attn.o_proj"": 946.0, ""self_attn.v_proj"": 630.0}","{""mlp.down_proj"": -3.0, ""mlp.gate_proj"": -3.0, ""mlp.up_proj"": -4.0, ""self_attn.o_proj"": -9.0, ""self_attn.v_proj"": -1.0}","{""mlp.down_proj"": 0.001664816870144284, ""mlp.gate_proj"": 0.008152173913043478, ""mlp.up_proj"": 0.0028308563340410475, ""self_attn.o_proj"": 0.009424083769633508, ""self_attn.v_proj"": 0.001584786053882726}",0.004731343388149008,0.0,7,equal7,True,"mlp.down_proj,mlp.gate_proj,mlp.up_proj,self_attn.k_proj,self_attn.o_proj,self_attn.q_proj,self_attn.v_proj",,773.7142857142857,776.5714285714286,773.7142857142857,-2.857142857142857,0.003379530991535006,0.0036791758646063702,"{""mlp.down_proj"": 1802.0, ""mlp.gate_proj"": 368.0, ""mlp.up_proj"": 1413.0, ""self_attn.k_proj"": 111.0, ""self_attn.o_proj"": 955.0, ""self_attn.q_proj"": 156.0, ""self_attn.v_proj"": 631.0}","{""mlp.down_proj"": 1799.0, ""mlp.gate_proj"": 365.0, ""mlp.up_proj"": 1409.0, ""self_attn.k_proj"": 111.0, ""self_attn.o_proj"": 946.0, ""self_attn.q_proj"": 156.0, ""self_attn.v_proj"": 630.0}","{""mlp.down_proj"": -3.0, ""mlp.gate_proj"": -3.0, ""mlp.up_proj"": -4.0, ""self_attn.k_proj"": 0.0, ""self_attn.o_proj"": -9.0, ""self_attn.q_proj"": 0.0, ""self_attn.v_proj"": -1.0}","{""mlp.down_proj"": 0.001664816870144284, ""mlp.gate_proj"": 0.008152173913043478, ""mlp.up_proj"": 0.0028308563340410475, ""self_attn.k_proj"": 0.0, ""self_attn.o_proj"": 0.009424083769633508, ""self_attn.q_proj"": 0.0, ""self_attn.v_proj"": 0.001584786053882726}",0.0013518123966140025,-1.1428571428571428,256.0857142857143,False,True
,,20,E_general,E_general,0.05,18,5,equal5_non_qk,True,"mlp.down_proj,mlp.gate_proj,mlp.up_proj,self_attn.o_proj,self_attn.v_proj","self_attn.q_proj,self_attn.k_proj",987.8,991.2,987.8,-3.4,0.004221469803421911,0.003430185633575556,"{""mlp.down_proj"": 1590.0, ""mlp.gate_proj"": 701.0, ""mlp.up_proj"": 1344.0, ""self_attn.o_proj"": 890.0, ""self_attn.v_proj"": 431.0}","{""mlp.down_proj"": 1588.0, ""mlp.gate_proj"": 694.0, ""mlp.up_proj"": 1340.0, ""self_attn.o_proj"": 888.0, ""self_attn.v_proj"": 429.0}","{""mlp.down_proj"": -2.0, ""mlp.gate_proj"": -7.0, ""mlp.up_proj"": -4.0, ""self_attn.o_proj"": -2.0, ""self_attn.v_proj"": -2.0}","{""mlp.down_proj"": 0.0012578616352201257, ""mlp.gate_proj"": 0.009985734664764621, ""mlp.up_proj"": 0.002976190476190476, ""self_attn.o_proj"": 0.0022471910112359553, ""self_attn.v_proj"": 0.004640371229698376}",0.004221469803421911,0.0,7,equal7,True,"mlp.down_proj,mlp.gate_proj,mlp.up_proj,self_attn.k_proj,self_attn.o_proj,self_attn.q_proj,self_attn.v_proj",,742.1428571428571,744.7142857142857,742.1428571428571,-2.5714285714285716,0.004007399065936285,0.003452906196048319,"{""mlp.down_proj"": 1590.0, ""mlp.gate_proj"": 701.0, ""mlp.up_proj"": 1344.0, ""self_attn.k_proj"": 113.0, ""self_attn.o_proj"": 890.0, ""self_attn.q_proj"": 144.0, ""self_attn.v_proj"": 431.0}","{""mlp.down_proj"": 1588.0, ""mlp.gate_proj"": 694.0, ""mlp.up_proj"": 1340.0, ""self_attn.k_proj"": 113.0, ""self_attn.o_proj"": 888.0, ""self_attn.q_proj"": 143.0, ""self_attn.v_proj"": 429.0}","{""mlp.down_proj"": -2.0, ""mlp.gate_proj"": -7.0, ""mlp.up_proj"": -4.0, ""self_attn.k_proj"": 0.0, ""self_attn.o_proj"": -2.0, ""self_attn.q_proj"": -1.0, ""self_attn.v_proj"": -2.0}","{""mlp.down_proj"": 0.0012578616352201257, ""mlp.gate_proj"": 0.009985734664764621, ""mlp.up_proj"": 0.002976190476190476, ""self_attn.k_proj"": 0.0, ""self_attn.o_proj"": 0.0022471910112359553, ""self_attn.q_proj"": 0.006944444444444444, ""self_attn.v_proj"": 0.004640371229698376}",0.00021407073748562575,-0.8285714285714283,245.65714285714284,False,True
,,20,E_general,E_general,0.1,14,5,equal5_non_qk,True,"mlp.down_proj,mlp.gate_proj,mlp.up_proj,self_attn.o_proj,self_attn.v_proj","self_attn.q_proj,self_attn.k_proj",701.6,704.8,701.6,-3.2,0.005848296990602794,0.0045402951191826505,"{""mlp.down_proj"": 1362.0, ""mlp.gate_proj"": 100.0, ""mlp.up_proj"": 924.0, ""self_attn.o_proj"": 659.0, ""self_attn.v_proj"": 479.0}","{""mlp.down_proj"": 1359.0, ""mlp.gate_proj"": 99.0, ""mlp.up_proj"": 920.0, ""self_attn.o_proj"": 652.0, ""self_attn.v_proj"": 478.0}","{""mlp.down_proj"": -3.0, ""mlp.gate_proj"": -1.0, ""mlp.up_proj"": -4.0, ""self_attn.o_proj"": -7.0, ""self_attn.v_proj"": -1.0}","{""mlp.down_proj"": 0.0022026431718061676, ""mlp.gate_proj"": 0.01, ""mlp.up_proj"": 0.004329004329004329, ""self_attn.o_proj"": 0.010622154779969651, ""self_attn.v_proj"": 0.0020876826722338203}",0.005848296990602794,0.0,7,equal7,True,"mlp.down_proj,mlp.gate_proj,mlp.up_proj,self_attn.k_proj,self_attn.o_proj,self_attn.q_proj,self_attn.v_proj",,515.0,517.4285714285714,515.0,-2.4285714285714284,0.007034497850430568,0.004693539480949783,"{""mlp.down_proj"": 1362.0, ""mlp.gate_proj"": 100.0, ""mlp.up_proj"": 924.0, ""self_attn.k_proj"": 48.0, ""self_attn.o_proj"": 659.0, ""self_attn.q_proj"": 50.0, ""self_attn.v_proj"": 479.0}","{""mlp.down_proj"": 1359.0, ""mlp.gate_proj"": 99.0, ""mlp.up_proj"": 920.0, ""self_attn.k_proj"": 48.0, ""self_attn.o_proj"": 652.0, ""self_attn.q_proj"": 49.0, ""self_attn.v_proj"": 478.0}","{""mlp.down_proj"": -3.0, ""mlp.gate_proj"": -1.0, ""mlp.up_proj"": -4.0, ""self_attn.k_proj"": 0.0, ""self_attn.o_proj"": -7.0, ""self_attn.q_proj"": -1.0, ""self_attn.v_proj"": -1.0}","{""mlp.down_proj"": 0.0022026431718061676, ""mlp.gate_proj"": 0.01, ""mlp.up_proj"": 0.004329004329004329, ""self_attn.k_proj"": 0.0, ""self_attn.o_proj"": 0.010622154779969651, ""self_attn.q_proj"": 0.02, ""self_attn.v_proj"": 0.0020876826722338203}",-0.0011862008598277742,-0.7714285714285718,186.60000000000002,False,True
,,20,E_general,E_general,0.1,18,5,equal5_non_qk,True,"mlp.down_proj,mlp.gate_proj,mlp.up_proj,self_attn.o_proj,self_attn.v_proj","self_attn.q_proj,self_attn.k_proj",655.0,657.4,655.0,-2.4,0.005430201298564613,0.0036507453605110697,"{""mlp.down_proj"": 1200.0, ""mlp.gate_proj"": 300.0, ""mlp.up_proj"": 921.0, ""self_attn.o_proj"": 589.0, ""self_attn.v_proj"": 277.0}","{""mlp.down_proj"": 1199.0, ""mlp.gate_proj"": 295.0, ""mlp.up_proj"": 917.0, ""self_attn.o_proj"": 588.0, ""self_attn.v_proj"": 276.0}","{""mlp.down_proj"": -1.0, ""mlp.gate_proj"": -5.0, ""mlp.up_proj"": -4.0, ""self_attn.o_proj"": -1.0, ""self_attn.v_proj"": -1.0}","{""mlp.down_proj"": 0.0008333333333333334, ""mlp.gate_proj"": 0.016666666666666666, ""mlp.up_proj"": 0.004343105320304018, ""self_attn.o_proj"": 0.001697792869269949, ""self_attn.v_proj"": 0.0036101083032490976}",0.005430201298564613,0.0,7,equal7,True,"mlp.down_proj,mlp.gate_proj,mlp.up_proj,self_attn.k_proj,self_attn.o_proj,self_attn.q_proj,self_attn.v_proj",,478.14285714285717,479.85714285714283,478.14285714285717,-1.7142857142857142,0.003878715213260438,0.003572491813039494,"{""mlp.down_proj"": 1200.0, ""mlp.gate_proj"": 300.0, ""mlp.up_proj"": 921.0, ""self_attn.k_proj"": 39.0, ""self_attn.o_proj"": 589.0, ""self_attn.q_proj"": 33.0, ""self_attn.v_proj"": 277.0}","{""mlp.down_proj"": 1199.0, ""mlp.gate_proj"": 295.0, ""mlp.up_proj"": 917.0, ""self_attn.k_proj"": 39.0, ""self_attn.o_proj"": 588.0, ""self_attn.q_proj"": 33.0, ""self_attn.v_proj"": 276.0}","{""mlp.down_proj"": -1.0, ""mlp.gate_proj"": -5.0, ""mlp.up_proj"": -4.0, ""self_attn.k_proj"": 0.0, ""self_attn.o_proj"": -1.0, ""self_attn.q_proj"": 0.0, ""self_attn.v_proj"": -1.0}","{""mlp.down_proj"": 0.0008333333333333334, ""mlp.gate_proj"": 0.016666666666666666, ""mlp.up_proj"": 0.004343105320304018, ""self_attn.k_proj"": 0.0, ""self_attn.o_proj"": 0.001697792869269949, ""self_attn.q_proj"": 0.0, ""self_attn.v_proj"": 0.0036101083032490976}",0.001551486085304175,-0.6857142857142857,176.85714285714283,False,True
,,20,E_if,E_ifeval,0.01,14,5,equal5_non_qk,True,"mlp.down_proj,mlp.gate_proj,mlp.up_proj,self_attn.o_proj,self_attn.v_proj","self_attn.q_proj,self_attn.k_proj",1643.4,1653.2,1643.4,-9.8,0.006263126959758725,0.005927897411081511,"{""mlp.down_proj"": 2435.0, ""mlp.gate_proj"": 1310.0, ""mlp.up_proj"": 2179.0, ""self_attn.o_proj"": 1511.0, ""self_attn.v_proj"": 831.0}","{""mlp.down_proj"": 2428.0, ""mlp.gate_proj"": 1293.0, ""mlp.up_proj"": 2171.0, ""self_attn.o_proj"": 1495.0, ""self_attn.v_proj"": 830.0}","{""mlp.down_proj"": -7.0, ""mlp.gate_proj"": -17.0, ""mlp.up_proj"": -8.0, ""self_attn.o_proj"": -16.0, ""self_attn.v_proj"": -1.0}","{""mlp.down_proj"": 0.002874743326488706, ""mlp.gate_proj"": 0.012977099236641221, ""mlp.up_proj"": 0.0036714089031665903, ""self_attn.o_proj"": 0.010589013898080741, ""self_attn.v_proj"": 0.0012033694344163659}",0.002623506756701226,0.003639620203057499,7,equal7,True,"mlp.down_proj,mlp.gate_proj,mlp.up_proj,self_attn.k_proj,self_attn.o_proj,self_attn.q_proj,self_attn.v_proj",,1312.7142857142858,1320.0,1312.7142857142858,-7.285714285714286,0.005115701875754465,0.00551948051948047,"{""mlp.down_proj"": 2435.0, ""mlp.gate_proj"": 1310.0, ""mlp.up_proj"": 2179.0, ""self_attn.k_proj"": 344.0, ""self_attn.o_proj"": 1511.0, ""self_attn.q_proj"": 630.0, ""self_attn.v_proj"": 831.0}","{""mlp.down_proj"": 2428.0, ""mlp.gate_proj"": 1293.0, ""mlp.up_proj"": 2171.0, ""self_attn.k_proj"": 343.0, ""self_attn.o_proj"": 1495.0, ""self_attn.q_proj"": 629.0, ""self_attn.v_proj"": 830.0}","{""mlp.down_proj"": -7.0, ""mlp.gate_proj"": -17.0, ""mlp.up_proj"": -8.0, ""self_attn.k_proj"": -1.0, ""self_attn.o_proj"": -16.0, ""self_attn.q_proj"": -1.0, ""self_attn.v_proj"": -1.0}","{""mlp.down_proj"": 0.002874743326488706, ""mlp.gate_proj"": 0.012977099236641221, ""mlp.up_proj"": 0.0036714089031665903, ""self_attn.k_proj"": 0.0029069767441860465, ""self_attn.o_proj"": 0.010589013898080741, ""self_attn.q_proj"": 0.0015873015873015873, ""self_attn.v_proj"": 0.0012033694344163659}",0.0011474250840042598,-2.514285714285715,330.6857142857143,False,True
,,20,E_if,E_ifeval,0.01,18,5,equal5_non_qk,True,"mlp.down_proj,mlp.gate_proj,mlp.up_proj,self_attn.o_proj,self_attn.v_proj","self_attn.q_proj,self_attn.k_proj",1486.4,1485.0,1486.4,1.4,-0.0009738253458563894,-0.000942760942761004,"{""mlp.down_proj"": 2024.0, ""mlp.gate_proj"": 1529.0, ""mlp.up_proj"": 1934.0, ""self_attn.o_proj"": 1349.0, ""self_attn.v_proj"": 589.0}","{""mlp.down_proj"": 2026.0, ""mlp.gate_proj"": 1527.0, ""mlp.up_proj"": 1934.0, ""self_attn.o_proj"": 1356.0, ""self_attn.v_proj"": 589.0}","{""mlp.down_proj"": 2.0, ""mlp.gate_proj"": -2.0, ""mlp.up_proj"": 0.0, ""self_attn.o_proj"": 7.0, ""self_attn.v_proj"": 0.0}","{""mlp.down_proj"": -0.0009881422924901185, ""mlp.gate_proj"": 0.0013080444735120995, ""mlp.up_proj"": 0.0, ""self_attn.o_proj"": -0.005189028910303929, ""self_attn.v_proj"": 0.0}",0.0015162472185893446,-0.002490072564445734,7,equal7,True,"mlp.down_proj,mlp.gate_proj,mlp.up_proj,self_attn.k_proj,self_attn.o_proj,self_attn.q_proj,self_attn.v_proj",,1176.4285714285713,1174.7142857142858,1176.4285714285713,1.7142857142857142,-0.002056133750441639,-0.0014593214155416347,"{""mlp.down_proj"": 2024.0, ""mlp.gate_proj"": 1529.0, ""mlp.up_proj"": 1934.0, ""self_attn.k_proj"": 273.0, ""self_attn.o_proj"": 1349.0, ""self_attn.q_proj"": 525.0, ""self_attn.v_proj"": 589.0}","{""mlp.down_proj"": 2026.0, ""mlp.gate_proj"": 1527.0, ""mlp.up_proj"": 1934.0, ""self_attn.k_proj"": 273.0, ""self_attn.o_proj"": 1356.0, ""self_attn.q_proj"": 530.0, ""self_attn.v_proj"": 589.0}","{""mlp.down_proj"": 2.0, ""mlp.gate_proj"": -2.0, ""mlp.up_proj"": 0.0, ""self_attn.k_proj"": 0.0, ""self_attn.o_proj"": 7.0, ""self_attn.q_proj"": 5.0, ""self_attn.v_proj"": 0.0}","{""mlp.down_proj"": -0.0009881422924901185, ""mlp.gate_proj"": 0.0013080444735120995, ""mlp.up_proj"": 0.0, ""self_attn.k_proj"": 0.0, ""self_attn.o_proj"": -0.005189028910303929, ""self_attn.q_proj"": -0.009523809523809525, ""self_attn.v_proj"": 0.0}",0.0010823084045852496,-0.3142857142857143,309.97142857142876,False,True
,,20,E_if,E_ifeval,0.025,14,5,equal5_non_qk,True,"mlp.down_proj,mlp.gate_proj,mlp.up_proj,self_attn.o_proj,self_attn.v_proj","self_attn.q_proj,self_attn.k_proj",1244.8,1254.4,1244.8,-9.6,0.008893361198802085,0.007653061224489904,"{""mlp.down_proj"": 2031.0, ""mlp.gate_proj"": 710.0, ""mlp.up_proj"": 1671.0, ""self_attn.o_proj"": 1157.0, ""self_attn.v_proj"": 703.0}","{""mlp.down_proj"": 2022.0, ""mlp.gate_proj"": 695.0, ""mlp.up_proj"": 1662.0, ""self_attn.o_proj"": 1143.0, ""self_attn.v_proj"": 702.0}","{""mlp.down_proj"": -9.0, ""mlp.gate_proj"": -15.0, ""mlp.up_proj"": -9.0, ""self_attn.o_proj"": -14.0, ""self_attn.v_proj"": -1.0}","{""mlp.down_proj"": 0.004431314623338257, ""mlp.gate_proj"": 0.02112676056338028, ""mlp.up_proj"": 0.005385996409335727, ""self_attn.o_proj"": 0.012100259291270527, ""self_attn.v_proj"": 0.001422475106685633}",0.0037707212514832625,0.005122639947318822,7,equal7,True,"mlp.down_proj,mlp.gate_proj,mlp.up_proj,self_attn.k_proj,self_attn.o_proj,self_attn.q_proj,self_attn.v_proj",,960.0,967.0,960.0,-7.0,0.006814721706957569,0.007238883143743537,"{""mlp.down_proj"": 2031.0, ""mlp.gate_proj"": 710.0, ""mlp.up_proj"": 1671.0, ""self_attn.k_proj"": 188.0, ""self_attn.o_proj"": 1157.0, ""self_attn.q_proj"": 309.0, ""self_attn.v_proj"": 703.0}","{""mlp.down_proj"": 2022.0, ""mlp.gate_proj"": 695.0, ""mlp.up_proj"": 1662.0, ""self_attn.k_proj"": 188.0, ""self_attn.o_proj"": 1143.0, ""self_attn.q_proj"": 308.0, ""self_attn.v_proj"": 702.0}","{""mlp.down_proj"": -9.0, ""mlp.gate_proj"": -15.0, ""mlp.up_proj"": -9.0, ""self_attn.k_proj"": 0.0, ""self_attn.o_proj"": -14.0, ""self_attn.q_proj"": -1.0, ""self_attn.v_proj"": -1.0}","{""mlp.down_proj"": 0.004431314623338257, ""mlp.gate_proj"": 0.02112676056338028, ""mlp.up_proj"": 0.005385996409335727, ""self_attn.k_proj"": 0.0, ""self_attn.o_proj"": 0.012100259291270527, ""self_attn.q_proj"": 0.003236245954692557, ""self_attn.v_proj"": 0.001422475106685633}",0.002078639491844516,-2.5999999999999996,284.79999999999995,False,True
,,20,E_if,E_ifeval,0.025,18,5,equal5_non_qk,True,"mlp.down_proj,mlp.gate_proj,mlp.up_proj,self_attn.o_proj,self_attn.v_proj","self_attn.q_proj,self_attn.k_proj",1112.0,1110.4,1112.0,1.6,-0.0013305336038061627,-0.001440922190201647,"{""mlp.down_proj"": 1649.0, ""mlp.gate_proj"": 1006.0, ""mlp.up_proj"": 1522.0, ""self_attn.o_proj"": 971.0, ""self_attn.v_proj"": 404.0}","{""mlp.down_proj"": 1653.0, ""mlp.gate_proj"": 1003.0, ""mlp.up_proj"": 1522.0, ""self_attn.o_proj"": 978.0, ""self_attn.v_proj"": 404.0}","{""mlp.down_proj"": 4.0, ""mlp.gate_proj"": -3.0, ""mlp.up_proj"": 0.0, ""self_attn.o_proj"": 7.0, ""self_attn.v_proj"": 0.0}","{""mlp.down_proj"": -0.002425712553062462, ""mlp.gate_proj"": 0.002982107355864811, ""mlp.up_proj"": 0.0, ""self_attn.o_proj"": -0.007209062821833162, ""self_attn.v_proj"": 0.0}",0.0027817206374247242,-0.004112254241230887,7,equal7,True,"mlp.down_proj,mlp.gate_proj,mlp.up_proj,self_attn.k_proj,self_attn.o_proj,self_attn.q_proj,self_attn.v_proj",,842.4285714285714,840.7142857142857,842.4285714285714,1.7142857142857142,-0.004152637657936872,-0.002039082412914266,"{""mlp.down_proj"": 1649.0, ""mlp.gate_proj"": 1006.0, ""mlp.up_proj"": 1522.0, ""self_attn.k_proj"": 123.0, ""self_attn.o_proj"": 971.0, ""self_attn.q_proj"": 210.0, ""self_attn.v_proj"": 404.0}","{""mlp.down_proj"": 1653.0, ""mlp.gate_proj"": 1003.0, ""mlp.up_proj"": 1522.0, ""self_attn.k_proj"": 124.0, ""self_attn.o_proj"": 978.0, ""self_attn.q_proj"": 213.0, ""self_attn.v_proj"": 404.0}","{""mlp.down_proj"": 4.0, ""mlp.gate_proj"": -3.0, ""mlp.up_proj"": 0.0, ""self_attn.k_proj"": 1.0, ""self_attn.o_proj"": 7.0, ""self_attn.q_proj"": 3.0, ""self_attn.v_proj"": 0.0}","{""mlp.down_proj"": -0.002425712553062462, ""mlp.gate_proj"": 0.002982107355864811, ""mlp.up_proj"": 0.0, ""self_attn.k_proj"": -0.008130081300813009, ""self_attn.o_proj"": -0.007209062821833162, ""self_attn.q_proj"": -0.014285714285714285, ""self_attn.v_proj"": 0.0}",0.0028221040541307097,-0.1142857142857141,269.57142857142856,False,True
,,20,E_if,E_ifeval,0.05,14,5,equal5_non_qk,True,"mlp.down_proj,mlp.gate_proj,mlp.up_proj,self_attn.o_proj,self_attn.v_proj","self_attn.q_proj,self_attn.k_proj",912.6,921.4,912.6,-8.8,0.012509034495968411,0.009550683742131489,"{""mlp.down_proj"": 1632.0, ""mlp.gate_proj"": 328.0, ""mlp.up_proj"": 1208.0, ""self_attn.o_proj"": 868.0, ""self_attn.v_proj"": 571.0}","{""mlp.down_proj"": 1622.0, ""mlp.gate_proj"": 318.0, ""mlp.up_proj"": 1199.0, ""self_attn.o_proj"": 855.0, ""self_attn.v_proj"": 569.0}","{""mlp.down_proj"": -10.0, ""mlp.gate_proj"": -10.0, ""mlp.up_proj"": -9.0, ""self_attn.o_proj"": -13.0, ""self_attn.v_proj"": -2.0}","{""mlp.down_proj"": 0.006127450980392157, ""mlp.gate_proj"": 0.03048780487804878, ""mlp.up_proj"": 0.0074503311258278145, ""self_attn.o_proj"": 0.014976958525345621, ""self_attn.v_proj"": 0.0035026269702276708}",0.004731343388149008,0.0077776911078194025,7,equal7,True,"mlp.down_proj,mlp.gate_proj,mlp.up_proj,self_attn.k_proj,self_attn.o_proj,self_attn.q_proj,self_attn.v_proj",,685.0,691.4285714285714,685.0,-6.428571428571429,0.010392750587499302,0.009297520661157048,"{""mlp.down_proj"": 1632.0, ""mlp.gate_proj"": 328.0, ""mlp.up_proj"": 1208.0, ""self_attn.k_proj"": 98.0, ""self_attn.o_proj"": 868.0, ""self_attn.q_proj"": 135.0, ""self_attn.v_proj"": 571.0}","{""mlp.down_proj"": 1622.0, ""mlp.gate_proj"": 318.0, ""mlp.up_proj"": 1199.0, ""self_attn.k_proj"": 97.0, ""self_attn.o_proj"": 855.0, ""self_attn.q_proj"": 135.0, ""self_attn.v_proj"": 569.0}","{""mlp.down_proj"": -10.0, ""mlp.gate_proj"": -10.0, ""mlp.up_proj"": -9.0, ""self_attn.k_proj"": -1.0, ""self_attn.o_proj"": -13.0, ""self_attn.q_proj"": 0.0, ""self_attn.v_proj"": -2.0}","{""mlp.down_proj"": 0.006127450980392157, ""mlp.gate_proj"": 0.03048780487804878, ""mlp.up_proj"": 0.0074503311258278145, ""self_attn.k_proj"": 0.01020408163265306, ""self_attn.o_proj"": 0.014976958525345621, ""self_attn.q_proj"": 0.0, ""self_attn.v_proj"": 0.0035026269702276708}",0.002116283908469109,-2.371428571428572,227.60000000000002,False,True
,,20,E_if,E_ifeval,0.05,18,5,equal5_non_qk,True,"mlp.down_proj,mlp.gate_proj,mlp.up_proj,self_attn.o_proj,self_attn.v_proj","self_attn.q_proj,self_attn.k_proj",784.8,782.4,784.8,2.4,-0.003148054389495881,-0.003067484662576658,"{""mlp.down_proj"": 1274.0, ""mlp.gate_proj"": 584.0, ""mlp.up_proj"": 1128.0, ""self_attn.o_proj"": 673.0, ""self_attn.v_proj"": 253.0}","{""mlp.down_proj"": 1279.0, ""mlp.gate_proj"": 582.0, ""mlp.up_proj"": 1129.0, ""self_attn.o_proj"": 680.0, ""self_attn.v_proj"": 254.0}","{""mlp.down_proj"": 5.0, ""mlp.gate_proj"": -2.0, ""mlp.up_proj"": 1.0, ""self_attn.o_proj"": 7.0, ""self_attn.v_proj"": 1.0}","{""mlp.down_proj"": -0.003924646781789639, ""mlp.gate_proj"": 0.003424657534246575, ""mlp.up_proj"": -0.0008865248226950354, ""self_attn.o_proj"": -0.010401188707280832, ""self_attn.v_proj"": -0.003952569169960474}",0.004221469803421911,-0.007369524192917792,7,equal7,True,"mlp.down_proj,mlp.gate_proj,mlp.up_proj,self_attn.k_proj,self_attn.o_proj,self_attn.q_proj,self_attn.v_proj",,578.1428571428571,576.0,578.1428571428571,2.142857142857143,-0.009187385788415424,-0.0037202380952380387,"{""mlp.down_proj"": 1274.0, ""mlp.gate_proj"": 584.0, ""mlp.up_proj"": 1128.0, ""self_attn.k_proj"": 50.0, ""self_attn.o_proj"": 673.0, ""self_attn.q_proj"": 70.0, ""self_attn.v_proj"": 253.0}","{""mlp.down_proj"": 1279.0, ""mlp.gate_proj"": 582.0, ""mlp.up_proj"": 1129.0, ""self_attn.k_proj"": 51.0, ""self_attn.o_proj"": 680.0, ""self_attn.q_proj"": 72.0, ""self_attn.v_proj"": 254.0}","{""mlp.down_proj"": 5.0, ""mlp.gate_proj"": -2.0, ""mlp.up_proj"": 1.0, ""self_attn.k_proj"": 1.0, ""self_attn.o_proj"": 7.0, ""self_attn.q_proj"": 2.0, ""self_attn.v_proj"": 1.0}","{""mlp.down_proj"": -0.003924646781789639, ""mlp.gate_proj"": 0.003424657534246575, ""mlp.up_proj"": -0.0008865248226950354, ""self_attn.k_proj"": -0.02, ""self_attn.o_proj"": -0.010401188707280832, ""self_attn.q_proj"": -0.02857142857142857, ""self_attn.v_proj"": -0.003952569169960474}",0.0060393313989195434,0.2571428571428571,206.65714285714284,False,True
,,20,E_if,E_ifeval,0.1,14,5,equal5_non_qk,True,"mlp.down_proj,mlp.gate_proj,mlp.up_proj,self_attn.o_proj,self_attn.v_proj","self_attn.q_proj,self_attn.k_proj",585.8,592.8,585.8,-7.0,0.018578867215827227,0.011808367071524967,"{""mlp.down_proj"": 1166.0, ""mlp.gate_proj"": 96.0, ""mlp.up_proj"": 722.0, ""self_attn.o_proj"": 572.0, ""self_attn.v_proj"": 408.0}","{""mlp.down_proj"": 1155.0, ""mlp.gate_proj"": 91.0, ""mlp.up_proj"": 715.0, ""self_attn.o_proj"": 561.0, ""self_attn.v_proj"": 407.0}","{""mlp.down_proj"": -11.0, ""mlp.gate_proj"": -5.0, ""mlp.up_proj"": -7.0, ""self_attn.o_proj"": -11.0, ""self_attn.v_proj"": -1.0}","{""mlp.down_proj"": 0.009433962264150943, ""mlp.gate_proj"": 0.052083333333333336, ""mlp.up_proj"": 0.009695290858725761, ""self_attn.o_proj"": 0.019230769230769232, ""self_attn.v_proj"": 0.0024509803921568627}",0.005848296990602794,0.012730570225224433,7,equal7,True,"mlp.down_proj,mlp.gate_proj,mlp.up_proj,self_attn.k_proj,self_attn.o_proj,self_attn.q_proj,self_attn.v_proj",,430.7142857142857,435.7142857142857,430.7142857142857,-5.0,0.013270619439876591,0.011475409836065573,"{""mlp.down_proj"": 1166.0, ""mlp.gate_proj"": 96.0, ""mlp.up_proj"": 722.0, ""self_attn.k_proj"": 42.0, ""self_attn.o_proj"": 572.0, ""self_attn.q_proj"": 44.0, ""self_attn.v_proj"": 408.0}","{""mlp.down_proj"": 1155.0, ""mlp.gate_proj"": 91.0, ""mlp.up_proj"": 715.0, ""self_attn.k_proj"": 42.0, ""self_attn.o_proj"": 561.0, ""self_attn.q_proj"": 44.0, ""self_attn.v_proj"": 407.0}","{""mlp.down_proj"": -11.0, ""mlp.gate_proj"": -5.0, ""mlp.up_proj"": -7.0, ""self_attn.k_proj"": 0.0, ""self_attn.o_proj"": -11.0, ""self_attn.q_proj"": 0.0, ""self_attn.v_proj"": -1.0}","{""mlp.down_proj"": 0.009433962264150943, ""mlp.gate_proj"": 0.052083333333333336, ""mlp.up_proj"": 0.009695290858725761, ""self_attn.k_proj"": 0.0, ""self_attn.o_proj"": 0.019230769230769232, ""self_attn.q_proj"": 0.0, ""self_attn.v_proj"": 0.0024509803921568627}",0.005308247775950636,-2.0,155.08571428571423,False,True
,,20,E_if,E_ifeval,0.1,18,5,equal5_non_qk,True,"mlp.down_proj,mlp.gate_proj,mlp.up_proj,self_attn.o_proj,self_attn.v_proj","self_attn.q_proj,self_attn.k_proj",455.8,453.4,455.8,2.4,-0.0050572508238717305,-0.005293339214821426,"{""mlp.down_proj"": 839.0, ""mlp.gate_proj"": 228.0, ""mlp.up_proj"": 696.0, ""self_attn.o_proj"": 388.0, ""self_attn.v_proj"": 116.0}","{""mlp.down_proj"": 844.0, ""mlp.gate_proj"": 226.0, ""mlp.up_proj"": 697.0, ""self_attn.o_proj"": 395.0, ""self_attn.v_proj"": 117.0}","{""mlp.down_proj"": 5.0, ""mlp.gate_proj"": -2.0, ""mlp.up_proj"": 1.0, ""self_attn.o_proj"": 7.0, ""self_attn.v_proj"": 1.0}","{""mlp.down_proj"": -0.0059594755661501785, ""mlp.gate_proj"": 0.008771929824561403, ""mlp.up_proj"": -0.0014367816091954023, ""self_attn.o_proj"": -0.01804123711340206, ""self_attn.v_proj"": -0.008620689655172414}",0.005430201298564613,-0.010487452122436344,7,equal7,True,"mlp.down_proj,mlp.gate_proj,mlp.up_proj,self_attn.k_proj,self_attn.o_proj,self_attn.q_proj,self_attn.v_proj",,329.57142857142856,327.7142857142857,329.57142857142856,1.8571428571428572,-0.016599335004064224,-0.005666957279860431,"{""mlp.down_proj"": 839.0, ""mlp.gate_proj"": 228.0, ""mlp.up_proj"": 696.0, ""self_attn.k_proj"": 16.0, ""self_attn.o_proj"": 388.0, ""self_attn.q_proj"": 11.0, ""self_attn.v_proj"": 116.0}","{""mlp.down_proj"": 844.0, ""mlp.gate_proj"": 226.0, ""mlp.up_proj"": 697.0, ""self_attn.k_proj"": 16.0, ""self_attn.o_proj"": 395.0, ""self_attn.q_proj"": 12.0, ""self_attn.v_proj"": 117.0}","{""mlp.down_proj"": 5.0, ""mlp.gate_proj"": -2.0, ""mlp.up_proj"": 1.0, ""self_attn.k_proj"": 0.0, ""self_attn.o_proj"": 7.0, ""self_attn.q_proj"": 1.0, ""self_attn.v_proj"": 1.0}","{""mlp.down_proj"": -0.0059594755661501785, ""mlp.gate_proj"": 0.008771929824561403, ""mlp.up_proj"": -0.0014367816091954023, ""self_attn.k_proj"": 0.0, ""self_attn.o_proj"": -0.01804123711340206, ""self_attn.q_proj"": -0.09090909090909091, ""self_attn.v_proj"": -0.008620689655172414}",0.011542084180192494,0.5428571428571427,126.22857142857146,False,True
,,20,E_math,E_mathHeld,0.01,14,5,equal5_non_qk,True,"mlp.down_proj,mlp.gate_proj,mlp.up_proj,self_attn.o_proj,self_attn.v_proj","self_attn.q_proj,self_attn.k_proj",853.8,862.0,853.8,-8.2,0.010324425472987887,0.009512761020881723,"{""mlp.down_proj"": 1191.0, ""mlp.gate_proj"": 588.0, ""mlp.up_proj"": 1024.0, ""self_attn.o_proj"": 848.0, ""self_attn.v_proj"": 659.0}","{""mlp.down_proj"": 1184.0, ""mlp.gate_proj"": 576.0, ""mlp.up_proj"": 1016.0, ""self_attn.o_proj"": 837.0, ""self_attn.v_proj"": 656.0}","{""mlp.down_proj"": -7.0, ""mlp.gate_proj"": -12.0, ""mlp.up_proj"": -8.0, ""self_attn.o_proj"": -11.0, ""self_attn.v_proj"": -3.0}","{""mlp.down_proj"": 0.005877413937867338, ""mlp.gate_proj"": 0.02040816326530612, ""mlp.up_proj"": 0.0078125, ""self_attn.o_proj"": 0.012971698113207548, ""self_attn.v_proj"": 0.004552352048558422}",0.002623506756701226,0.007700918716286661,7,equal7,True,"mlp.down_proj,mlp.gate_proj,mlp.up_proj,self_attn.k_proj,self_attn.o_proj,self_attn.q_proj,self_attn.v_proj",,702.4285714285714,709.1428571428571,702.4285714285714,-6.714285714285714,0.009922409875816428,0.009468170829975758,"{""mlp.down_proj"": 1191.0, ""mlp.gate_proj"": 588.0, ""mlp.up_proj"": 1024.0, ""self_attn.k_proj"": 263.0, ""self_attn.o_proj"": 848.0, ""self_attn.q_proj"": 391.0, ""self_attn.v_proj"": 659.0}","{""mlp.down_proj"": 1184.0, ""mlp.gate_proj"": 576.0, ""mlp.up_proj"": 1016.0, ""self_attn.k_proj"": 261.0, ""self_attn.o_proj"": 837.0, ""self_attn.q_proj"": 387.0, ""self_attn.v_proj"": 656.0}","{""mlp.down_proj"": -7.0, ""mlp.gate_proj"": -12.0, ""mlp.up_proj"": -8.0, ""self_attn.k_proj"": -2.0, ""self_attn.o_proj"": -11.0, ""self_attn.q_proj"": -4.0, ""self_attn.v_proj"": -3.0}","{""mlp.down_proj"": 0.005877413937867338, ""mlp.gate_proj"": 0.02040816326530612, ""mlp.up_proj"": 0.0078125, ""self_attn.k_proj"": 0.0076045627376425855, ""self_attn.o_proj"": 0.012971698113207548, ""self_attn.q_proj"": 0.010230179028132993, ""self_attn.v_proj"": 0.004552352048558422}",0.0004020155971714585,-1.4857142857142849,151.3714285714285,False,True
,,20,E_math,E_mathHeld,0.01,18,5,equal5_non_qk,True,"mlp.down_proj,mlp.gate_proj,mlp.up_proj,self_attn.o_proj,self_attn.v_proj","self_attn.q_proj,self_attn.k_proj",894.0,893.0,894.0,1.0,-0.0011257450782102467,-0.0011198208286674132,"{""mlp.down_proj"": 1195.0, ""mlp.gate_proj"": 912.0, ""mlp.up_proj"": 1080.0, ""self_attn.o_proj"": 776.0, ""self_attn.v_proj"": 502.0}","{""mlp.down_proj"": 1196.0, ""mlp.gate_proj"": 912.0, ""mlp.up_proj"": 1081.0, ""self_attn.o_proj"": 779.0, ""self_attn.v_proj"": 502.0}","{""mlp.down_proj"": 1.0, ""mlp.gate_proj"": 0.0, ""mlp.up_proj"": 1.0, ""self_attn.o_proj"": 3.0, ""self_attn.v_proj"": 0.0}","{""mlp.down_proj"": -0.0008368200836820083, ""mlp.gate_proj"": 0.0, ""mlp.up_proj"": -0.000925925925925926, ""self_attn.o_proj"": -0.003865979381443299, ""self_attn.v_proj"": 0.0}",0.0015162472185893446,-0.002641992296799591,7,equal7,True,"mlp.down_proj,mlp.gate_proj,mlp.up_proj,self_attn.k_proj,self_attn.o_proj,self_attn.q_proj,self_attn.v_proj",,734.0,733.2857142857143,734.0,0.7142857142857143,-0.0008041036272930333,-0.0009740892265730876,"{""mlp.down_proj"": 1195.0, ""mlp.gate_proj"": 912.0, ""mlp.up_proj"": 1080.0, ""self_attn.k_proj"": 249.0, ""self_attn.o_proj"": 776.0, ""self_attn.q_proj"": 419.0, ""self_attn.v_proj"": 502.0}","{""mlp.down_proj"": 1196.0, ""mlp.gate_proj"": 912.0, ""mlp.up_proj"": 1081.0, ""self_attn.k_proj"": 249.0, ""self_attn.o_proj"": 779.0, ""self_attn.q_proj"": 419.0, ""self_attn.v_proj"": 502.0}","{""mlp.down_proj"": 1.0, ""mlp.gate_proj"": 0.0, ""mlp.up_proj"": 1.0, ""self_attn.k_proj"": 0.0, ""self_attn.o_proj"": 3.0, ""self_attn.q_proj"": 0.0, ""self_attn.v_proj"": 0.0}","{""mlp.down_proj"": -0.0008368200836820083, ""mlp.gate_proj"": 0.0, ""mlp.up_proj"": -0.000925925925925926, ""self_attn.k_proj"": 0.0, ""self_attn.o_proj"": -0.003865979381443299, ""self_attn.q_proj"": 0.0, ""self_attn.v_proj"": 0.0}",-0.0003216414509172134,0.2857142857142857,160.0,False,True
,,20,E_math,E_mathHeld,0.025,14,5,equal5_non_qk,True,"mlp.down_proj,mlp.gate_proj,mlp.up_proj,self_attn.o_proj,self_attn.v_proj","self_attn.q_proj,self_attn.k_proj",619.6,627.4,619.6,-7.8,0.014459765170492227,0.01243226012113477,"{""mlp.down_proj"": 928.0, ""mlp.gate_proj"": 322.0, ""mlp.up_proj"": 752.0, ""self_attn.o_proj"": 618.0, ""self_attn.v_proj"": 517.0}","{""mlp.down_proj"": 920.0, ""mlp.gate_proj"": 312.0, ""mlp.up_proj"": 744.0, ""self_attn.o_proj"": 608.0, ""self_attn.v_proj"": 514.0}","{""mlp.down_proj"": -8.0, ""mlp.gate_proj"": -10.0, ""mlp.up_proj"": -8.0, ""self_attn.o_proj"": -10.0, ""self_attn.v_proj"": -3.0}","{""mlp.down_proj"": 0.008620689655172414, ""mlp.gate_proj"": 0.031055900621118012, ""mlp.up_proj"": 0.010638297872340425, ""self_attn.o_proj"": 0.016181229773462782, ""self_attn.v_proj"": 0.005802707930367505}",0.0037707212514832625,0.010689043919008965,7,equal7,True,"mlp.down_proj,mlp.gate_proj,mlp.up_proj,self_attn.k_proj,self_attn.o_proj,self_attn.q_proj,self_attn.v_proj",,493.14285714285717,499.2857142857143,493.14285714285717,-6.142857142857143,0.013341224206029248,0.012303290414878333,"{""mlp.down_proj"": 928.0, ""mlp.gate_proj"": 322.0, ""mlp.up_proj"": 752.0, ""self_attn.k_proj"": 150.0, ""self_attn.o_proj"": 618.0, ""self_attn.q_proj"": 208.0, ""self_attn.v_proj"": 517.0}","{""mlp.down_proj"": 920.0, ""mlp.gate_proj"": 312.0, ""mlp.up_proj"": 744.0, ""self_attn.k_proj"": 149.0, ""self_attn.o_proj"": 608.0, ""self_attn.q_proj"": 205.0, ""self_attn.v_proj"": 514.0}","{""mlp.down_proj"": -8.0, ""mlp.gate_proj"": -10.0, ""mlp.up_proj"": -8.0, ""self_attn.k_proj"": -1.0, ""self_attn.o_proj"": -10.0, ""self_attn.q_proj"": -3.0, ""self_attn.v_proj"": -3.0}","{""mlp.down_proj"": 0.008620689655172414, ""mlp.gate_proj"": 0.031055900621118012, ""mlp.up_proj"": 0.010638297872340425, ""self_attn.k_proj"": 0.006666666666666667, ""self_attn.o_proj"": 0.016181229773462782, ""self_attn.q_proj"": 0.014423076923076924, ""self_attn.v_proj"": 0.005802707930367505}",0.0011185409644629794,-1.6571428571428566,126.45714285714286,False,True
,,20,E_math,E_mathHeld,0.025,18,5,equal5_non_qk,True,"mlp.down_proj,mlp.gate_proj,mlp.up_proj,self_attn.o_proj,self_attn.v_proj","self_attn.q_proj,self_attn.k_proj",662.0,661.4,662.0,0.6,-0.000938912938912939,-0.0009071666162685558,"{""mlp.down_proj"": 945.0, ""mlp.gate_proj"": 638.0, ""mlp.up_proj"": 822.0, ""self_attn.o_proj"": 550.0, ""self_attn.v_proj"": 352.0}","{""mlp.down_proj"": 946.0, ""mlp.gate_proj"": 638.0, ""mlp.up_proj"": 822.0, ""self_attn.o_proj"": 552.0, ""self_attn.v_proj"": 352.0}","{""mlp.down_proj"": 1.0, ""mlp.gate_proj"": 0.0, ""mlp.up_proj"": 0.0, ""self_attn.o_proj"": 2.0, ""self_attn.v_proj"": 0.0}","{""mlp.down_proj"": -0.0010582010582010583, ""mlp.gate_proj"": 0.0, ""mlp.up_proj"": 0.0, ""self_attn.o_proj"": -0.0036363636363636364, ""self_attn.v_proj"": 0.0}",0.0027817206374247242,-0.0037206335763376635,7,equal7,True,"mlp.down_proj,mlp.gate_proj,mlp.up_proj,self_attn.k_proj,self_attn.o_proj,self_attn.q_proj,self_attn.v_proj",,521.1428571428571,520.7142857142857,521.1428571428571,0.42857142857142855,-0.0006706520992235278,-0.0008230452674897433,"{""mlp.down_proj"": 945.0, ""mlp.gate_proj"": 638.0, ""mlp.up_proj"": 822.0, ""self_attn.k_proj"": 126.0, ""self_attn.o_proj"": 550.0, ""self_attn.q_proj"": 212.0, ""self_attn.v_proj"": 352.0}","{""mlp.down_proj"": 946.0, ""mlp.gate_proj"": 638.0, ""mlp.up_proj"": 822.0, ""self_attn.k_proj"": 126.0, ""self_attn.o_proj"": 552.0, ""self_attn.q_proj"": 212.0, ""self_attn.v_proj"": 352.0}","{""mlp.down_proj"": 1.0, ""mlp.gate_proj"": 0.0, ""mlp.up_proj"": 0.0, ""self_attn.k_proj"": 0.0, ""self_attn.o_proj"": 2.0, ""self_attn.q_proj"": 0.0, ""self_attn.v_proj"": 0.0}","{""mlp.down_proj"": -0.0010582010582010583, ""mlp.gate_proj"": 0.0, ""mlp.up_proj"": 0.0, ""self_attn.k_proj"": 0.0, ""self_attn.o_proj"": -0.0036363636363636364, ""self_attn.q_proj"": 0.0, ""self_attn.v_proj"": 0.0}",-0.0002682608396894112,0.17142857142857143,140.8571428571429,False,True
,,20,E_math,E_mathHeld,0.05,14,5,equal5_non_qk,True,"mlp.down_proj,mlp.gate_proj,mlp.up_proj,self_attn.o_proj,self_attn.v_proj","self_attn.q_proj,self_attn.k_proj",442.8,449.6,442.8,-6.8,0.019266114191196004,0.015124555160142373,"{""mlp.down_proj"": 711.0, ""mlp.gate_proj"": 158.0, ""mlp.up_proj"": 535.0, ""self_attn.o_proj"": 447.0, ""self_attn.v_proj"": 397.0}","{""mlp.down_proj"": 703.0, ""mlp.gate_proj"": 151.0, ""mlp.up_proj"": 528.0, ""self_attn.o_proj"": 438.0, ""self_attn.v_proj"": 394.0}","{""mlp.down_proj"": -8.0, ""mlp.gate_proj"": -7.0, ""mlp.up_proj"": -7.0, ""self_attn.o_proj"": -9.0, ""self_attn.v_proj"": -3.0}","{""mlp.down_proj"": 0.011251758087201125, ""mlp.gate_proj"": 0.04430379746835443, ""mlp.up_proj"": 0.013084112149532711, ""self_attn.o_proj"": 0.020134228187919462, ""self_attn.v_proj"": 0.007556675062972292}",0.004731343388149008,0.014534770803046996,7,equal7,True,"mlp.down_proj,mlp.gate_proj,mlp.up_proj,self_attn.k_proj,self_attn.o_proj,self_attn.q_proj,self_attn.v_proj",,342.57142857142856,347.85714285714283,342.57142857142856,-5.285714285714286,0.01823611551269961,0.01519507186858314,"{""mlp.down_proj"": 711.0, ""mlp.gate_proj"": 158.0, ""mlp.up_proj"": 535.0, ""self_attn.k_proj"": 84.0, ""self_attn.o_proj"": 447.0, ""self_attn.q_proj"": 103.0, ""self_attn.v_proj"": 397.0}","{""mlp.down_proj"": 703.0, ""mlp.gate_proj"": 151.0, ""mlp.up_proj"": 528.0, ""self_attn.k_proj"": 83.0, ""self_attn.o_proj"": 438.0, ""self_attn.q_proj"": 101.0, ""self_attn.v_proj"": 394.0}","{""mlp.down_proj"": -8.0, ""mlp.gate_proj"": -7.0, ""mlp.up_proj"": -7.0, ""self_attn.k_proj"": -1.0, ""self_attn.o_proj"": -9.0, ""self_attn.q_proj"": -2.0, ""self_attn.v_proj"": -3.0}","{""mlp.down_proj"": 0.011251758087201125, ""mlp.gate_proj"": 0.04430379746835443, ""mlp.up_proj"": 0.013084112149532711, ""self_attn.k_proj"": 0.011904761904761904, ""self_attn.o_proj"": 0.020134228187919462, ""self_attn.q_proj"": 0.019417475728155338, ""self_attn.v_proj"": 0.007556675062972292}",0.0010299986784963952,-1.5142857142857142,100.22857142857146,False,True
,,20,E_math,E_mathHeld,0.05,18,5,equal5_non_qk,True,"mlp.down_proj,mlp.gate_proj,mlp.up_proj,self_attn.o_proj,self_attn.v_proj","self_attn.q_proj,self_attn.k_proj",478.6,478.2,478.6,0.4,-0.0008461338877688709,-0.0008364700961941324,"{""mlp.down_proj"": 733.0, ""mlp.gate_proj"": 427.0, ""mlp.up_proj"": 610.0, ""self_attn.o_proj"": 384.0, ""self_attn.v_proj"": 237.0}","{""mlp.down_proj"": 734.0, ""mlp.gate_proj"": 426.0, ""mlp.up_proj"": 610.0, ""self_attn.o_proj"": 386.0, ""self_attn.v_proj"": 237.0}","{""mlp.down_proj"": 1.0, ""mlp.gate_proj"": -1.0, ""mlp.up_proj"": 0.0, ""self_attn.o_proj"": 2.0, ""self_attn.v_proj"": 0.0}","{""mlp.down_proj"": -0.001364256480218281, ""mlp.gate_proj"": 0.00234192037470726, ""mlp.up_proj"": 0.0, ""self_attn.o_proj"": -0.005208333333333333, ""self_attn.v_proj"": 0.0}",0.004221469803421911,-0.005067603691190782,7,equal7,True,"mlp.down_proj,mlp.gate_proj,mlp.up_proj,self_attn.k_proj,self_attn.o_proj,self_attn.q_proj,self_attn.v_proj",,363.2857142857143,363.0,363.2857142857143,0.2857142857142857,-0.0006043813484063363,-0.0007870916961825829,"{""mlp.down_proj"": 733.0, ""mlp.gate_proj"": 427.0, ""mlp.up_proj"": 610.0, ""self_attn.k_proj"": 57.0, ""self_attn.o_proj"": 384.0, ""self_attn.q_proj"": 93.0, ""self_attn.v_proj"": 237.0}","{""mlp.down_proj"": 734.0, ""mlp.gate_proj"": 426.0, ""mlp.up_proj"": 610.0, ""self_attn.k_proj"": 57.0, ""self_attn.o_proj"": 386.0, ""self_attn.q_proj"": 93.0, ""self_attn.v_proj"": 237.0}","{""mlp.down_proj"": 1.0, ""mlp.gate_proj"": -1.0, ""mlp.up_proj"": 0.0, ""self_attn.k_proj"": 0.0, ""self_attn.o_proj"": 2.0, ""self_attn.q_proj"": 0.0, ""self_attn.v_proj"": 0.0}","{""mlp.down_proj"": -0.001364256480218281, ""mlp.gate_proj"": 0.00234192037470726, ""mlp.up_proj"": 0.0, ""self_attn.k_proj"": 0.0, ""self_attn.o_proj"": -0.005208333333333333, ""self_attn.q_proj"": 0.0, ""self_attn.v_proj"": 0.0}",-0.0002417525393625346,0.11428571428571432,115.31428571428575,False,True
,,20,E_math,E_mathHeld,0.1,14,5,equal5_non_qk,True,"mlp.down_proj,mlp.gate_proj,mlp.up_proj,self_attn.o_proj,self_attn.v_proj","self_attn.q_proj,self_attn.k_proj",279.6,285.2,279.6,-5.6,0.03028102949255098,0.019635343618513205,"{""mlp.down_proj"": 489.0, ""mlp.gate_proj"": 49.0, ""mlp.up_proj"": 326.0, ""self_attn.o_proj"": 289.0, ""self_attn.v_proj"": 273.0}","{""mlp.down_proj"": 481.0, ""mlp.gate_proj"": 45.0, ""mlp.up_proj"": 320.0, ""self_attn.o_proj"": 281.0, ""self_attn.v_proj"": 271.0}","{""mlp.down_proj"": -8.0, ""mlp.gate_proj"": -4.0, ""mlp.up_proj"": -6.0, ""self_attn.o_proj"": -8.0, ""self_attn.v_proj"": -2.0}","{""mlp.down_proj"": 0.016359918200409, ""mlp.gate_proj"": 0.08163265306122448, ""mlp.up_proj"": 0.018404907975460124, ""self_attn.o_proj"": 0.02768166089965398, ""self_attn.v_proj"": 0.007326007326007326}",0.005848296990602794,0.024432732501948187,7,equal7,True,"mlp.down_proj,mlp.gate_proj,mlp.up_proj,self_attn.k_proj,self_attn.o_proj,self_attn.q_proj,self_attn.v_proj",,210.42857142857142,214.57142857142858,210.42857142857142,-4.142857142857143,0.02538870527663416,0.0193075898801599,"{""mlp.down_proj"": 489.0, ""mlp.gate_proj"": 49.0, ""mlp.up_proj"": 326.0, ""self_attn.k_proj"": 38.0, ""self_attn.o_proj"": 289.0, ""self_attn.q_proj"": 38.0, ""self_attn.v_proj"": 273.0}","{""mlp.down_proj"": 481.0, ""mlp.gate_proj"": 45.0, ""mlp.up_proj"": 320.0, ""self_attn.k_proj"": 37.0, ""self_attn.o_proj"": 281.0, ""self_attn.q_proj"": 38.0, ""self_attn.v_proj"": 271.0}","{""mlp.down_proj"": -8.0, ""mlp.gate_proj"": -4.0, ""mlp.up_proj"": -6.0, ""self_attn.k_proj"": -1.0, ""self_attn.o_proj"": -8.0, ""self_attn.q_proj"": 0.0, ""self_attn.v_proj"": -2.0}","{""mlp.down_proj"": 0.016359918200409, ""mlp.gate_proj"": 0.08163265306122448, ""mlp.up_proj"": 0.018404907975460124, ""self_attn.k_proj"": 0.02631578947368421, ""self_attn.o_proj"": 0.02768166089965398, ""self_attn.q_proj"": 0.0, ""self_attn.v_proj"": 0.007326007326007326}",0.004892324215916819,-1.4571428571428564,69.1714285714286,False,True
,,20,E_math,E_mathHeld,0.1,18,5,equal5_non_qk,True,"mlp.down_proj,mlp.gate_proj,mlp.up_proj,self_attn.o_proj,self_attn.v_proj","self_attn.q_proj,self_attn.k_proj",300.6,300.2,300.6,0.4,-0.0012542258282623394,-0.0013324450366423522,"{""mlp.down_proj"": 510.0, ""mlp.gate_proj"": 232.0, ""mlp.up_proj"": 397.0, ""self_attn.o_proj"": 232.0, ""self_attn.v_proj"": 130.0}","{""mlp.down_proj"": 511.0, ""mlp.gate_proj"": 231.0, ""mlp.up_proj"": 397.0, ""self_attn.o_proj"": 234.0, ""self_attn.v_proj"": 130.0}","{""mlp.down_proj"": 1.0, ""mlp.gate_proj"": -1.0, ""mlp.up_proj"": 0.0, ""self_attn.o_proj"": 2.0, ""self_attn.v_proj"": 0.0}","{""mlp.down_proj"": -0.00196078431372549, ""mlp.gate_proj"": 0.004310344827586207, ""mlp.up_proj"": 0.0, ""self_attn.o_proj"": -0.008620689655172414, ""self_attn.v_proj"": 0.0}",0.005430201298564613,-0.006684427126826952,7,equal7,True,"mlp.down_proj,mlp.gate_proj,mlp.up_proj,self_attn.k_proj,self_attn.o_proj,self_attn.q_proj,self_attn.v_proj",,220.42857142857142,220.14285714285714,220.42857142857142,0.2857142857142857,-0.0008958755916159567,-0.0012978585334198203,"{""mlp.down_proj"": 510.0, ""mlp.gate_proj"": 232.0, ""mlp.up_proj"": 397.0, ""self_attn.k_proj"": 18.0, ""self_attn.o_proj"": 232.0, ""self_attn.q_proj"": 22.0, ""self_attn.v_proj"": 130.0}","{""mlp.down_proj"": 511.0, ""mlp.gate_proj"": 231.0, ""mlp.up_proj"": 397.0, ""self_attn.k_proj"": 18.0, ""self_attn.o_proj"": 234.0, ""self_attn.q_proj"": 22.0, ""self_attn.v_proj"": 130.0}","{""mlp.down_proj"": 1.0, ""mlp.gate_proj"": -1.0, ""mlp.up_proj"": 0.0, ""self_attn.k_proj"": 0.0, ""self_attn.o_proj"": 2.0, ""self_attn.q_proj"": 0.0, ""self_attn.v_proj"": 0.0}","{""mlp.down_proj"": -0.00196078431372549, ""mlp.gate_proj"": 0.004310344827586207, ""mlp.up_proj"": 0.0, ""self_attn.k_proj"": 0.0, ""self_attn.o_proj"": -0.008620689655172414, ""self_attn.q_proj"": 0.0, ""self_attn.v_proj"": 0.0}",-0.00035835023664638273,0.11428571428571432,80.1714285714286,False,True
,,20,E_math_hard_v2,E_AIME24,0.01,14,5,equal5_non_qk,True,"mlp.down_proj,mlp.gate_proj,mlp.up_proj,self_attn.o_proj,self_attn.v_proj","self_attn.q_proj,self_attn.k_proj",1223.8,1236.2,1223.8,-12.4,0.010939715240407504,0.010030739362562765,"{""mlp.down_proj"": 1802.0, ""mlp.gate_proj"": 877.0, ""mlp.up_proj"": 1561.0, ""self_attn.o_proj"": 1177.0, ""self_attn.v_proj"": 764.0}","{""mlp.down_proj"": 1791.0, ""mlp.gate_proj"": 855.0, ""mlp.up_proj"": 1549.0, ""self_attn.o_proj"": 1163.0, ""self_attn.v_proj"": 761.0}","{""mlp.down_proj"": -11.0, ""mlp.gate_proj"": -22.0, ""mlp.up_proj"": -12.0, ""self_attn.o_proj"": -14.0, ""self_attn.v_proj"": -3.0}","{""mlp.down_proj"": 0.006104328523862375, ""mlp.gate_proj"": 0.02508551881413911, ""mlp.up_proj"": 0.007687379884689302, ""self_attn.o_proj"": 0.0118946474086661, ""self_attn.v_proj"": 0.003926701570680628}",0.002623506756701226,0.008316208483706278,7,equal7,True,"mlp.down_proj,mlp.gate_proj,mlp.up_proj,self_attn.k_proj,self_attn.o_proj,self_attn.q_proj,self_attn.v_proj",,984.1428571428571,994.0,984.1428571428571,-9.857142857142858,0.010445202997847503,0.00991664271342343,"{""mlp.down_proj"": 1802.0, ""mlp.gate_proj"": 877.0, ""mlp.up_proj"": 1561.0, ""self_attn.k_proj"": 298.0, ""self_attn.o_proj"": 1177.0, ""self_attn.q_proj"": 479.0, ""self_attn.v_proj"": 764.0}","{""mlp.down_proj"": 1791.0, ""mlp.gate_proj"": 855.0, ""mlp.up_proj"": 1549.0, ""self_attn.k_proj"": 295.0, ""self_attn.o_proj"": 1163.0, ""self_attn.q_proj"": 475.0, ""self_attn.v_proj"": 761.0}","{""mlp.down_proj"": -11.0, ""mlp.gate_proj"": -22.0, ""mlp.up_proj"": -12.0, ""self_attn.k_proj"": -3.0, ""self_attn.o_proj"": -14.0, ""self_attn.q_proj"": -4.0, ""self_attn.v_proj"": -3.0}","{""mlp.down_proj"": 0.006104328523862375, ""mlp.gate_proj"": 0.02508551881413911, ""mlp.up_proj"": 0.007687379884689302, ""self_attn.k_proj"": 0.010067114093959731, ""self_attn.o_proj"": 0.0118946474086661, ""self_attn.q_proj"": 0.008350730688935281, ""self_attn.v_proj"": 0.003926701570680628}",0.0004945122425600006,-2.5428571428571427,239.65714285714284,False,True
,,20,E_math_hard_v2,E_AIME24,0.01,18,5,equal5_non_qk,True,"mlp.down_proj,mlp.gate_proj,mlp.up_proj,self_attn.o_proj,self_attn.v_proj","self_attn.q_proj,self_attn.k_proj",1271.6,1269.4,1271.6,2.2,-0.0016436655487353149,-0.0017331022530327855,"{""mlp.down_proj"": 1764.0, ""mlp.gate_proj"": 1286.0, ""mlp.up_proj"": 1539.0, ""self_attn.o_proj"": 1126.0, ""self_attn.v_proj"": 632.0}","{""mlp.down_proj"": 1767.0, ""mlp.gate_proj"": 1287.0, ""mlp.up_proj"": 1541.0, ""self_attn.o_proj"": 1131.0, ""self_attn.v_proj"": 632.0}","{""mlp.down_proj"": 3.0, ""mlp.gate_proj"": 1.0, ""mlp.up_proj"": 2.0, ""self_attn.o_proj"": 5.0, ""self_attn.v_proj"": 0.0}","{""mlp.down_proj"": -0.0017006802721088435, ""mlp.gate_proj"": -0.0007776049766718507, ""mlp.up_proj"": -0.001299545159194282, ""self_attn.o_proj"": -0.004440497335701598, ""self_attn.v_proj"": 0.0}",0.0015162472185893446,-0.0031599127673246595,7,equal7,True,"mlp.down_proj,mlp.gate_proj,mlp.up_proj,self_attn.k_proj,self_attn.o_proj,self_attn.q_proj,self_attn.v_proj",,1036.2857142857142,1034.2857142857142,1036.2857142857142,2.0,-0.002111501604133855,-0.0019337016574585636,"{""mlp.down_proj"": 1764.0, ""mlp.gate_proj"": 1286.0, ""mlp.up_proj"": 1539.0, ""self_attn.k_proj"": 338.0, ""self_attn.o_proj"": 1126.0, ""self_attn.q_proj"": 555.0, ""self_attn.v_proj"": 632.0}","{""mlp.down_proj"": 1767.0, ""mlp.gate_proj"": 1287.0, ""mlp.up_proj"": 1541.0, ""self_attn.k_proj"": 339.0, ""self_attn.o_proj"": 1131.0, ""self_attn.q_proj"": 557.0, ""self_attn.v_proj"": 632.0}","{""mlp.down_proj"": 3.0, ""mlp.gate_proj"": 1.0, ""mlp.up_proj"": 2.0, ""self_attn.k_proj"": 1.0, ""self_attn.o_proj"": 5.0, ""self_attn.q_proj"": 2.0, ""self_attn.v_proj"": 0.0}","{""mlp.down_proj"": -0.0017006802721088435, ""mlp.gate_proj"": -0.0007776049766718507, ""mlp.up_proj"": -0.001299545159194282, ""self_attn.k_proj"": -0.0029585798816568047, ""self_attn.o_proj"": -0.004440497335701598, ""self_attn.q_proj"": -0.0036036036036036037, ""self_attn.v_proj"": 0.0}",0.00046783605539854004,0.20000000000000018,235.3142857142857,False,True
,,20,E_math_hard_v2,E_AIME24,0.025,14,5,equal5_non_qk,True,"mlp.down_proj,mlp.gate_proj,mlp.up_proj,self_attn.o_proj,self_attn.v_proj","self_attn.q_proj,self_attn.k_proj",883.2,894.8,883.2,-11.6,0.015332422529280926,0.012963790791238165,"{""mlp.down_proj"": 1392.0, ""mlp.gate_proj"": 470.0, ""mlp.up_proj"": 1129.0, ""self_attn.o_proj"": 863.0, ""self_attn.v_proj"": 620.0}","{""mlp.down_proj"": 1380.0, ""mlp.gate_proj"": 453.0, ""mlp.up_proj"": 1116.0, ""self_attn.o_proj"": 851.0, ""self_attn.v_proj"": 616.0}","{""mlp.down_proj"": -12.0, ""mlp.gate_proj"": -17.0, ""mlp.up_proj"": -13.0, ""self_attn.o_proj"": -12.0, ""self_attn.v_proj"": -4.0}","{""mlp.down_proj"": 0.008620689655172414, ""mlp.gate_proj"": 0.036170212765957444, ""mlp.up_proj"": 0.011514614703277236, ""self_attn.o_proj"": 0.013904982618771726, ""self_attn.v_proj"": 0.0064516129032258064}",0.0037707212514832625,0.011561701277797664,7,equal7,True,"mlp.down_proj,mlp.gate_proj,mlp.up_proj,self_attn.k_proj,self_attn.o_proj,self_attn.q_proj,self_attn.v_proj",,689.2857142857143,698.2857142857143,689.2857142857143,-9.0,0.014394570928912291,0.012888707037643207,"{""mlp.down_proj"": 1392.0, ""mlp.gate_proj"": 470.0, ""mlp.up_proj"": 1129.0, ""self_attn.k_proj"": 168.0, ""self_attn.o_proj"": 863.0, ""self_attn.q_proj"": 246.0, ""self_attn.v_proj"": 620.0}","{""mlp.down_proj"": 1380.0, ""mlp.gate_proj"": 453.0, ""mlp.up_proj"": 1116.0, ""self_attn.k_proj"": 166.0, ""self_attn.o_proj"": 851.0, ""self_attn.q_proj"": 243.0, ""self_attn.v_proj"": 616.0}","{""mlp.down_proj"": -12.0, ""mlp.gate_proj"": -17.0, ""mlp.up_proj"": -13.0, ""self_attn.k_proj"": -2.0, ""self_attn.o_proj"": -12.0, ""self_attn.q_proj"": -3.0, ""self_attn.v_proj"": -4.0}","{""mlp.down_proj"": 0.008620689655172414, ""mlp.gate_proj"": 0.036170212765957444, ""mlp.up_proj"": 0.011514614703277236, ""self_attn.k_proj"": 0.011904761904761904, ""self_attn.o_proj"": 0.013904982618771726, ""self_attn.q_proj"": 0.012195121951219513, ""self_attn.v_proj"": 0.0064516129032258064}",0.000937851600368635,-2.5999999999999996,193.9142857142857,False,True
,,20,E_math_hard_v2,E_AIME24,0.025,18,5,equal5_non_qk,True,"mlp.down_proj,mlp.gate_proj,mlp.up_proj,self_attn.o_proj,self_attn.v_proj","self_attn.q_proj,self_attn.k_proj",954.0,951.8,954.0,2.2,-0.0023973844135276425,-0.0023114099600756942,"{""mlp.down_proj"": 1417.0, ""mlp.gate_proj"": 889.0, ""mlp.up_proj"": 1167.0, ""self_attn.o_proj"": 815.0, ""self_attn.v_proj"": 471.0}","{""mlp.down_proj"": 1420.0, ""mlp.gate_proj"": 890.0, ""mlp.up_proj"": 1169.0, ""self_attn.o_proj"": 819.0, ""self_attn.v_proj"": 472.0}","{""mlp.down_proj"": 3.0, ""mlp.gate_proj"": 1.0, ""mlp.up_proj"": 2.0, ""self_attn.o_proj"": 4.0, ""self_attn.v_proj"": 1.0}","{""mlp.down_proj"": -0.002117148906139732, ""mlp.gate_proj"": -0.0011248593925759281, ""mlp.up_proj"": -0.001713796058269066, ""self_attn.o_proj"": -0.0049079754601227, ""self_attn.v_proj"": -0.0021231422505307855}",0.0027817206374247242,-0.005179105050952367,7,equal7,True,"mlp.down_proj,mlp.gate_proj,mlp.up_proj,self_attn.k_proj,self_attn.o_proj,self_attn.q_proj,self_attn.v_proj",,748.7142857142857,746.7142857142857,748.7142857142857,2.0,-0.003492704020952224,-0.002678400612205854,"{""mlp.down_proj"": 1417.0, ""mlp.gate_proj"": 889.0, ""mlp.up_proj"": 1167.0, ""self_attn.k_proj"": 188.0, ""self_attn.o_proj"": 815.0, ""self_attn.q_proj"": 280.0, ""self_attn.v_proj"": 471.0}","{""mlp.down_proj"": 1420.0, ""mlp.gate_proj"": 890.0, ""mlp.up_proj"": 1169.0, ""self_attn.k_proj"": 189.0, ""self_attn.o_proj"": 819.0, ""self_attn.q_proj"": 282.0, ""self_attn.v_proj"": 472.0}","{""mlp.down_proj"": 3.0, ""mlp.gate_proj"": 1.0, ""mlp.up_proj"": 2.0, ""self_attn.k_proj"": 1.0, ""self_attn.o_proj"": 4.0, ""self_attn.q_proj"": 2.0, ""self_attn.v_proj"": 1.0}","{""mlp.down_proj"": -0.002117148906139732, ""mlp.gate_proj"": -0.0011248593925759281, ""mlp.up_proj"": -0.001713796058269066, ""self_attn.k_proj"": -0.005319148936170213, ""self_attn.o_proj"": -0.0049079754601227, ""self_attn.q_proj"": -0.007142857142857143, ""self_attn.v_proj"": -0.0021231422505307855}",0.0010953196074245815,0.20000000000000018,205.28571428571433,False,True
,,20,E_math_hard_v2,E_AIME24,0.05,14,5,equal5_non_qk,True,"mlp.down_proj,mlp.gate_proj,mlp.up_proj,self_attn.o_proj,self_attn.v_proj","self_attn.q_proj,self_attn.k_proj",628.6,638.2,628.6,-9.6,0.02035241927831379,0.015042306486994707,"{""mlp.down_proj"": 1060.0, ""mlp.gate_proj"": 225.0, ""mlp.up_proj"": 792.0, ""self_attn.o_proj"": 627.0, ""self_attn.v_proj"": 487.0}","{""mlp.down_proj"": 1049.0, ""mlp.gate_proj"": 213.0, ""mlp.up_proj"": 781.0, ""self_attn.o_proj"": 617.0, ""self_attn.v_proj"": 483.0}","{""mlp.down_proj"": -11.0, ""mlp.gate_proj"": -12.0, ""mlp.up_proj"": -11.0, ""self_attn.o_proj"": -10.0, ""self_attn.v_proj"": -4.0}","{""mlp.down_proj"": 0.010377358490566037, ""mlp.gate_proj"": 0.05333333333333334, ""mlp.up_proj"": 0.013888888888888888, ""self_attn.o_proj"": 0.01594896331738437, ""self_attn.v_proj"": 0.008213552361396304}",0.004731343388149008,0.01562107589016478,7,equal7,True,"mlp.down_proj,mlp.gate_proj,mlp.up_proj,self_attn.k_proj,self_attn.o_proj,self_attn.q_proj,self_attn.v_proj",,478.2857142857143,485.57142857142856,478.2857142857143,-7.285714285714286,0.018549303496371006,0.015004413062665473,"{""mlp.down_proj"": 1060.0, ""mlp.gate_proj"": 225.0, ""mlp.up_proj"": 792.0, ""self_attn.k_proj"": 91.0, ""self_attn.o_proj"": 627.0, ""self_attn.q_proj"": 117.0, ""self_attn.v_proj"": 487.0}","{""mlp.down_proj"": 1049.0, ""mlp.gate_proj"": 213.0, ""mlp.up_proj"": 781.0, ""self_attn.k_proj"": 90.0, ""self_attn.o_proj"": 617.0, ""self_attn.q_proj"": 115.0, ""self_attn.v_proj"": 483.0}","{""mlp.down_proj"": -11.0, ""mlp.gate_proj"": -12.0, ""mlp.up_proj"": -11.0, ""self_attn.k_proj"": -1.0, ""self_attn.o_proj"": -10.0, ""self_attn.q_proj"": -2.0, ""self_attn.v_proj"": -4.0}","{""mlp.down_proj"": 0.010377358490566037, ""mlp.gate_proj"": 0.05333333333333334, ""mlp.up_proj"": 0.013888888888888888, ""self_attn.k_proj"": 0.01098901098901099, ""self_attn.o_proj"": 0.01594896331738437, ""self_attn.q_proj"": 0.017094017094017096, ""self_attn.v_proj"": 0.008213552361396304}",0.0018031157819427823,-2.314285714285714,150.31428571428575,False,True
,,20,E_math_hard_v2,E_AIME24,0.05,18,5,equal5_non_qk,True,"mlp.down_proj,mlp.gate_proj,mlp.up_proj,self_attn.o_proj,self_attn.v_proj","self_attn.q_proj,self_attn.k_proj",699.8,698.0,699.8,1.8,-0.002727001106759399,-0.0025787965616045194,"{""mlp.down_proj"": 1117.0, ""mlp.gate_proj"": 586.0, ""mlp.up_proj"": 863.0, ""self_attn.o_proj"": 584.0, ""self_attn.v_proj"": 340.0}","{""mlp.down_proj"": 1120.0, ""mlp.gate_proj"": 586.0, ""mlp.up_proj"": 864.0, ""self_attn.o_proj"": 588.0, ""self_attn.v_proj"": 341.0}","{""mlp.down_proj"": 3.0, ""mlp.gate_proj"": 0.0, ""mlp.up_proj"": 1.0, ""self_attn.o_proj"": 4.0, ""self_attn.v_proj"": 1.0}","{""mlp.down_proj"": -0.0026857654431512983, ""mlp.gate_proj"": 0.0, ""mlp.up_proj"": -0.0011587485515643105, ""self_attn.o_proj"": -0.00684931506849315, ""self_attn.v_proj"": -0.0029411764705882353}",0.004221469803421911,-0.00694847091018131,7,equal7,True,"mlp.down_proj,mlp.gate_proj,mlp.up_proj,self_attn.k_proj,self_attn.o_proj,self_attn.q_proj,self_attn.v_proj",,531.0,529.4285714285714,531.0,1.5714285714285714,-0.004645396429521859,-0.0029681597409605734,"{""mlp.down_proj"": 1117.0, ""mlp.gate_proj"": 586.0, ""mlp.up_proj"": 863.0, ""self_attn.k_proj"": 93.0, ""self_attn.o_proj"": 584.0, ""self_attn.q_proj"": 123.0, ""self_attn.v_proj"": 340.0}","{""mlp.down_proj"": 1120.0, ""mlp.gate_proj"": 586.0, ""mlp.up_proj"": 864.0, ""self_attn.k_proj"": 94.0, ""self_attn.o_proj"": 588.0, ""self_attn.q_proj"": 124.0, ""self_attn.v_proj"": 341.0}","{""mlp.down_proj"": 3.0, ""mlp.gate_proj"": 0.0, ""mlp.up_proj"": 1.0, ""self_attn.k_proj"": 1.0, ""self_attn.o_proj"": 4.0, ""self_attn.q_proj"": 1.0, ""self_attn.v_proj"": 1.0}","{""mlp.down_proj"": -0.0026857654431512983, ""mlp.gate_proj"": 0.0, ""mlp.up_proj"": -0.0011587485515643105, ""self_attn.k_proj"": -0.010752688172043012, ""self_attn.o_proj"": -0.00684931506849315, ""self_attn.q_proj"": -0.008130081300813009, ""self_attn.v_proj"": -0.0029411764705882353}",0.0019183953227624598,0.22857142857142865,168.79999999999995,False,True
,,20,E_math_hard_v2,E_AIME24,0.1,14,5,equal5_non_qk,True,"mlp.down_proj,mlp.gate_proj,mlp.up_proj,self_attn.o_proj,self_attn.v_proj","self_attn.q_proj,self_attn.k_proj",395.2,402.0,395.2,-6.8,0.027145319426988872,0.016915422885572167,"{""mlp.down_proj"": 724.0, ""mlp.gate_proj"": 66.0, ""mlp.up_proj"": 474.0, ""self_attn.o_proj"": 405.0, ""self_attn.v_proj"": 341.0}","{""mlp.down_proj"": 715.0, ""mlp.gate_proj"": 61.0, ""mlp.up_proj"": 465.0, ""self_attn.o_proj"": 397.0, ""self_attn.v_proj"": 338.0}","{""mlp.down_proj"": -9.0, ""mlp.gate_proj"": -5.0, ""mlp.up_proj"": -9.0, ""self_attn.o_proj"": -8.0, ""self_attn.v_proj"": -3.0}","{""mlp.down_proj"": 0.012430939226519336, ""mlp.gate_proj"": 0.07575757575757576, ""mlp.up_proj"": 0.0189873417721519, ""self_attn.o_proj"": 0.019753086419753086, ""self_attn.v_proj"": 0.008797653958944282}",0.005848296990602794,0.02129702243638608,7,equal7,True,"mlp.down_proj,mlp.gate_proj,mlp.up_proj,self_attn.k_proj,self_attn.o_proj,self_attn.q_proj,self_attn.v_proj",,293.57142857142856,298.7142857142857,293.57142857142856,-5.142857142857143,0.02644526300534048,0.017216642754662923,"{""mlp.down_proj"": 724.0, ""mlp.gate_proj"": 66.0, ""mlp.up_proj"": 474.0, ""self_attn.k_proj"": 40.0, ""self_attn.o_proj"": 405.0, ""self_attn.q_proj"": 41.0, ""self_attn.v_proj"": 341.0}","{""mlp.down_proj"": 715.0, ""mlp.gate_proj"": 61.0, ""mlp.up_proj"": 465.0, ""self_attn.k_proj"": 39.0, ""self_attn.o_proj"": 397.0, ""self_attn.q_proj"": 40.0, ""self_attn.v_proj"": 338.0}","{""mlp.down_proj"": -9.0, ""mlp.gate_proj"": -5.0, ""mlp.up_proj"": -9.0, ""self_attn.k_proj"": -1.0, ""self_attn.o_proj"": -8.0, ""self_attn.q_proj"": -1.0, ""self_attn.v_proj"": -3.0}","{""mlp.down_proj"": 0.012430939226519336, ""mlp.gate_proj"": 0.07575757575757576, ""mlp.up_proj"": 0.0189873417721519, ""self_attn.k_proj"": 0.025, ""self_attn.o_proj"": 0.019753086419753086, ""self_attn.q_proj"": 0.024390243902439025, ""self_attn.v_proj"": 0.008797653958944282}",0.0007000564216483908,-1.6571428571428566,101.62857142857143,False,True
,,20,E_math_hard_v2,E_AIME24,0.1,18,5,equal5_non_qk,True,"mlp.down_proj,mlp.gate_proj,mlp.up_proj,self_attn.o_proj,self_attn.v_proj","self_attn.q_proj,self_attn.k_proj",449.2,447.6,449.2,1.6,-0.0031001577017263316,-0.0035746201966040344,"{""mlp.down_proj"": 795.0, ""mlp.gate_proj"": 309.0, ""mlp.up_proj"": 556.0, ""self_attn.o_proj"": 369.0, ""self_attn.v_proj"": 209.0}","{""mlp.down_proj"": 798.0, ""mlp.gate_proj"": 309.0, ""mlp.up_proj"": 558.0, ""self_attn.o_proj"": 372.0, ""self_attn.v_proj"": 209.0}","{""mlp.down_proj"": 3.0, ""mlp.gate_proj"": 0.0, ""mlp.up_proj"": 2.0, ""self_attn.o_proj"": 3.0, ""self_attn.v_proj"": 0.0}","{""mlp.down_proj"": -0.0037735849056603774, ""mlp.gate_proj"": 0.0, ""mlp.up_proj"": -0.0035971223021582736, ""self_attn.o_proj"": -0.008130081300813009, ""self_attn.v_proj"": 0.0}",0.005430201298564613,-0.008530359000290946,7,equal7,True,"mlp.down_proj,mlp.gate_proj,mlp.up_proj,self_attn.k_proj,self_attn.o_proj,self_attn.q_proj,self_attn.v_proj",,330.0,328.85714285714283,330.0,1.1428571428571428,-0.002214398358375951,-0.0034752389226760084,"{""mlp.down_proj"": 795.0, ""mlp.gate_proj"": 309.0, ""mlp.up_proj"": 556.0, ""self_attn.k_proj"": 33.0, ""self_attn.o_proj"": 369.0, ""self_attn.q_proj"": 31.0, ""self_attn.v_proj"": 209.0}","{""mlp.down_proj"": 798.0, ""mlp.gate_proj"": 309.0, ""mlp.up_proj"": 558.0, ""self_attn.k_proj"": 33.0, ""self_attn.o_proj"": 372.0, ""self_attn.q_proj"": 31.0, ""self_attn.v_proj"": 209.0}","{""mlp.down_proj"": 3.0, ""mlp.gate_proj"": 0.0, ""mlp.up_proj"": 2.0, ""self_attn.k_proj"": 0.0, ""self_attn.o_proj"": 3.0, ""self_attn.q_proj"": 0.0, ""self_attn.v_proj"": 0.0}","{""mlp.down_proj"": -0.0037735849056603774, ""mlp.gate_proj"": 0.0, ""mlp.up_proj"": -0.0035971223021582736, ""self_attn.k_proj"": 0.0, ""self_attn.o_proj"": -0.008130081300813009, ""self_attn.q_proj"": 0.0, ""self_attn.v_proj"": 0.0}",-0.0008857593433503805,0.4571428571428573,119.19999999999999,False,True
,,20,E_ood,E_mmluPro,0.01,14,5,equal5_non_qk,True,"mlp.down_proj,mlp.gate_proj,mlp.up_proj,self_attn.o_proj,self_attn.v_proj","self_attn.q_proj,self_attn.k_proj",1686.6,1694.8,1686.6,-8.2,0.00523312248852324,0.0048383290063724604,"{""mlp.down_proj"": 2452.0, ""mlp.gate_proj"": 1353.0, ""mlp.up_proj"": 2264.0, ""self_attn.o_proj"": 1557.0, ""self_attn.v_proj"": 848.0}","{""mlp.down_proj"": 2447.0, ""mlp.gate_proj"": 1333.0, ""mlp.up_proj"": 2254.0, ""self_attn.o_proj"": 1553.0, ""self_attn.v_proj"": 846.0}","{""mlp.down_proj"": -5.0, ""mlp.gate_proj"": -20.0, ""mlp.up_proj"": -10.0, ""self_attn.o_proj"": -4.0, ""self_attn.v_proj"": -2.0}","{""mlp.down_proj"": 0.0020391517128874386, ""mlp.gate_proj"": 0.014781966001478197, ""mlp.up_proj"": 0.00441696113074205, ""self_attn.o_proj"": 0.002569043031470777, ""self_attn.v_proj"": 0.0023584905660377358}",0.002623506756701226,0.002609615731822014,7,equal7,True,"mlp.down_proj,mlp.gate_proj,mlp.up_proj,self_attn.k_proj,self_attn.o_proj,self_attn.q_proj,self_attn.v_proj",,1337.7142857142858,1343.857142857143,1337.7142857142858,-6.142857142857143,0.004211766004003215,0.0045710641012012086,"{""mlp.down_proj"": 2452.0, ""mlp.gate_proj"": 1353.0, ""mlp.up_proj"": 2264.0, ""self_attn.k_proj"": 330.0, ""self_attn.o_proj"": 1557.0, ""self_attn.q_proj"": 603.0, ""self_attn.v_proj"": 848.0}","{""mlp.down_proj"": 2447.0, ""mlp.gate_proj"": 1333.0, ""mlp.up_proj"": 2254.0, ""self_attn.k_proj"": 330.0, ""self_attn.o_proj"": 1553.0, ""self_attn.q_proj"": 601.0, ""self_attn.v_proj"": 846.0}","{""mlp.down_proj"": -5.0, ""mlp.gate_proj"": -20.0, ""mlp.up_proj"": -10.0, ""self_attn.k_proj"": 0.0, ""self_attn.o_proj"": -4.0, ""self_attn.q_proj"": -2.0, ""self_attn.v_proj"": -2.0}","{""mlp.down_proj"": 0.0020391517128874386, ""mlp.gate_proj"": 0.014781966001478197, ""mlp.up_proj"": 0.00441696113074205, ""self_attn.k_proj"": 0.0, ""self_attn.o_proj"": 0.002569043031470777, ""self_attn.q_proj"": 0.003316749585406302, ""self_attn.v_proj"": 0.0023584905660377358}",0.001021356484520025,-2.057142857142856,348.88571428571413,False,True
,,20,E_ood,E_mmluPro,0.01,18,5,equal5_non_qk,True,"mlp.down_proj,mlp.gate_proj,mlp.up_proj,self_attn.o_proj,self_attn.v_proj","self_attn.q_proj,self_attn.k_proj",1611.2,1610.8,1611.2,0.4,-0.0002982817801514227,-0.0002483238142538434,"{""mlp.down_proj"": 2156.0, ""mlp.gate_proj"": 1668.0, ""mlp.up_proj"": 2030.0, ""self_attn.o_proj"": 1471.0, ""self_attn.v_proj"": 729.0}","{""mlp.down_proj"": 2157.0, ""mlp.gate_proj"": 1666.0, ""mlp.up_proj"": 2029.0, ""self_attn.o_proj"": 1475.0, ""self_attn.v_proj"": 729.0}","{""mlp.down_proj"": 1.0, ""mlp.gate_proj"": -2.0, ""mlp.up_proj"": -1.0, ""self_attn.o_proj"": 4.0, ""self_attn.v_proj"": 0.0}","{""mlp.down_proj"": -0.00046382189239332097, ""mlp.gate_proj"": 0.001199040767386091, ""mlp.up_proj"": 0.0004926108374384236, ""self_attn.o_proj"": -0.002719238613188307, ""self_attn.v_proj"": 0.0}",0.0015162472185893446,-0.0018145289987407673,7,equal7,True,"mlp.down_proj,mlp.gate_proj,mlp.up_proj,self_attn.k_proj,self_attn.o_proj,self_attn.q_proj,self_attn.v_proj",,1306.7142857142858,1306.0,1306.7142857142858,0.7142857142857143,-0.000984917569265082,-0.000546926274338269,"{""mlp.down_proj"": 2156.0, ""mlp.gate_proj"": 1668.0, ""mlp.up_proj"": 2030.0, ""self_attn.k_proj"": 402.0, ""self_attn.o_proj"": 1471.0, ""self_attn.q_proj"": 686.0, ""self_attn.v_proj"": 729.0}","{""mlp.down_proj"": 2157.0, ""mlp.gate_proj"": 1666.0, ""mlp.up_proj"": 2029.0, ""self_attn.k_proj"": 403.0, ""self_attn.o_proj"": 1475.0, ""self_attn.q_proj"": 688.0, ""self_attn.v_proj"": 729.0}","{""mlp.down_proj"": 1.0, ""mlp.gate_proj"": -2.0, ""mlp.up_proj"": -1.0, ""self_attn.k_proj"": 1.0, ""self_attn.o_proj"": 4.0, ""self_attn.q_proj"": 2.0, ""self_attn.v_proj"": 0.0}","{""mlp.down_proj"": -0.00046382189239332097, ""mlp.gate_proj"": 0.001199040767386091, ""mlp.up_proj"": 0.0004926108374384236, ""self_attn.k_proj"": -0.0024875621890547263, ""self_attn.o_proj"": -0.002719238613188307, ""self_attn.q_proj"": -0.0029154518950437317, ""self_attn.v_proj"": 0.0}",0.0006866357891136593,-0.3142857142857143,304.48571428571427,False,True
,,20,E_ood,E_mmluPro,0.025,14,5,equal5_non_qk,True,"mlp.down_proj,mlp.gate_proj,mlp.up_proj,self_attn.o_proj,self_attn.v_proj","self_attn.q_proj,self_attn.k_proj",1288.6,1297.0,1288.6,-8.4,0.008038939913601245,0.006476484194294596,"{""mlp.down_proj"": 2058.0, ""mlp.gate_proj"": 732.0, ""mlp.up_proj"": 1776.0, ""self_attn.o_proj"": 1191.0, ""self_attn.v_proj"": 728.0}","{""mlp.down_proj"": 2050.0, ""mlp.gate_proj"": 714.0, ""mlp.up_proj"": 1764.0, ""self_attn.o_proj"": 1190.0, ""self_attn.v_proj"": 725.0}","{""mlp.down_proj"": -8.0, ""mlp.gate_proj"": -18.0, ""mlp.up_proj"": -12.0, ""self_attn.o_proj"": -1.0, ""self_attn.v_proj"": -3.0}","{""mlp.down_proj"": 0.003887269193391642, ""mlp.gate_proj"": 0.02459016393442623, ""mlp.up_proj"": 0.006756756756756757, ""self_attn.o_proj"": 0.0008396305625524769, ""self_attn.v_proj"": 0.004120879120879121}",0.0037707212514832625,0.004268218662117983,7,equal7,True,"mlp.down_proj,mlp.gate_proj,mlp.up_proj,self_attn.k_proj,self_attn.o_proj,self_attn.q_proj,self_attn.v_proj",,986.7142857142857,993.0,986.7142857142857,-6.285714285714286,0.007040699902616905,0.006330024456912724,"{""mlp.down_proj"": 2058.0, ""mlp.gate_proj"": 732.0, ""mlp.up_proj"": 1776.0, ""self_attn.k_proj"": 178.0, ""self_attn.o_proj"": 1191.0, ""self_attn.q_proj"": 288.0, ""self_attn.v_proj"": 728.0}","{""mlp.down_proj"": 2050.0, ""mlp.gate_proj"": 714.0, ""mlp.up_proj"": 1764.0, ""self_attn.k_proj"": 177.0, ""self_attn.o_proj"": 1190.0, ""self_attn.q_proj"": 287.0, ""self_attn.v_proj"": 725.0}","{""mlp.down_proj"": -8.0, ""mlp.gate_proj"": -18.0, ""mlp.up_proj"": -12.0, ""self_attn.k_proj"": -1.0, ""self_attn.o_proj"": -1.0, ""self_attn.q_proj"": -1.0, ""self_attn.v_proj"": -3.0}","{""mlp.down_proj"": 0.003887269193391642, ""mlp.gate_proj"": 0.02459016393442623, ""mlp.up_proj"": 0.006756756756756757, ""self_attn.k_proj"": 0.0056179775280898875, ""self_attn.o_proj"": 0.0008396305625524769, ""self_attn.q_proj"": 0.003472222222222222, ""self_attn.v_proj"": 0.004120879120879121}",0.0009982400109843402,-2.1142857142857148,301.88571428571424,False,True
,,20,E_ood,E_mmluPro,0.025,18,5,equal5_non_qk,True,"mlp.down_proj,mlp.gate_proj,mlp.up_proj,self_attn.o_proj,self_attn.v_proj","self_attn.q_proj,self_attn.k_proj",1269.8,1269.0,1269.8,0.8,-0.0005872415799677215,-0.0006304176516942116,"{""mlp.down_proj"": 1847.0, ""mlp.gate_proj"": 1164.0, ""mlp.up_proj"": 1656.0, ""self_attn.o_proj"": 1106.0, ""self_attn.v_proj"": 572.0}","{""mlp.down_proj"": 1849.0, ""mlp.gate_proj"": 1163.0, ""mlp.up_proj"": 1656.0, ""self_attn.o_proj"": 1109.0, ""self_attn.v_proj"": 572.0}","{""mlp.down_proj"": 2.0, ""mlp.gate_proj"": -1.0, ""mlp.up_proj"": 0.0, ""self_attn.o_proj"": 3.0, ""self_attn.v_proj"": 0.0}","{""mlp.down_proj"": -0.0010828370330265296, ""mlp.gate_proj"": 0.000859106529209622, ""mlp.up_proj"": 0.0, ""self_attn.o_proj"": -0.0027124773960217, ""self_attn.v_proj"": 0.0}",0.0027817206374247242,-0.0033689622173924457,7,equal7,True,"mlp.down_proj,mlp.gate_proj,mlp.up_proj,self_attn.k_proj,self_attn.o_proj,self_attn.q_proj,self_attn.v_proj",,985.8571428571429,984.8571428571429,985.8571428571429,1.0,-0.0019362323518977366,-0.0010153756890049319,"{""mlp.down_proj"": 1847.0, ""mlp.gate_proj"": 1164.0, ""mlp.up_proj"": 1656.0, ""self_attn.k_proj"": 230.0, ""self_attn.o_proj"": 1106.0, ""self_attn.q_proj"": 319.0, ""self_attn.v_proj"": 572.0}","{""mlp.down_proj"": 1849.0, ""mlp.gate_proj"": 1163.0, ""mlp.up_proj"": 1656.0, ""self_attn.k_proj"": 231.0, ""self_attn.o_proj"": 1109.0, ""self_attn.q_proj"": 321.0, ""self_attn.v_proj"": 572.0}","{""mlp.down_proj"": 2.0, ""mlp.gate_proj"": -1.0, ""mlp.up_proj"": 0.0, ""self_attn.k_proj"": 1.0, ""self_attn.o_proj"": 3.0, ""self_attn.q_proj"": 2.0, ""self_attn.v_proj"": 0.0}","{""mlp.down_proj"": -0.0010828370330265296, ""mlp.gate_proj"": 0.000859106529209622, ""mlp.up_proj"": 0.0, ""self_attn.k_proj"": -0.004347826086956522, ""self_attn.o_proj"": -0.0027124773960217, ""self_attn.q_proj"": -0.006269592476489028, ""self_attn.v_proj"": 0.0}",0.0013489907719300151,-0.19999999999999996,283.94285714285706,False,True
,,20,E_ood,E_mmluPro,0.05,14,5,equal5_non_qk,True,"mlp.down_proj,mlp.gate_proj,mlp.up_proj,self_attn.o_proj,self_attn.v_proj","self_attn.q_proj,self_attn.k_proj",955.2,962.0,955.2,-6.8,0.0108661237176132,0.007068607068607021,"{""mlp.down_proj"": 1669.0, ""mlp.gate_proj"": 328.0, ""mlp.up_proj"": 1320.0, ""self_attn.o_proj"": 891.0, ""self_attn.v_proj"": 602.0}","{""mlp.down_proj"": 1661.0, ""mlp.gate_proj"": 316.0, ""mlp.up_proj"": 1308.0, ""self_attn.o_proj"": 892.0, ""self_attn.v_proj"": 599.0}","{""mlp.down_proj"": -8.0, ""mlp.gate_proj"": -12.0, ""mlp.up_proj"": -12.0, ""self_attn.o_proj"": 1.0, ""self_attn.v_proj"": -3.0}","{""mlp.down_proj"": 0.004793289394847214, ""mlp.gate_proj"": 0.036585365853658534, ""mlp.up_proj"": 0.00909090909090909, ""self_attn.o_proj"": -0.001122334455667789, ""self_attn.v_proj"": 0.0049833887043189366}",0.004731343388149008,0.0061347803294641914,7,equal7,True,"mlp.down_proj,mlp.gate_proj,mlp.up_proj,self_attn.k_proj,self_attn.o_proj,self_attn.q_proj,self_attn.v_proj",,712.7142857142857,717.7142857142857,712.7142857142857,-5.0,0.008922957126982713,0.00696656050955414,"{""mlp.down_proj"": 1669.0, ""mlp.gate_proj"": 328.0, ""mlp.up_proj"": 1320.0, ""self_attn.k_proj"": 91.0, ""self_attn.o_proj"": 891.0, ""self_attn.q_proj"": 123.0, ""self_attn.v_proj"": 602.0}","{""mlp.down_proj"": 1661.0, ""mlp.gate_proj"": 316.0, ""mlp.up_proj"": 1308.0, ""self_attn.k_proj"": 91.0, ""self_attn.o_proj"": 892.0, ""self_attn.q_proj"": 122.0, ""self_attn.v_proj"": 599.0}","{""mlp.down_proj"": -8.0, ""mlp.gate_proj"": -12.0, ""mlp.up_proj"": -12.0, ""self_attn.k_proj"": 0.0, ""self_attn.o_proj"": 1.0, ""self_attn.q_proj"": -1.0, ""self_attn.v_proj"": -3.0}","{""mlp.down_proj"": 0.004793289394847214, ""mlp.gate_proj"": 0.036585365853658534, ""mlp.up_proj"": 0.00909090909090909, ""self_attn.k_proj"": 0.0, ""self_attn.o_proj"": -0.001122334455667789, ""self_attn.q_proj"": 0.008130081300813009, ""self_attn.v_proj"": 0.0049833887043189366}",0.0019431665906304869,-1.7999999999999998,242.48571428571438,False,True
,,20,E_ood,E_mmluPro,0.05,18,5,equal5_non_qk,True,"mlp.down_proj,mlp.gate_proj,mlp.up_proj,self_attn.o_proj,self_attn.v_proj","self_attn.q_proj,self_attn.k_proj",956.0,955.0,956.0,1.0,-0.0008859407090537625,-0.0010471204188481676,"{""mlp.down_proj"": 1519.0, ""mlp.gate_proj"": 732.0, ""mlp.up_proj"": 1282.0, ""self_attn.o_proj"": 811.0, ""self_attn.v_proj"": 431.0}","{""mlp.down_proj"": 1521.0, ""mlp.gate_proj"": 731.0, ""mlp.up_proj"": 1283.0, ""self_attn.o_proj"": 814.0, ""self_attn.v_proj"": 431.0}","{""mlp.down_proj"": 2.0, ""mlp.gate_proj"": -1.0, ""mlp.up_proj"": 1.0, ""self_attn.o_proj"": 3.0, ""self_attn.v_proj"": 0.0}","{""mlp.down_proj"": -0.0013166556945358788, ""mlp.gate_proj"": 0.001366120218579235, ""mlp.up_proj"": -0.00078003120124805, ""self_attn.o_proj"": -0.0036991368680641184, ""self_attn.v_proj"": 0.0}",0.004221469803421911,-0.005107410512475674,7,equal7,True,"mlp.down_proj,mlp.gate_proj,mlp.up_proj,self_attn.k_proj,self_attn.o_proj,self_attn.q_proj,self_attn.v_proj",,717.1428571428571,716.0,717.1428571428571,1.1428571428571428,-0.004225616974325134,-0.0015961691939345116,"{""mlp.down_proj"": 1519.0, ""mlp.gate_proj"": 732.0, ""mlp.up_proj"": 1282.0, ""self_attn.k_proj"": 116.0, ""self_attn.o_proj"": 811.0, ""self_attn.q_proj"": 121.0, ""self_attn.v_proj"": 431.0}","{""mlp.down_proj"": 1521.0, ""mlp.gate_proj"": 731.0, ""mlp.up_proj"": 1283.0, ""self_attn.k_proj"": 117.0, ""self_attn.o_proj"": 814.0, ""self_attn.q_proj"": 123.0, ""self_attn.v_proj"": 431.0}","{""mlp.down_proj"": 2.0, ""mlp.gate_proj"": -1.0, ""mlp.up_proj"": 1.0, ""self_attn.k_proj"": 1.0, ""self_attn.o_proj"": 3.0, ""self_attn.q_proj"": 2.0, ""self_attn.v_proj"": 0.0}","{""mlp.down_proj"": -0.0013166556945358788, ""mlp.gate_proj"": 0.001366120218579235, ""mlp.up_proj"": -0.00078003120124805, ""self_attn.k_proj"": -0.008620689655172414, ""self_attn.o_proj"": -0.0036991368680641184, ""self_attn.q_proj"": -0.01652892561983471, ""self_attn.v_proj"": 0.0}",0.0033396762652713715,-0.1428571428571428,238.8571428571429,False,True
,,20,E_ood,E_mmluPro,0.1,14,5,equal5_non_qk,True,"mlp.down_proj,mlp.gate_proj,mlp.up_proj,self_attn.o_proj,self_attn.v_proj","self_attn.q_proj,self_attn.k_proj",625.6,630.8,625.6,-5.2,0.014797878567230263,0.008243500317057596,"{""mlp.down_proj"": 1213.0, ""mlp.gate_proj"": 83.0, ""mlp.up_proj"": 826.0, ""self_attn.o_proj"": 586.0, ""self_attn.v_proj"": 446.0}","{""mlp.down_proj"": 1204.0, ""mlp.gate_proj"": 79.0, ""mlp.up_proj"": 814.0, ""self_attn.o_proj"": 589.0, ""self_attn.v_proj"": 442.0}","{""mlp.down_proj"": -9.0, ""mlp.gate_proj"": -4.0, ""mlp.up_proj"": -12.0, ""self_attn.o_proj"": 3.0, ""self_attn.v_proj"": -4.0}","{""mlp.down_proj"": 0.00741962077493817, ""mlp.gate_proj"": 0.04819277108433735, ""mlp.up_proj"": 0.014527845036319613, ""self_attn.o_proj"": -0.005119453924914676, ""self_attn.v_proj"": 0.008968609865470852}",0.005848296990602794,0.00894958157662747,7,equal7,True,"mlp.down_proj,mlp.gate_proj,mlp.up_proj,self_attn.k_proj,self_attn.o_proj,self_attn.q_proj,self_attn.v_proj",,458.2857142857143,462.0,458.2857142857143,-3.7142857142857144,0.01056991326230733,0.008039579468150914,"{""mlp.down_proj"": 1213.0, ""mlp.gate_proj"": 83.0, ""mlp.up_proj"": 826.0, ""self_attn.k_proj"": 39.0, ""self_attn.o_proj"": 586.0, ""self_attn.q_proj"": 41.0, ""self_attn.v_proj"": 446.0}","{""mlp.down_proj"": 1204.0, ""mlp.gate_proj"": 79.0, ""mlp.up_proj"": 814.0, ""self_attn.k_proj"": 39.0, ""self_attn.o_proj"": 589.0, ""self_attn.q_proj"": 41.0, ""self_attn.v_proj"": 442.0}","{""mlp.down_proj"": -9.0, ""mlp.gate_proj"": -4.0, ""mlp.up_proj"": -12.0, ""self_attn.k_proj"": 0.0, ""self_attn.o_proj"": 3.0, ""self_attn.q_proj"": 0.0, ""self_attn.v_proj"": -4.0}","{""mlp.down_proj"": 0.00741962077493817, ""mlp.gate_proj"": 0.04819277108433735, ""mlp.up_proj"": 0.014527845036319613, ""self_attn.k_proj"": 0.0, ""self_attn.o_proj"": -0.005119453924914676, ""self_attn.q_proj"": 0.0, ""self_attn.v_proj"": 0.008968609865470852}",0.004227965304922933,-1.4857142857142858,167.31428571428575,False,True
,,20,E_ood,E_mmluPro,0.1,18,5,equal5_non_qk,True,"mlp.down_proj,mlp.gate_proj,mlp.up_proj,self_attn.o_proj,self_attn.v_proj","self_attn.q_proj,self_attn.k_proj",619.0,618.0,619.0,1.0,-0.001142307081680991,-0.0016181229773462784,"{""mlp.down_proj"": 1115.0, ""mlp.gate_proj"": 328.0, ""mlp.up_proj"": 851.0, ""self_attn.o_proj"": 518.0, ""self_attn.v_proj"": 278.0}","{""mlp.down_proj"": 1117.0, ""mlp.gate_proj"": 327.0, ""mlp.up_proj"": 852.0, ""self_attn.o_proj"": 521.0, ""self_attn.v_proj"": 278.0}","{""mlp.down_proj"": 2.0, ""mlp.gate_proj"": -1.0, ""mlp.up_proj"": 1.0, ""self_attn.o_proj"": 3.0, ""self_attn.v_proj"": 0.0}","{""mlp.down_proj"": -0.0017937219730941704, ""mlp.gate_proj"": 0.003048780487804878, ""mlp.up_proj"": -0.0011750881316098707, ""self_attn.o_proj"": -0.005791505791505791, ""self_attn.v_proj"": 0.0}",0.005430201298564613,-0.006572508380245604,7,equal7,True,"mlp.down_proj,mlp.gate_proj,mlp.up_proj,self_attn.k_proj,self_attn.o_proj,self_attn.q_proj,self_attn.v_proj",,451.7142857142857,450.85714285714283,451.7142857142857,0.8571428571428571,-0.004387362201200708,-0.0019011406844107186,"{""mlp.down_proj"": 1115.0, ""mlp.gate_proj"": 328.0, ""mlp.up_proj"": 851.0, ""self_attn.k_proj"": 40.0, ""self_attn.o_proj"": 518.0, ""self_attn.q_proj"": 26.0, ""self_attn.v_proj"": 278.0}","{""mlp.down_proj"": 1117.0, ""mlp.gate_proj"": 327.0, ""mlp.up_proj"": 852.0, ""self_attn.k_proj"": 41.0, ""self_attn.o_proj"": 521.0, ""self_attn.q_proj"": 26.0, ""self_attn.v_proj"": 278.0}","{""mlp.down_proj"": 2.0, ""mlp.gate_proj"": -1.0, ""mlp.up_proj"": 1.0, ""self_attn.k_proj"": 1.0, ""self_attn.o_proj"": 3.0, ""self_attn.q_proj"": 0.0, ""self_attn.v_proj"": 0.0}","{""mlp.down_proj"": -0.0017937219730941704, ""mlp.gate_proj"": 0.003048780487804878, ""mlp.up_proj"": -0.0011750881316098707, ""self_attn.k_proj"": -0.025, ""self_attn.o_proj"": -0.005791505791505791, ""self_attn.q_proj"": 0.0, ""self_attn.v_proj"": 0.0}",0.0032450551195197168,0.1428571428571429,167.28571428571428,False,True
,,20,S_math,legacy_S_math,0.01,14,5,equal5_non_qk,True,"mlp.down_proj,mlp.gate_proj,mlp.up_proj,self_attn.o_proj,self_attn.v_proj","self_attn.q_proj,self_attn.k_proj",920.6,924.4,920.6,-3.8,0.006688332722928689,0.004110774556469012,"{""mlp.down_proj"": 1423.0, ""mlp.gate_proj"": 604.0, ""mlp.up_proj"": 1193.0, ""self_attn.o_proj"": 743.0, ""self_attn.v_proj"": 659.0}","{""mlp.down_proj"": 1432.0, ""mlp.gate_proj"": 588.0, ""mlp.up_proj"": 1187.0, ""self_attn.o_proj"": 738.0, ""self_attn.v_proj"": 658.0}","{""mlp.down_proj"": 9.0, ""mlp.gate_proj"": -16.0, ""mlp.up_proj"": -6.0, ""self_attn.o_proj"": -5.0, ""self_attn.v_proj"": -1.0}","{""mlp.down_proj"": -0.006324666198172874, ""mlp.gate_proj"": 0.026490066225165563, ""mlp.up_proj"": 0.005029337803855826, ""self_attn.o_proj"": 0.006729475100942127, ""self_attn.v_proj"": 0.0015174506828528073}",0.002623506756701226,0.004064825966227464,7,equal7,True,"mlp.down_proj,mlp.gate_proj,mlp.up_proj,self_attn.k_proj,self_attn.o_proj,self_attn.q_proj,self_attn.v_proj",,728.4285714285714,729.0,728.4285714285714,-0.5714285714285714,-0.004189267925393825,0.0007838526357044652,"{""mlp.down_proj"": 1423.0, ""mlp.gate_proj"": 604.0, ""mlp.up_proj"": 1193.0, ""self_attn.k_proj"": 186.0, ""self_attn.o_proj"": 743.0, ""self_attn.q_proj"": 295.0, ""self_attn.v_proj"": 659.0}","{""mlp.down_proj"": 1432.0, ""mlp.gate_proj"": 588.0, ""mlp.up_proj"": 1187.0, ""self_attn.k_proj"": 192.0, ""self_attn.o_proj"": 738.0, ""self_attn.q_proj"": 304.0, ""self_attn.v_proj"": 658.0}","{""mlp.down_proj"": 9.0, ""mlp.gate_proj"": -16.0, ""mlp.up_proj"": -6.0, ""self_attn.k_proj"": 6.0, ""self_attn.o_proj"": -5.0, ""self_attn.q_proj"": 9.0, ""self_attn.v_proj"": -1.0}","{""mlp.down_proj"": -0.006324666198172874, ""mlp.gate_proj"": 0.026490066225165563, ""mlp.up_proj"": 0.005029337803855826, ""self_attn.k_proj"": -0.03225806451612903, ""self_attn.o_proj"": 0.006729475100942127, ""self_attn.q_proj"": -0.030508474576271188, ""self_attn.v_proj"": 0.0015174506828528073}",0.010877600648322515,-3.2285714285714286,192.17142857142858,True,True
,,20,S_math,legacy_S_math,0.01,18,5,equal5_non_qk,True,"mlp.down_proj,mlp.gate_proj,mlp.up_proj,self_attn.o_proj,self_attn.v_proj","self_attn.q_proj,self_attn.k_proj",1520.4,1527.2,1520.4,-6.8,0.004433493700162799,0.0044525929806180945,"{""mlp.down_proj"": 2158.0, ""mlp.gate_proj"": 1490.0, ""mlp.up_proj"": 1931.0, ""self_attn.o_proj"": 1338.0, ""self_attn.v_proj"": 719.0}","{""mlp.down_proj"": 2154.0, ""mlp.gate_proj"": 1478.0, ""mlp.up_proj"": 1923.0, ""self_attn.o_proj"": 1329.0, ""self_attn.v_proj"": 718.0}","{""mlp.down_proj"": -4.0, ""mlp.gate_proj"": -12.0, ""mlp.up_proj"": -8.0, ""self_attn.o_proj"": -9.0, ""self_attn.v_proj"": -1.0}","{""mlp.down_proj"": 0.0018535681186283596, ""mlp.gate_proj"": 0.008053691275167786, ""mlp.up_proj"": 0.004142931123770067, ""self_attn.o_proj"": 0.006726457399103139, ""self_attn.v_proj"": 0.0013908205841446453}",0.0015162472185893446,0.002917246481573455,7,equal7,True,"mlp.down_proj,mlp.gate_proj,mlp.up_proj,self_attn.k_proj,self_attn.o_proj,self_attn.q_proj,self_attn.v_proj",,1233.0,1236.5714285714287,1233.0,-3.5714285714285716,0.0006908889765288582,0.0028881700554529437,"{""mlp.down_proj"": 2158.0, ""mlp.gate_proj"": 1490.0, ""mlp.up_proj"": 1931.0, ""self_attn.k_proj"": 371.0, ""self_attn.o_proj"": 1338.0, ""self_attn.q_proj"": 649.0, ""self_attn.v_proj"": 719.0}","{""mlp.down_proj"": 2154.0, ""mlp.gate_proj"": 1478.0, ""mlp.up_proj"": 1923.0, ""self_attn.k_proj"": 374.0, ""self_attn.o_proj"": 1329.0, ""self_attn.q_proj"": 655.0, ""self_attn.v_proj"": 718.0}","{""mlp.down_proj"": -4.0, ""mlp.gate_proj"": -12.0, ""mlp.up_proj"": -8.0, ""self_attn.k_proj"": 3.0, ""self_attn.o_proj"": -9.0, ""self_attn.q_proj"": 6.0, ""self_attn.v_proj"": -1.0}","{""mlp.down_proj"": 0.0018535681186283596, ""mlp.gate_proj"": 0.008053691275167786, ""mlp.up_proj"": 0.004142931123770067, ""self_attn.k_proj"": -0.008086253369272238, ""self_attn.o_proj"": 0.006726457399103139, ""self_attn.q_proj"": -0.009244992295839754, ""self_attn.v_proj"": 0.0013908205841446453}",0.003742604723633941,-3.228571428571428,287.4000000000001,False,True
,,20,S_math,legacy_S_math,0.025,14,5,equal5_non_qk,True,"mlp.down_proj,mlp.gate_proj,mlp.up_proj,self_attn.o_proj,self_attn.v_proj","self_attn.q_proj,self_attn.k_proj",609.2,612.8,609.2,-3.6,0.010778184149355916,0.005874673629242672,"{""mlp.down_proj"": 1011.0, ""mlp.gate_proj"": 295.0, ""mlp.up_proj"": 783.0, ""self_attn.o_proj"": 477.0, ""self_attn.v_proj"": 498.0}","{""mlp.down_proj"": 1018.0, ""mlp.gate_proj"": 284.0, ""mlp.up_proj"": 776.0, ""self_attn.o_proj"": 471.0, ""self_attn.v_proj"": 497.0}","{""mlp.down_proj"": 7.0, ""mlp.gate_proj"": -11.0, ""mlp.up_proj"": -7.0, ""self_attn.o_proj"": -6.0, ""self_attn.v_proj"": -1.0}","{""mlp.down_proj"": -0.006923837784371909, ""mlp.gate_proj"": 0.03728813559322034, ""mlp.up_proj"": 0.008939974457215836, ""self_attn.o_proj"": 0.012578616352201259, ""self_attn.v_proj"": 0.002008032128514056}",0.0037707212514832625,0.007007462897872654,7,equal7,True,"mlp.down_proj,mlp.gate_proj,mlp.up_proj,self_attn.k_proj,self_attn.o_proj,self_attn.q_proj,self_attn.v_proj",,469.7142857142857,470.85714285714283,469.7142857142857,-1.1428571428571428,-0.005076064667556224,0.0024271844660193487,"{""mlp.down_proj"": 1011.0, ""mlp.gate_proj"": 295.0, ""mlp.up_proj"": 783.0, ""self_attn.k_proj"": 94.0, ""self_attn.o_proj"": 477.0, ""self_attn.q_proj"": 138.0, ""self_attn.v_proj"": 498.0}","{""mlp.down_proj"": 1018.0, ""mlp.gate_proj"": 284.0, ""mlp.up_proj"": 776.0, ""self_attn.k_proj"": 99.0, ""self_attn.o_proj"": 471.0, ""self_attn.q_proj"": 143.0, ""self_attn.v_proj"": 497.0}","{""mlp.down_proj"": 7.0, ""mlp.gate_proj"": -11.0, ""mlp.up_proj"": -7.0, ""self_attn.k_proj"": 5.0, ""self_attn.o_proj"": -6.0, ""self_attn.q_proj"": 5.0, ""self_attn.v_proj"": -1.0}","{""mlp.down_proj"": -0.006923837784371909, ""mlp.gate_proj"": 0.03728813559322034, ""mlp.up_proj"": 0.008939974457215836, ""self_attn.k_proj"": -0.05319148936170213, ""self_attn.o_proj"": 0.012578616352201259, ""self_attn.q_proj"": -0.036231884057971016, ""self_attn.v_proj"": 0.002008032128514056}",0.01585424881691214,-2.4571428571428573,139.48571428571432,True,True
,,20,S_math,legacy_S_math,0.025,18,5,equal5_non_qk,True,"mlp.down_proj,mlp.gate_proj,mlp.up_proj,self_attn.o_proj,self_attn.v_proj","self_attn.q_proj,self_attn.k_proj",1161.6,1169.2,1161.6,-7.6,0.006763345432373757,0.006500171057133199,"{""mlp.down_proj"": 1850.0, ""mlp.gate_proj"": 956.0, ""mlp.up_proj"": 1521.0, ""self_attn.o_proj"": 958.0, ""self_attn.v_proj"": 561.0}","{""mlp.down_proj"": 1843.0, ""mlp.gate_proj"": 944.0, ""mlp.up_proj"": 1513.0, ""self_attn.o_proj"": 948.0, ""self_attn.v_proj"": 560.0}","{""mlp.down_proj"": -7.0, ""mlp.gate_proj"": -12.0, ""mlp.up_proj"": -8.0, ""self_attn.o_proj"": -10.0, ""self_attn.v_proj"": -1.0}","{""mlp.down_proj"": 0.0037837837837837837, ""mlp.gate_proj"": 0.012552301255230125, ""mlp.up_proj"": 0.005259697567389875, ""self_attn.o_proj"": 0.010438413361169102, ""self_attn.v_proj"": 0.0017825311942959}",0.0027817206374247242,0.003981624794949033,7,equal7,True,"mlp.down_proj,mlp.gate_proj,mlp.up_proj,self_attn.k_proj,self_attn.o_proj,self_attn.q_proj,self_attn.v_proj",,905.0,909.2857142857143,905.0,-4.285714285714286,0.00046845421016908443,0.004713275726630061,"{""mlp.down_proj"": 1850.0, ""mlp.gate_proj"": 956.0, ""mlp.up_proj"": 1521.0, ""self_attn.k_proj"": 206.0, ""self_attn.o_proj"": 958.0, ""self_attn.q_proj"": 313.0, ""self_attn.v_proj"": 561.0}","{""mlp.down_proj"": 1843.0, ""mlp.gate_proj"": 944.0, ""mlp.up_proj"": 1513.0, ""self_attn.k_proj"": 209.0, ""self_attn.o_proj"": 948.0, ""self_attn.q_proj"": 318.0, ""self_attn.v_proj"": 560.0}","{""mlp.down_proj"": -7.0, ""mlp.gate_proj"": -12.0, ""mlp.up_proj"": -8.0, ""self_attn.k_proj"": 3.0, ""self_attn.o_proj"": -10.0, ""self_attn.q_proj"": 5.0, ""self_attn.v_proj"": -1.0}","{""mlp.down_proj"": 0.0037837837837837837, ""mlp.gate_proj"": 0.012552301255230125, ""mlp.up_proj"": 0.005259697567389875, ""self_attn.k_proj"": -0.014563106796116505, ""self_attn.o_proj"": 0.010438413361169102, ""self_attn.q_proj"": -0.01597444089456869, ""self_attn.v_proj"": 0.0017825311942959}",0.006294891222204673,-3.314285714285714,256.5999999999999,False,True
,,20,S_math,legacy_S_math,0.05,14,5,equal5_non_qk,True,"mlp.down_proj,mlp.gate_proj,mlp.up_proj,self_attn.o_proj,self_attn.v_proj","self_attn.q_proj,self_attn.k_proj",401.6,404.0,401.6,-2.4,0.01439995790545177,0.005940594059405884,"{""mlp.down_proj"": 711.0, ""mlp.gate_proj"": 132.0, ""mlp.up_proj"": 505.0, ""self_attn.o_proj"": 307.0, ""self_attn.v_proj"": 365.0}","{""mlp.down_proj"": 717.0, ""mlp.gate_proj"": 125.0, ""mlp.up_proj"": 498.0, ""self_attn.o_proj"": 302.0, ""self_attn.v_proj"": 366.0}","{""mlp.down_proj"": 6.0, ""mlp.gate_proj"": -7.0, ""mlp.up_proj"": -7.0, ""self_attn.o_proj"": -5.0, ""self_attn.v_proj"": 1.0}","{""mlp.down_proj"": -0.008438818565400843, ""mlp.gate_proj"": 0.05303030303030303, ""mlp.up_proj"": 0.013861386138613862, ""self_attn.o_proj"": 0.016286644951140065, ""self_attn.v_proj"": -0.0027397260273972603}",0.004731343388149008,0.009668614517302762,7,equal7,True,"mlp.down_proj,mlp.gate_proj,mlp.up_proj,self_attn.k_proj,self_attn.o_proj,self_attn.q_proj,self_attn.v_proj",,303.85714285714283,304.85714285714283,303.85714285714283,-1.0,-0.002138626165314221,0.003280224929709466,"{""mlp.down_proj"": 711.0, ""mlp.gate_proj"": 132.0, ""mlp.up_proj"": 505.0, ""self_attn.k_proj"": 49.0, ""self_attn.o_proj"": 307.0, ""self_attn.q_proj"": 65.0, ""self_attn.v_proj"": 365.0}","{""mlp.down_proj"": 717.0, ""mlp.gate_proj"": 125.0, ""mlp.up_proj"": 498.0, ""self_attn.k_proj"": 51.0, ""self_attn.o_proj"": 302.0, ""self_attn.q_proj"": 68.0, ""self_attn.v_proj"": 366.0}","{""mlp.down_proj"": 6.0, ""mlp.gate_proj"": -7.0, ""mlp.up_proj"": -7.0, ""self_attn.k_proj"": 2.0, ""self_attn.o_proj"": -5.0, ""self_attn.q_proj"": 3.0, ""self_attn.v_proj"": 1.0}","{""mlp.down_proj"": -0.008438818565400843, ""mlp.gate_proj"": 0.05303030303030303, ""mlp.up_proj"": 0.013861386138613862, ""self_attn.k_proj"": -0.04081632653061224, ""self_attn.o_proj"": 0.016286644951140065, ""self_attn.q_proj"": -0.046153846153846156, ""self_attn.v_proj"": -0.0027397260273972603}",0.016538584070765992,-1.4,97.74285714285719,True,True
,,20,S_math,legacy_S_math,0.05,18,5,equal5_non_qk,True,"mlp.down_proj,mlp.gate_proj,mlp.up_proj,self_attn.o_proj,self_attn.v_proj","self_attn.q_proj,self_attn.k_proj",848.4,856.2,848.4,-7.8,0.009846212274487448,0.009110021023125517,"{""mlp.down_proj"": 1523.0, ""mlp.gate_proj"": 542.0, ""mlp.up_proj"": 1133.0, ""self_attn.o_proj"": 663.0, ""self_attn.v_proj"": 420.0}","{""mlp.down_proj"": 1514.0, ""mlp.gate_proj"": 531.0, ""mlp.up_proj"": 1124.0, ""self_attn.o_proj"": 653.0, ""self_attn.v_proj"": 420.0}","{""mlp.down_proj"": -9.0, ""mlp.gate_proj"": -11.0, ""mlp.up_proj"": -9.0, ""self_attn.o_proj"": -10.0, ""self_attn.v_proj"": 0.0}","{""mlp.down_proj"": 0.005909389363099146, ""mlp.gate_proj"": 0.02029520295202952, ""mlp.up_proj"": 0.00794351279788173, ""self_attn.o_proj"": 0.015082956259426848, ""self_attn.v_proj"": 0.0}",0.004221469803421911,0.0056247424710655376,7,equal7,True,"mlp.down_proj,mlp.gate_proj,mlp.up_proj,self_attn.k_proj,self_attn.o_proj,self_attn.q_proj,self_attn.v_proj",,641.1428571428571,645.7142857142857,641.1428571428571,-4.571428571428571,-0.0013130162096640062,0.007079646017699091,"{""mlp.down_proj"": 1523.0, ""mlp.gate_proj"": 542.0, ""mlp.up_proj"": 1133.0, ""self_attn.k_proj"": 105.0, ""self_attn.o_proj"": 663.0, ""self_attn.q_proj"": 134.0, ""self_attn.v_proj"": 420.0}","{""mlp.down_proj"": 1514.0, ""mlp.gate_proj"": 531.0, ""mlp.up_proj"": 1124.0, ""self_attn.k_proj"": 108.0, ""self_attn.o_proj"": 653.0, ""self_attn.q_proj"": 138.0, ""self_attn.v_proj"": 420.0}","{""mlp.down_proj"": -9.0, ""mlp.gate_proj"": -11.0, ""mlp.up_proj"": -9.0, ""self_attn.k_proj"": 3.0, ""self_attn.o_proj"": -10.0, ""self_attn.q_proj"": 4.0, ""self_attn.v_proj"": 0.0}","{""mlp.down_proj"": 0.005909389363099146, ""mlp.gate_proj"": 0.02029520295202952, ""mlp.up_proj"": 0.00794351279788173, ""self_attn.k_proj"": -0.02857142857142857, ""self_attn.o_proj"": 0.015082956259426848, ""self_attn.q_proj"": -0.029850746268656716, ""self_attn.v_proj"": 0.0}",0.011159228484151455,-3.2285714285714286,207.25714285714287,True,True
,,20,S_math,legacy_S_math,0.1,14,5,equal5_non_qk,True,"mlp.down_proj,mlp.gate_proj,mlp.up_proj,self_attn.o_proj,self_attn.v_proj","self_attn.q_proj,self_attn.k_proj",231.2,232.2,231.2,-1.0,0.01668997335173373,0.004306632213608958,"{""mlp.down_proj"": 440.0, ""mlp.gate_proj"": 37.0, ""mlp.up_proj"": 275.0, ""self_attn.o_proj"": 172.0, ""self_attn.v_proj"": 237.0}","{""mlp.down_proj"": 446.0, ""mlp.gate_proj"": 35.0, ""mlp.up_proj"": 270.0, ""self_attn.o_proj"": 167.0, ""self_attn.v_proj"": 238.0}","{""mlp.down_proj"": 6.0, ""mlp.gate_proj"": -2.0, ""mlp.up_proj"": -5.0, ""self_attn.o_proj"": -5.0, ""self_attn.v_proj"": 1.0}","{""mlp.down_proj"": -0.013636363636363636, ""mlp.gate_proj"": 0.05405405405405406, ""mlp.up_proj"": 0.01818181818181818, ""self_attn.o_proj"": 0.029069767441860465, ""self_attn.v_proj"": -0.004219409282700422}",0.005848296990602794,0.010841676361130936,7,equal7,True,"mlp.down_proj,mlp.gate_proj,mlp.up_proj,self_attn.k_proj,self_attn.o_proj,self_attn.q_proj,self_attn.v_proj",,171.57142857142858,172.28571428571428,171.57142857142858,-0.7142857142857143,0.011921409536952662,0.0041459369817577595,"{""mlp.down_proj"": 440.0, ""mlp.gate_proj"": 37.0, ""mlp.up_proj"": 275.0, ""self_attn.k_proj"": 19.0, ""self_attn.o_proj"": 172.0, ""self_attn.q_proj"": 26.0, ""self_attn.v_proj"": 237.0}","{""mlp.down_proj"": 446.0, ""mlp.gate_proj"": 35.0, ""mlp.up_proj"": 270.0, ""self_attn.k_proj"": 19.0, ""self_attn.o_proj"": 167.0, ""self_attn.q_proj"": 26.0, ""self_attn.v_proj"": 238.0}","{""mlp.down_proj"": 6.0, ""mlp.gate_proj"": -2.0, ""mlp.up_proj"": -5.0, ""self_attn.k_proj"": 0.0, ""self_attn.o_proj"": -5.0, ""self_attn.q_proj"": 0.0, ""self_attn.v_proj"": 1.0}","{""mlp.down_proj"": -0.013636363636363636, ""mlp.gate_proj"": 0.05405405405405406, ""mlp.up_proj"": 0.01818181818181818, ""self_attn.k_proj"": 0.0, ""self_attn.o_proj"": 0.029069767441860465, ""self_attn.q_proj"": 0.0, ""self_attn.v_proj"": -0.004219409282700422}",0.004768563814781067,-0.2857142857142857,59.628571428571405,False,True
,,20,S_math,legacy_S_math,0.1,18,5,equal5_non_qk,True,"mlp.down_proj,mlp.gate_proj,mlp.up_proj,self_attn.o_proj,self_attn.v_proj","self_attn.q_proj,self_attn.k_proj",531.8,538.6,531.8,-6.8,0.01508164777101911,0.012625324916450182,"{""mlp.down_proj"": 1121.0, ""mlp.gate_proj"": 206.0, ""mlp.up_proj"": 711.0, ""self_attn.o_proj"": 383.0, ""self_attn.v_proj"": 272.0}","{""mlp.down_proj"": 1111.0, ""mlp.gate_proj"": 200.0, ""mlp.up_proj"": 703.0, ""self_attn.o_proj"": 373.0, ""self_attn.v_proj"": 272.0}","{""mlp.down_proj"": -10.0, ""mlp.gate_proj"": -6.0, ""mlp.up_proj"": -8.0, ""self_attn.o_proj"": -10.0, ""self_attn.v_proj"": 0.0}","{""mlp.down_proj"": 0.008920606601248885, ""mlp.gate_proj"": 0.02912621359223301, ""mlp.up_proj"": 0.011251758087201125, ""self_attn.o_proj"": 0.02610966057441253, ""self_attn.v_proj"": 0.0}",0.005430201298564613,0.009651446472454497,7,equal7,True,"mlp.down_proj,mlp.gate_proj,mlp.up_proj,self_attn.k_proj,self_attn.o_proj,self_attn.q_proj,self_attn.v_proj",,391.85714285714283,396.14285714285717,391.85714285714283,-4.285714285714286,-0.00352204289026197,0.010818608005770046,"{""mlp.down_proj"": 1121.0, ""mlp.gate_proj"": 206.0, ""mlp.up_proj"": 711.0, ""self_attn.k_proj"": 41.0, ""self_attn.o_proj"": 383.0, ""self_attn.q_proj"": 39.0, ""self_attn.v_proj"": 272.0}","{""mlp.down_proj"": 1111.0, ""mlp.gate_proj"": 200.0, ""mlp.up_proj"": 703.0, ""self_attn.k_proj"": 43.0, ""self_attn.o_proj"": 373.0, ""self_attn.q_proj"": 41.0, ""self_attn.v_proj"": 272.0}","{""mlp.down_proj"": -10.0, ""mlp.gate_proj"": -6.0, ""mlp.up_proj"": -8.0, ""self_attn.k_proj"": 2.0, ""self_attn.o_proj"": -10.0, ""self_attn.q_proj"": 2.0, ""self_attn.v_proj"": 0.0}","{""mlp.down_proj"": 0.008920606601248885, ""mlp.gate_proj"": 0.02912621359223301, ""mlp.up_proj"": 0.011251758087201125, ""self_attn.k_proj"": -0.04878048780487805, ""self_attn.o_proj"": 0.02610966057441253, ""self_attn.q_proj"": -0.05128205128205128, ""self_attn.v_proj"": 0.0}",0.01860369066128108,-2.5142857142857142,139.94285714285712,True,True
,,40,E_general,E_general,0.01,14,5,equal5_non_qk,True,"mlp.down_proj,mlp.gate_proj,mlp.up_proj,self_attn.o_proj,self_attn.v_proj","self_attn.q_proj,self_attn.k_proj",1731.4,1738.2,1731.4,-6.8,0.004200198878553734,0.003912092969738784,"{""mlp.down_proj"": 2529.0, ""mlp.gate_proj"": 1400.0, ""mlp.up_proj"": 2315.0, ""self_attn.o_proj"": 1584.0, ""self_attn.v_proj"": 863.0}","{""mlp.down_proj"": 2526.0, ""mlp.gate_proj"": 1389.0, ""mlp.up_proj"": 2309.0, ""self_attn.o_proj"": 1571.0, ""self_attn.v_proj"": 862.0}","{""mlp.down_proj"": -3.0, ""mlp.gate_proj"": -11.0, ""mlp.up_proj"": -6.0, ""self_attn.o_proj"": -13.0, ""self_attn.v_proj"": -1.0}","{""mlp.down_proj"": 0.0011862396204033216, ""mlp.gate_proj"": 0.007857142857142858, ""mlp.up_proj"": 0.002591792656587473, ""self_attn.o_proj"": 0.008207070707070708, ""self_attn.v_proj"": 0.0011587485515643105}",0.004200198878553734,0.0,7,equal7,True,"mlp.down_proj,mlp.gate_proj,mlp.up_proj,self_attn.k_proj,self_attn.o_proj,self_attn.q_proj,self_attn.v_proj",,1388.5714285714287,1394.142857142857,1388.5714285714287,-5.571428571428571,0.004380476007872333,0.003996311097448416,"{""mlp.down_proj"": 2529.0, ""mlp.gate_proj"": 1400.0, ""mlp.up_proj"": 2315.0, ""self_attn.k_proj"": 375.0, ""self_attn.o_proj"": 1584.0, ""self_attn.q_proj"": 693.0, ""self_attn.v_proj"": 863.0}","{""mlp.down_proj"": 2526.0, ""mlp.gate_proj"": 1389.0, ""mlp.up_proj"": 2309.0, ""self_attn.k_proj"": 373.0, ""self_attn.o_proj"": 1571.0, ""self_attn.q_proj"": 690.0, ""self_attn.v_proj"": 862.0}","{""mlp.down_proj"": -3.0, ""mlp.gate_proj"": -11.0, ""mlp.up_proj"": -6.0, ""self_attn.k_proj"": -2.0, ""self_attn.o_proj"": -13.0, ""self_attn.q_proj"": -3.0, ""self_attn.v_proj"": -1.0}","{""mlp.down_proj"": 0.0011862396204033216, ""mlp.gate_proj"": 0.007857142857142858, ""mlp.up_proj"": 0.002591792656587473, ""self_attn.k_proj"": 0.005333333333333333, ""self_attn.o_proj"": 0.008207070707070708, ""self_attn.q_proj"": 0.004329004329004329, ""self_attn.v_proj"": 0.0011587485515643105}",-0.00018027712931859962,-1.2285714285714286,342.8285714285714,False,True
,,40,E_general,E_general,0.01,18,5,equal5_non_qk,True,"mlp.down_proj,mlp.gate_proj,mlp.up_proj,self_attn.o_proj,self_attn.v_proj","self_attn.q_proj,self_attn.k_proj",1630.6,1634.4,1630.6,-3.8,0.002480554476339973,0.002325012236906621,"{""mlp.down_proj"": 2190.0, ""mlp.gate_proj"": 1641.0, ""mlp.up_proj"": 2064.0, ""self_attn.o_proj"": 1546.0, ""self_attn.v_proj"": 731.0}","{""mlp.down_proj"": 2188.0, ""mlp.gate_proj"": 1633.0, ""mlp.up_proj"": 2060.0, ""self_attn.o_proj"": 1543.0, ""self_attn.v_proj"": 729.0}","{""mlp.down_proj"": -2.0, ""mlp.gate_proj"": -8.0, ""mlp.up_proj"": -4.0, ""self_attn.o_proj"": -3.0, ""self_attn.v_proj"": -2.0}","{""mlp.down_proj"": 0.0009132420091324201, ""mlp.gate_proj"": 0.004875076173065204, ""mlp.up_proj"": 0.001937984496124031, ""self_attn.o_proj"": 0.0019404915912031048, ""self_attn.v_proj"": 0.0027359781121751026}",0.002480554476339973,0.0,7,equal7,True,"mlp.down_proj,mlp.gate_proj,mlp.up_proj,self_attn.k_proj,self_attn.o_proj,self_attn.q_proj,self_attn.v_proj",,1324.5714285714287,1328.5714285714287,1324.5714285714287,-4.0,0.0038597367138692115,0.0030107526881720426,"{""mlp.down_proj"": 2190.0, ""mlp.gate_proj"": 1641.0, ""mlp.up_proj"": 2064.0, ""self_attn.k_proj"": 400.0, ""self_attn.o_proj"": 1546.0, ""self_attn.q_proj"": 728.0, ""self_attn.v_proj"": 731.0}","{""mlp.down_proj"": 2188.0, ""mlp.gate_proj"": 1633.0, ""mlp.up_proj"": 2060.0, ""self_attn.k_proj"": 398.0, ""self_attn.o_proj"": 1543.0, ""self_attn.q_proj"": 721.0, ""self_attn.v_proj"": 729.0}","{""mlp.down_proj"": -2.0, ""mlp.gate_proj"": -8.0, ""mlp.up_proj"": -4.0, ""self_attn.k_proj"": -2.0, ""self_attn.o_proj"": -3.0, ""self_attn.q_proj"": -7.0, ""self_attn.v_proj"": -2.0}","{""mlp.down_proj"": 0.0009132420091324201, ""mlp.gate_proj"": 0.004875076173065204, ""mlp.up_proj"": 0.001937984496124031, ""self_attn.k_proj"": 0.005, ""self_attn.o_proj"": 0.0019404915912031048, ""self_attn.q_proj"": 0.009615384615384616, ""self_attn.v_proj"": 0.0027359781121751026}",-0.0013791822375292385,0.20000000000000018,306.02857142857124,False,True
,,40,E_general,E_general,0.025,14,5,equal5_non_qk,True,"mlp.down_proj,mlp.gate_proj,mlp.up_proj,self_attn.o_proj,self_attn.v_proj","self_attn.q_proj,self_attn.k_proj",1351.4,1359.0,1351.4,-7.6,0.006503792493450386,0.005592347314201552,"{""mlp.down_proj"": 2167.0, ""mlp.gate_proj"": 785.0, ""mlp.up_proj"": 1853.0, ""self_attn.o_proj"": 1239.0, ""self_attn.v_proj"": 751.0}","{""mlp.down_proj"": 2162.0, ""mlp.gate_proj"": 775.0, ""mlp.up_proj"": 1845.0, ""self_attn.o_proj"": 1226.0, ""self_attn.v_proj"": 749.0}","{""mlp.down_proj"": -5.0, ""mlp.gate_proj"": -10.0, ""mlp.up_proj"": -8.0, ""self_attn.o_proj"": -13.0, ""self_attn.v_proj"": -2.0}","{""mlp.down_proj"": 0.0023073373327180432, ""mlp.gate_proj"": 0.012738853503184714, ""mlp.up_proj"": 0.004317323259579061, ""self_attn.o_proj"": 0.010492332526230832, ""self_attn.v_proj"": 0.002663115845539281}",0.006503792493450386,0.0,7,equal7,True,"mlp.down_proj,mlp.gate_proj,mlp.up_proj,self_attn.k_proj,self_attn.o_proj,self_attn.q_proj,self_attn.v_proj",,1045.4285714285713,1051.142857142857,1045.4285714285713,-5.714285714285714,0.005726420921190037,0.005436259853221046,"{""mlp.down_proj"": 2167.0, ""mlp.gate_proj"": 785.0, ""mlp.up_proj"": 1853.0, ""self_attn.k_proj"": 212.0, ""self_attn.o_proj"": 1239.0, ""self_attn.q_proj"": 351.0, ""self_attn.v_proj"": 751.0}","{""mlp.down_proj"": 2162.0, ""mlp.gate_proj"": 775.0, ""mlp.up_proj"": 1845.0, ""self_attn.k_proj"": 211.0, ""self_attn.o_proj"": 1226.0, ""self_attn.q_proj"": 350.0, ""self_attn.v_proj"": 749.0}","{""mlp.down_proj"": -5.0, ""mlp.gate_proj"": -10.0, ""mlp.up_proj"": -8.0, ""self_attn.k_proj"": -1.0, ""self_attn.o_proj"": -13.0, ""self_attn.q_proj"": -1.0, ""self_attn.v_proj"": -2.0}","{""mlp.down_proj"": 0.0023073373327180432, ""mlp.gate_proj"": 0.012738853503184714, ""mlp.up_proj"": 0.004317323259579061, ""self_attn.k_proj"": 0.0047169811320754715, ""self_attn.o_proj"": 0.010492332526230832, ""self_attn.q_proj"": 0.002849002849002849, ""self_attn.v_proj"": 0.002663115845539281}",0.0007773715722603491,-1.8857142857142852,305.97142857142876,False,True
,,40,E_general,E_general,0.025,18,5,equal5_non_qk,True,"mlp.down_proj,mlp.gate_proj,mlp.up_proj,self_attn.o_proj,self_attn.v_proj","self_attn.q_proj,self_attn.k_proj",1295.2,1299.8,1295.2,-4.6,0.004043514998073543,0.003539006000923149,"{""mlp.down_proj"": 1901.0, ""mlp.gate_proj"": 1133.0, ""mlp.up_proj"": 1706.0, ""self_attn.o_proj"": 1186.0, ""self_attn.v_proj"": 573.0}","{""mlp.down_proj"": 1898.0, ""mlp.gate_proj"": 1124.0, ""mlp.up_proj"": 1701.0, ""self_attn.o_proj"": 1183.0, ""self_attn.v_proj"": 570.0}","{""mlp.down_proj"": -3.0, ""mlp.gate_proj"": -9.0, ""mlp.up_proj"": -5.0, ""self_attn.o_proj"": -3.0, ""self_attn.v_proj"": -3.0}","{""mlp.down_proj"": 0.0015781167806417674, ""mlp.gate_proj"": 0.00794351279788173, ""mlp.up_proj"": 0.0029308323563892145, ""self_attn.o_proj"": 0.002529510961214165, ""self_attn.v_proj"": 0.005235602094240838}",0.004043514998073543,0.0,7,equal7,True,"mlp.down_proj,mlp.gate_proj,mlp.up_proj,self_attn.k_proj,self_attn.o_proj,self_attn.q_proj,self_attn.v_proj",,1007.4285714285714,1011.5714285714286,1007.4285714285714,-4.142857142857143,0.005529624053747652,0.004095466741985563,"{""mlp.down_proj"": 1901.0, ""mlp.gate_proj"": 1133.0, ""mlp.up_proj"": 1706.0, ""self_attn.k_proj"": 227.0, ""self_attn.o_proj"": 1186.0, ""self_attn.q_proj"": 355.0, ""self_attn.v_proj"": 573.0}","{""mlp.down_proj"": 1898.0, ""mlp.gate_proj"": 1124.0, ""mlp.up_proj"": 1701.0, ""self_attn.k_proj"": 226.0, ""self_attn.o_proj"": 1183.0, ""self_attn.q_proj"": 350.0, ""self_attn.v_proj"": 570.0}","{""mlp.down_proj"": -3.0, ""mlp.gate_proj"": -9.0, ""mlp.up_proj"": -5.0, ""self_attn.k_proj"": -1.0, ""self_attn.o_proj"": -3.0, ""self_attn.q_proj"": -5.0, ""self_attn.v_proj"": -3.0}","{""mlp.down_proj"": 0.0015781167806417674, ""mlp.gate_proj"": 0.00794351279788173, ""mlp.up_proj"": 0.0029308323563892145, ""self_attn.k_proj"": 0.004405286343612335, ""self_attn.o_proj"": 0.002529510961214165, ""self_attn.q_proj"": 0.014084507042253521, ""self_attn.v_proj"": 0.005235602094240838}",-0.0014861090556741088,-0.4571428571428564,287.7714285714286,False,True
,,40,E_general,E_general,0.05,14,5,equal5_non_qk,True,"mlp.down_proj,mlp.gate_proj,mlp.up_proj,self_attn.o_proj,self_attn.v_proj","self_attn.q_proj,self_attn.k_proj",1027.0,1033.8,1027.0,-6.8,0.008206142273680215,0.0065776745985683446,"{""mlp.down_proj"": 1802.0, ""mlp.gate_proj"": 368.0, ""mlp.up_proj"": 1413.0, ""self_attn.o_proj"": 955.0, ""self_attn.v_proj"": 631.0}","{""mlp.down_proj"": 1796.0, ""mlp.gate_proj"": 362.0, ""mlp.up_proj"": 1405.0, ""self_attn.o_proj"": 943.0, ""self_attn.v_proj"": 629.0}","{""mlp.down_proj"": -6.0, ""mlp.gate_proj"": -6.0, ""mlp.up_proj"": -8.0, ""self_attn.o_proj"": -12.0, ""self_attn.v_proj"": -2.0}","{""mlp.down_proj"": 0.003329633740288568, ""mlp.gate_proj"": 0.016304347826086956, ""mlp.up_proj"": 0.005661712668082095, ""self_attn.o_proj"": 0.012565445026178011, ""self_attn.v_proj"": 0.003169572107765452}",0.008206142273680215,0.0,7,equal7,True,"mlp.down_proj,mlp.gate_proj,mlp.up_proj,self_attn.k_proj,self_attn.o_proj,self_attn.q_proj,self_attn.v_proj",,771.5714285714286,776.5714285714286,771.5714285714286,-5.0,0.006777281111236785,0.0064385577630610745,"{""mlp.down_proj"": 1802.0, ""mlp.gate_proj"": 368.0, ""mlp.up_proj"": 1413.0, ""self_attn.k_proj"": 111.0, ""self_attn.o_proj"": 955.0, ""self_attn.q_proj"": 156.0, ""self_attn.v_proj"": 631.0}","{""mlp.down_proj"": 1796.0, ""mlp.gate_proj"": 362.0, ""mlp.up_proj"": 1405.0, ""self_attn.k_proj"": 111.0, ""self_attn.o_proj"": 943.0, ""self_attn.q_proj"": 155.0, ""self_attn.v_proj"": 629.0}","{""mlp.down_proj"": -6.0, ""mlp.gate_proj"": -6.0, ""mlp.up_proj"": -8.0, ""self_attn.k_proj"": 0.0, ""self_attn.o_proj"": -12.0, ""self_attn.q_proj"": -1.0, ""self_attn.v_proj"": -2.0}","{""mlp.down_proj"": 0.003329633740288568, ""mlp.gate_proj"": 0.016304347826086956, ""mlp.up_proj"": 0.005661712668082095, ""self_attn.k_proj"": 0.0, ""self_attn.o_proj"": 0.012565445026178011, ""self_attn.q_proj"": 0.00641025641025641, ""self_attn.v_proj"": 0.003169572107765452}",0.0014288611624434303,-1.7999999999999998,255.42857142857144,False,True
,,40,E_general,E_general,0.05,18,5,equal5_non_qk,True,"mlp.down_proj,mlp.gate_proj,mlp.up_proj,self_attn.o_proj,self_attn.v_proj","self_attn.q_proj,self_attn.k_proj",986.2,991.2,986.2,-5.0,0.006030030811593537,0.005044390637610976,"{""mlp.down_proj"": 1590.0, ""mlp.gate_proj"": 701.0, ""mlp.up_proj"": 1344.0, ""self_attn.o_proj"": 890.0, ""self_attn.v_proj"": 431.0}","{""mlp.down_proj"": 1586.0, ""mlp.gate_proj"": 692.0, ""mlp.up_proj"": 1338.0, ""self_attn.o_proj"": 887.0, ""self_attn.v_proj"": 428.0}","{""mlp.down_proj"": -4.0, ""mlp.gate_proj"": -9.0, ""mlp.up_proj"": -6.0, ""self_attn.o_proj"": -3.0, ""self_attn.v_proj"": -3.0}","{""mlp.down_proj"": 0.0025157232704402514, ""mlp.gate_proj"": 0.012838801711840228, ""mlp.up_proj"": 0.004464285714285714, ""self_attn.o_proj"": 0.0033707865168539327, ""self_attn.v_proj"": 0.0069605568445475635}",0.006030030811593537,0.0,7,equal7,True,"mlp.down_proj,mlp.gate_proj,mlp.up_proj,self_attn.k_proj,self_attn.o_proj,self_attn.q_proj,self_attn.v_proj",,740.8571428571429,744.7142857142857,740.8571428571429,-3.857142857142857,0.006291291849550939,0.005179359294072402,"{""mlp.down_proj"": 1590.0, ""mlp.gate_proj"": 701.0, ""mlp.up_proj"": 1344.0, ""self_attn.k_proj"": 113.0, ""self_attn.o_proj"": 890.0, ""self_attn.q_proj"": 144.0, ""self_attn.v_proj"": 431.0}","{""mlp.down_proj"": 1586.0, ""mlp.gate_proj"": 692.0, ""mlp.up_proj"": 1338.0, ""self_attn.k_proj"": 113.0, ""self_attn.o_proj"": 887.0, ""self_attn.q_proj"": 142.0, ""self_attn.v_proj"": 428.0}","{""mlp.down_proj"": -4.0, ""mlp.gate_proj"": -9.0, ""mlp.up_proj"": -6.0, ""self_attn.k_proj"": 0.0, ""self_attn.o_proj"": -3.0, ""self_attn.q_proj"": -2.0, ""self_attn.v_proj"": -3.0}","{""mlp.down_proj"": 0.0025157232704402514, ""mlp.gate_proj"": 0.012838801711840228, ""mlp.up_proj"": 0.004464285714285714, ""self_attn.k_proj"": 0.0, ""self_attn.o_proj"": 0.0033707865168539327, ""self_attn.q_proj"": 0.013888888888888888, ""self_attn.v_proj"": 0.0069605568445475635}",-0.00026126103795740246,-1.1428571428571428,245.34285714285716,False,True
,,40,E_general,E_general,0.1,14,5,equal5_non_qk,True,"mlp.down_proj,mlp.gate_proj,mlp.up_proj,self_attn.o_proj,self_attn.v_proj","self_attn.q_proj,self_attn.k_proj",699.2,704.8,699.2,-5.6,0.01048263343492334,0.007945516458569678,"{""mlp.down_proj"": 1362.0, ""mlp.gate_proj"": 100.0, ""mlp.up_proj"": 924.0, ""self_attn.o_proj"": 659.0, ""self_attn.v_proj"": 479.0}","{""mlp.down_proj"": 1356.0, ""mlp.gate_proj"": 98.0, ""mlp.up_proj"": 916.0, ""self_attn.o_proj"": 649.0, ""self_attn.v_proj"": 477.0}","{""mlp.down_proj"": -6.0, ""mlp.gate_proj"": -2.0, ""mlp.up_proj"": -8.0, ""self_attn.o_proj"": -10.0, ""self_attn.v_proj"": -2.0}","{""mlp.down_proj"": 0.004405286343612335, ""mlp.gate_proj"": 0.02, ""mlp.up_proj"": 0.008658008658008658, ""self_attn.o_proj"": 0.015174506828528073, ""self_attn.v_proj"": 0.0041753653444676405}",0.01048263343492334,0.0,7,equal7,True,"mlp.down_proj,mlp.gate_proj,mlp.up_proj,self_attn.k_proj,self_attn.o_proj,self_attn.q_proj,self_attn.v_proj",,513.2857142857143,517.4285714285714,513.2857142857143,-4.142857142857143,0.010344738167802387,0.008006626173384808,"{""mlp.down_proj"": 1362.0, ""mlp.gate_proj"": 100.0, ""mlp.up_proj"": 924.0, ""self_attn.k_proj"": 48.0, ""self_attn.o_proj"": 659.0, ""self_attn.q_proj"": 50.0, ""self_attn.v_proj"": 479.0}","{""mlp.down_proj"": 1356.0, ""mlp.gate_proj"": 98.0, ""mlp.up_proj"": 916.0, ""self_attn.k_proj"": 48.0, ""self_attn.o_proj"": 649.0, ""self_attn.q_proj"": 49.0, ""self_attn.v_proj"": 477.0}","{""mlp.down_proj"": -6.0, ""mlp.gate_proj"": -2.0, ""mlp.up_proj"": -8.0, ""self_attn.k_proj"": 0.0, ""self_attn.o_proj"": -10.0, ""self_attn.q_proj"": -1.0, ""self_attn.v_proj"": -2.0}","{""mlp.down_proj"": 0.004405286343612335, ""mlp.gate_proj"": 0.02, ""mlp.up_proj"": 0.008658008658008658, ""self_attn.k_proj"": 0.0, ""self_attn.o_proj"": 0.015174506828528073, ""self_attn.q_proj"": 0.02, ""self_attn.v_proj"": 0.0041753653444676405}",0.00013789526712095282,-1.4571428571428564,185.9142857142857,False,True
,,40,E_general,E_general,0.1,18,5,equal5_non_qk,True,"mlp.down_proj,mlp.gate_proj,mlp.up_proj,self_attn.o_proj,self_attn.v_proj","self_attn.q_proj,self_attn.k_proj",653.0,657.4,653.0,-4.4,0.0091543389662693,0.0066930331609369904,"{""mlp.down_proj"": 1200.0, ""mlp.gate_proj"": 300.0, ""mlp.up_proj"": 921.0, ""self_attn.o_proj"": 589.0, ""self_attn.v_proj"": 277.0}","{""mlp.down_proj"": 1196.0, ""mlp.gate_proj"": 294.0, ""mlp.up_proj"": 915.0, ""self_attn.o_proj"": 586.0, ""self_attn.v_proj"": 274.0}","{""mlp.down_proj"": -4.0, ""mlp.gate_proj"": -6.0, ""mlp.up_proj"": -6.0, ""self_attn.o_proj"": -3.0, ""self_attn.v_proj"": -3.0}","{""mlp.down_proj"": 0.0033333333333333335, ""mlp.gate_proj"": 0.02, ""mlp.up_proj"": 0.006514657980456026, ""self_attn.o_proj"": 0.0050933786078098476, ""self_attn.v_proj"": 0.010830324909747292}",0.0091543389662693,0.0,7,equal7,True,"mlp.down_proj,mlp.gate_proj,mlp.up_proj,self_attn.k_proj,self_attn.o_proj,self_attn.q_proj,self_attn.v_proj",,476.7142857142857,479.85714285714283,476.7142857142857,-3.142857142857143,0.006538813547335215,0.006549568323905857,"{""mlp.down_proj"": 1200.0, ""mlp.gate_proj"": 300.0, ""mlp.up_proj"": 921.0, ""self_attn.k_proj"": 39.0, ""self_attn.o_proj"": 589.0, ""self_attn.q_proj"": 33.0, ""self_attn.v_proj"": 277.0}","{""mlp.down_proj"": 1196.0, ""mlp.gate_proj"": 294.0, ""mlp.up_proj"": 915.0, ""self_attn.k_proj"": 39.0, ""self_attn.o_proj"": 586.0, ""self_attn.q_proj"": 33.0, ""self_attn.v_proj"": 274.0}","{""mlp.down_proj"": -4.0, ""mlp.gate_proj"": -6.0, ""mlp.up_proj"": -6.0, ""self_attn.k_proj"": 0.0, ""self_attn.o_proj"": -3.0, ""self_attn.q_proj"": 0.0, ""self_attn.v_proj"": -3.0}","{""mlp.down_proj"": 0.0033333333333333335, ""mlp.gate_proj"": 0.02, ""mlp.up_proj"": 0.006514657980456026, ""self_attn.k_proj"": 0.0, ""self_attn.o_proj"": 0.0050933786078098476, ""self_attn.q_proj"": 0.0, ""self_attn.v_proj"": 0.010830324909747292}",0.002615525418934086,-1.2571428571428576,176.28571428571428,False,True
,,40,E_if,E_ifeval,0.01,14,5,equal5_non_qk,True,"mlp.down_proj,mlp.gate_proj,mlp.up_proj,self_attn.o_proj,self_attn.v_proj","self_attn.q_proj,self_attn.k_proj",1637.6,1653.2,1637.6,-15.6,0.010097293518789267,0.00943624485845641,"{""mlp.down_proj"": 2435.0, ""mlp.gate_proj"": 1310.0, ""mlp.up_proj"": 2179.0, ""self_attn.o_proj"": 1511.0, ""self_attn.v_proj"": 831.0}","{""mlp.down_proj"": 2424.0, ""mlp.gate_proj"": 1282.0, ""mlp.up_proj"": 2165.0, ""self_attn.o_proj"": 1489.0, ""self_attn.v_proj"": 828.0}","{""mlp.down_proj"": -11.0, ""mlp.gate_proj"": -28.0, ""mlp.up_proj"": -14.0, ""self_attn.o_proj"": -22.0, ""self_attn.v_proj"": -3.0}","{""mlp.down_proj"": 0.004517453798767967, ""mlp.gate_proj"": 0.021374045801526718, ""mlp.up_proj"": 0.006424965580541533, ""self_attn.o_proj"": 0.01455989410986102, ""self_attn.v_proj"": 0.0036101083032490976}",0.004200198878553734,0.005897094640235533,7,equal7,True,"mlp.down_proj,mlp.gate_proj,mlp.up_proj,self_attn.k_proj,self_attn.o_proj,self_attn.q_proj,self_attn.v_proj",,1308.142857142857,1320.0,1308.142857142857,-11.857142857142858,0.008723189406317599,0.008982683982684007,"{""mlp.down_proj"": 2435.0, ""mlp.gate_proj"": 1310.0, ""mlp.up_proj"": 2179.0, ""self_attn.k_proj"": 344.0, ""self_attn.o_proj"": 1511.0, ""self_attn.q_proj"": 630.0, ""self_attn.v_proj"": 831.0}","{""mlp.down_proj"": 2424.0, ""mlp.gate_proj"": 1282.0, ""mlp.up_proj"": 2165.0, ""self_attn.k_proj"": 342.0, ""self_attn.o_proj"": 1489.0, ""self_attn.q_proj"": 627.0, ""self_attn.v_proj"": 828.0}","{""mlp.down_proj"": -11.0, ""mlp.gate_proj"": -28.0, ""mlp.up_proj"": -14.0, ""self_attn.k_proj"": -2.0, ""self_attn.o_proj"": -22.0, ""self_attn.q_proj"": -3.0, ""self_attn.v_proj"": -3.0}","{""mlp.down_proj"": 0.004517453798767967, ""mlp.gate_proj"": 0.021374045801526718, ""mlp.up_proj"": 0.006424965580541533, ""self_attn.k_proj"": 0.005813953488372093, ""self_attn.o_proj"": 0.01455989410986102, ""self_attn.q_proj"": 0.004761904761904762, ""self_attn.v_proj"": 0.0036101083032490976}",0.0013741041124716684,-3.742857142857142,329.4571428571428,False,True
,,40,E_if,E_ifeval,0.01,18,5,equal5_non_qk,True,"mlp.down_proj,mlp.gate_proj,mlp.up_proj,self_attn.o_proj,self_attn.v_proj","self_attn.q_proj,self_attn.k_proj",1481.2,1485.0,1481.2,-3.8,0.0028931537664022328,0.0025589225589225284,"{""mlp.down_proj"": 2024.0, ""mlp.gate_proj"": 1529.0, ""mlp.up_proj"": 1934.0, ""self_attn.o_proj"": 1349.0, ""self_attn.v_proj"": 589.0}","{""mlp.down_proj"": 2022.0, ""mlp.gate_proj"": 1519.0, ""mlp.up_proj"": 1929.0, ""self_attn.o_proj"": 1350.0, ""self_attn.v_proj"": 586.0}","{""mlp.down_proj"": -2.0, ""mlp.gate_proj"": -10.0, ""mlp.up_proj"": -5.0, ""self_attn.o_proj"": 1.0, ""self_attn.v_proj"": -3.0}","{""mlp.down_proj"": 0.0009881422924901185, ""mlp.gate_proj"": 0.006540222367560497, ""mlp.up_proj"": 0.0025853154084798345, ""self_attn.o_proj"": -0.0007412898443291327, ""self_attn.v_proj"": 0.0050933786078098476}",0.002480554476339973,0.00041259929006225984,7,equal7,True,"mlp.down_proj,mlp.gate_proj,mlp.up_proj,self_attn.k_proj,self_attn.o_proj,self_attn.q_proj,self_attn.v_proj",,1171.7142857142858,1174.7142857142858,1171.7142857142858,-3.0,0.0031131108797169274,0.0025538124771981026,"{""mlp.down_proj"": 2024.0, ""mlp.gate_proj"": 1529.0, ""mlp.up_proj"": 1934.0, ""self_attn.k_proj"": 273.0, ""self_attn.o_proj"": 1349.0, ""self_attn.q_proj"": 525.0, ""self_attn.v_proj"": 589.0}","{""mlp.down_proj"": 2022.0, ""mlp.gate_proj"": 1519.0, ""mlp.up_proj"": 1929.0, ""self_attn.k_proj"": 271.0, ""self_attn.o_proj"": 1350.0, ""self_attn.q_proj"": 525.0, ""self_attn.v_proj"": 586.0}","{""mlp.down_proj"": -2.0, ""mlp.gate_proj"": -10.0, ""mlp.up_proj"": -5.0, ""self_attn.k_proj"": -2.0, ""self_attn.o_proj"": 1.0, ""self_attn.q_proj"": 0.0, ""self_attn.v_proj"": -3.0}","{""mlp.down_proj"": 0.0009881422924901185, ""mlp.gate_proj"": 0.006540222367560497, ""mlp.up_proj"": 0.0025853154084798345, ""self_attn.k_proj"": 0.007326007326007326, ""self_attn.o_proj"": -0.0007412898443291327, ""self_attn.q_proj"": 0.0, ""self_attn.v_proj"": 0.0050933786078098476}",-0.00021995711331469466,-0.7999999999999998,309.48571428571427,False,True
,,40,E_if,E_ifeval,0.025,14,5,equal5_non_qk,True,"mlp.down_proj,mlp.gate_proj,mlp.up_proj,self_attn.o_proj,self_attn.v_proj","self_attn.q_proj,self_attn.k_proj",1238.8,1254.4,1238.8,-15.6,0.014463391204643756,0.012436224489796026,"{""mlp.down_proj"": 2031.0, ""mlp.gate_proj"": 710.0, ""mlp.up_proj"": 1671.0, ""self_attn.o_proj"": 1157.0, ""self_attn.v_proj"": 703.0}","{""mlp.down_proj"": 2016.0, ""mlp.gate_proj"": 686.0, ""mlp.up_proj"": 1655.0, ""self_attn.o_proj"": 1137.0, ""self_attn.v_proj"": 700.0}","{""mlp.down_proj"": -15.0, ""mlp.gate_proj"": -24.0, ""mlp.up_proj"": -16.0, ""self_attn.o_proj"": -20.0, ""self_attn.v_proj"": -3.0}","{""mlp.down_proj"": 0.007385524372230428, ""mlp.gate_proj"": 0.03380281690140845, ""mlp.up_proj"": 0.009575104727707959, ""self_attn.o_proj"": 0.01728608470181504, ""self_attn.v_proj"": 0.004267425320056899}",0.006503792493450386,0.00795959871119337,7,equal7,True,"mlp.down_proj,mlp.gate_proj,mlp.up_proj,self_attn.k_proj,self_attn.o_proj,self_attn.q_proj,self_attn.v_proj",,955.2857142857143,967.0,955.2857142857143,-11.714285714285714,0.012775392257849188,0.012114049342591174,"{""mlp.down_proj"": 2031.0, ""mlp.gate_proj"": 710.0, ""mlp.up_proj"": 1671.0, ""self_attn.k_proj"": 188.0, ""self_attn.o_proj"": 1157.0, ""self_attn.q_proj"": 309.0, ""self_attn.v_proj"": 703.0}","{""mlp.down_proj"": 2016.0, ""mlp.gate_proj"": 686.0, ""mlp.up_proj"": 1655.0, ""self_attn.k_proj"": 186.0, ""self_attn.o_proj"": 1137.0, ""self_attn.q_proj"": 307.0, ""self_attn.v_proj"": 700.0}","{""mlp.down_proj"": -15.0, ""mlp.gate_proj"": -24.0, ""mlp.up_proj"": -16.0, ""self_attn.k_proj"": -2.0, ""self_attn.o_proj"": -20.0, ""self_attn.q_proj"": -2.0, ""self_attn.v_proj"": -3.0}","{""mlp.down_proj"": 0.007385524372230428, ""mlp.gate_proj"": 0.03380281690140845, ""mlp.up_proj"": 0.009575104727707959, ""self_attn.k_proj"": 0.010638297872340425, ""self_attn.o_proj"": 0.01728608470181504, ""self_attn.q_proj"": 0.006472491909385114, ""self_attn.v_proj"": 0.004267425320056899}",0.0016879989467945677,-3.885714285714286,283.5142857142856,False,True
,,40,E_if,E_ifeval,0.025,18,5,equal5_non_qk,True,"mlp.down_proj,mlp.gate_proj,mlp.up_proj,self_attn.o_proj,self_attn.v_proj","self_attn.q_proj,self_attn.k_proj",1106.4,1110.4,1106.4,-4.0,0.0043584894312779605,0.0036023054755043226,"{""mlp.down_proj"": 1649.0, ""mlp.gate_proj"": 1006.0, ""mlp.up_proj"": 1522.0, ""self_attn.o_proj"": 971.0, ""self_attn.v_proj"": 404.0}","{""mlp.down_proj"": 1647.0, ""mlp.gate_proj"": 994.0, ""mlp.up_proj"": 1517.0, ""self_attn.o_proj"": 973.0, ""self_attn.v_proj"": 401.0}","{""mlp.down_proj"": -2.0, ""mlp.gate_proj"": -12.0, ""mlp.up_proj"": -5.0, ""self_attn.o_proj"": 2.0, ""self_attn.v_proj"": -3.0}","{""mlp.down_proj"": 0.001212856276531231, ""mlp.gate_proj"": 0.011928429423459244, ""mlp.up_proj"": 0.0032851511169513796, ""self_attn.o_proj"": -0.0020597322348094747, ""self_attn.v_proj"": 0.007425742574257425}",0.004043514998073543,0.00031497443320441763,7,equal7,True,"mlp.down_proj,mlp.gate_proj,mlp.up_proj,self_attn.k_proj,self_attn.o_proj,self_attn.q_proj,self_attn.v_proj",,838.0,840.7142857142857,838.0,-2.7142857142857144,0.002432934627783577,0.0032285471537807408,"{""mlp.down_proj"": 1649.0, ""mlp.gate_proj"": 1006.0, ""mlp.up_proj"": 1522.0, ""self_attn.k_proj"": 123.0, ""self_attn.o_proj"": 971.0, ""self_attn.q_proj"": 210.0, ""self_attn.v_proj"": 404.0}","{""mlp.down_proj"": 1647.0, ""mlp.gate_proj"": 994.0, ""mlp.up_proj"": 1517.0, ""self_attn.k_proj"": 123.0, ""self_attn.o_proj"": 973.0, ""self_attn.q_proj"": 211.0, ""self_attn.v_proj"": 401.0}","{""mlp.down_proj"": -2.0, ""mlp.gate_proj"": -12.0, ""mlp.up_proj"": -5.0, ""self_attn.k_proj"": 0.0, ""self_attn.o_proj"": 2.0, ""self_attn.q_proj"": 1.0, ""self_attn.v_proj"": -3.0}","{""mlp.down_proj"": 0.001212856276531231, ""mlp.gate_proj"": 0.011928429423459244, ""mlp.up_proj"": 0.0032851511169513796, ""self_attn.k_proj"": 0.0, ""self_attn.o_proj"": -0.0020597322348094747, ""self_attn.q_proj"": -0.004761904761904762, ""self_attn.v_proj"": 0.007425742574257425}",0.0019255548034943833,-1.2857142857142856,268.4000000000001,False,True
,,40,E_if,E_ifeval,0.05,14,5,equal5_non_qk,True,"mlp.down_proj,mlp.gate_proj,mlp.up_proj,self_attn.o_proj,self_attn.v_proj","self_attn.q_proj,self_attn.k_proj",906.8,921.4,906.8,-14.6,0.020432931403155653,0.015845452572172805,"{""mlp.down_proj"": 1632.0, ""mlp.gate_proj"": 328.0, ""mlp.up_proj"": 1208.0, ""self_attn.o_proj"": 868.0, ""self_attn.v_proj"": 571.0}","{""mlp.down_proj"": 1615.0, ""mlp.gate_proj"": 312.0, ""mlp.up_proj"": 1191.0, ""self_attn.o_proj"": 849.0, ""self_attn.v_proj"": 567.0}","{""mlp.down_proj"": -17.0, ""mlp.gate_proj"": -16.0, ""mlp.up_proj"": -17.0, ""self_attn.o_proj"": -19.0, ""self_attn.v_proj"": -4.0}","{""mlp.down_proj"": 0.010416666666666666, ""mlp.gate_proj"": 0.04878048780487805, ""mlp.up_proj"": 0.014072847682119206, ""self_attn.o_proj"": 0.021889400921658985, ""self_attn.v_proj"": 0.0070052539404553416}",0.008206142273680215,0.012226789129475437,7,equal7,True,"mlp.down_proj,mlp.gate_proj,mlp.up_proj,self_attn.k_proj,self_attn.o_proj,self_attn.q_proj,self_attn.v_proj",,680.5714285714286,691.4285714285714,680.5714285714286,-10.857142857142858,0.018568603955498825,0.01570247933884302,"{""mlp.down_proj"": 1632.0, ""mlp.gate_proj"": 328.0, ""mlp.up_proj"": 1208.0, ""self_attn.k_proj"": 98.0, ""self_attn.o_proj"": 868.0, ""self_attn.q_proj"": 135.0, ""self_attn.v_proj"": 571.0}","{""mlp.down_proj"": 1615.0, ""mlp.gate_proj"": 312.0, ""mlp.up_proj"": 1191.0, ""self_attn.k_proj"": 96.0, ""self_attn.o_proj"": 849.0, ""self_attn.q_proj"": 134.0, ""self_attn.v_proj"": 567.0}","{""mlp.down_proj"": -17.0, ""mlp.gate_proj"": -16.0, ""mlp.up_proj"": -17.0, ""self_attn.k_proj"": -2.0, ""self_attn.o_proj"": -19.0, ""self_attn.q_proj"": -1.0, ""self_attn.v_proj"": -4.0}","{""mlp.down_proj"": 0.010416666666666666, ""mlp.gate_proj"": 0.04878048780487805, ""mlp.up_proj"": 0.014072847682119206, ""self_attn.k_proj"": 0.02040816326530612, ""self_attn.o_proj"": 0.021889400921658985, ""self_attn.q_proj"": 0.007407407407407408, ""self_attn.v_proj"": 0.0070052539404553416}",0.0018643274476568272,-3.742857142857142,226.2285714285714,False,True
,,40,E_if,E_ifeval,0.05,18,5,equal5_non_qk,True,"mlp.down_proj,mlp.gate_proj,mlp.up_proj,self_attn.o_proj,self_attn.v_proj","self_attn.q_proj,self_attn.k_proj",779.0,782.4,779.0,-3.4,0.005611828127052924,0.004345603271983611,"{""mlp.down_proj"": 1274.0, ""mlp.gate_proj"": 584.0, ""mlp.up_proj"": 1128.0, ""self_attn.o_proj"": 673.0, ""self_attn.v_proj"": 253.0}","{""mlp.down_proj"": 1272.0, ""mlp.gate_proj"": 574.0, ""mlp.up_proj"": 1123.0, ""self_attn.o_proj"": 675.0, ""self_attn.v_proj"": 251.0}","{""mlp.down_proj"": -2.0, ""mlp.gate_proj"": -10.0, ""mlp.up_proj"": -5.0, ""self_attn.o_proj"": 2.0, ""self_attn.v_proj"": -2.0}","{""mlp.down_proj"": 0.0015698587127158557, ""mlp.gate_proj"": 0.017123287671232876, ""mlp.up_proj"": 0.004432624113475178, ""self_attn.o_proj"": -0.0029717682020802376, ""self_attn.v_proj"": 0.007905138339920948}",0.006030030811593537,-0.0004182026845406129,7,equal7,True,"mlp.down_proj,mlp.gate_proj,mlp.up_proj,self_attn.k_proj,self_attn.o_proj,self_attn.q_proj,self_attn.v_proj",,573.5714285714286,576.0,573.5714285714286,-2.4285714285714284,0.00400844866218066,0.00421626984126987,"{""mlp.down_proj"": 1274.0, ""mlp.gate_proj"": 584.0, ""mlp.up_proj"": 1128.0, ""self_attn.k_proj"": 50.0, ""self_attn.o_proj"": 673.0, ""self_attn.q_proj"": 70.0, ""self_attn.v_proj"": 253.0}","{""mlp.down_proj"": 1272.0, ""mlp.gate_proj"": 574.0, ""mlp.up_proj"": 1123.0, ""self_attn.k_proj"": 50.0, ""self_attn.o_proj"": 675.0, ""self_attn.q_proj"": 70.0, ""self_attn.v_proj"": 251.0}","{""mlp.down_proj"": -2.0, ""mlp.gate_proj"": -10.0, ""mlp.up_proj"": -5.0, ""self_attn.k_proj"": 0.0, ""self_attn.o_proj"": 2.0, ""self_attn.q_proj"": 0.0, ""self_attn.v_proj"": -2.0}","{""mlp.down_proj"": 0.0015698587127158557, ""mlp.gate_proj"": 0.017123287671232876, ""mlp.up_proj"": 0.004432624113475178, ""self_attn.k_proj"": 0.0, ""self_attn.o_proj"": -0.0029717682020802376, ""self_attn.q_proj"": 0.0, ""self_attn.v_proj"": 0.007905138339920948}",0.0016033794648722642,-0.9714285714285715,205.42857142857144,False,True
,,40,E_if,E_ifeval,0.1,14,5,equal5_non_qk,True,"mlp.down_proj,mlp.gate_proj,mlp.up_proj,self_attn.o_proj,self_attn.v_proj","self_attn.q_proj,self_attn.k_proj",580.8,592.8,580.8,-12.0,0.029453768493781746,0.020242914979757085,"{""mlp.down_proj"": 1166.0, ""mlp.gate_proj"": 96.0, ""mlp.up_proj"": 722.0, ""self_attn.o_proj"": 572.0, ""self_attn.v_proj"": 408.0}","{""mlp.down_proj"": 1148.0, ""mlp.gate_proj"": 89.0, ""mlp.up_proj"": 708.0, ""self_attn.o_proj"": 555.0, ""self_attn.v_proj"": 404.0}","{""mlp.down_proj"": -18.0, ""mlp.gate_proj"": -7.0, ""mlp.up_proj"": -14.0, ""self_attn.o_proj"": -17.0, ""self_attn.v_proj"": -4.0}","{""mlp.down_proj"": 0.015437392795883362, ""mlp.gate_proj"": 0.07291666666666667, ""mlp.up_proj"": 0.019390581717451522, ""self_attn.o_proj"": 0.02972027972027972, ""self_attn.v_proj"": 0.00980392156862745}",0.01048263343492334,0.018971135058858404,7,equal7,True,"mlp.down_proj,mlp.gate_proj,mlp.up_proj,self_attn.k_proj,self_attn.o_proj,self_attn.q_proj,self_attn.v_proj",,426.85714285714283,435.7142857142857,426.85714285714283,-8.857142857142858,0.027686519857957895,0.020327868852459092,"{""mlp.down_proj"": 1166.0, ""mlp.gate_proj"": 96.0, ""mlp.up_proj"": 722.0, ""self_attn.k_proj"": 42.0, ""self_attn.o_proj"": 572.0, ""self_attn.q_proj"": 44.0, ""self_attn.v_proj"": 408.0}","{""mlp.down_proj"": 1148.0, ""mlp.gate_proj"": 89.0, ""mlp.up_proj"": 708.0, ""self_attn.k_proj"": 41.0, ""self_attn.o_proj"": 555.0, ""self_attn.q_proj"": 43.0, ""self_attn.v_proj"": 404.0}","{""mlp.down_proj"": -18.0, ""mlp.gate_proj"": -7.0, ""mlp.up_proj"": -14.0, ""self_attn.k_proj"": -1.0, ""self_attn.o_proj"": -17.0, ""self_attn.q_proj"": -1.0, ""self_attn.v_proj"": -4.0}","{""mlp.down_proj"": 0.015437392795883362, ""mlp.gate_proj"": 0.07291666666666667, ""mlp.up_proj"": 0.019390581717451522, ""self_attn.k_proj"": 0.023809523809523808, ""self_attn.o_proj"": 0.02972027972027972, ""self_attn.q_proj"": 0.022727272727272728, ""self_attn.v_proj"": 0.00980392156862745}",0.001767248635823851,-3.1428571428571423,153.94285714285712,False,True
,,40,E_if,E_ifeval,0.1,18,5,equal5_non_qk,True,"mlp.down_proj,mlp.gate_proj,mlp.up_proj,self_attn.o_proj,self_attn.v_proj","self_attn.q_proj,self_attn.k_proj",451.0,453.4,451.0,-2.4,0.008459744305824255,0.0052933392148213,"{""mlp.down_proj"": 839.0, ""mlp.gate_proj"": 228.0, ""mlp.up_proj"": 696.0, ""self_attn.o_proj"": 388.0, ""self_attn.v_proj"": 116.0}","{""mlp.down_proj"": 837.0, ""mlp.gate_proj"": 221.0, ""mlp.up_proj"": 692.0, ""self_attn.o_proj"": 390.0, ""self_attn.v_proj"": 115.0}","{""mlp.down_proj"": -2.0, ""mlp.gate_proj"": -7.0, ""mlp.up_proj"": -4.0, ""self_attn.o_proj"": 2.0, ""self_attn.v_proj"": -1.0}","{""mlp.down_proj"": 0.0023837902264600714, ""mlp.gate_proj"": 0.03070175438596491, ""mlp.up_proj"": 0.005747126436781609, ""self_attn.o_proj"": -0.005154639175257732, ""self_attn.v_proj"": 0.008620689655172414}",0.0091543389662693,-0.0006945946604450456,7,equal7,True,"mlp.down_proj,mlp.gate_proj,mlp.up_proj,self_attn.k_proj,self_attn.o_proj,self_attn.q_proj,self_attn.v_proj",,326.0,327.7142857142857,326.0,-1.7142857142857142,0.006042674504160182,0.00523103748910203,"{""mlp.down_proj"": 839.0, ""mlp.gate_proj"": 228.0, ""mlp.up_proj"": 696.0, ""self_attn.k_proj"": 16.0, ""self_attn.o_proj"": 388.0, ""self_attn.q_proj"": 11.0, ""self_attn.v_proj"": 116.0}","{""mlp.down_proj"": 837.0, ""mlp.gate_proj"": 221.0, ""mlp.up_proj"": 692.0, ""self_attn.k_proj"": 16.0, ""self_attn.o_proj"": 390.0, ""self_attn.q_proj"": 11.0, ""self_attn.v_proj"": 115.0}","{""mlp.down_proj"": -2.0, ""mlp.gate_proj"": -7.0, ""mlp.up_proj"": -4.0, ""self_attn.k_proj"": 0.0, ""self_attn.o_proj"": 2.0, ""self_attn.q_proj"": 0.0, ""self_attn.v_proj"": -1.0}","{""mlp.down_proj"": 0.0023837902264600714, ""mlp.gate_proj"": 0.03070175438596491, ""mlp.up_proj"": 0.005747126436781609, ""self_attn.k_proj"": 0.0, ""self_attn.o_proj"": -0.005154639175257732, ""self_attn.q_proj"": 0.0, ""self_attn.v_proj"": 0.008620689655172414}",0.002417069801664073,-0.6857142857142857,125.0,False,True
,,40,E_math,E_mathHeld,0.01,14,5,equal5_non_qk,True,"mlp.down_proj,mlp.gate_proj,mlp.up_proj,self_attn.o_proj,self_attn.v_proj","self_attn.q_proj,self_attn.k_proj",850.6,862.0,850.6,-11.4,0.014533917887525144,0.013225058004640345,"{""mlp.down_proj"": 1191.0, ""mlp.gate_proj"": 588.0, ""mlp.up_proj"": 1024.0, ""self_attn.o_proj"": 848.0, ""self_attn.v_proj"": 659.0}","{""mlp.down_proj"": 1182.0, ""mlp.gate_proj"": 570.0, ""mlp.up_proj"": 1013.0, ""self_attn.o_proj"": 833.0, ""self_attn.v_proj"": 655.0}","{""mlp.down_proj"": -9.0, ""mlp.gate_proj"": -18.0, ""mlp.up_proj"": -11.0, ""self_attn.o_proj"": -15.0, ""self_attn.v_proj"": -4.0}","{""mlp.down_proj"": 0.007556675062972292, ""mlp.gate_proj"": 0.030612244897959183, ""mlp.up_proj"": 0.0107421875, ""self_attn.o_proj"": 0.01768867924528302, ""self_attn.v_proj"": 0.006069802731411229}",0.004200198878553734,0.01033371900897141,7,equal7,True,"mlp.down_proj,mlp.gate_proj,mlp.up_proj,self_attn.k_proj,self_attn.o_proj,self_attn.q_proj,self_attn.v_proj",,699.8571428571429,709.1428571428571,699.8571428571429,-9.285714285714286,0.013837736761322262,0.013094278807413285,"{""mlp.down_proj"": 1191.0, ""mlp.gate_proj"": 588.0, ""mlp.up_proj"": 1024.0, ""self_attn.k_proj"": 263.0, ""self_attn.o_proj"": 848.0, ""self_attn.q_proj"": 391.0, ""self_attn.v_proj"": 659.0}","{""mlp.down_proj"": 1182.0, ""mlp.gate_proj"": 570.0, ""mlp.up_proj"": 1013.0, ""self_attn.k_proj"": 260.0, ""self_attn.o_proj"": 833.0, ""self_attn.q_proj"": 386.0, ""self_attn.v_proj"": 655.0}","{""mlp.down_proj"": -9.0, ""mlp.gate_proj"": -18.0, ""mlp.up_proj"": -11.0, ""self_attn.k_proj"": -3.0, ""self_attn.o_proj"": -15.0, ""self_attn.q_proj"": -5.0, ""self_attn.v_proj"": -4.0}","{""mlp.down_proj"": 0.007556675062972292, ""mlp.gate_proj"": 0.030612244897959183, ""mlp.up_proj"": 0.0107421875, ""self_attn.k_proj"": 0.011406844106463879, ""self_attn.o_proj"": 0.01768867924528302, ""self_attn.q_proj"": 0.01278772378516624, ""self_attn.v_proj"": 0.006069802731411229}",0.0006961811262028821,-2.114285714285714,150.74285714285713,False,True
,,40,E_math,E_mathHeld,0.01,18,5,equal5_non_qk,True,"mlp.down_proj,mlp.gate_proj,mlp.up_proj,self_attn.o_proj,self_attn.v_proj","self_attn.q_proj,self_attn.k_proj",893.0,893.0,893.0,0.0,0.0001747874761679553,0.0,"{""mlp.down_proj"": 1195.0, ""mlp.gate_proj"": 912.0, ""mlp.up_proj"": 1080.0, ""self_attn.o_proj"": 776.0, ""self_attn.v_proj"": 502.0}","{""mlp.down_proj"": 1195.0, ""mlp.gate_proj"": 911.0, ""mlp.up_proj"": 1081.0, ""self_attn.o_proj"": 777.0, ""self_attn.v_proj"": 501.0}","{""mlp.down_proj"": 0.0, ""mlp.gate_proj"": -1.0, ""mlp.up_proj"": 1.0, ""self_attn.o_proj"": 1.0, ""self_attn.v_proj"": -1.0}","{""mlp.down_proj"": 0.0, ""mlp.gate_proj"": 0.0010964912280701754, ""mlp.up_proj"": -0.000925925925925926, ""self_attn.o_proj"": -0.001288659793814433, ""self_attn.v_proj"": 0.00199203187250996}",0.002480554476339973,-0.0023057670001720176,7,equal7,True,"mlp.down_proj,mlp.gate_proj,mlp.up_proj,self_attn.k_proj,self_attn.o_proj,self_attn.q_proj,self_attn.v_proj",,733.1428571428571,733.2857142857143,733.1428571428571,-0.14285714285714285,0.0004657960322440731,0.00019481784531474156,"{""mlp.down_proj"": 1195.0, ""mlp.gate_proj"": 912.0, ""mlp.up_proj"": 1080.0, ""self_attn.k_proj"": 249.0, ""self_attn.o_proj"": 776.0, ""self_attn.q_proj"": 419.0, ""self_attn.v_proj"": 502.0}","{""mlp.down_proj"": 1195.0, ""mlp.gate_proj"": 911.0, ""mlp.up_proj"": 1081.0, ""self_attn.k_proj"": 249.0, ""self_attn.o_proj"": 777.0, ""self_attn.q_proj"": 418.0, ""self_attn.v_proj"": 501.0}","{""mlp.down_proj"": 0.0, ""mlp.gate_proj"": -1.0, ""mlp.up_proj"": 1.0, ""self_attn.k_proj"": 0.0, ""self_attn.o_proj"": 1.0, ""self_attn.q_proj"": -1.0, ""self_attn.v_proj"": -1.0}","{""mlp.down_proj"": 0.0, ""mlp.gate_proj"": 0.0010964912280701754, ""mlp.up_proj"": -0.000925925925925926, ""self_attn.k_proj"": 0.0, ""self_attn.o_proj"": -0.001288659793814433, ""self_attn.q_proj"": 0.002386634844868735, ""self_attn.v_proj"": 0.00199203187250996}",-0.0002910085560761178,0.14285714285714285,159.8571428571429,False,True
,,40,E_math,E_mathHeld,0.025,14,5,equal5_non_qk,True,"mlp.down_proj,mlp.gate_proj,mlp.up_proj,self_attn.o_proj,self_attn.v_proj","self_attn.q_proj,self_attn.k_proj",616.2,627.4,616.2,-11.2,0.020780478652807077,0.017851450430347356,"{""mlp.down_proj"": 928.0, ""mlp.gate_proj"": 322.0, ""mlp.up_proj"": 752.0, ""self_attn.o_proj"": 618.0, ""self_attn.v_proj"": 517.0}","{""mlp.down_proj"": 917.0, ""mlp.gate_proj"": 308.0, ""mlp.up_proj"": 741.0, ""self_attn.o_proj"": 603.0, ""self_attn.v_proj"": 512.0}","{""mlp.down_proj"": -11.0, ""mlp.gate_proj"": -14.0, ""mlp.up_proj"": -11.0, ""self_attn.o_proj"": -15.0, ""self_attn.v_proj"": -5.0}","{""mlp.down_proj"": 0.011853448275862068, ""mlp.gate_proj"": 0.043478260869565216, ""mlp.up_proj"": 0.014627659574468085, ""self_attn.o_proj"": 0.024271844660194174, ""self_attn.v_proj"": 0.009671179883945842}",0.006503792493450386,0.014276686159356691,7,equal7,True,"mlp.down_proj,mlp.gate_proj,mlp.up_proj,self_attn.k_proj,self_attn.o_proj,self_attn.q_proj,self_attn.v_proj",,490.42857142857144,499.2857142857143,490.42857142857144,-8.857142857142858,0.019495213689733993,0.017739628040057177,"{""mlp.down_proj"": 928.0, ""mlp.gate_proj"": 322.0, ""mlp.up_proj"": 752.0, ""self_attn.k_proj"": 150.0, ""self_attn.o_proj"": 618.0, ""self_attn.q_proj"": 208.0, ""self_attn.v_proj"": 517.0}","{""mlp.down_proj"": 917.0, ""mlp.gate_proj"": 308.0, ""mlp.up_proj"": 741.0, ""self_attn.k_proj"": 148.0, ""self_attn.o_proj"": 603.0, ""self_attn.q_proj"": 204.0, ""self_attn.v_proj"": 512.0}","{""mlp.down_proj"": -11.0, ""mlp.gate_proj"": -14.0, ""mlp.up_proj"": -11.0, ""self_attn.k_proj"": -2.0, ""self_attn.o_proj"": -15.0, ""self_attn.q_proj"": -4.0, ""self_attn.v_proj"": -5.0}","{""mlp.down_proj"": 0.011853448275862068, ""mlp.gate_proj"": 0.043478260869565216, ""mlp.up_proj"": 0.014627659574468085, ""self_attn.k_proj"": 0.013333333333333334, ""self_attn.o_proj"": 0.024271844660194174, ""self_attn.q_proj"": 0.019230769230769232, ""self_attn.v_proj"": 0.009671179883945842}",0.0012852649630730843,-2.3428571428571416,125.7714285714286,False,True
,,40,E_math,E_mathHeld,0.025,18,5,equal5_non_qk,True,"mlp.down_proj,mlp.gate_proj,mlp.up_proj,self_attn.o_proj,self_attn.v_proj","self_attn.q_proj,self_attn.k_proj",661.0,661.4,661.0,-0.4,0.001086206896551724,0.0006047777441789799,"{""mlp.down_proj"": 945.0, ""mlp.gate_proj"": 638.0, ""mlp.up_proj"": 822.0, ""self_attn.o_proj"": 550.0, ""self_attn.v_proj"": 352.0}","{""mlp.down_proj"": 945.0, ""mlp.gate_proj"": 637.0, ""mlp.up_proj"": 822.0, ""self_attn.o_proj"": 551.0, ""self_attn.v_proj"": 350.0}","{""mlp.down_proj"": 0.0, ""mlp.gate_proj"": -1.0, ""mlp.up_proj"": 0.0, ""self_attn.o_proj"": 1.0, ""self_attn.v_proj"": -2.0}","{""mlp.down_proj"": 0.0, ""mlp.gate_proj"": 0.001567398119122257, ""mlp.up_proj"": 0.0, ""self_attn.o_proj"": -0.0018181818181818182, ""self_attn.v_proj"": 0.005681818181818182}",0.004043514998073543,-0.002957308101521819,7,equal7,True,"mlp.down_proj,mlp.gate_proj,mlp.up_proj,self_attn.k_proj,self_attn.o_proj,self_attn.q_proj,self_attn.v_proj",,520.2857142857143,520.7142857142857,520.2857142857143,-0.42857142857142855,0.0014497165164048705,0.0008230452674895249,"{""mlp.down_proj"": 945.0, ""mlp.gate_proj"": 638.0, ""mlp.up_proj"": 822.0, ""self_attn.k_proj"": 126.0, ""self_attn.o_proj"": 550.0, ""self_attn.q_proj"": 212.0, ""self_attn.v_proj"": 352.0}","{""mlp.down_proj"": 945.0, ""mlp.gate_proj"": 637.0, ""mlp.up_proj"": 822.0, ""self_attn.k_proj"": 126.0, ""self_attn.o_proj"": 551.0, ""self_attn.q_proj"": 211.0, ""self_attn.v_proj"": 350.0}","{""mlp.down_proj"": 0.0, ""mlp.gate_proj"": -1.0, ""mlp.up_proj"": 0.0, ""self_attn.k_proj"": 0.0, ""self_attn.o_proj"": 1.0, ""self_attn.q_proj"": -1.0, ""self_attn.v_proj"": -2.0}","{""mlp.down_proj"": 0.0, ""mlp.gate_proj"": 0.001567398119122257, ""mlp.up_proj"": 0.0, ""self_attn.k_proj"": 0.0, ""self_attn.o_proj"": -0.0018181818181818182, ""self_attn.q_proj"": 0.0047169811320754715, ""self_attn.v_proj"": 0.005681818181818182}",-0.0003635096198531464,0.028571428571428525,140.71428571428567,False,True
,,40,E_math,E_mathHeld,0.05,14,5,equal5_non_qk,True,"mlp.down_proj,mlp.gate_proj,mlp.up_proj,self_attn.o_proj,self_attn.v_proj","self_attn.q_proj,self_attn.k_proj",439.8,449.6,439.8,-9.8,0.027826225576591757,0.021797153024911056,"{""mlp.down_proj"": 711.0, ""mlp.gate_proj"": 158.0, ""mlp.up_proj"": 535.0, ""self_attn.o_proj"": 447.0, ""self_attn.v_proj"": 397.0}","{""mlp.down_proj"": 700.0, ""mlp.gate_proj"": 148.0, ""mlp.up_proj"": 525.0, ""self_attn.o_proj"": 434.0, ""self_attn.v_proj"": 392.0}","{""mlp.down_proj"": -11.0, ""mlp.gate_proj"": -10.0, ""mlp.up_proj"": -10.0, ""self_attn.o_proj"": -13.0, ""self_attn.v_proj"": -5.0}","{""mlp.down_proj"": 0.015471167369901548, ""mlp.gate_proj"": 0.06329113924050633, ""mlp.up_proj"": 0.018691588785046728, ""self_attn.o_proj"": 0.029082774049217, ""self_attn.v_proj"": 0.012594458438287154}",0.008206142273680215,0.01962008330291154,7,equal7,True,"mlp.down_proj,mlp.gate_proj,mlp.up_proj,self_attn.k_proj,self_attn.o_proj,self_attn.q_proj,self_attn.v_proj",,340.2857142857143,347.85714285714283,340.2857142857143,-7.571428571428571,0.026051161060091126,0.02176591375770016,"{""mlp.down_proj"": 711.0, ""mlp.gate_proj"": 158.0, ""mlp.up_proj"": 535.0, ""self_attn.k_proj"": 84.0, ""self_attn.o_proj"": 447.0, ""self_attn.q_proj"": 103.0, ""self_attn.v_proj"": 397.0}","{""mlp.down_proj"": 700.0, ""mlp.gate_proj"": 148.0, ""mlp.up_proj"": 525.0, ""self_attn.k_proj"": 82.0, ""self_attn.o_proj"": 434.0, ""self_attn.q_proj"": 101.0, ""self_attn.v_proj"": 392.0}","{""mlp.down_proj"": -11.0, ""mlp.gate_proj"": -10.0, ""mlp.up_proj"": -10.0, ""self_attn.k_proj"": -2.0, ""self_attn.o_proj"": -13.0, ""self_attn.q_proj"": -2.0, ""self_attn.v_proj"": -5.0}","{""mlp.down_proj"": 0.015471167369901548, ""mlp.gate_proj"": 0.06329113924050633, ""mlp.up_proj"": 0.018691588785046728, ""self_attn.k_proj"": 0.023809523809523808, ""self_attn.o_proj"": 0.029082774049217, ""self_attn.q_proj"": 0.019417475728155338, ""self_attn.v_proj"": 0.012594458438287154}",0.0017750645165006303,-2.2285714285714295,99.51428571428573,False,True
,,40,E_math,E_mathHeld,0.05,18,5,equal5_non_qk,True,"mlp.down_proj,mlp.gate_proj,mlp.up_proj,self_attn.o_proj,self_attn.v_proj","self_attn.q_proj,self_attn.k_proj",477.8,478.2,477.8,-0.4,0.0016353144546882871,0.0008364700961940135,"{""mlp.down_proj"": 733.0, ""mlp.gate_proj"": 427.0, ""mlp.up_proj"": 610.0, ""self_attn.o_proj"": 384.0, ""self_attn.v_proj"": 237.0}","{""mlp.down_proj"": 733.0, ""mlp.gate_proj"": 426.0, ""mlp.up_proj"": 610.0, ""self_attn.o_proj"": 385.0, ""self_attn.v_proj"": 235.0}","{""mlp.down_proj"": 0.0, ""mlp.gate_proj"": -1.0, ""mlp.up_proj"": 0.0, ""self_attn.o_proj"": 1.0, ""self_attn.v_proj"": -2.0}","{""mlp.down_proj"": 0.0, ""mlp.gate_proj"": 0.00234192037470726, ""mlp.up_proj"": 0.0, ""self_attn.o_proj"": -0.0026041666666666665, ""self_attn.v_proj"": 0.008438818565400843}",0.006030030811593537,-0.00439471635690525,7,equal7,True,"mlp.down_proj,mlp.gate_proj,mlp.up_proj,self_attn.k_proj,self_attn.o_proj,self_attn.q_proj,self_attn.v_proj",,362.7142857142857,363.0,362.7142857142857,-0.2857142857142857,0.0011680817533487767,0.0007870916961825829,"{""mlp.down_proj"": 733.0, ""mlp.gate_proj"": 427.0, ""mlp.up_proj"": 610.0, ""self_attn.k_proj"": 57.0, ""self_attn.o_proj"": 384.0, ""self_attn.q_proj"": 93.0, ""self_attn.v_proj"": 237.0}","{""mlp.down_proj"": 733.0, ""mlp.gate_proj"": 426.0, ""mlp.up_proj"": 610.0, ""self_attn.k_proj"": 57.0, ""self_attn.o_proj"": 385.0, ""self_attn.q_proj"": 93.0, ""self_attn.v_proj"": 235.0}","{""mlp.down_proj"": 0.0, ""mlp.gate_proj"": -1.0, ""mlp.up_proj"": 0.0, ""self_attn.k_proj"": 0.0, ""self_attn.o_proj"": 1.0, ""self_attn.q_proj"": 0.0, ""self_attn.v_proj"": -2.0}","{""mlp.down_proj"": 0.0, ""mlp.gate_proj"": 0.00234192037470726, ""mlp.up_proj"": 0.0, ""self_attn.k_proj"": 0.0, ""self_attn.o_proj"": -0.0026041666666666665, ""self_attn.q_proj"": 0.0, ""self_attn.v_proj"": 0.008438818565400843}",0.0004672327013395105,-0.11428571428571432,115.08571428571429,False,True
,,40,E_math,E_mathHeld,0.1,14,5,equal5_non_qk,True,"mlp.down_proj,mlp.gate_proj,mlp.up_proj,self_attn.o_proj,self_attn.v_proj","self_attn.q_proj,self_attn.k_proj",277.6,285.2,277.6,-7.6,0.03994897795333885,0.02664796633941082,"{""mlp.down_proj"": 489.0, ""mlp.gate_proj"": 49.0, ""mlp.up_proj"": 326.0, ""self_attn.o_proj"": 289.0, ""self_attn.v_proj"": 273.0}","{""mlp.down_proj"": 479.0, ""mlp.gate_proj"": 44.0, ""mlp.up_proj"": 318.0, ""self_attn.o_proj"": 278.0, ""self_attn.v_proj"": 269.0}","{""mlp.down_proj"": -10.0, ""mlp.gate_proj"": -5.0, ""mlp.up_proj"": -8.0, ""self_attn.o_proj"": -11.0, ""self_attn.v_proj"": -4.0}","{""mlp.down_proj"": 0.02044989775051125, ""mlp.gate_proj"": 0.10204081632653061, ""mlp.up_proj"": 0.024539877300613498, ""self_attn.o_proj"": 0.03806228373702422, ""self_attn.v_proj"": 0.014652014652014652}",0.01048263343492334,0.02946634451841551,7,equal7,True,"mlp.down_proj,mlp.gate_proj,mlp.up_proj,self_attn.k_proj,self_attn.o_proj,self_attn.q_proj,self_attn.v_proj",,208.85714285714286,214.57142857142858,208.85714285714286,-5.714285714285714,0.03605378124486609,0.026631158455392847,"{""mlp.down_proj"": 489.0, ""mlp.gate_proj"": 49.0, ""mlp.up_proj"": 326.0, ""self_attn.k_proj"": 38.0, ""self_attn.o_proj"": 289.0, ""self_attn.q_proj"": 38.0, ""self_attn.v_proj"": 273.0}","{""mlp.down_proj"": 479.0, ""mlp.gate_proj"": 44.0, ""mlp.up_proj"": 318.0, ""self_attn.k_proj"": 37.0, ""self_attn.o_proj"": 278.0, ""self_attn.q_proj"": 37.0, ""self_attn.v_proj"": 269.0}","{""mlp.down_proj"": -10.0, ""mlp.gate_proj"": -5.0, ""mlp.up_proj"": -8.0, ""self_attn.k_proj"": -1.0, ""self_attn.o_proj"": -11.0, ""self_attn.q_proj"": -1.0, ""self_attn.v_proj"": -4.0}","{""mlp.down_proj"": 0.02044989775051125, ""mlp.gate_proj"": 0.10204081632653061, ""mlp.up_proj"": 0.024539877300613498, ""self_attn.k_proj"": 0.02631578947368421, ""self_attn.o_proj"": 0.03806228373702422, ""self_attn.q_proj"": 0.02631578947368421, ""self_attn.v_proj"": 0.014652014652014652}",0.0038951967084727562,-1.8857142857142852,68.74285714285716,False,True
,,40,E_math,E_mathHeld,0.1,18,5,equal5_non_qk,True,"mlp.down_proj,mlp.gate_proj,mlp.up_proj,self_attn.o_proj,self_attn.v_proj","self_attn.q_proj,self_attn.k_proj",299.6,300.2,299.6,-0.6,0.0024343967387381225,0.001998667554963244,"{""mlp.down_proj"": 510.0, ""mlp.gate_proj"": 232.0, ""mlp.up_proj"": 397.0, ""self_attn.o_proj"": 232.0, ""self_attn.v_proj"": 130.0}","{""mlp.down_proj"": 509.0, ""mlp.gate_proj"": 231.0, ""mlp.up_proj"": 396.0, ""self_attn.o_proj"": 233.0, ""self_attn.v_proj"": 129.0}","{""mlp.down_proj"": -1.0, ""mlp.gate_proj"": -1.0, ""mlp.up_proj"": -1.0, ""self_attn.o_proj"": 1.0, ""self_attn.v_proj"": -1.0}","{""mlp.down_proj"": 0.00196078431372549, ""mlp.gate_proj"": 0.004310344827586207, ""mlp.up_proj"": 0.0025188916876574307, ""self_attn.o_proj"": -0.004310344827586207, ""self_attn.v_proj"": 0.007692307692307693}",0.0091543389662693,-0.0067199422275311775,7,equal7,True,"mlp.down_proj,mlp.gate_proj,mlp.up_proj,self_attn.k_proj,self_attn.o_proj,self_attn.q_proj,self_attn.v_proj",,219.71428571428572,220.14285714285714,219.71428571428572,-0.42857142857142855,0.0017388548133843733,0.0019467878001297307,"{""mlp.down_proj"": 510.0, ""mlp.gate_proj"": 232.0, ""mlp.up_proj"": 397.0, ""self_attn.k_proj"": 18.0, ""self_attn.o_proj"": 232.0, ""self_attn.q_proj"": 22.0, ""self_attn.v_proj"": 130.0}","{""mlp.down_proj"": 509.0, ""mlp.gate_proj"": 231.0, ""mlp.up_proj"": 396.0, ""self_attn.k_proj"": 18.0, ""self_attn.o_proj"": 233.0, ""self_attn.q_proj"": 22.0, ""self_attn.v_proj"": 129.0}","{""mlp.down_proj"": -1.0, ""mlp.gate_proj"": -1.0, ""mlp.up_proj"": -1.0, ""self_attn.k_proj"": 0.0, ""self_attn.o_proj"": 1.0, ""self_attn.q_proj"": 0.0, ""self_attn.v_proj"": -1.0}","{""mlp.down_proj"": 0.00196078431372549, ""mlp.gate_proj"": 0.004310344827586207, ""mlp.up_proj"": 0.0025188916876574307, ""self_attn.k_proj"": 0.0, ""self_attn.o_proj"": -0.004310344827586207, ""self_attn.q_proj"": 0.0, ""self_attn.v_proj"": 0.007692307692307693}",0.0006955419253537492,-0.17142857142857143,79.8857142857143,False,True
,,40,E_math_hard_v2,E_AIME24,0.01,14,5,equal5_non_qk,True,"mlp.down_proj,mlp.gate_proj,mlp.up_proj,self_attn.o_proj,self_attn.v_proj","self_attn.q_proj,self_attn.k_proj",1217.6,1236.2,1217.6,-18.6,0.0164849690172958,0.015046109043844147,"{""mlp.down_proj"": 1802.0, ""mlp.gate_proj"": 877.0, ""mlp.up_proj"": 1561.0, ""self_attn.o_proj"": 1177.0, ""self_attn.v_proj"": 764.0}","{""mlp.down_proj"": 1786.0, ""mlp.gate_proj"": 844.0, ""mlp.up_proj"": 1543.0, ""self_attn.o_proj"": 1156.0, ""self_attn.v_proj"": 759.0}","{""mlp.down_proj"": -16.0, ""mlp.gate_proj"": -33.0, ""mlp.up_proj"": -18.0, ""self_attn.o_proj"": -21.0, ""self_attn.v_proj"": -5.0}","{""mlp.down_proj"": 0.008879023307436182, ""mlp.gate_proj"": 0.037628278221208664, ""mlp.up_proj"": 0.011531069827033953, ""self_attn.o_proj"": 0.01784197111299915, ""self_attn.v_proj"": 0.006544502617801047}",0.004200198878553734,0.012284770138742065,7,equal7,True,"mlp.down_proj,mlp.gate_proj,mlp.up_proj,self_attn.k_proj,self_attn.o_proj,self_attn.q_proj,self_attn.v_proj",,979.2857142857143,994.0,979.2857142857143,-14.714285714285714,0.015481965701689747,0.014803104340327632,"{""mlp.down_proj"": 1802.0, ""mlp.gate_proj"": 877.0, ""mlp.up_proj"": 1561.0, ""self_attn.k_proj"": 298.0, ""self_attn.o_proj"": 1177.0, ""self_attn.q_proj"": 479.0, ""self_attn.v_proj"": 764.0}","{""mlp.down_proj"": 1786.0, ""mlp.gate_proj"": 844.0, ""mlp.up_proj"": 1543.0, ""self_attn.k_proj"": 294.0, ""self_attn.o_proj"": 1156.0, ""self_attn.q_proj"": 473.0, ""self_attn.v_proj"": 759.0}","{""mlp.down_proj"": -16.0, ""mlp.gate_proj"": -33.0, ""mlp.up_proj"": -18.0, ""self_attn.k_proj"": -4.0, ""self_attn.o_proj"": -21.0, ""self_attn.q_proj"": -6.0, ""self_attn.v_proj"": -5.0}","{""mlp.down_proj"": 0.008879023307436182, ""mlp.gate_proj"": 0.037628278221208664, ""mlp.up_proj"": 0.011531069827033953, ""self_attn.k_proj"": 0.013422818791946308, ""self_attn.o_proj"": 0.01784197111299915, ""self_attn.q_proj"": 0.012526096033402923, ""self_attn.v_proj"": 0.006544502617801047}",0.0010030033156060523,-3.885714285714288,238.31428571428557,False,True
,,40,E_math_hard_v2,E_AIME24,0.01,18,5,equal5_non_qk,True,"mlp.down_proj,mlp.gate_proj,mlp.up_proj,self_attn.o_proj,self_attn.v_proj","self_attn.q_proj,self_attn.k_proj",1270.4,1269.4,1270.4,1.0,-0.0005731158696156009,-0.000787773751378604,"{""mlp.down_proj"": 1764.0, ""mlp.gate_proj"": 1286.0, ""mlp.up_proj"": 1539.0, ""self_attn.o_proj"": 1126.0, ""self_attn.v_proj"": 632.0}","{""mlp.down_proj"": 1766.0, ""mlp.gate_proj"": 1286.0, ""mlp.up_proj"": 1540.0, ""self_attn.o_proj"": 1129.0, ""self_attn.v_proj"": 631.0}","{""mlp.down_proj"": 2.0, ""mlp.gate_proj"": 0.0, ""mlp.up_proj"": 1.0, ""self_attn.o_proj"": 3.0, ""self_attn.v_proj"": -1.0}","{""mlp.down_proj"": -0.0011337868480725624, ""mlp.gate_proj"": 0.0, ""mlp.up_proj"": -0.000649772579597141, ""self_attn.o_proj"": -0.0026642984014209592, ""self_attn.v_proj"": 0.0015822784810126582}",0.002480554476339973,-0.0030536703459555737,7,equal7,True,"mlp.down_proj,mlp.gate_proj,mlp.up_proj,self_attn.k_proj,self_attn.o_proj,self_attn.q_proj,self_attn.v_proj",,1035.142857142857,1034.2857142857142,1035.142857142857,0.8571428571428571,-0.0006667687356971152,-0.0008287292817679873,"{""mlp.down_proj"": 1764.0, ""mlp.gate_proj"": 1286.0, ""mlp.up_proj"": 1539.0, ""self_attn.k_proj"": 338.0, ""self_attn.o_proj"": 1126.0, ""self_attn.q_proj"": 555.0, ""self_attn.v_proj"": 632.0}","{""mlp.down_proj"": 1766.0, ""mlp.gate_proj"": 1286.0, ""mlp.up_proj"": 1540.0, ""self_attn.k_proj"": 338.0, ""self_attn.o_proj"": 1129.0, ""self_attn.q_proj"": 556.0, ""self_attn.v_proj"": 631.0}","{""mlp.down_proj"": 2.0, ""mlp.gate_proj"": 0.0, ""mlp.up_proj"": 1.0, ""self_attn.k_proj"": 0.0, ""self_attn.o_proj"": 3.0, ""self_attn.q_proj"": 1.0, ""self_attn.v_proj"": -1.0}","{""mlp.down_proj"": -0.0011337868480725624, ""mlp.gate_proj"": 0.0, ""mlp.up_proj"": -0.000649772579597141, ""self_attn.k_proj"": 0.0, ""self_attn.o_proj"": -0.0026642984014209592, ""self_attn.q_proj"": -0.0018018018018018018, ""self_attn.v_proj"": 0.0015822784810126582}",9.365286608151429e-05,0.1428571428571429,235.25714285714298,False,True
,,40,E_math_hard_v2,E_AIME24,0.025,14,5,equal5_non_qk,True,"mlp.down_proj,mlp.gate_proj,mlp.up_proj,self_attn.o_proj,self_attn.v_proj","self_attn.q_proj,self_attn.k_proj",877.6,894.8,877.6,-17.2,0.02297914763119268,0.01922217255252563,"{""mlp.down_proj"": 1392.0, ""mlp.gate_proj"": 470.0, ""mlp.up_proj"": 1129.0, ""self_attn.o_proj"": 863.0, ""self_attn.v_proj"": 620.0}","{""mlp.down_proj"": 1375.0, ""mlp.gate_proj"": 444.0, ""mlp.up_proj"": 1110.0, ""self_attn.o_proj"": 845.0, ""self_attn.v_proj"": 614.0}","{""mlp.down_proj"": -17.0, ""mlp.gate_proj"": -26.0, ""mlp.up_proj"": -19.0, ""self_attn.o_proj"": -18.0, ""self_attn.v_proj"": -6.0}","{""mlp.down_proj"": 0.01221264367816092, ""mlp.gate_proj"": 0.05531914893617021, ""mlp.up_proj"": 0.01682905225863596, ""self_attn.o_proj"": 0.02085747392815759, ""self_attn.v_proj"": 0.00967741935483871}",0.006503792493450386,0.016475355137742294,7,equal7,True,"mlp.down_proj,mlp.gate_proj,mlp.up_proj,self_attn.k_proj,self_attn.o_proj,self_attn.q_proj,self_attn.v_proj",,685.0,698.2857142857143,685.0,-13.285714285714286,0.021287577659247464,0.019026186579378136,"{""mlp.down_proj"": 1392.0, ""mlp.gate_proj"": 470.0, ""mlp.up_proj"": 1129.0, ""self_attn.k_proj"": 168.0, ""self_attn.o_proj"": 863.0, ""self_attn.q_proj"": 246.0, ""self_attn.v_proj"": 620.0}","{""mlp.down_proj"": 1375.0, ""mlp.gate_proj"": 444.0, ""mlp.up_proj"": 1110.0, ""self_attn.k_proj"": 165.0, ""self_attn.o_proj"": 845.0, ""self_attn.q_proj"": 242.0, ""self_attn.v_proj"": 614.0}","{""mlp.down_proj"": -17.0, ""mlp.gate_proj"": -26.0, ""mlp.up_proj"": -19.0, ""self_attn.k_proj"": -3.0, ""self_attn.o_proj"": -18.0, ""self_attn.q_proj"": -4.0, ""self_attn.v_proj"": -6.0}","{""mlp.down_proj"": 0.01221264367816092, ""mlp.gate_proj"": 0.05531914893617021, ""mlp.up_proj"": 0.01682905225863596, ""self_attn.k_proj"": 0.017857142857142856, ""self_attn.o_proj"": 0.02085747392815759, ""self_attn.q_proj"": 0.016260162601626018, ""self_attn.v_proj"": 0.00967741935483871}",0.0016915699719452157,-3.914285714285713,192.60000000000002,False,True
,,40,E_math_hard_v2,E_AIME24,0.025,18,5,equal5_non_qk,True,"mlp.down_proj,mlp.gate_proj,mlp.up_proj,self_attn.o_proj,self_attn.v_proj","self_attn.q_proj,self_attn.k_proj",953.2,951.8,953.2,1.4,-0.001331005706073258,-0.0014708972473209613,"{""mlp.down_proj"": 1417.0, ""mlp.gate_proj"": 889.0, ""mlp.up_proj"": 1167.0, ""self_attn.o_proj"": 815.0, ""self_attn.v_proj"": 471.0}","{""mlp.down_proj"": 1420.0, ""mlp.gate_proj"": 889.0, ""mlp.up_proj"": 1168.0, ""self_attn.o_proj"": 818.0, ""self_attn.v_proj"": 471.0}","{""mlp.down_proj"": 3.0, ""mlp.gate_proj"": 0.0, ""mlp.up_proj"": 1.0, ""self_attn.o_proj"": 3.0, ""self_attn.v_proj"": 0.0}","{""mlp.down_proj"": -0.002117148906139732, ""mlp.gate_proj"": 0.0, ""mlp.up_proj"": -0.000856898029134533, ""self_attn.o_proj"": -0.0036809815950920245, ""self_attn.v_proj"": 0.0}",0.004043514998073543,-0.005374520704146801,7,equal7,True,"mlp.down_proj,mlp.gate_proj,mlp.up_proj,self_attn.k_proj,self_attn.o_proj,self_attn.q_proj,self_attn.v_proj",,747.8571428571429,746.7142857142857,747.8571428571429,1.1428571428571428,-0.0014609224431135514,-0.0015305146355463113,"{""mlp.down_proj"": 1417.0, ""mlp.gate_proj"": 889.0, ""mlp.up_proj"": 1167.0, ""self_attn.k_proj"": 188.0, ""self_attn.o_proj"": 815.0, ""self_attn.q_proj"": 280.0, ""self_attn.v_proj"": 471.0}","{""mlp.down_proj"": 1420.0, ""mlp.gate_proj"": 889.0, ""mlp.up_proj"": 1168.0, ""self_attn.k_proj"": 188.0, ""self_attn.o_proj"": 818.0, ""self_attn.q_proj"": 281.0, ""self_attn.v_proj"": 471.0}","{""mlp.down_proj"": 3.0, ""mlp.gate_proj"": 0.0, ""mlp.up_proj"": 1.0, ""self_attn.k_proj"": 0.0, ""self_attn.o_proj"": 3.0, ""self_attn.q_proj"": 1.0, ""self_attn.v_proj"": 0.0}","{""mlp.down_proj"": -0.002117148906139732, ""mlp.gate_proj"": 0.0, ""mlp.up_proj"": -0.000856898029134533, ""self_attn.k_proj"": 0.0, ""self_attn.o_proj"": -0.0036809815950920245, ""self_attn.q_proj"": -0.0035714285714285713, ""self_attn.v_proj"": 0.0}",0.00012991673704029348,0.2571428571428571,205.34285714285716,False,True
,,40,E_math_hard_v2,E_AIME24,0.05,14,5,equal5_non_qk,True,"mlp.down_proj,mlp.gate_proj,mlp.up_proj,self_attn.o_proj,self_attn.v_proj","self_attn.q_proj,self_attn.k_proj",623.8,638.2,623.8,-14.4,0.029990642298550595,0.02256345973049215,"{""mlp.down_proj"": 1060.0, ""mlp.gate_proj"": 225.0, ""mlp.up_proj"": 792.0, ""self_attn.o_proj"": 627.0, ""self_attn.v_proj"": 487.0}","{""mlp.down_proj"": 1044.0, ""mlp.gate_proj"": 208.0, ""mlp.up_proj"": 775.0, ""self_attn.o_proj"": 611.0, ""self_attn.v_proj"": 481.0}","{""mlp.down_proj"": -16.0, ""mlp.gate_proj"": -17.0, ""mlp.up_proj"": -17.0, ""self_attn.o_proj"": -16.0, ""self_attn.v_proj"": -6.0}","{""mlp.down_proj"": 0.01509433962264151, ""mlp.gate_proj"": 0.07555555555555556, ""mlp.up_proj"": 0.021464646464646464, ""self_attn.o_proj"": 0.025518341307814992, ""self_attn.v_proj"": 0.012320328542094456}",0.008206142273680215,0.021784500024870382,7,equal7,True,"mlp.down_proj,mlp.gate_proj,mlp.up_proj,self_attn.k_proj,self_attn.o_proj,self_attn.q_proj,self_attn.v_proj",,474.7142857142857,485.57142857142856,474.7142857142857,-10.857142857142858,0.026654749731827083,0.022359517505148523,"{""mlp.down_proj"": 1060.0, ""mlp.gate_proj"": 225.0, ""mlp.up_proj"": 792.0, ""self_attn.k_proj"": 91.0, ""self_attn.o_proj"": 627.0, ""self_attn.q_proj"": 117.0, ""self_attn.v_proj"": 487.0}","{""mlp.down_proj"": 1044.0, ""mlp.gate_proj"": 208.0, ""mlp.up_proj"": 775.0, ""self_attn.k_proj"": 90.0, ""self_attn.o_proj"": 611.0, ""self_attn.q_proj"": 114.0, ""self_attn.v_proj"": 481.0}","{""mlp.down_proj"": -16.0, ""mlp.gate_proj"": -17.0, ""mlp.up_proj"": -17.0, ""self_attn.k_proj"": -1.0, ""self_attn.o_proj"": -16.0, ""self_attn.q_proj"": -3.0, ""self_attn.v_proj"": -6.0}","{""mlp.down_proj"": 0.01509433962264151, ""mlp.gate_proj"": 0.07555555555555556, ""mlp.up_proj"": 0.021464646464646464, ""self_attn.k_proj"": 0.01098901098901099, ""self_attn.o_proj"": 0.025518341307814992, ""self_attn.q_proj"": 0.02564102564102564, ""self_attn.v_proj"": 0.012320328542094456}",0.003335892566723512,-3.5428571428571427,149.08571428571423,False,True
,,40,E_math_hard_v2,E_AIME24,0.05,18,5,equal5_non_qk,True,"mlp.down_proj,mlp.gate_proj,mlp.up_proj,self_attn.o_proj,self_attn.v_proj","self_attn.q_proj,self_attn.k_proj",698.8,698.0,698.8,0.8,-0.0006877168072283822,-0.001146131805157528,"{""mlp.down_proj"": 1117.0, ""mlp.gate_proj"": 586.0, ""mlp.up_proj"": 863.0, ""self_attn.o_proj"": 584.0, ""self_attn.v_proj"": 340.0}","{""mlp.down_proj"": 1119.0, ""mlp.gate_proj"": 585.0, ""mlp.up_proj"": 864.0, ""self_attn.o_proj"": 587.0, ""self_attn.v_proj"": 339.0}","{""mlp.down_proj"": 2.0, ""mlp.gate_proj"": -1.0, ""mlp.up_proj"": 1.0, ""self_attn.o_proj"": 3.0, ""self_attn.v_proj"": -1.0}","{""mlp.down_proj"": -0.0017905102954341987, ""mlp.gate_proj"": 0.0017064846416382253, ""mlp.up_proj"": -0.0011587485515643105, ""self_attn.o_proj"": -0.005136986301369863, ""self_attn.v_proj"": 0.0029411764705882353}",0.006030030811593537,-0.006717747618821919,7,equal7,True,"mlp.down_proj,mlp.gate_proj,mlp.up_proj,self_attn.k_proj,self_attn.o_proj,self_attn.q_proj,self_attn.v_proj",,530.2857142857143,529.4285714285714,530.2857142857143,0.8571428571428571,-0.0031887647869997043,-0.0016189962223422092,"{""mlp.down_proj"": 1117.0, ""mlp.gate_proj"": 586.0, ""mlp.up_proj"": 863.0, ""self_attn.k_proj"": 93.0, ""self_attn.o_proj"": 584.0, ""self_attn.q_proj"": 123.0, ""self_attn.v_proj"": 340.0}","{""mlp.down_proj"": 1119.0, ""mlp.gate_proj"": 585.0, ""mlp.up_proj"": 864.0, ""self_attn.k_proj"": 94.0, ""self_attn.o_proj"": 587.0, ""self_attn.q_proj"": 124.0, ""self_attn.v_proj"": 339.0}","{""mlp.down_proj"": 2.0, ""mlp.gate_proj"": -1.0, ""mlp.up_proj"": 1.0, ""self_attn.k_proj"": 1.0, ""self_attn.o_proj"": 3.0, ""self_attn.q_proj"": 1.0, ""self_attn.v_proj"": -1.0}","{""mlp.down_proj"": -0.0017905102954341987, ""mlp.gate_proj"": 0.0017064846416382253, ""mlp.up_proj"": -0.0011587485515643105, ""self_attn.k_proj"": -0.010752688172043012, ""self_attn.o_proj"": -0.005136986301369863, ""self_attn.q_proj"": -0.008130081300813009, ""self_attn.v_proj"": 0.0029411764705882353}",0.002501047979771322,-0.05714285714285705,168.51428571428562,False,True
,,40,E_math_hard_v2,E_AIME24,0.1,14,5,equal5_non_qk,True,"mlp.down_proj,mlp.gate_proj,mlp.up_proj,self_attn.o_proj,self_attn.v_proj","self_attn.q_proj,self_attn.k_proj",391.8,402.0,391.8,-10.2,0.03964081790669409,0.02537313432835818,"{""mlp.down_proj"": 724.0, ""mlp.gate_proj"": 66.0, ""mlp.up_proj"": 474.0, ""self_attn.o_proj"": 405.0, ""self_attn.v_proj"": 341.0}","{""mlp.down_proj"": 711.0, ""mlp.gate_proj"": 59.0, ""mlp.up_proj"": 461.0, ""self_attn.o_proj"": 392.0, ""self_attn.v_proj"": 336.0}","{""mlp.down_proj"": -13.0, ""mlp.gate_proj"": -7.0, ""mlp.up_proj"": -13.0, ""self_attn.o_proj"": -13.0, ""self_attn.v_proj"": -5.0}","{""mlp.down_proj"": 0.017955801104972375, ""mlp.gate_proj"": 0.10606060606060606, ""mlp.up_proj"": 0.027426160337552744, ""self_attn.o_proj"": 0.03209876543209877, ""self_attn.v_proj"": 0.01466275659824047}",0.01048263343492334,0.02915818447177075,7,equal7,True,"mlp.down_proj,mlp.gate_proj,mlp.up_proj,self_attn.k_proj,self_attn.o_proj,self_attn.q_proj,self_attn.v_proj",,291.14285714285717,298.7142857142857,291.14285714285717,-7.571428571428571,0.035370619062272776,0.025346724055475795,"{""mlp.down_proj"": 724.0, ""mlp.gate_proj"": 66.0, ""mlp.up_proj"": 474.0, ""self_attn.k_proj"": 40.0, ""self_attn.o_proj"": 405.0, ""self_attn.q_proj"": 41.0, ""self_attn.v_proj"": 341.0}","{""mlp.down_proj"": 711.0, ""mlp.gate_proj"": 59.0, ""mlp.up_proj"": 461.0, ""self_attn.k_proj"": 39.0, ""self_attn.o_proj"": 392.0, ""self_attn.q_proj"": 40.0, ""self_attn.v_proj"": 336.0}","{""mlp.down_proj"": -13.0, ""mlp.gate_proj"": -7.0, ""mlp.up_proj"": -13.0, ""self_attn.k_proj"": -1.0, ""self_attn.o_proj"": -13.0, ""self_attn.q_proj"": -1.0, ""self_attn.v_proj"": -5.0}","{""mlp.down_proj"": 0.017955801104972375, ""mlp.gate_proj"": 0.10606060606060606, ""mlp.up_proj"": 0.027426160337552744, ""self_attn.k_proj"": 0.025, ""self_attn.o_proj"": 0.03209876543209877, ""self_attn.q_proj"": 0.024390243902439025, ""self_attn.v_proj"": 0.01466275659824047}",0.0042701988444213135,-2.628571428571428,100.65714285714284,False,True
,,40,E_math_hard_v2,E_AIME24,0.1,18,5,equal5_non_qk,True,"mlp.down_proj,mlp.gate_proj,mlp.up_proj,self_attn.o_proj,self_attn.v_proj","self_attn.q_proj,self_attn.k_proj",448.4,447.6,448.4,0.8,-0.000884686154484906,-0.0017873100983019537,"{""mlp.down_proj"": 795.0, ""mlp.gate_proj"": 309.0, ""mlp.up_proj"": 556.0, ""self_attn.o_proj"": 369.0, ""self_attn.v_proj"": 209.0}","{""mlp.down_proj"": 797.0, ""mlp.gate_proj"": 308.0, ""mlp.up_proj"": 557.0, ""self_attn.o_proj"": 372.0, ""self_attn.v_proj"": 208.0}","{""mlp.down_proj"": 2.0, ""mlp.gate_proj"": -1.0, ""mlp.up_proj"": 1.0, ""self_attn.o_proj"": 3.0, ""self_attn.v_proj"": -1.0}","{""mlp.down_proj"": -0.0025157232704402514, ""mlp.gate_proj"": 0.003236245954692557, ""mlp.up_proj"": -0.0017985611510791368, ""self_attn.o_proj"": -0.008130081300813009, ""self_attn.v_proj"": 0.004784688995215311}",0.0091543389662693,-0.010039025120754207,7,equal7,True,"mlp.down_proj,mlp.gate_proj,mlp.up_proj,self_attn.k_proj,self_attn.o_proj,self_attn.q_proj,self_attn.v_proj",,329.42857142857144,328.85714285714283,329.42857142857144,0.5714285714285714,-0.0006319186817749328,-0.0017376194613380905,"{""mlp.down_proj"": 795.0, ""mlp.gate_proj"": 309.0, ""mlp.up_proj"": 556.0, ""self_attn.k_proj"": 33.0, ""self_attn.o_proj"": 369.0, ""self_attn.q_proj"": 31.0, ""self_attn.v_proj"": 209.0}","{""mlp.down_proj"": 797.0, ""mlp.gate_proj"": 308.0, ""mlp.up_proj"": 557.0, ""self_attn.k_proj"": 33.0, ""self_attn.o_proj"": 372.0, ""self_attn.q_proj"": 31.0, ""self_attn.v_proj"": 208.0}","{""mlp.down_proj"": 2.0, ""mlp.gate_proj"": -1.0, ""mlp.up_proj"": 1.0, ""self_attn.k_proj"": 0.0, ""self_attn.o_proj"": 3.0, ""self_attn.q_proj"": 0.0, ""self_attn.v_proj"": -1.0}","{""mlp.down_proj"": -0.0025157232704402514, ""mlp.gate_proj"": 0.003236245954692557, ""mlp.up_proj"": -0.0017985611510791368, ""self_attn.k_proj"": 0.0, ""self_attn.o_proj"": -0.008130081300813009, ""self_attn.q_proj"": 0.0, ""self_attn.v_proj"": 0.004784688995215311}",-0.00025276747270997315,0.22857142857142865,118.97142857142853,False,True
,,40,E_ood,E_mmluPro,0.01,14,5,equal5_non_qk,True,"mlp.down_proj,mlp.gate_proj,mlp.up_proj,self_attn.o_proj,self_attn.v_proj","self_attn.q_proj,self_attn.k_proj",1681.6,1694.8,1681.6,-13.2,0.008405653285412975,0.007788529620014188,"{""mlp.down_proj"": 2452.0, ""mlp.gate_proj"": 1353.0, ""mlp.up_proj"": 2264.0, ""self_attn.o_proj"": 1557.0, ""self_attn.v_proj"": 848.0}","{""mlp.down_proj"": 2444.0, ""mlp.gate_proj"": 1325.0, ""mlp.up_proj"": 2250.0, ""self_attn.o_proj"": 1544.0, ""self_attn.v_proj"": 845.0}","{""mlp.down_proj"": -8.0, ""mlp.gate_proj"": -28.0, ""mlp.up_proj"": -14.0, ""self_attn.o_proj"": -13.0, ""self_attn.v_proj"": -3.0}","{""mlp.down_proj"": 0.0032626427406199023, ""mlp.gate_proj"": 0.020694752402069475, ""mlp.up_proj"": 0.006183745583038869, ""self_attn.o_proj"": 0.008349389852280027, ""self_attn.v_proj"": 0.003537735849056604}",0.004200198878553734,0.004205454406859242,7,equal7,True,"mlp.down_proj,mlp.gate_proj,mlp.up_proj,self_attn.k_proj,self_attn.o_proj,self_attn.q_proj,self_attn.v_proj",,1334.0,1343.857142857143,1334.0,-9.857142857142858,0.006910759863253458,0.007334963325183398,"{""mlp.down_proj"": 2452.0, ""mlp.gate_proj"": 1353.0, ""mlp.up_proj"": 2264.0, ""self_attn.k_proj"": 330.0, ""self_attn.o_proj"": 1557.0, ""self_attn.q_proj"": 603.0, ""self_attn.v_proj"": 848.0}","{""mlp.down_proj"": 2444.0, ""mlp.gate_proj"": 1325.0, ""mlp.up_proj"": 2250.0, ""self_attn.k_proj"": 329.0, ""self_attn.o_proj"": 1544.0, ""self_attn.q_proj"": 601.0, ""self_attn.v_proj"": 845.0}","{""mlp.down_proj"": -8.0, ""mlp.gate_proj"": -28.0, ""mlp.up_proj"": -14.0, ""self_attn.k_proj"": -1.0, ""self_attn.o_proj"": -13.0, ""self_attn.q_proj"": -2.0, ""self_attn.v_proj"": -3.0}","{""mlp.down_proj"": 0.0032626427406199023, ""mlp.gate_proj"": 0.020694752402069475, ""mlp.up_proj"": 0.006183745583038869, ""self_attn.k_proj"": 0.0030303030303030303, ""self_attn.o_proj"": 0.008349389852280027, ""self_attn.q_proj"": 0.003316749585406302, ""self_attn.v_proj"": 0.003537735849056604}",0.0014948934221595172,-3.3428571428571416,347.5999999999999,False,True
,,40,E_ood,E_mmluPro,0.01,18,5,equal5_non_qk,True,"mlp.down_proj,mlp.gate_proj,mlp.up_proj,self_attn.o_proj,self_attn.v_proj","self_attn.q_proj,self_attn.k_proj",1608.6,1610.8,1608.6,-2.2,0.0015636878078878502,0.0013657809783958563,"{""mlp.down_proj"": 2156.0, ""mlp.gate_proj"": 1668.0, ""mlp.up_proj"": 2030.0, ""self_attn.o_proj"": 1471.0, ""self_attn.v_proj"": 729.0}","{""mlp.down_proj"": 2156.0, ""mlp.gate_proj"": 1662.0, ""mlp.up_proj"": 2027.0, ""self_attn.o_proj"": 1471.0, ""self_attn.v_proj"": 727.0}","{""mlp.down_proj"": 0.0, ""mlp.gate_proj"": -6.0, ""mlp.up_proj"": -3.0, ""self_attn.o_proj"": 0.0, ""self_attn.v_proj"": -2.0}","{""mlp.down_proj"": 0.0, ""mlp.gate_proj"": 0.0035971223021582736, ""mlp.up_proj"": 0.001477832512315271, ""self_attn.o_proj"": 0.0, ""self_attn.v_proj"": 0.0027434842249657062}",0.002480554476339973,-0.0009168666684521228,7,equal7,True,"mlp.down_proj,mlp.gate_proj,mlp.up_proj,self_attn.k_proj,self_attn.o_proj,self_attn.q_proj,self_attn.v_proj",,1303.857142857143,1306.0,1303.857142857143,-2.142857142857143,0.0020970255815799393,0.0016407788230146326,"{""mlp.down_proj"": 2156.0, ""mlp.gate_proj"": 1668.0, ""mlp.up_proj"": 2030.0, ""self_attn.k_proj"": 402.0, ""self_attn.o_proj"": 1471.0, ""self_attn.q_proj"": 686.0, ""self_attn.v_proj"": 729.0}","{""mlp.down_proj"": 2156.0, ""mlp.gate_proj"": 1662.0, ""mlp.up_proj"": 2027.0, ""self_attn.k_proj"": 401.0, ""self_attn.o_proj"": 1471.0, ""self_attn.q_proj"": 683.0, ""self_attn.v_proj"": 727.0}","{""mlp.down_proj"": 0.0, ""mlp.gate_proj"": -6.0, ""mlp.up_proj"": -3.0, ""self_attn.k_proj"": -1.0, ""self_attn.o_proj"": 0.0, ""self_attn.q_proj"": -3.0, ""self_attn.v_proj"": -2.0}","{""mlp.down_proj"": 0.0, ""mlp.gate_proj"": 0.0035971223021582736, ""mlp.up_proj"": 0.001477832512315271, ""self_attn.k_proj"": 0.0024875621890547263, ""self_attn.o_proj"": 0.0, ""self_attn.q_proj"": 0.004373177842565598, ""self_attn.v_proj"": 0.0027434842249657062}",-0.0005333377736920892,-0.057142857142857384,304.742857142857,False,True
,,40,E_ood,E_mmluPro,0.025,14,5,equal5_non_qk,True,"mlp.down_proj,mlp.gate_proj,mlp.up_proj,self_attn.o_proj,self_attn.v_proj","self_attn.q_proj,self_attn.k_proj",1282.8,1297.0,1282.8,-14.2,0.013420664803063573,0.010948342328450305,"{""mlp.down_proj"": 2058.0, ""mlp.gate_proj"": 732.0, ""mlp.up_proj"": 1776.0, ""self_attn.o_proj"": 1191.0, ""self_attn.v_proj"": 728.0}","{""mlp.down_proj"": 2047.0, ""mlp.gate_proj"": 706.0, ""mlp.up_proj"": 1758.0, ""self_attn.o_proj"": 1180.0, ""self_attn.v_proj"": 723.0}","{""mlp.down_proj"": -11.0, ""mlp.gate_proj"": -26.0, ""mlp.up_proj"": -18.0, ""self_attn.o_proj"": -11.0, ""self_attn.v_proj"": -5.0}","{""mlp.down_proj"": 0.005344995140913508, ""mlp.gate_proj"": 0.03551912568306011, ""mlp.up_proj"": 0.010135135135135136, ""self_attn.o_proj"": 0.009235936188077247, ""self_attn.v_proj"": 0.006868131868131868}",0.006503792493450386,0.006916872309613187,7,equal7,True,"mlp.down_proj,mlp.gate_proj,mlp.up_proj,self_attn.k_proj,self_attn.o_proj,self_attn.q_proj,self_attn.v_proj",,982.4285714285714,993.0,982.4285714285714,-10.571428571428571,0.011380820855407458,0.010645950222989482,"{""mlp.down_proj"": 2058.0, ""mlp.gate_proj"": 732.0, ""mlp.up_proj"": 1776.0, ""self_attn.k_proj"": 178.0, ""self_attn.o_proj"": 1191.0, ""self_attn.q_proj"": 288.0, ""self_attn.v_proj"": 728.0}","{""mlp.down_proj"": 2047.0, ""mlp.gate_proj"": 706.0, ""mlp.up_proj"": 1758.0, ""self_attn.k_proj"": 177.0, ""self_attn.o_proj"": 1180.0, ""self_attn.q_proj"": 286.0, ""self_attn.v_proj"": 723.0}","{""mlp.down_proj"": -11.0, ""mlp.gate_proj"": -26.0, ""mlp.up_proj"": -18.0, ""self_attn.k_proj"": -1.0, ""self_attn.o_proj"": -11.0, ""self_attn.q_proj"": -2.0, ""self_attn.v_proj"": -5.0}","{""mlp.down_proj"": 0.005344995140913508, ""mlp.gate_proj"": 0.03551912568306011, ""mlp.up_proj"": 0.010135135135135136, ""self_attn.k_proj"": 0.0056179775280898875, ""self_attn.o_proj"": 0.009235936188077247, ""self_attn.q_proj"": 0.006944444444444444, ""self_attn.v_proj"": 0.006868131868131868}",0.0020398439476561146,-3.628571428571428,300.3714285714285,False,True
,,40,E_ood,E_mmluPro,0.025,18,5,equal5_non_qk,True,"mlp.down_proj,mlp.gate_proj,mlp.up_proj,self_attn.o_proj,self_attn.v_proj","self_attn.q_proj,self_attn.k_proj",1266.4,1269.0,1266.4,-2.6,0.002562970671442209,0.0020488573680062325,"{""mlp.down_proj"": 1847.0, ""mlp.gate_proj"": 1164.0, ""mlp.up_proj"": 1656.0, ""self_attn.o_proj"": 1106.0, ""self_attn.v_proj"": 572.0}","{""mlp.down_proj"": 1847.0, ""mlp.gate_proj"": 1158.0, ""mlp.up_proj"": 1652.0, ""self_attn.o_proj"": 1106.0, ""self_attn.v_proj"": 569.0}","{""mlp.down_proj"": 0.0, ""mlp.gate_proj"": -6.0, ""mlp.up_proj"": -4.0, ""self_attn.o_proj"": 0.0, ""self_attn.v_proj"": -3.0}","{""mlp.down_proj"": 0.0, ""mlp.gate_proj"": 0.005154639175257732, ""mlp.up_proj"": 0.0024154589371980675, ""self_attn.o_proj"": 0.0, ""self_attn.v_proj"": 0.005244755244755245}",0.004043514998073543,-0.0014805443266313338,7,equal7,True,"mlp.down_proj,mlp.gate_proj,mlp.up_proj,self_attn.k_proj,self_attn.o_proj,self_attn.q_proj,self_attn.v_proj",,982.8571428571429,984.8571428571429,982.8571428571429,-2.0,0.0022785213707793655,0.0020307513780098638,"{""mlp.down_proj"": 1847.0, ""mlp.gate_proj"": 1164.0, ""mlp.up_proj"": 1656.0, ""self_attn.k_proj"": 230.0, ""self_attn.o_proj"": 1106.0, ""self_attn.q_proj"": 319.0, ""self_attn.v_proj"": 572.0}","{""mlp.down_proj"": 1847.0, ""mlp.gate_proj"": 1158.0, ""mlp.up_proj"": 1652.0, ""self_attn.k_proj"": 230.0, ""self_attn.o_proj"": 1106.0, ""self_attn.q_proj"": 318.0, ""self_attn.v_proj"": 569.0}","{""mlp.down_proj"": 0.0, ""mlp.gate_proj"": -6.0, ""mlp.up_proj"": -4.0, ""self_attn.k_proj"": 0.0, ""self_attn.o_proj"": 0.0, ""self_attn.q_proj"": -1.0, ""self_attn.v_proj"": -3.0}","{""mlp.down_proj"": 0.0, ""mlp.gate_proj"": 0.005154639175257732, ""mlp.up_proj"": 0.0024154589371980675, ""self_attn.k_proj"": 0.0, ""self_attn.o_proj"": 0.0, ""self_attn.q_proj"": 0.003134796238244514, ""self_attn.v_proj"": 0.005244755244755245}",0.00028444930066284357,-0.6000000000000001,283.5428571428572,False,True
,,40,E_ood,E_mmluPro,0.05,14,5,equal5_non_qk,True,"mlp.down_proj,mlp.gate_proj,mlp.up_proj,self_attn.o_proj,self_attn.v_proj","self_attn.q_proj,self_attn.k_proj",949.6,962.0,949.6,-12.4,0.018822200890132788,0.012889812889812866,"{""mlp.down_proj"": 1669.0, ""mlp.gate_proj"": 328.0, ""mlp.up_proj"": 1320.0, ""self_attn.o_proj"": 891.0, ""self_attn.v_proj"": 602.0}","{""mlp.down_proj"": 1657.0, ""mlp.gate_proj"": 310.0, ""mlp.up_proj"": 1302.0, ""self_attn.o_proj"": 882.0, ""self_attn.v_proj"": 597.0}","{""mlp.down_proj"": -12.0, ""mlp.gate_proj"": -18.0, ""mlp.up_proj"": -18.0, ""self_attn.o_proj"": -9.0, ""self_attn.v_proj"": -5.0}","{""mlp.down_proj"": 0.007189934092270821, ""mlp.gate_proj"": 0.054878048780487805, ""mlp.up_proj"": 0.013636363636363636, ""self_attn.o_proj"": 0.010101010101010102, ""self_attn.v_proj"": 0.008305647840531562}",0.008206142273680215,0.010616058616452572,7,equal7,True,"mlp.down_proj,mlp.gate_proj,mlp.up_proj,self_attn.k_proj,self_attn.o_proj,self_attn.q_proj,self_attn.v_proj",,708.4285714285714,717.7142857142857,708.4285714285714,-9.285714285714286,0.01733716829161442,0.012937898089171885,"{""mlp.down_proj"": 1669.0, ""mlp.gate_proj"": 328.0, ""mlp.up_proj"": 1320.0, ""self_attn.k_proj"": 91.0, ""self_attn.o_proj"": 891.0, ""self_attn.q_proj"": 123.0, ""self_attn.v_proj"": 602.0}","{""mlp.down_proj"": 1657.0, ""mlp.gate_proj"": 310.0, ""mlp.up_proj"": 1302.0, ""self_attn.k_proj"": 90.0, ""self_attn.o_proj"": 882.0, ""self_attn.q_proj"": 121.0, ""self_attn.v_proj"": 597.0}","{""mlp.down_proj"": -12.0, ""mlp.gate_proj"": -18.0, ""mlp.up_proj"": -18.0, ""self_attn.k_proj"": -1.0, ""self_attn.o_proj"": -9.0, ""self_attn.q_proj"": -2.0, ""self_attn.v_proj"": -5.0}","{""mlp.down_proj"": 0.007189934092270821, ""mlp.gate_proj"": 0.054878048780487805, ""mlp.up_proj"": 0.013636363636363636, ""self_attn.k_proj"": 0.01098901098901099, ""self_attn.o_proj"": 0.010101010101010102, ""self_attn.q_proj"": 0.016260162601626018, ""self_attn.v_proj"": 0.008305647840531562}",0.0014850325985183675,-3.114285714285714,241.17142857142858,False,True
,,40,E_ood,E_mmluPro,0.05,18,5,equal5_non_qk,True,"mlp.down_proj,mlp.gate_proj,mlp.up_proj,self_attn.o_proj,self_attn.v_proj","self_attn.q_proj,self_attn.k_proj",952.6,955.0,952.6,-2.4,0.0034994743519534246,0.0025130890052355785,"{""mlp.down_proj"": 1519.0, ""mlp.gate_proj"": 732.0, ""mlp.up_proj"": 1282.0, ""self_attn.o_proj"": 811.0, ""self_attn.v_proj"": 431.0}","{""mlp.down_proj"": 1519.0, ""mlp.gate_proj"": 726.0, ""mlp.up_proj"": 1279.0, ""self_attn.o_proj"": 811.0, ""self_attn.v_proj"": 428.0}","{""mlp.down_proj"": 0.0, ""mlp.gate_proj"": -6.0, ""mlp.up_proj"": -3.0, ""self_attn.o_proj"": 0.0, ""self_attn.v_proj"": -3.0}","{""mlp.down_proj"": 0.0, ""mlp.gate_proj"": 0.00819672131147541, ""mlp.up_proj"": 0.00234009360374415, ""self_attn.o_proj"": 0.0, ""self_attn.v_proj"": 0.0069605568445475635}",0.006030030811593537,-0.002530556459640112,7,equal7,True,"mlp.down_proj,mlp.gate_proj,mlp.up_proj,self_attn.k_proj,self_attn.o_proj,self_attn.q_proj,self_attn.v_proj",,714.2857142857143,716.0,714.2857142857143,-1.7142857142857142,0.0024996245371095888,0.0023942537909017675,"{""mlp.down_proj"": 1519.0, ""mlp.gate_proj"": 732.0, ""mlp.up_proj"": 1282.0, ""self_attn.k_proj"": 116.0, ""self_attn.o_proj"": 811.0, ""self_attn.q_proj"": 121.0, ""self_attn.v_proj"": 431.0}","{""mlp.down_proj"": 1519.0, ""mlp.gate_proj"": 726.0, ""mlp.up_proj"": 1279.0, ""self_attn.k_proj"": 116.0, ""self_attn.o_proj"": 811.0, ""self_attn.q_proj"": 121.0, ""self_attn.v_proj"": 428.0}","{""mlp.down_proj"": 0.0, ""mlp.gate_proj"": -6.0, ""mlp.up_proj"": -3.0, ""self_attn.k_proj"": 0.0, ""self_attn.o_proj"": 0.0, ""self_attn.q_proj"": 0.0, ""self_attn.v_proj"": -3.0}","{""mlp.down_proj"": 0.0, ""mlp.gate_proj"": 0.00819672131147541, ""mlp.up_proj"": 0.00234009360374415, ""self_attn.k_proj"": 0.0, ""self_attn.o_proj"": 0.0, ""self_attn.q_proj"": 0.0, ""self_attn.v_proj"": 0.0069605568445475635}",0.0009998498148438358,-0.6857142857142857,238.3142857142857,False,True
,,40,E_ood,E_mmluPro,0.1,14,5,equal5_non_qk,True,"mlp.down_proj,mlp.gate_proj,mlp.up_proj,self_attn.o_proj,self_attn.v_proj","self_attn.q_proj,self_attn.k_proj",621.0,630.8,621.0,-9.8,0.025797161545175334,0.01553582752060868,"{""mlp.down_proj"": 1213.0, ""mlp.gate_proj"": 83.0, ""mlp.up_proj"": 826.0, ""self_attn.o_proj"": 586.0, ""self_attn.v_proj"": 446.0}","{""mlp.down_proj"": 1200.0, ""mlp.gate_proj"": 77.0, ""mlp.up_proj"": 809.0, ""self_attn.o_proj"": 579.0, ""self_attn.v_proj"": 440.0}","{""mlp.down_proj"": -13.0, ""mlp.gate_proj"": -6.0, ""mlp.up_proj"": -17.0, ""self_attn.o_proj"": -7.0, ""self_attn.v_proj"": -6.0}","{""mlp.down_proj"": 0.010717230008244023, ""mlp.gate_proj"": 0.07228915662650602, ""mlp.up_proj"": 0.020581113801452784, ""self_attn.o_proj"": 0.011945392491467578, ""self_attn.v_proj"": 0.013452914798206279}",0.01048263343492334,0.015314528110251994,7,equal7,True,"mlp.down_proj,mlp.gate_proj,mlp.up_proj,self_attn.k_proj,self_attn.o_proj,self_attn.q_proj,self_attn.v_proj",,455.0,462.0,455.0,-7.0,0.018426543960839526,0.015151515151515152,"{""mlp.down_proj"": 1213.0, ""mlp.gate_proj"": 83.0, ""mlp.up_proj"": 826.0, ""self_attn.k_proj"": 39.0, ""self_attn.o_proj"": 586.0, ""self_attn.q_proj"": 41.0, ""self_attn.v_proj"": 446.0}","{""mlp.down_proj"": 1200.0, ""mlp.gate_proj"": 77.0, ""mlp.up_proj"": 809.0, ""self_attn.k_proj"": 39.0, ""self_attn.o_proj"": 579.0, ""self_attn.q_proj"": 41.0, ""self_attn.v_proj"": 440.0}","{""mlp.down_proj"": -13.0, ""mlp.gate_proj"": -6.0, ""mlp.up_proj"": -17.0, ""self_attn.k_proj"": 0.0, ""self_attn.o_proj"": -7.0, ""self_attn.q_proj"": 0.0, ""self_attn.v_proj"": -6.0}","{""mlp.down_proj"": 0.010717230008244023, ""mlp.gate_proj"": 0.07228915662650602, ""mlp.up_proj"": 0.020581113801452784, ""self_attn.k_proj"": 0.0, ""self_attn.o_proj"": 0.011945392491467578, ""self_attn.q_proj"": 0.0, ""self_attn.v_proj"": 0.013452914798206279}",0.007370617584335808,-2.8000000000000007,166.0,False,True
,,40,E_ood,E_mmluPro,0.1,18,5,equal5_non_qk,True,"mlp.down_proj,mlp.gate_proj,mlp.up_proj,self_attn.o_proj,self_attn.v_proj","self_attn.q_proj,self_attn.k_proj",616.0,618.0,616.0,-2.0,0.00567708912174379,0.003236245954692557,"{""mlp.down_proj"": 1115.0, ""mlp.gate_proj"": 328.0, ""mlp.up_proj"": 851.0, ""self_attn.o_proj"": 518.0, ""self_attn.v_proj"": 278.0}","{""mlp.down_proj"": 1115.0, ""mlp.gate_proj"": 323.0, ""mlp.up_proj"": 849.0, ""self_attn.o_proj"": 518.0, ""self_attn.v_proj"": 275.0}","{""mlp.down_proj"": 0.0, ""mlp.gate_proj"": -5.0, ""mlp.up_proj"": -2.0, ""self_attn.o_proj"": 0.0, ""self_attn.v_proj"": -3.0}","{""mlp.down_proj"": 0.0, ""mlp.gate_proj"": 0.01524390243902439, ""mlp.up_proj"": 0.0023501762632197414, ""self_attn.o_proj"": 0.0, ""self_attn.v_proj"": 0.01079136690647482}",0.0091543389662693,-0.0034772498445255103,7,equal7,True,"mlp.down_proj,mlp.gate_proj,mlp.up_proj,self_attn.k_proj,self_attn.o_proj,self_attn.q_proj,self_attn.v_proj",,449.57142857142856,450.85714285714283,449.57142857142856,-1.2857142857142858,0.0004836350869598501,0.002851711026615952,"{""mlp.down_proj"": 1115.0, ""mlp.gate_proj"": 328.0, ""mlp.up_proj"": 851.0, ""self_attn.k_proj"": 40.0, ""self_attn.o_proj"": 518.0, ""self_attn.q_proj"": 26.0, ""self_attn.v_proj"": 278.0}","{""mlp.down_proj"": 1115.0, ""mlp.gate_proj"": 323.0, ""mlp.up_proj"": 849.0, ""self_attn.k_proj"": 41.0, ""self_attn.o_proj"": 518.0, ""self_attn.q_proj"": 26.0, ""self_attn.v_proj"": 275.0}","{""mlp.down_proj"": 0.0, ""mlp.gate_proj"": -5.0, ""mlp.up_proj"": -2.0, ""self_attn.k_proj"": 1.0, ""self_attn.o_proj"": 0.0, ""self_attn.q_proj"": 0.0, ""self_attn.v_proj"": -3.0}","{""mlp.down_proj"": 0.0, ""mlp.gate_proj"": 0.01524390243902439, ""mlp.up_proj"": 0.0023501762632197414, ""self_attn.k_proj"": -0.025, ""self_attn.o_proj"": 0.0, ""self_attn.q_proj"": 0.0, ""self_attn.v_proj"": 0.01079136690647482}",0.00519345403478394,-0.7142857142857142,166.42857142857144,False,True
,,40,S_math,legacy_S_math,0.01,14,5,equal5_non_qk,True,"mlp.down_proj,mlp.gate_proj,mlp.up_proj,self_attn.o_proj,self_attn.v_proj","self_attn.q_proj,self_attn.k_proj",893.4,924.4,893.4,-31.0,0.03713088184570002,0.033535266118563396,"{""mlp.down_proj"": 1423.0, ""mlp.gate_proj"": 604.0, ""mlp.up_proj"": 1193.0, ""self_attn.o_proj"": 743.0, ""self_attn.v_proj"": 659.0}","{""mlp.down_proj"": 1398.0, ""mlp.gate_proj"": 570.0, ""mlp.up_proj"": 1156.0, ""self_attn.o_proj"": 692.0, ""self_attn.v_proj"": 651.0}","{""mlp.down_proj"": -25.0, ""mlp.gate_proj"": -34.0, ""mlp.up_proj"": -37.0, ""self_attn.o_proj"": -51.0, ""self_attn.v_proj"": -8.0}","{""mlp.down_proj"": 0.017568517217146872, ""mlp.gate_proj"": 0.056291390728476824, ""mlp.up_proj"": 0.03101424979044426, ""self_attn.o_proj"": 0.06864064602960969, ""self_attn.v_proj"": 0.012139605462822459}",0.004200198878553734,0.03293068296714629,7,equal7,True,"mlp.down_proj,mlp.gate_proj,mlp.up_proj,self_attn.k_proj,self_attn.o_proj,self_attn.q_proj,self_attn.v_proj",,707.2857142857143,729.0,707.2857142857143,-21.714285714285715,0.024501698649711783,0.02978640015677046,"{""mlp.down_proj"": 1423.0, ""mlp.gate_proj"": 604.0, ""mlp.up_proj"": 1193.0, ""self_attn.k_proj"": 186.0, ""self_attn.o_proj"": 743.0, ""self_attn.q_proj"": 295.0, ""self_attn.v_proj"": 659.0}","{""mlp.down_proj"": 1398.0, ""mlp.gate_proj"": 570.0, ""mlp.up_proj"": 1156.0, ""self_attn.k_proj"": 188.0, ""self_attn.o_proj"": 692.0, ""self_attn.q_proj"": 296.0, ""self_attn.v_proj"": 651.0}","{""mlp.down_proj"": -25.0, ""mlp.gate_proj"": -34.0, ""mlp.up_proj"": -37.0, ""self_attn.k_proj"": 2.0, ""self_attn.o_proj"": -51.0, ""self_attn.q_proj"": 1.0, ""self_attn.v_proj"": -8.0}","{""mlp.down_proj"": 0.017568517217146872, ""mlp.gate_proj"": 0.056291390728476824, ""mlp.up_proj"": 0.03101424979044426, ""self_attn.k_proj"": -0.010752688172043012, ""self_attn.o_proj"": 0.06864064602960969, ""self_attn.q_proj"": -0.003389830508474576, ""self_attn.v_proj"": 0.012139605462822459}",0.012629183195988238,-9.285714285714285,186.11428571428564,False,True
,,40,S_math,legacy_S_math,0.01,18,5,equal5_non_qk,True,"mlp.down_proj,mlp.gate_proj,mlp.up_proj,self_attn.o_proj,self_attn.v_proj","self_attn.q_proj,self_attn.k_proj",1508.2,1527.2,1508.2,-19.0,0.012989545609557946,0.012441068622315348,"{""mlp.down_proj"": 2158.0, ""mlp.gate_proj"": 1490.0, ""mlp.up_proj"": 1931.0, ""self_attn.o_proj"": 1338.0, ""self_attn.v_proj"": 719.0}","{""mlp.down_proj"": 2150.0, ""mlp.gate_proj"": 1459.0, ""mlp.up_proj"": 1908.0, ""self_attn.o_proj"": 1311.0, ""self_attn.v_proj"": 713.0}","{""mlp.down_proj"": -8.0, ""mlp.gate_proj"": -31.0, ""mlp.up_proj"": -23.0, ""self_attn.o_proj"": -27.0, ""self_attn.v_proj"": -6.0}","{""mlp.down_proj"": 0.0037071362372567192, ""mlp.gate_proj"": 0.02080536912751678, ""mlp.up_proj"": 0.011910926980838944, ""self_attn.o_proj"": 0.020179372197309416, ""self_attn.v_proj"": 0.008344923504867872}",0.002480554476339973,0.010508991133217974,7,equal7,True,"mlp.down_proj,mlp.gate_proj,mlp.up_proj,self_attn.k_proj,self_attn.o_proj,self_attn.q_proj,self_attn.v_proj",,1222.5714285714287,1236.5714285714287,1222.5714285714287,-14.0,0.009938603456529943,0.01132162661737523,"{""mlp.down_proj"": 2158.0, ""mlp.gate_proj"": 1490.0, ""mlp.up_proj"": 1931.0, ""self_attn.k_proj"": 371.0, ""self_attn.o_proj"": 1338.0, ""self_attn.q_proj"": 649.0, ""self_attn.v_proj"": 719.0}","{""mlp.down_proj"": 2150.0, ""mlp.gate_proj"": 1459.0, ""mlp.up_proj"": 1908.0, ""self_attn.k_proj"": 371.0, ""self_attn.o_proj"": 1311.0, ""self_attn.q_proj"": 646.0, ""self_attn.v_proj"": 713.0}","{""mlp.down_proj"": -8.0, ""mlp.gate_proj"": -31.0, ""mlp.up_proj"": -23.0, ""self_attn.k_proj"": 0.0, ""self_attn.o_proj"": -27.0, ""self_attn.q_proj"": -3.0, ""self_attn.v_proj"": -6.0}","{""mlp.down_proj"": 0.0037071362372567192, ""mlp.gate_proj"": 0.02080536912751678, ""mlp.up_proj"": 0.011910926980838944, ""self_attn.k_proj"": 0.0, ""self_attn.o_proj"": 0.020179372197309416, ""self_attn.q_proj"": 0.004622496147919877, ""self_attn.v_proj"": 0.008344923504867872}",0.0030509421530280027,-5.0,285.6285714285714,False,True
,,40,S_math,legacy_S_math,0.025,14,5,equal5_non_qk,True,"mlp.down_proj,mlp.gate_proj,mlp.up_proj,self_attn.o_proj,self_attn.v_proj","self_attn.q_proj,self_attn.k_proj",586.4,612.8,586.4,-26.4,0.0502677429457206,0.043080939947780644,"{""mlp.down_proj"": 1011.0, ""mlp.gate_proj"": 295.0, ""mlp.up_proj"": 783.0, ""self_attn.o_proj"": 477.0, ""self_attn.v_proj"": 498.0}","{""mlp.down_proj"": 987.0, ""mlp.gate_proj"": 272.0, ""mlp.up_proj"": 749.0, ""self_attn.o_proj"": 434.0, ""self_attn.v_proj"": 490.0}","{""mlp.down_proj"": -24.0, ""mlp.gate_proj"": -23.0, ""mlp.up_proj"": -34.0, ""self_attn.o_proj"": -43.0, ""self_attn.v_proj"": -8.0}","{""mlp.down_proj"": 0.02373887240356083, ""mlp.gate_proj"": 0.07796610169491526, ""mlp.up_proj"": 0.04342273307790549, ""self_attn.o_proj"": 0.09014675052410902, ""self_attn.v_proj"": 0.01606425702811245}",0.006503792493450386,0.04376395045227022,7,equal7,True,"mlp.down_proj,mlp.gate_proj,mlp.up_proj,self_attn.k_proj,self_attn.o_proj,self_attn.q_proj,self_attn.v_proj",,452.2857142857143,470.85714285714283,452.2857142857143,-18.571428571428573,0.032866016997703175,0.0394417475728155,"{""mlp.down_proj"": 1011.0, ""mlp.gate_proj"": 295.0, ""mlp.up_proj"": 783.0, ""self_attn.k_proj"": 94.0, ""self_attn.o_proj"": 477.0, ""self_attn.q_proj"": 138.0, ""self_attn.v_proj"": 498.0}","{""mlp.down_proj"": 987.0, ""mlp.gate_proj"": 272.0, ""mlp.up_proj"": 749.0, ""self_attn.k_proj"": 96.0, ""self_attn.o_proj"": 434.0, ""self_attn.q_proj"": 138.0, ""self_attn.v_proj"": 490.0}","{""mlp.down_proj"": -24.0, ""mlp.gate_proj"": -23.0, ""mlp.up_proj"": -34.0, ""self_attn.k_proj"": 2.0, ""self_attn.o_proj"": -43.0, ""self_attn.q_proj"": 0.0, ""self_attn.v_proj"": -8.0}","{""mlp.down_proj"": 0.02373887240356083, ""mlp.gate_proj"": 0.07796610169491526, ""mlp.up_proj"": 0.04342273307790549, ""self_attn.k_proj"": -0.02127659574468085, ""self_attn.o_proj"": 0.09014675052410902, ""self_attn.q_proj"": 0.0, ""self_attn.v_proj"": 0.01606425702811245}",0.01740172594801743,-7.828571428571426,134.1142857142857,False,True
,,40,S_math,legacy_S_math,0.025,18,5,equal5_non_qk,True,"mlp.down_proj,mlp.gate_proj,mlp.up_proj,self_attn.o_proj,self_attn.v_proj","self_attn.q_proj,self_attn.k_proj",1147.6,1169.2,1147.6,-21.6,0.020022149367188068,0.018474170372904667,"{""mlp.down_proj"": 1850.0, ""mlp.gate_proj"": 956.0, ""mlp.up_proj"": 1521.0, ""self_attn.o_proj"": 958.0, ""self_attn.v_proj"": 561.0}","{""mlp.down_proj"": 1836.0, ""mlp.gate_proj"": 924.0, ""mlp.up_proj"": 1493.0, ""self_attn.o_proj"": 931.0, ""self_attn.v_proj"": 554.0}","{""mlp.down_proj"": -14.0, ""mlp.gate_proj"": -32.0, ""mlp.up_proj"": -28.0, ""self_attn.o_proj"": -27.0, ""self_attn.v_proj"": -7.0}","{""mlp.down_proj"": 0.0075675675675675675, ""mlp.gate_proj"": 0.03347280334728033, ""mlp.up_proj"": 0.018408941485864562, ""self_attn.o_proj"": 0.028183716075156576, ""self_attn.v_proj"": 0.012477718360071301}",0.004043514998073543,0.015978634369114526,7,equal7,True,"mlp.down_proj,mlp.gate_proj,mlp.up_proj,self_attn.k_proj,self_attn.o_proj,self_attn.q_proj,self_attn.v_proj",,894.1428571428571,909.2857142857143,894.1428571428571,-15.142857142857142,0.012914572710266097,0.016653574234092784,"{""mlp.down_proj"": 1850.0, ""mlp.gate_proj"": 956.0, ""mlp.up_proj"": 1521.0, ""self_attn.k_proj"": 206.0, ""self_attn.o_proj"": 958.0, ""self_attn.q_proj"": 313.0, ""self_attn.v_proj"": 561.0}","{""mlp.down_proj"": 1836.0, ""mlp.gate_proj"": 924.0, ""mlp.up_proj"": 1493.0, ""self_attn.k_proj"": 208.0, ""self_attn.o_proj"": 931.0, ""self_attn.q_proj"": 313.0, ""self_attn.v_proj"": 554.0}","{""mlp.down_proj"": -14.0, ""mlp.gate_proj"": -32.0, ""mlp.up_proj"": -28.0, ""self_attn.k_proj"": 2.0, ""self_attn.o_proj"": -27.0, ""self_attn.q_proj"": 0.0, ""self_attn.v_proj"": -7.0}","{""mlp.down_proj"": 0.0075675675675675675, ""mlp.gate_proj"": 0.03347280334728033, ""mlp.up_proj"": 0.018408941485864562, ""self_attn.k_proj"": -0.009708737864077669, ""self_attn.o_proj"": 0.028183716075156576, ""self_attn.q_proj"": 0.0, ""self_attn.v_proj"": 0.012477718360071301}",0.007107576656921971,-6.457142857142859,253.4571428571428,False,True
,,40,S_math,legacy_S_math,0.05,14,5,equal5_non_qk,True,"mlp.down_proj,mlp.gate_proj,mlp.up_proj,self_attn.o_proj,self_attn.v_proj","self_attn.q_proj,self_attn.k_proj",383.0,404.0,383.0,-21.0,0.06458989629465994,0.05198019801980198,"{""mlp.down_proj"": 711.0, ""mlp.gate_proj"": 132.0, ""mlp.up_proj"": 505.0, ""self_attn.o_proj"": 307.0, ""self_attn.v_proj"": 365.0}","{""mlp.down_proj"": 690.0, ""mlp.gate_proj"": 118.0, ""mlp.up_proj"": 476.0, ""self_attn.o_proj"": 273.0, ""self_attn.v_proj"": 358.0}","{""mlp.down_proj"": -21.0, ""mlp.gate_proj"": -14.0, ""mlp.up_proj"": -29.0, ""self_attn.o_proj"": -34.0, ""self_attn.v_proj"": -7.0}","{""mlp.down_proj"": 0.029535864978902954, ""mlp.gate_proj"": 0.10606060606060606, ""mlp.up_proj"": 0.05742574257425743, ""self_attn.o_proj"": 0.11074918566775244, ""self_attn.v_proj"": 0.019178082191780823}",0.008206142273680215,0.056383754020979726,7,equal7,True,"mlp.down_proj,mlp.gate_proj,mlp.up_proj,self_attn.k_proj,self_attn.o_proj,self_attn.q_proj,self_attn.v_proj",,290.0,304.85714285714283,290.0,-14.857142857142858,0.043220188315427656,0.04873477038425485,"{""mlp.down_proj"": 711.0, ""mlp.gate_proj"": 132.0, ""mlp.up_proj"": 505.0, ""self_attn.k_proj"": 49.0, ""self_attn.o_proj"": 307.0, ""self_attn.q_proj"": 65.0, ""self_attn.v_proj"": 365.0}","{""mlp.down_proj"": 690.0, ""mlp.gate_proj"": 118.0, ""mlp.up_proj"": 476.0, ""self_attn.k_proj"": 50.0, ""self_attn.o_proj"": 273.0, ""self_attn.q_proj"": 65.0, ""self_attn.v_proj"": 358.0}","{""mlp.down_proj"": -21.0, ""mlp.gate_proj"": -14.0, ""mlp.up_proj"": -29.0, ""self_attn.k_proj"": 1.0, ""self_attn.o_proj"": -34.0, ""self_attn.q_proj"": 0.0, ""self_attn.v_proj"": -7.0}","{""mlp.down_proj"": 0.029535864978902954, ""mlp.gate_proj"": 0.10606060606060606, ""mlp.up_proj"": 0.05742574257425743, ""self_attn.k_proj"": -0.02040816326530612, ""self_attn.o_proj"": 0.11074918566775244, ""self_attn.q_proj"": 0.0, ""self_attn.v_proj"": 0.019178082191780823}",0.021369707979232287,-6.142857142857142,93.0,False,True
,,40,S_math,legacy_S_math,0.05,18,5,equal5_non_qk,True,"mlp.down_proj,mlp.gate_proj,mlp.up_proj,self_attn.o_proj,self_attn.v_proj","self_attn.q_proj,self_attn.k_proj",835.4,856.2,835.4,-20.8,0.027645964726587684,0.024293389395001246,"{""mlp.down_proj"": 1523.0, ""mlp.gate_proj"": 542.0, ""mlp.up_proj"": 1133.0, ""self_attn.o_proj"": 663.0, ""self_attn.v_proj"": 420.0}","{""mlp.down_proj"": 1506.0, ""mlp.gate_proj"": 516.0, ""mlp.up_proj"": 1104.0, ""self_attn.o_proj"": 637.0, ""self_attn.v_proj"": 414.0}","{""mlp.down_proj"": -17.0, ""mlp.gate_proj"": -26.0, ""mlp.up_proj"": -29.0, ""self_attn.o_proj"": -26.0, ""self_attn.v_proj"": -6.0}","{""mlp.down_proj"": 0.011162179908076166, ""mlp.gate_proj"": 0.04797047970479705, ""mlp.up_proj"": 0.02559576345984113, ""self_attn.o_proj"": 0.0392156862745098, ""self_attn.v_proj"": 0.014285714285714285}",0.006030030811593537,0.021615933914994147,7,equal7,True,"mlp.down_proj,mlp.gate_proj,mlp.up_proj,self_attn.k_proj,self_attn.o_proj,self_attn.q_proj,self_attn.v_proj",,631.4285714285714,645.7142857142857,631.4285714285714,-14.285714285714286,0.014893833064427289,0.022123893805309637,"{""mlp.down_proj"": 1523.0, ""mlp.gate_proj"": 542.0, ""mlp.up_proj"": 1133.0, ""self_attn.k_proj"": 105.0, ""self_attn.o_proj"": 663.0, ""self_attn.q_proj"": 134.0, ""self_attn.v_proj"": 420.0}","{""mlp.down_proj"": 1506.0, ""mlp.gate_proj"": 516.0, ""mlp.up_proj"": 1104.0, ""self_attn.k_proj"": 107.0, ""self_attn.o_proj"": 637.0, ""self_attn.q_proj"": 136.0, ""self_attn.v_proj"": 414.0}","{""mlp.down_proj"": -17.0, ""mlp.gate_proj"": -26.0, ""mlp.up_proj"": -29.0, ""self_attn.k_proj"": 2.0, ""self_attn.o_proj"": -26.0, ""self_attn.q_proj"": 2.0, ""self_attn.v_proj"": -6.0}","{""mlp.down_proj"": 0.011162179908076166, ""mlp.gate_proj"": 0.04797047970479705, ""mlp.up_proj"": 0.02559576345984113, ""self_attn.k_proj"": -0.01904761904761905, ""self_attn.o_proj"": 0.0392156862745098, ""self_attn.q_proj"": -0.014925373134328358, ""self_attn.v_proj"": 0.014285714285714285}",0.012752131662160396,-6.514285714285714,203.97142857142853,False,True
,,40,S_math,legacy_S_math,0.1,14,5,equal5_non_qk,True,"mlp.down_proj,mlp.gate_proj,mlp.up_proj,self_attn.o_proj,self_attn.v_proj","self_attn.q_proj,self_attn.k_proj",217.4,232.2,217.4,-14.8,0.08443281288085527,0.0637381567614125,"{""mlp.down_proj"": 440.0, ""mlp.gate_proj"": 37.0, ""mlp.up_proj"": 275.0, ""self_attn.o_proj"": 172.0, ""self_attn.v_proj"": 237.0}","{""mlp.down_proj"": 424.0, ""mlp.gate_proj"": 32.0, ""mlp.up_proj"": 253.0, ""self_attn.o_proj"": 147.0, ""self_attn.v_proj"": 231.0}","{""mlp.down_proj"": -16.0, ""mlp.gate_proj"": -5.0, ""mlp.up_proj"": -22.0, ""self_attn.o_proj"": -25.0, ""self_attn.v_proj"": -6.0}","{""mlp.down_proj"": 0.03636363636363636, ""mlp.gate_proj"": 0.13513513513513514, ""mlp.up_proj"": 0.08, ""self_attn.o_proj"": 0.14534883720930233, ""self_attn.v_proj"": 0.02531645569620253}",0.01048263343492334,0.07395017944593194,7,equal7,True,"mlp.down_proj,mlp.gate_proj,mlp.up_proj,self_attn.k_proj,self_attn.o_proj,self_attn.q_proj,self_attn.v_proj",,161.42857142857142,172.28571428571428,161.42857142857142,-10.857142857142858,0.07332245454474047,0.06301824212271977,"{""mlp.down_proj"": 440.0, ""mlp.gate_proj"": 37.0, ""mlp.up_proj"": 275.0, ""self_attn.k_proj"": 19.0, ""self_attn.o_proj"": 172.0, ""self_attn.q_proj"": 26.0, ""self_attn.v_proj"": 237.0}","{""mlp.down_proj"": 424.0, ""mlp.gate_proj"": 32.0, ""mlp.up_proj"": 253.0, ""self_attn.k_proj"": 18.0, ""self_attn.o_proj"": 147.0, ""self_attn.q_proj"": 25.0, ""self_attn.v_proj"": 231.0}","{""mlp.down_proj"": -16.0, ""mlp.gate_proj"": -5.0, ""mlp.up_proj"": -22.0, ""self_attn.k_proj"": -1.0, ""self_attn.o_proj"": -25.0, ""self_attn.q_proj"": -1.0, ""self_attn.v_proj"": -6.0}","{""mlp.down_proj"": 0.03636363636363636, ""mlp.gate_proj"": 0.13513513513513514, ""mlp.up_proj"": 0.08, ""self_attn.k_proj"": 0.05263157894736842, ""self_attn.o_proj"": 0.14534883720930233, ""self_attn.q_proj"": 0.038461538461538464, ""self_attn.v_proj"": 0.02531645569620253}",0.011110358336114803,-3.942857142857143,55.97142857142859,False,True
,,40,S_math,legacy_S_math,0.1,18,5,equal5_non_qk,True,"mlp.down_proj,mlp.gate_proj,mlp.up_proj,self_attn.o_proj,self_attn.v_proj","self_attn.q_proj,self_attn.k_proj",521.8,538.6,521.8,-16.8,0.03900072143163585,0.03119197920534732,"{""mlp.down_proj"": 1121.0, ""mlp.gate_proj"": 206.0, ""mlp.up_proj"": 711.0, ""self_attn.o_proj"": 383.0, ""self_attn.v_proj"": 272.0}","{""mlp.down_proj"": 1103.0, ""mlp.gate_proj"": 192.0, ""mlp.up_proj"": 686.0, ""self_attn.o_proj"": 361.0, ""self_attn.v_proj"": 267.0}","{""mlp.down_proj"": -18.0, ""mlp.gate_proj"": -14.0, ""mlp.up_proj"": -25.0, ""self_attn.o_proj"": -22.0, ""self_attn.v_proj"": -5.0}","{""mlp.down_proj"": 0.016057091882247992, ""mlp.gate_proj"": 0.06796116504854369, ""mlp.up_proj"": 0.035161744022503515, ""self_attn.o_proj"": 0.057441253263707574, ""self_attn.v_proj"": 0.01838235294117647}",0.0091543389662693,0.02984638246536655,7,equal7,True,"mlp.down_proj,mlp.gate_proj,mlp.up_proj,self_attn.k_proj,self_attn.o_proj,self_attn.q_proj,self_attn.v_proj",,384.57142857142856,396.14285714285717,384.57142857142856,-11.571428571428571,0.017226013387467935,0.029210241615578895,"{""mlp.down_proj"": 1121.0, ""mlp.gate_proj"": 206.0, ""mlp.up_proj"": 711.0, ""self_attn.k_proj"": 41.0, ""self_attn.o_proj"": 383.0, ""self_attn.q_proj"": 39.0, ""self_attn.v_proj"": 272.0}","{""mlp.down_proj"": 1103.0, ""mlp.gate_proj"": 192.0, ""mlp.up_proj"": 686.0, ""self_attn.k_proj"": 43.0, ""self_attn.o_proj"": 361.0, ""self_attn.q_proj"": 40.0, ""self_attn.v_proj"": 267.0}","{""mlp.down_proj"": -18.0, ""mlp.gate_proj"": -14.0, ""mlp.up_proj"": -25.0, ""self_attn.k_proj"": 2.0, ""self_attn.o_proj"": -22.0, ""self_attn.q_proj"": 1.0, ""self_attn.v_proj"": -5.0}","{""mlp.down_proj"": 0.016057091882247992, ""mlp.gate_proj"": 0.06796116504854369, ""mlp.up_proj"": 0.035161744022503515, ""self_attn.k_proj"": -0.04878048780487805, ""self_attn.o_proj"": 0.057441253263707574, ""self_attn.q_proj"": -0.02564102564102564, ""self_attn.v_proj"": 0.01838235294117647}",0.021774708044167913,-5.2285714285714295,137.2285714285714,False,True
,,80,E_general,E_general,0.01,14,5,equal5_non_qk,True,"mlp.down_proj,mlp.gate_proj,mlp.up_proj,self_attn.o_proj,self_attn.v_proj","self_attn.q_proj,self_attn.k_proj",1729.4,1738.2,1729.4,-8.8,0.0053551041623338316,0.005062708549073728,"{""mlp.down_proj"": 2529.0, ""mlp.gate_proj"": 1400.0, ""mlp.up_proj"": 2315.0, ""self_attn.o_proj"": 1584.0, ""self_attn.v_proj"": 863.0}","{""mlp.down_proj"": 2524.0, ""mlp.gate_proj"": 1385.0, ""mlp.up_proj"": 2307.0, ""self_attn.o_proj"": 1569.0, ""self_attn.v_proj"": 862.0}","{""mlp.down_proj"": -5.0, ""mlp.gate_proj"": -15.0, ""mlp.up_proj"": -8.0, ""self_attn.o_proj"": -15.0, ""self_attn.v_proj"": -1.0}","{""mlp.down_proj"": 0.0019770660340055358, ""mlp.gate_proj"": 0.010714285714285714, ""mlp.up_proj"": 0.0034557235421166306, ""self_attn.o_proj"": 0.00946969696969697, ""self_attn.v_proj"": 0.0011587485515643105}",0.0053551041623338316,0.0,7,equal7,True,"mlp.down_proj,mlp.gate_proj,mlp.up_proj,self_attn.k_proj,self_attn.o_proj,self_attn.q_proj,self_attn.v_proj",,1387.0,1394.142857142857,1387.0,-7.142857142857143,0.0054115514167154665,0.005123475765959604,"{""mlp.down_proj"": 2529.0, ""mlp.gate_proj"": 1400.0, ""mlp.up_proj"": 2315.0, ""self_attn.k_proj"": 375.0, ""self_attn.o_proj"": 1584.0, ""self_attn.q_proj"": 693.0, ""self_attn.v_proj"": 863.0}","{""mlp.down_proj"": 2524.0, ""mlp.gate_proj"": 1385.0, ""mlp.up_proj"": 2307.0, ""self_attn.k_proj"": 373.0, ""self_attn.o_proj"": 1569.0, ""self_attn.q_proj"": 689.0, ""self_attn.v_proj"": 862.0}","{""mlp.down_proj"": -5.0, ""mlp.gate_proj"": -15.0, ""mlp.up_proj"": -8.0, ""self_attn.k_proj"": -2.0, ""self_attn.o_proj"": -15.0, ""self_attn.q_proj"": -4.0, ""self_attn.v_proj"": -1.0}","{""mlp.down_proj"": 0.0019770660340055358, ""mlp.gate_proj"": 0.010714285714285714, ""mlp.up_proj"": 0.0034557235421166306, ""self_attn.k_proj"": 0.005333333333333333, ""self_attn.o_proj"": 0.00946969696969697, ""self_attn.q_proj"": 0.005772005772005772, ""self_attn.v_proj"": 0.0011587485515643105}",-5.644725438163495e-05,-1.6571428571428575,342.4000000000001,False,True
,,80,E_general,E_general,0.01,18,5,equal5_non_qk,True,"mlp.down_proj,mlp.gate_proj,mlp.up_proj,self_attn.o_proj,self_attn.v_proj","self_attn.q_proj,self_attn.k_proj",1629.8,1634.4,1629.8,-4.6,0.003104208700631139,0.002814488497307964,"{""mlp.down_proj"": 2190.0, ""mlp.gate_proj"": 1641.0, ""mlp.up_proj"": 2064.0, ""self_attn.o_proj"": 1546.0, ""self_attn.v_proj"": 731.0}","{""mlp.down_proj"": 2187.0, ""mlp.gate_proj"": 1633.0, ""mlp.up_proj"": 2060.0, ""self_attn.o_proj"": 1541.0, ""self_attn.v_proj"": 728.0}","{""mlp.down_proj"": -3.0, ""mlp.gate_proj"": -8.0, ""mlp.up_proj"": -4.0, ""self_attn.o_proj"": -5.0, ""self_attn.v_proj"": -3.0}","{""mlp.down_proj"": 0.0013698630136986301, ""mlp.gate_proj"": 0.004875076173065204, ""mlp.up_proj"": 0.001937984496124031, ""self_attn.o_proj"": 0.003234152652005175, ""self_attn.v_proj"": 0.004103967168262654}",0.003104208700631139,0.0,7,equal7,True,"mlp.down_proj,mlp.gate_proj,mlp.up_proj,self_attn.k_proj,self_attn.o_proj,self_attn.q_proj,self_attn.v_proj",,1323.142857142857,1328.5714285714287,1323.142857142857,-5.428571428571429,0.005643508569524597,0.004086021505376442,"{""mlp.down_proj"": 2190.0, ""mlp.gate_proj"": 1641.0, ""mlp.up_proj"": 2064.0, ""self_attn.k_proj"": 400.0, ""self_attn.o_proj"": 1546.0, ""self_attn.q_proj"": 728.0, ""self_attn.v_proj"": 731.0}","{""mlp.down_proj"": 2187.0, ""mlp.gate_proj"": 1633.0, ""mlp.up_proj"": 2060.0, ""self_attn.k_proj"": 397.0, ""self_attn.o_proj"": 1541.0, ""self_attn.q_proj"": 716.0, ""self_attn.v_proj"": 728.0}","{""mlp.down_proj"": -3.0, ""mlp.gate_proj"": -8.0, ""mlp.up_proj"": -4.0, ""self_attn.k_proj"": -3.0, ""self_attn.o_proj"": -5.0, ""self_attn.q_proj"": -12.0, ""self_attn.v_proj"": -3.0}","{""mlp.down_proj"": 0.0013698630136986301, ""mlp.gate_proj"": 0.004875076173065204, ""mlp.up_proj"": 0.001937984496124031, ""self_attn.k_proj"": 0.0075, ""self_attn.o_proj"": 0.003234152652005175, ""self_attn.q_proj"": 0.016483516483516484, ""self_attn.v_proj"": 0.004103967168262654}",-0.002539299868893458,0.8285714285714292,306.65714285714284,False,True
,,80,E_general,E_general,0.025,14,5,equal5_non_qk,True,"mlp.down_proj,mlp.gate_proj,mlp.up_proj,self_attn.o_proj,self_attn.v_proj","self_attn.q_proj,self_attn.k_proj",1349.6,1359.0,1349.6,-9.4,0.00808477442370511,0.006916850625459964,"{""mlp.down_proj"": 2167.0, ""mlp.gate_proj"": 785.0, ""mlp.up_proj"": 1853.0, ""self_attn.o_proj"": 1239.0, ""self_attn.v_proj"": 751.0}","{""mlp.down_proj"": 2160.0, ""mlp.gate_proj"": 771.0, ""mlp.up_proj"": 1843.0, ""self_attn.o_proj"": 1225.0, ""self_attn.v_proj"": 749.0}","{""mlp.down_proj"": -7.0, ""mlp.gate_proj"": -14.0, ""mlp.up_proj"": -10.0, ""self_attn.o_proj"": -14.0, ""self_attn.v_proj"": -2.0}","{""mlp.down_proj"": 0.003230272265805261, ""mlp.gate_proj"": 0.017834394904458598, ""mlp.up_proj"": 0.005396654074473826, ""self_attn.o_proj"": 0.011299435028248588, ""self_attn.v_proj"": 0.002663115845539281}",0.00808477442370511,0.0,7,equal7,True,"mlp.down_proj,mlp.gate_proj,mlp.up_proj,self_attn.k_proj,self_attn.o_proj,self_attn.q_proj,self_attn.v_proj",,1043.7142857142858,1051.142857142857,1043.7142857142858,-7.428571428571429,0.008343548989955006,0.007067137809187186,"{""mlp.down_proj"": 2167.0, ""mlp.gate_proj"": 785.0, ""mlp.up_proj"": 1853.0, ""self_attn.k_proj"": 212.0, ""self_attn.o_proj"": 1239.0, ""self_attn.q_proj"": 351.0, ""self_attn.v_proj"": 751.0}","{""mlp.down_proj"": 2160.0, ""mlp.gate_proj"": 771.0, ""mlp.up_proj"": 1843.0, ""self_attn.k_proj"": 210.0, ""self_attn.o_proj"": 1225.0, ""self_attn.q_proj"": 348.0, ""self_attn.v_proj"": 749.0}","{""mlp.down_proj"": -7.0, ""mlp.gate_proj"": -14.0, ""mlp.up_proj"": -10.0, ""self_attn.k_proj"": -2.0, ""self_attn.o_proj"": -14.0, ""self_attn.q_proj"": -3.0, ""self_attn.v_proj"": -2.0}","{""mlp.down_proj"": 0.003230272265805261, ""mlp.gate_proj"": 0.017834394904458598, ""mlp.up_proj"": 0.005396654074473826, ""self_attn.k_proj"": 0.009433962264150943, ""self_attn.o_proj"": 0.011299435028248588, ""self_attn.q_proj"": 0.008547008547008548, ""self_attn.v_proj"": 0.002663115845539281}",-0.00025877456624989574,-1.9714285714285715,305.88571428571413,False,True
,,80,E_general,E_general,0.025,18,5,equal5_non_qk,True,"mlp.down_proj,mlp.gate_proj,mlp.up_proj,self_attn.o_proj,self_attn.v_proj","self_attn.q_proj,self_attn.k_proj",1294.0,1299.8,1294.0,-5.8,0.005116761343223317,0.004462224957685763,"{""mlp.down_proj"": 1901.0, ""mlp.gate_proj"": 1133.0, ""mlp.up_proj"": 1706.0, ""self_attn.o_proj"": 1186.0, ""self_attn.v_proj"": 573.0}","{""mlp.down_proj"": 1896.0, ""mlp.gate_proj"": 1123.0, ""mlp.up_proj"": 1701.0, ""self_attn.o_proj"": 1181.0, ""self_attn.v_proj"": 569.0}","{""mlp.down_proj"": -5.0, ""mlp.gate_proj"": -10.0, ""mlp.up_proj"": -5.0, ""self_attn.o_proj"": -5.0, ""self_attn.v_proj"": -4.0}","{""mlp.down_proj"": 0.0026301946344029457, ""mlp.gate_proj"": 0.0088261253309797, ""mlp.up_proj"": 0.0029308323563892145, ""self_attn.o_proj"": 0.0042158516020236085, ""self_attn.v_proj"": 0.006980802792321117}",0.005116761343223317,0.0,7,equal7,True,"mlp.down_proj,mlp.gate_proj,mlp.up_proj,self_attn.k_proj,self_attn.o_proj,self_attn.q_proj,self_attn.v_proj",,1005.8571428571429,1011.5714285714286,1005.8571428571429,-5.714285714285714,0.008535213154199656,0.005648919644118015,"{""mlp.down_proj"": 1901.0, ""mlp.gate_proj"": 1133.0, ""mlp.up_proj"": 1706.0, ""self_attn.k_proj"": 227.0, ""self_attn.o_proj"": 1186.0, ""self_attn.q_proj"": 355.0, ""self_attn.v_proj"": 573.0}","{""mlp.down_proj"": 1896.0, ""mlp.gate_proj"": 1123.0, ""mlp.up_proj"": 1701.0, ""self_attn.k_proj"": 225.0, ""self_attn.o_proj"": 1181.0, ""self_attn.q_proj"": 346.0, ""self_attn.v_proj"": 569.0}","{""mlp.down_proj"": -5.0, ""mlp.gate_proj"": -10.0, ""mlp.up_proj"": -5.0, ""self_attn.k_proj"": -2.0, ""self_attn.o_proj"": -5.0, ""self_attn.q_proj"": -9.0, ""self_attn.v_proj"": -4.0}","{""mlp.down_proj"": 0.0026301946344029457, ""mlp.gate_proj"": 0.0088261253309797, ""mlp.up_proj"": 0.0029308323563892145, ""self_attn.k_proj"": 0.00881057268722467, ""self_attn.o_proj"": 0.0042158516020236085, ""self_attn.q_proj"": 0.02535211267605634, ""self_attn.v_proj"": 0.006980802792321117}",-0.0034184518109763393,-0.08571428571428541,288.1428571428571,False,True
,,80,E_general,E_general,0.05,14,5,equal5_non_qk,True,"mlp.down_proj,mlp.gate_proj,mlp.up_proj,self_attn.o_proj,self_attn.v_proj","self_attn.q_proj,self_attn.k_proj",1024.8,1033.8,1024.8,-9.0,0.011553040644496717,0.008705745792222868,"{""mlp.down_proj"": 1802.0, ""mlp.gate_proj"": 368.0, ""mlp.up_proj"": 1413.0, ""self_attn.o_proj"": 955.0, ""self_attn.v_proj"": 631.0}","{""mlp.down_proj"": 1794.0, ""mlp.gate_proj"": 358.0, ""mlp.up_proj"": 1402.0, ""self_attn.o_proj"": 942.0, ""self_attn.v_proj"": 628.0}","{""mlp.down_proj"": -8.0, ""mlp.gate_proj"": -10.0, ""mlp.up_proj"": -11.0, ""self_attn.o_proj"": -13.0, ""self_attn.v_proj"": -3.0}","{""mlp.down_proj"": 0.004439511653718091, ""mlp.gate_proj"": 0.02717391304347826, ""mlp.up_proj"": 0.00778485491861288, ""self_attn.o_proj"": 0.013612565445026177, ""self_attn.v_proj"": 0.004754358161648178}",0.011553040644496717,0.0,7,equal7,True,"mlp.down_proj,mlp.gate_proj,mlp.up_proj,self_attn.k_proj,self_attn.o_proj,self_attn.q_proj,self_attn.v_proj",,769.7142857142857,776.5714285714286,769.7142857142857,-6.857142857142857,0.011370675007429344,0.00883002207505523,"{""mlp.down_proj"": 1802.0, ""mlp.gate_proj"": 368.0, ""mlp.up_proj"": 1413.0, ""self_attn.k_proj"": 111.0, ""self_attn.o_proj"": 955.0, ""self_attn.q_proj"": 156.0, ""self_attn.v_proj"": 631.0}","{""mlp.down_proj"": 1794.0, ""mlp.gate_proj"": 358.0, ""mlp.up_proj"": 1402.0, ""self_attn.k_proj"": 110.0, ""self_attn.o_proj"": 942.0, ""self_attn.q_proj"": 154.0, ""self_attn.v_proj"": 628.0}","{""mlp.down_proj"": -8.0, ""mlp.gate_proj"": -10.0, ""mlp.up_proj"": -11.0, ""self_attn.k_proj"": -1.0, ""self_attn.o_proj"": -13.0, ""self_attn.q_proj"": -2.0, ""self_attn.v_proj"": -3.0}","{""mlp.down_proj"": 0.004439511653718091, ""mlp.gate_proj"": 0.02717391304347826, ""mlp.up_proj"": 0.00778485491861288, ""self_attn.k_proj"": 0.009009009009009009, ""self_attn.o_proj"": 0.013612565445026177, ""self_attn.q_proj"": 0.01282051282051282, ""self_attn.v_proj"": 0.004754358161648178}",0.00018236563706737312,-2.1428571428571432,255.0857142857143,False,True
,,80,E_general,E_general,0.05,18,5,equal5_non_qk,True,"mlp.down_proj,mlp.gate_proj,mlp.up_proj,self_attn.o_proj,self_attn.v_proj","self_attn.q_proj,self_attn.k_proj",985.0,991.2,985.0,-6.2,0.007659115586824429,0.006255044390637656,"{""mlp.down_proj"": 1590.0, ""mlp.gate_proj"": 701.0, ""mlp.up_proj"": 1344.0, ""self_attn.o_proj"": 890.0, ""self_attn.v_proj"": 431.0}","{""mlp.down_proj"": 1584.0, ""mlp.gate_proj"": 692.0, ""mlp.up_proj"": 1338.0, ""self_attn.o_proj"": 885.0, ""self_attn.v_proj"": 426.0}","{""mlp.down_proj"": -6.0, ""mlp.gate_proj"": -9.0, ""mlp.up_proj"": -6.0, ""self_attn.o_proj"": -5.0, ""self_attn.v_proj"": -5.0}","{""mlp.down_proj"": 0.0037735849056603774, ""mlp.gate_proj"": 0.012838801711840228, ""mlp.up_proj"": 0.004464285714285714, ""self_attn.o_proj"": 0.0056179775280898875, ""self_attn.v_proj"": 0.01160092807424594}",0.007659115586824429,0.0,7,equal7,True,"mlp.down_proj,mlp.gate_proj,mlp.up_proj,self_attn.k_proj,self_attn.o_proj,self_attn.q_proj,self_attn.v_proj",,739.5714285714286,744.7142857142857,739.5714285714286,-5.142857142857143,0.010703273319146259,0.006905812392096638,"{""mlp.down_proj"": 1590.0, ""mlp.gate_proj"": 701.0, ""mlp.up_proj"": 1344.0, ""self_attn.k_proj"": 113.0, ""self_attn.o_proj"": 890.0, ""self_attn.q_proj"": 144.0, ""self_attn.v_proj"": 431.0}","{""mlp.down_proj"": 1584.0, ""mlp.gate_proj"": 692.0, ""mlp.up_proj"": 1338.0, ""self_attn.k_proj"": 112.0, ""self_attn.o_proj"": 885.0, ""self_attn.q_proj"": 140.0, ""self_attn.v_proj"": 426.0}","{""mlp.down_proj"": -6.0, ""mlp.gate_proj"": -9.0, ""mlp.up_proj"": -6.0, ""self_attn.k_proj"": -1.0, ""self_attn.o_proj"": -5.0, ""self_attn.q_proj"": -4.0, ""self_attn.v_proj"": -5.0}","{""mlp.down_proj"": 0.0037735849056603774, ""mlp.gate_proj"": 0.012838801711840228, ""mlp.up_proj"": 0.004464285714285714, ""self_attn.k_proj"": 0.008849557522123894, ""self_attn.o_proj"": 0.0056179775280898875, ""self_attn.q_proj"": 0.027777777777777776, ""self_attn.v_proj"": 0.01160092807424594}",-0.0030441577323218304,-1.057142857142857,245.42857142857144,False,True
,,80,E_general,E_general,0.1,14,5,equal5_non_qk,True,"mlp.down_proj,mlp.gate_proj,mlp.up_proj,self_attn.o_proj,self_attn.v_proj","self_attn.q_proj,self_attn.k_proj",697.4,704.8,697.4,-7.4,0.016146696511532138,0.01049943246311007,"{""mlp.down_proj"": 1362.0, ""mlp.gate_proj"": 100.0, ""mlp.up_proj"": 924.0, ""self_attn.o_proj"": 659.0, ""self_attn.v_proj"": 479.0}","{""mlp.down_proj"": 1354.0, ""mlp.gate_proj"": 96.0, ""mlp.up_proj"": 913.0, ""self_attn.o_proj"": 648.0, ""self_attn.v_proj"": 476.0}","{""mlp.down_proj"": -8.0, ""mlp.gate_proj"": -4.0, ""mlp.up_proj"": -11.0, ""self_attn.o_proj"": -11.0, ""self_attn.v_proj"": -3.0}","{""mlp.down_proj"": 0.005873715124816446, ""mlp.gate_proj"": 0.04, ""mlp.up_proj"": 0.011904761904761904, ""self_attn.o_proj"": 0.01669195751138088, ""self_attn.v_proj"": 0.006263048016701462}",0.016146696511532138,0.0,7,equal7,True,"mlp.down_proj,mlp.gate_proj,mlp.up_proj,self_attn.k_proj,self_attn.o_proj,self_attn.q_proj,self_attn.v_proj",,512.0,517.4285714285714,512.0,-5.428571428571429,0.014390497508237244,0.01049144119271124,"{""mlp.down_proj"": 1362.0, ""mlp.gate_proj"": 100.0, ""mlp.up_proj"": 924.0, ""self_attn.k_proj"": 48.0, ""self_attn.o_proj"": 659.0, ""self_attn.q_proj"": 50.0, ""self_attn.v_proj"": 479.0}","{""mlp.down_proj"": 1354.0, ""mlp.gate_proj"": 96.0, ""mlp.up_proj"": 913.0, ""self_attn.k_proj"": 48.0, ""self_attn.o_proj"": 648.0, ""self_attn.q_proj"": 49.0, ""self_attn.v_proj"": 476.0}","{""mlp.down_proj"": -8.0, ""mlp.gate_proj"": -4.0, ""mlp.up_proj"": -11.0, ""self_attn.k_proj"": 0.0, ""self_attn.o_proj"": -11.0, ""self_attn.q_proj"": -1.0, ""self_attn.v_proj"": -3.0}","{""mlp.down_proj"": 0.005873715124816446, ""mlp.gate_proj"": 0.04, ""mlp.up_proj"": 0.011904761904761904, ""self_attn.k_proj"": 0.0, ""self_attn.o_proj"": 0.01669195751138088, ""self_attn.q_proj"": 0.02, ""self_attn.v_proj"": 0.006263048016701462}",0.0017561990032948938,-1.9714285714285715,185.39999999999998,False,True
,,80,E_general,E_general,0.1,18,5,equal5_non_qk,True,"mlp.down_proj,mlp.gate_proj,mlp.up_proj,self_attn.o_proj,self_attn.v_proj","self_attn.q_proj,self_attn.k_proj",651.8,657.4,651.8,-5.6,0.01143307446678831,0.008518405841192612,"{""mlp.down_proj"": 1200.0, ""mlp.gate_proj"": 300.0, ""mlp.up_proj"": 921.0, ""self_attn.o_proj"": 589.0, ""self_attn.v_proj"": 277.0}","{""mlp.down_proj"": 1194.0, ""mlp.gate_proj"": 293.0, ""mlp.up_proj"": 914.0, ""self_attn.o_proj"": 585.0, ""self_attn.v_proj"": 273.0}","{""mlp.down_proj"": -6.0, ""mlp.gate_proj"": -7.0, ""mlp.up_proj"": -7.0, ""self_attn.o_proj"": -4.0, ""self_attn.v_proj"": -4.0}","{""mlp.down_proj"": 0.005, ""mlp.gate_proj"": 0.023333333333333334, ""mlp.up_proj"": 0.00760043431053203, ""self_attn.o_proj"": 0.006791171477079796, ""self_attn.v_proj"": 0.01444043321299639}",0.01143307446678831,0.0,7,equal7,True,"mlp.down_proj,mlp.gate_proj,mlp.up_proj,self_attn.k_proj,self_attn.o_proj,self_attn.q_proj,self_attn.v_proj",,475.7142857142857,479.85714285714283,475.7142857142857,-4.142857142857143,0.01249548609099598,0.008633521881512288,"{""mlp.down_proj"": 1200.0, ""mlp.gate_proj"": 300.0, ""mlp.up_proj"": 921.0, ""self_attn.k_proj"": 39.0, ""self_attn.o_proj"": 589.0, ""self_attn.q_proj"": 33.0, ""self_attn.v_proj"": 277.0}","{""mlp.down_proj"": 1194.0, ""mlp.gate_proj"": 293.0, ""mlp.up_proj"": 914.0, ""self_attn.k_proj"": 39.0, ""self_attn.o_proj"": 585.0, ""self_attn.q_proj"": 32.0, ""self_attn.v_proj"": 273.0}","{""mlp.down_proj"": -6.0, ""mlp.gate_proj"": -7.0, ""mlp.up_proj"": -7.0, ""self_attn.k_proj"": 0.0, ""self_attn.o_proj"": -4.0, ""self_attn.q_proj"": -1.0, ""self_attn.v_proj"": -4.0}","{""mlp.down_proj"": 0.005, ""mlp.gate_proj"": 0.023333333333333334, ""mlp.up_proj"": 0.00760043431053203, ""self_attn.k_proj"": 0.0, ""self_attn.o_proj"": 0.006791171477079796, ""self_attn.q_proj"": 0.030303030303030304, ""self_attn.v_proj"": 0.01444043321299639}",-0.0010624116242076691,-1.4571428571428564,176.08571428571423,False,True
,,80,E_if,E_ifeval,0.01,14,5,equal5_non_qk,True,"mlp.down_proj,mlp.gate_proj,mlp.up_proj,self_attn.o_proj,self_attn.v_proj","self_attn.q_proj,self_attn.k_proj",1632.6,1653.2,1632.6,-20.6,0.013334275620905353,0.012460682313089848,"{""mlp.down_proj"": 2435.0, ""mlp.gate_proj"": 1310.0, ""mlp.up_proj"": 2179.0, ""self_attn.o_proj"": 1511.0, ""self_attn.v_proj"": 831.0}","{""mlp.down_proj"": 2420.0, ""mlp.gate_proj"": 1271.0, ""mlp.up_proj"": 2160.0, ""self_attn.o_proj"": 1485.0, ""self_attn.v_proj"": 827.0}","{""mlp.down_proj"": -15.0, ""mlp.gate_proj"": -39.0, ""mlp.up_proj"": -19.0, ""self_attn.o_proj"": -26.0, ""self_attn.v_proj"": -4.0}","{""mlp.down_proj"": 0.006160164271047228, ""mlp.gate_proj"": 0.029770992366412213, ""mlp.up_proj"": 0.008719596145020651, ""self_attn.o_proj"": 0.017207147584381206, ""self_attn.v_proj"": 0.0048134777376654635}",0.0053551041623338316,0.007979171458571521,7,equal7,True,"mlp.down_proj,mlp.gate_proj,mlp.up_proj,self_attn.k_proj,self_attn.o_proj,self_attn.q_proj,self_attn.v_proj",,1303.5714285714287,1320.0,1303.5714285714287,-16.428571428571427,0.012999671111383379,0.012445887445887371,"{""mlp.down_proj"": 2435.0, ""mlp.gate_proj"": 1310.0, ""mlp.up_proj"": 2179.0, ""self_attn.k_proj"": 344.0, ""self_attn.o_proj"": 1511.0, ""self_attn.q_proj"": 630.0, ""self_attn.v_proj"": 831.0}","{""mlp.down_proj"": 2420.0, ""mlp.gate_proj"": 1271.0, ""mlp.up_proj"": 2160.0, ""self_attn.k_proj"": 340.0, ""self_attn.o_proj"": 1485.0, ""self_attn.q_proj"": 622.0, ""self_attn.v_proj"": 827.0}","{""mlp.down_proj"": -15.0, ""mlp.gate_proj"": -39.0, ""mlp.up_proj"": -19.0, ""self_attn.k_proj"": -4.0, ""self_attn.o_proj"": -26.0, ""self_attn.q_proj"": -8.0, ""self_attn.v_proj"": -4.0}","{""mlp.down_proj"": 0.006160164271047228, ""mlp.gate_proj"": 0.029770992366412213, ""mlp.up_proj"": 0.008719596145020651, ""self_attn.k_proj"": 0.011627906976744186, ""self_attn.o_proj"": 0.017207147584381206, ""self_attn.q_proj"": 0.012698412698412698, ""self_attn.v_proj"": 0.0048134777376654635}",0.0003346045095219737,-4.171428571428574,329.02857142857124,False,True
,,80,E_if,E_ifeval,0.01,18,5,equal5_non_qk,True,"mlp.down_proj,mlp.gate_proj,mlp.up_proj,self_attn.o_proj,self_attn.v_proj","self_attn.q_proj,self_attn.k_proj",1477.2,1485.0,1477.2,-7.8,0.00588823299120628,0.005252525252525222,"{""mlp.down_proj"": 2024.0, ""mlp.gate_proj"": 1529.0, ""mlp.up_proj"": 1934.0, ""self_attn.o_proj"": 1349.0, ""self_attn.v_proj"": 589.0}","{""mlp.down_proj"": 2019.0, ""mlp.gate_proj"": 1515.0, ""mlp.up_proj"": 1926.0, ""self_attn.o_proj"": 1342.0, ""self_attn.v_proj"": 584.0}","{""mlp.down_proj"": -5.0, ""mlp.gate_proj"": -14.0, ""mlp.up_proj"": -8.0, ""self_attn.o_proj"": -7.0, ""self_attn.v_proj"": -5.0}","{""mlp.down_proj"": 0.0024703557312252965, ""mlp.gate_proj"": 0.009156311314584695, ""mlp.up_proj"": 0.004136504653567736, ""self_attn.o_proj"": 0.005189028910303929, ""self_attn.v_proj"": 0.008488964346349746}",0.003104208700631139,0.0027840242905751407,7,equal7,True,"mlp.down_proj,mlp.gate_proj,mlp.up_proj,self_attn.k_proj,self_attn.o_proj,self_attn.q_proj,self_attn.v_proj",,1168.0,1174.7142857142858,1168.0,-6.714285714285714,0.0071362836384074166,0.005715675544205333,"{""mlp.down_proj"": 2024.0, ""mlp.gate_proj"": 1529.0, ""mlp.up_proj"": 1934.0, ""self_attn.k_proj"": 273.0, ""self_attn.o_proj"": 1349.0, ""self_attn.q_proj"": 525.0, ""self_attn.v_proj"": 589.0}","{""mlp.down_proj"": 2019.0, ""mlp.gate_proj"": 1515.0, ""mlp.up_proj"": 1926.0, ""self_attn.k_proj"": 270.0, ""self_attn.o_proj"": 1342.0, ""self_attn.q_proj"": 520.0, ""self_attn.v_proj"": 584.0}","{""mlp.down_proj"": -5.0, ""mlp.gate_proj"": -14.0, ""mlp.up_proj"": -8.0, ""self_attn.k_proj"": -3.0, ""self_attn.o_proj"": -7.0, ""self_attn.q_proj"": -5.0, ""self_attn.v_proj"": -5.0}","{""mlp.down_proj"": 0.0024703557312252965, ""mlp.gate_proj"": 0.009156311314584695, ""mlp.up_proj"": 0.004136504653567736, ""self_attn.k_proj"": 0.01098901098901099, ""self_attn.o_proj"": 0.005189028910303929, ""self_attn.q_proj"": 0.009523809523809525, ""self_attn.v_proj"": 0.008488964346349746}",-0.001248050647201137,-1.0857142857142854,309.20000000000005,False,True
,,80,E_if,E_ifeval,0.025,14,5,equal5_non_qk,True,"mlp.down_proj,mlp.gate_proj,mlp.up_proj,self_attn.o_proj,self_attn.v_proj","self_attn.q_proj,self_attn.k_proj",1233.0,1254.4,1233.0,-21.4,0.019969389657294195,0.01705994897959191,"{""mlp.down_proj"": 2031.0, ""mlp.gate_proj"": 710.0, ""mlp.up_proj"": 1671.0, ""self_attn.o_proj"": 1157.0, ""self_attn.v_proj"": 703.0}","{""mlp.down_proj"": 2010.0, ""mlp.gate_proj"": 676.0, ""mlp.up_proj"": 1648.0, ""self_attn.o_proj"": 1133.0, ""self_attn.v_proj"": 698.0}","{""mlp.down_proj"": -21.0, ""mlp.gate_proj"": -34.0, ""mlp.up_proj"": -23.0, ""self_attn.o_proj"": -24.0, ""self_attn.v_proj"": -5.0}","{""mlp.down_proj"": 0.0103397341211226, ""mlp.gate_proj"": 0.04788732394366197, ""mlp.up_proj"": 0.01376421304608019, ""self_attn.o_proj"": 0.020743301642178046, ""self_attn.v_proj"": 0.007112375533428165}",0.00808477442370511,0.011884615233589085,7,equal7,True,"mlp.down_proj,mlp.gate_proj,mlp.up_proj,self_attn.k_proj,self_attn.o_proj,self_attn.q_proj,self_attn.v_proj",,950.5714285714286,967.0,950.5714285714286,-16.428571428571427,0.018855089266920626,0.01698921554143893,"{""mlp.down_proj"": 2031.0, ""mlp.gate_proj"": 710.0, ""mlp.up_proj"": 1671.0, ""self_attn.k_proj"": 188.0, ""self_attn.o_proj"": 1157.0, ""self_attn.q_proj"": 309.0, ""self_attn.v_proj"": 703.0}","{""mlp.down_proj"": 2010.0, ""mlp.gate_proj"": 676.0, ""mlp.up_proj"": 1648.0, ""self_attn.k_proj"": 185.0, ""self_attn.o_proj"": 1133.0, ""self_attn.q_proj"": 304.0, ""self_attn.v_proj"": 698.0}","{""mlp.down_proj"": -21.0, ""mlp.gate_proj"": -34.0, ""mlp.up_proj"": -23.0, ""self_attn.k_proj"": -3.0, ""self_attn.o_proj"": -24.0, ""self_attn.q_proj"": -5.0, ""self_attn.v_proj"": -5.0}","{""mlp.down_proj"": 0.0103397341211226, ""mlp.gate_proj"": 0.04788732394366197, ""mlp.up_proj"": 0.01376421304608019, ""self_attn.k_proj"": 0.015957446808510637, ""self_attn.o_proj"": 0.020743301642178046, ""self_attn.q_proj"": 0.016181229773462782, ""self_attn.v_proj"": 0.007112375533428165}",0.001114300390373569,-4.9714285714285715,282.42857142857144,False,True
,,80,E_if,E_ifeval,0.025,18,5,equal5_non_qk,True,"mlp.down_proj,mlp.gate_proj,mlp.up_proj,self_attn.o_proj,self_attn.v_proj","self_attn.q_proj,self_attn.k_proj",1101.8,1110.4,1101.8,-8.6,0.00900834277006281,0.007744956772334416,"{""mlp.down_proj"": 1649.0, ""mlp.gate_proj"": 1006.0, ""mlp.up_proj"": 1522.0, ""self_attn.o_proj"": 971.0, ""self_attn.v_proj"": 404.0}","{""mlp.down_proj"": 1643.0, ""mlp.gate_proj"": 990.0, ""mlp.up_proj"": 1513.0, ""self_attn.o_proj"": 964.0, ""self_attn.v_proj"": 399.0}","{""mlp.down_proj"": -6.0, ""mlp.gate_proj"": -16.0, ""mlp.up_proj"": -9.0, ""self_attn.o_proj"": -7.0, ""self_attn.v_proj"": -5.0}","{""mlp.down_proj"": 0.0036385688295936932, ""mlp.gate_proj"": 0.015904572564612324, ""mlp.up_proj"": 0.005913272010512484, ""self_attn.o_proj"": 0.007209062821833162, ""self_attn.v_proj"": 0.012376237623762377}",0.005116761343223317,0.0038915814268394924,7,equal7,True,"mlp.down_proj,mlp.gate_proj,mlp.up_proj,self_attn.k_proj,self_attn.o_proj,self_attn.q_proj,self_attn.v_proj",,834.0,840.7142857142857,834.0,-6.714285714285714,0.009636787062405904,0.00798640611724718,"{""mlp.down_proj"": 1649.0, ""mlp.gate_proj"": 1006.0, ""mlp.up_proj"": 1522.0, ""self_attn.k_proj"": 123.0, ""self_attn.o_proj"": 971.0, ""self_attn.q_proj"": 210.0, ""self_attn.v_proj"": 404.0}","{""mlp.down_proj"": 1643.0, ""mlp.gate_proj"": 990.0, ""mlp.up_proj"": 1513.0, ""self_attn.k_proj"": 122.0, ""self_attn.o_proj"": 964.0, ""self_attn.q_proj"": 207.0, ""self_attn.v_proj"": 399.0}","{""mlp.down_proj"": -6.0, ""mlp.gate_proj"": -16.0, ""mlp.up_proj"": -9.0, ""self_attn.k_proj"": -1.0, ""self_attn.o_proj"": -7.0, ""self_attn.q_proj"": -3.0, ""self_attn.v_proj"": -5.0}","{""mlp.down_proj"": 0.0036385688295936932, ""mlp.gate_proj"": 0.015904572564612324, ""mlp.up_proj"": 0.005913272010512484, ""self_attn.k_proj"": 0.008130081300813009, ""self_attn.o_proj"": 0.007209062821833162, ""self_attn.q_proj"": 0.014285714285714285, ""self_attn.v_proj"": 0.012376237623762377}",-0.0006284442923430947,-1.8857142857142852,267.79999999999995,False,True
,,80,E_if,E_ifeval,0.05,14,5,equal5_non_qk,True,"mlp.down_proj,mlp.gate_proj,mlp.up_proj,self_attn.o_proj,self_attn.v_proj","self_attn.q_proj,self_attn.k_proj",901.6,921.4,901.6,-19.8,0.027958149580762974,0.021489038419795915,"{""mlp.down_proj"": 1632.0, ""mlp.gate_proj"": 328.0, ""mlp.up_proj"": 1208.0, ""self_attn.o_proj"": 868.0, ""self_attn.v_proj"": 571.0}","{""mlp.down_proj"": 1609.0, ""mlp.gate_proj"": 306.0, ""mlp.up_proj"": 1184.0, ""self_attn.o_proj"": 845.0, ""self_attn.v_proj"": 564.0}","{""mlp.down_proj"": -23.0, ""mlp.gate_proj"": -22.0, ""mlp.up_proj"": -24.0, ""self_attn.o_proj"": -23.0, ""self_attn.v_proj"": -7.0}","{""mlp.down_proj"": 0.014093137254901961, ""mlp.gate_proj"": 0.06707317073170732, ""mlp.up_proj"": 0.019867549668874173, ""self_attn.o_proj"": 0.026497695852534562, ""self_attn.v_proj"": 0.012259194395796848}",0.011553040644496717,0.016405108936266257,7,equal7,True,"mlp.down_proj,mlp.gate_proj,mlp.up_proj,self_attn.k_proj,self_attn.o_proj,self_attn.q_proj,self_attn.v_proj",,676.5714285714286,691.4285714285714,676.5714285714286,-14.857142857142858,0.026060161913049027,0.02148760330578517,"{""mlp.down_proj"": 1632.0, ""mlp.gate_proj"": 328.0, ""mlp.up_proj"": 1208.0, ""self_attn.k_proj"": 98.0, ""self_attn.o_proj"": 868.0, ""self_attn.q_proj"": 135.0, ""self_attn.v_proj"": 571.0}","{""mlp.down_proj"": 1609.0, ""mlp.gate_proj"": 306.0, ""mlp.up_proj"": 1184.0, ""self_attn.k_proj"": 96.0, ""self_attn.o_proj"": 845.0, ""self_attn.q_proj"": 132.0, ""self_attn.v_proj"": 564.0}","{""mlp.down_proj"": -23.0, ""mlp.gate_proj"": -22.0, ""mlp.up_proj"": -24.0, ""self_attn.k_proj"": -2.0, ""self_attn.o_proj"": -23.0, ""self_attn.q_proj"": -3.0, ""self_attn.v_proj"": -7.0}","{""mlp.down_proj"": 0.014093137254901961, ""mlp.gate_proj"": 0.06707317073170732, ""mlp.up_proj"": 0.019867549668874173, ""self_attn.k_proj"": 0.02040816326530612, ""self_attn.o_proj"": 0.026497695852534562, ""self_attn.q_proj"": 0.022222222222222223, ""self_attn.v_proj"": 0.012259194395796848}",0.001897987667713947,-4.942857142857143,225.02857142857147,False,True
,,80,E_if,E_ifeval,0.05,18,5,equal5_non_qk,True,"mlp.down_proj,mlp.gate_proj,mlp.up_proj,self_attn.o_proj,self_attn.v_proj","self_attn.q_proj,self_attn.k_proj",774.4,782.4,774.4,-8.0,0.012314410729244874,0.010224948875255624,"{""mlp.down_proj"": 1274.0, ""mlp.gate_proj"": 584.0, ""mlp.up_proj"": 1128.0, ""self_attn.o_proj"": 673.0, ""self_attn.v_proj"": 253.0}","{""mlp.down_proj"": 1267.0, ""mlp.gate_proj"": 570.0, ""mlp.up_proj"": 1118.0, ""self_attn.o_proj"": 668.0, ""self_attn.v_proj"": 249.0}","{""mlp.down_proj"": -7.0, ""mlp.gate_proj"": -14.0, ""mlp.up_proj"": -10.0, ""self_attn.o_proj"": -5.0, ""self_attn.v_proj"": -4.0}","{""mlp.down_proj"": 0.005494505494505495, ""mlp.gate_proj"": 0.023972602739726026, ""mlp.up_proj"": 0.008865248226950355, ""self_attn.o_proj"": 0.007429420505200594, ""self_attn.v_proj"": 0.015810276679841896}",0.007659115586824429,0.0046552951424204455,7,equal7,True,"mlp.down_proj,mlp.gate_proj,mlp.up_proj,self_attn.k_proj,self_attn.o_proj,self_attn.q_proj,self_attn.v_proj",,570.1428571428571,576.0,570.1428571428571,-5.857142857142857,0.01083682399027695,0.01016865079365085,"{""mlp.down_proj"": 1274.0, ""mlp.gate_proj"": 584.0, ""mlp.up_proj"": 1128.0, ""self_attn.k_proj"": 50.0, ""self_attn.o_proj"": 673.0, ""self_attn.q_proj"": 70.0, ""self_attn.v_proj"": 253.0}","{""mlp.down_proj"": 1267.0, ""mlp.gate_proj"": 570.0, ""mlp.up_proj"": 1118.0, ""self_attn.k_proj"": 50.0, ""self_attn.o_proj"": 668.0, ""self_attn.q_proj"": 69.0, ""self_attn.v_proj"": 249.0}","{""mlp.down_proj"": -7.0, ""mlp.gate_proj"": -14.0, ""mlp.up_proj"": -10.0, ""self_attn.k_proj"": 0.0, ""self_attn.o_proj"": -5.0, ""self_attn.q_proj"": -1.0, ""self_attn.v_proj"": -4.0}","{""mlp.down_proj"": 0.005494505494505495, ""mlp.gate_proj"": 0.023972602739726026, ""mlp.up_proj"": 0.008865248226950355, ""self_attn.k_proj"": 0.0, ""self_attn.o_proj"": 0.007429420505200594, ""self_attn.q_proj"": 0.014285714285714285, ""self_attn.v_proj"": 0.015810276679841896}",0.0014775867389679245,-2.1428571428571432,204.25714285714287,False,True
,,80,E_if,E_ifeval,0.1,14,5,equal5_non_qk,True,"mlp.down_proj,mlp.gate_proj,mlp.up_proj,self_attn.o_proj,self_attn.v_proj","self_attn.q_proj,self_attn.k_proj",577.0,592.8,577.0,-15.8,0.03834098774748361,0.02665317139001342,"{""mlp.down_proj"": 1166.0, ""mlp.gate_proj"": 96.0, ""mlp.up_proj"": 722.0, ""self_attn.o_proj"": 572.0, ""self_attn.v_proj"": 408.0}","{""mlp.down_proj"": 1142.0, ""mlp.gate_proj"": 87.0, ""mlp.up_proj"": 702.0, ""self_attn.o_proj"": 552.0, ""self_attn.v_proj"": 402.0}","{""mlp.down_proj"": -24.0, ""mlp.gate_proj"": -9.0, ""mlp.up_proj"": -20.0, ""self_attn.o_proj"": -20.0, ""self_attn.v_proj"": -6.0}","{""mlp.down_proj"": 0.02058319039451115, ""mlp.gate_proj"": 0.09375, ""mlp.up_proj"": 0.027700831024930747, ""self_attn.o_proj"": 0.03496503496503497, ""self_attn.v_proj"": 0.014705882352941176}",0.016146696511532138,0.02219429123595147,7,equal7,True,"mlp.down_proj,mlp.gate_proj,mlp.up_proj,self_attn.k_proj,self_attn.o_proj,self_attn.q_proj,self_attn.v_proj",,424.14285714285717,435.7142857142857,424.14285714285717,-11.571428571428571,0.03403453361060208,0.02655737704918029,"{""mlp.down_proj"": 1166.0, ""mlp.gate_proj"": 96.0, ""mlp.up_proj"": 722.0, ""self_attn.k_proj"": 42.0, ""self_attn.o_proj"": 572.0, ""self_attn.q_proj"": 44.0, ""self_attn.v_proj"": 408.0}","{""mlp.down_proj"": 1142.0, ""mlp.gate_proj"": 87.0, ""mlp.up_proj"": 702.0, ""self_attn.k_proj"": 41.0, ""self_attn.o_proj"": 552.0, ""self_attn.q_proj"": 43.0, ""self_attn.v_proj"": 402.0}","{""mlp.down_proj"": -24.0, ""mlp.gate_proj"": -9.0, ""mlp.up_proj"": -20.0, ""self_attn.k_proj"": -1.0, ""self_attn.o_proj"": -20.0, ""self_attn.q_proj"": -1.0, ""self_attn.v_proj"": -6.0}","{""mlp.down_proj"": 0.02058319039451115, ""mlp.gate_proj"": 0.09375, ""mlp.up_proj"": 0.027700831024930747, ""self_attn.k_proj"": 0.023809523809523808, ""self_attn.o_proj"": 0.03496503496503497, ""self_attn.q_proj"": 0.022727272727272728, ""self_attn.v_proj"": 0.014705882352941176}",0.004306454136881528,-4.2285714285714295,152.85714285714283,False,True
,,80,E_if,E_ifeval,0.1,18,5,equal5_non_qk,True,"mlp.down_proj,mlp.gate_proj,mlp.up_proj,self_attn.o_proj,self_attn.v_proj","self_attn.q_proj,self_attn.k_proj",446.8,453.4,446.8,-6.6,0.019899330277911347,0.014556682840758638,"{""mlp.down_proj"": 839.0, ""mlp.gate_proj"": 228.0, ""mlp.up_proj"": 696.0, ""self_attn.o_proj"": 388.0, ""self_attn.v_proj"": 116.0}","{""mlp.down_proj"": 832.0, ""mlp.gate_proj"": 219.0, ""mlp.up_proj"": 687.0, ""self_attn.o_proj"": 383.0, ""self_attn.v_proj"": 113.0}","{""mlp.down_proj"": -7.0, ""mlp.gate_proj"": -9.0, ""mlp.up_proj"": -9.0, ""self_attn.o_proj"": -5.0, ""self_attn.v_proj"": -3.0}","{""mlp.down_proj"": 0.00834326579261025, ""mlp.gate_proj"": 0.039473684210526314, ""mlp.up_proj"": 0.01293103448275862, ""self_attn.o_proj"": 0.01288659793814433, ""self_attn.v_proj"": 0.02586206896551724}",0.01143307446678831,0.008466255811123036,7,equal7,True,"mlp.down_proj,mlp.gate_proj,mlp.up_proj,self_attn.k_proj,self_attn.o_proj,self_attn.q_proj,self_attn.v_proj",,322.85714285714283,327.7142857142857,322.85714285714283,-4.857142857142857,0.02314237876993668,0.014821272885789114,"{""mlp.down_proj"": 839.0, ""mlp.gate_proj"": 228.0, ""mlp.up_proj"": 696.0, ""self_attn.k_proj"": 16.0, ""self_attn.o_proj"": 388.0, ""self_attn.q_proj"": 11.0, ""self_attn.v_proj"": 116.0}","{""mlp.down_proj"": 832.0, ""mlp.gate_proj"": 219.0, ""mlp.up_proj"": 687.0, ""self_attn.k_proj"": 15.0, ""self_attn.o_proj"": 383.0, ""self_attn.q_proj"": 11.0, ""self_attn.v_proj"": 113.0}","{""mlp.down_proj"": -7.0, ""mlp.gate_proj"": -9.0, ""mlp.up_proj"": -9.0, ""self_attn.k_proj"": -1.0, ""self_attn.o_proj"": -5.0, ""self_attn.q_proj"": 0.0, ""self_attn.v_proj"": -3.0}","{""mlp.down_proj"": 0.00834326579261025, ""mlp.gate_proj"": 0.039473684210526314, ""mlp.up_proj"": 0.01293103448275862, ""self_attn.k_proj"": 0.0625, ""self_attn.o_proj"": 0.01288659793814433, ""self_attn.q_proj"": 0.0, ""self_attn.v_proj"": 0.02586206896551724}",-0.003243048492025332,-1.7428571428571429,123.94285714285718,False,True
,,80,E_math,E_mathHeld,0.01,14,5,equal5_non_qk,True,"mlp.down_proj,mlp.gate_proj,mlp.up_proj,self_attn.o_proj,self_attn.v_proj","self_attn.q_proj,self_attn.k_proj",849.2,862.0,849.2,-12.8,0.016561190854293275,0.01484918793503475,"{""mlp.down_proj"": 1191.0, ""mlp.gate_proj"": 588.0, ""mlp.up_proj"": 1024.0, ""self_attn.o_proj"": 848.0, ""self_attn.v_proj"": 659.0}","{""mlp.down_proj"": 1181.0, ""mlp.gate_proj"": 566.0, ""mlp.up_proj"": 1012.0, ""self_attn.o_proj"": 833.0, ""self_attn.v_proj"": 654.0}","{""mlp.down_proj"": -10.0, ""mlp.gate_proj"": -22.0, ""mlp.up_proj"": -12.0, ""self_attn.o_proj"": -15.0, ""self_attn.v_proj"": -5.0}","{""mlp.down_proj"": 0.008396305625524769, ""mlp.gate_proj"": 0.03741496598639456, ""mlp.up_proj"": 0.01171875, ""self_attn.o_proj"": 0.01768867924528302, ""self_attn.v_proj"": 0.007587253414264037}",0.0053551041623338316,0.011206086691959443,7,equal7,True,"mlp.down_proj,mlp.gate_proj,mlp.up_proj,self_attn.k_proj,self_attn.o_proj,self_attn.q_proj,self_attn.v_proj",,698.7142857142857,709.1428571428571,698.7142857142857,-10.428571428571429,0.015651152417161394,0.0147058823529412,"{""mlp.down_proj"": 1191.0, ""mlp.gate_proj"": 588.0, ""mlp.up_proj"": 1024.0, ""self_attn.k_proj"": 263.0, ""self_attn.o_proj"": 848.0, ""self_attn.q_proj"": 391.0, ""self_attn.v_proj"": 659.0}","{""mlp.down_proj"": 1181.0, ""mlp.gate_proj"": 566.0, ""mlp.up_proj"": 1012.0, ""self_attn.k_proj"": 260.0, ""self_attn.o_proj"": 833.0, ""self_attn.q_proj"": 385.0, ""self_attn.v_proj"": 654.0}","{""mlp.down_proj"": -10.0, ""mlp.gate_proj"": -22.0, ""mlp.up_proj"": -12.0, ""self_attn.k_proj"": -3.0, ""self_attn.o_proj"": -15.0, ""self_attn.q_proj"": -6.0, ""self_attn.v_proj"": -5.0}","{""mlp.down_proj"": 0.008396305625524769, ""mlp.gate_proj"": 0.03741496598639456, ""mlp.up_proj"": 0.01171875, ""self_attn.k_proj"": 0.011406844106463879, ""self_attn.o_proj"": 0.01768867924528302, ""self_attn.q_proj"": 0.015345268542199489, ""self_attn.v_proj"": 0.007587253414264037}",0.0009100384371318812,-2.371428571428572,150.48571428571438,False,True
,,80,E_math,E_mathHeld,0.01,18,5,equal5_non_qk,True,"mlp.down_proj,mlp.gate_proj,mlp.up_proj,self_attn.o_proj,self_attn.v_proj","self_attn.q_proj,self_attn.k_proj",892.0,893.0,892.0,-1.0,0.0014412069701173074,0.0011198208286674132,"{""mlp.down_proj"": 1195.0, ""mlp.gate_proj"": 912.0, ""mlp.up_proj"": 1080.0, ""self_attn.o_proj"": 776.0, ""self_attn.v_proj"": 502.0}","{""mlp.down_proj"": 1194.0, ""mlp.gate_proj"": 911.0, ""mlp.up_proj"": 1080.0, ""self_attn.o_proj"": 775.0, ""self_attn.v_proj"": 500.0}","{""mlp.down_proj"": -1.0, ""mlp.gate_proj"": -1.0, ""mlp.up_proj"": 0.0, ""self_attn.o_proj"": -1.0, ""self_attn.v_proj"": -2.0}","{""mlp.down_proj"": 0.0008368200836820083, ""mlp.gate_proj"": 0.0010964912280701754, ""mlp.up_proj"": 0.0, ""self_attn.o_proj"": 0.001288659793814433, ""self_attn.v_proj"": 0.00398406374501992}",0.003104208700631139,-0.0016630017305138314,7,equal7,True,"mlp.down_proj,mlp.gate_proj,mlp.up_proj,self_attn.k_proj,self_attn.o_proj,self_attn.q_proj,self_attn.v_proj",,731.7142857142857,733.2857142857143,731.7142857142857,-1.5714285714285714,0.0035406718205882428,0.0021429962984610717,"{""mlp.down_proj"": 1195.0, ""mlp.gate_proj"": 912.0, ""mlp.up_proj"": 1080.0, ""self_attn.k_proj"": 249.0, ""self_attn.o_proj"": 776.0, ""self_attn.q_proj"": 419.0, ""self_attn.v_proj"": 502.0}","{""mlp.down_proj"": 1194.0, ""mlp.gate_proj"": 911.0, ""mlp.up_proj"": 1080.0, ""self_attn.k_proj"": 247.0, ""self_attn.o_proj"": 775.0, ""self_attn.q_proj"": 415.0, ""self_attn.v_proj"": 500.0}","{""mlp.down_proj"": -1.0, ""mlp.gate_proj"": -1.0, ""mlp.up_proj"": 0.0, ""self_attn.k_proj"": -2.0, ""self_attn.o_proj"": -1.0, ""self_attn.q_proj"": -4.0, ""self_attn.v_proj"": -2.0}","{""mlp.down_proj"": 0.0008368200836820083, ""mlp.gate_proj"": 0.0010964912280701754, ""mlp.up_proj"": 0.0, ""self_attn.k_proj"": 0.008032128514056224, ""self_attn.o_proj"": 0.001288659793814433, ""self_attn.q_proj"": 0.00954653937947494, ""self_attn.v_proj"": 0.00398406374501992}",-0.0020994648504709355,0.5714285714285714,160.28571428571433,False,True
,,80,E_math,E_mathHeld,0.025,14,5,equal5_non_qk,True,"mlp.down_proj,mlp.gate_proj,mlp.up_proj,self_attn.o_proj,self_attn.v_proj","self_attn.q_proj,self_attn.k_proj",614.6,627.4,614.6,-12.8,0.02439923003285068,0.020401657634682747,"{""mlp.down_proj"": 928.0, ""mlp.gate_proj"": 322.0, ""mlp.up_proj"": 752.0, ""self_attn.o_proj"": 618.0, ""self_attn.v_proj"": 517.0}","{""mlp.down_proj"": 916.0, ""mlp.gate_proj"": 304.0, ""mlp.up_proj"": 739.0, ""self_attn.o_proj"": 603.0, ""self_attn.v_proj"": 511.0}","{""mlp.down_proj"": -12.0, ""mlp.gate_proj"": -18.0, ""mlp.up_proj"": -13.0, ""self_attn.o_proj"": -15.0, ""self_attn.v_proj"": -6.0}","{""mlp.down_proj"": 0.01293103448275862, ""mlp.gate_proj"": 0.055900621118012424, ""mlp.up_proj"": 0.017287234042553192, ""self_attn.o_proj"": 0.024271844660194174, ""self_attn.v_proj"": 0.01160541586073501}",0.00808477442370511,0.016314455609145573,7,equal7,True,"mlp.down_proj,mlp.gate_proj,mlp.up_proj,self_attn.k_proj,self_attn.o_proj,self_attn.q_proj,self_attn.v_proj",,489.14285714285717,499.2857142857143,489.14285714285717,-10.142857142857142,0.02276684929086404,0.0203147353361945,"{""mlp.down_proj"": 928.0, ""mlp.gate_proj"": 322.0, ""mlp.up_proj"": 752.0, ""self_attn.k_proj"": 150.0, ""self_attn.o_proj"": 618.0, ""self_attn.q_proj"": 208.0, ""self_attn.v_proj"": 517.0}","{""mlp.down_proj"": 916.0, ""mlp.gate_proj"": 304.0, ""mlp.up_proj"": 739.0, ""self_attn.k_proj"": 148.0, ""self_attn.o_proj"": 603.0, ""self_attn.q_proj"": 203.0, ""self_attn.v_proj"": 511.0}","{""mlp.down_proj"": -12.0, ""mlp.gate_proj"": -18.0, ""mlp.up_proj"": -13.0, ""self_attn.k_proj"": -2.0, ""self_attn.o_proj"": -15.0, ""self_attn.q_proj"": -5.0, ""self_attn.v_proj"": -6.0}","{""mlp.down_proj"": 0.01293103448275862, ""mlp.gate_proj"": 0.055900621118012424, ""mlp.up_proj"": 0.017287234042553192, ""self_attn.k_proj"": 0.013333333333333334, ""self_attn.o_proj"": 0.024271844660194174, ""self_attn.q_proj"": 0.02403846153846154, ""self_attn.v_proj"": 0.01160541586073501}",0.0016323807419866415,-2.6571428571428584,125.45714285714286,False,True
,,80,E_math,E_mathHeld,0.025,18,5,equal5_non_qk,True,"mlp.down_proj,mlp.gate_proj,mlp.up_proj,self_attn.o_proj,self_attn.v_proj","self_attn.q_proj,self_attn.k_proj",660.0,661.4,660.0,-1.4,0.0028049418652866926,0.0021167221046265155,"{""mlp.down_proj"": 945.0, ""mlp.gate_proj"": 638.0, ""mlp.up_proj"": 822.0, ""self_attn.o_proj"": 550.0, ""self_attn.v_proj"": 352.0}","{""mlp.down_proj"": 943.0, ""mlp.gate_proj"": 637.0, ""mlp.up_proj"": 822.0, ""self_attn.o_proj"": 549.0, ""self_attn.v_proj"": 349.0}","{""mlp.down_proj"": -2.0, ""mlp.gate_proj"": -1.0, ""mlp.up_proj"": 0.0, ""self_attn.o_proj"": -1.0, ""self_attn.v_proj"": -3.0}","{""mlp.down_proj"": 0.0021164021164021165, ""mlp.gate_proj"": 0.001567398119122257, ""mlp.up_proj"": 0.0, ""self_attn.o_proj"": 0.0018181818181818182, ""self_attn.v_proj"": 0.008522727272727272}",0.005116761343223317,-0.0023118194779366244,7,equal7,True,"mlp.down_proj,mlp.gate_proj,mlp.up_proj,self_attn.k_proj,self_attn.o_proj,self_attn.q_proj,self_attn.v_proj",,519.1428571428571,520.7142857142857,519.1428571428571,-1.5714285714285714,0.005158880094166831,0.0030178326474622464,"{""mlp.down_proj"": 945.0, ""mlp.gate_proj"": 638.0, ""mlp.up_proj"": 822.0, ""self_attn.k_proj"": 126.0, ""self_attn.o_proj"": 550.0, ""self_attn.q_proj"": 212.0, ""self_attn.v_proj"": 352.0}","{""mlp.down_proj"": 943.0, ""mlp.gate_proj"": 637.0, ""mlp.up_proj"": 822.0, ""self_attn.k_proj"": 125.0, ""self_attn.o_proj"": 549.0, ""self_attn.q_proj"": 209.0, ""self_attn.v_proj"": 349.0}","{""mlp.down_proj"": -2.0, ""mlp.gate_proj"": -1.0, ""mlp.up_proj"": 0.0, ""self_attn.k_proj"": -1.0, ""self_attn.o_proj"": -1.0, ""self_attn.q_proj"": -3.0, ""self_attn.v_proj"": -3.0}","{""mlp.down_proj"": 0.0021164021164021165, ""mlp.gate_proj"": 0.001567398119122257, ""mlp.up_proj"": 0.0, ""self_attn.k_proj"": 0.007936507936507936, ""self_attn.o_proj"": 0.0018181818181818182, ""self_attn.q_proj"": 0.014150943396226415, ""self_attn.v_proj"": 0.008522727272727272}",-0.0023539382288801382,0.17142857142857149,140.8571428571429,False,True
,,80,E_math,E_mathHeld,0.05,14,5,equal5_non_qk,True,"mlp.down_proj,mlp.gate_proj,mlp.up_proj,self_attn.o_proj,self_attn.v_proj","self_attn.q_proj,self_attn.k_proj",438.6,449.6,438.6,-11.0,0.03278259799643458,0.024466192170818503,"{""mlp.down_proj"": 711.0, ""mlp.gate_proj"": 158.0, ""mlp.up_proj"": 535.0, ""self_attn.o_proj"": 447.0, ""self_attn.v_proj"": 397.0}","{""mlp.down_proj"": 699.0, ""mlp.gate_proj"": 145.0, ""mlp.up_proj"": 524.0, ""self_attn.o_proj"": 434.0, ""self_attn.v_proj"": 391.0}","{""mlp.down_proj"": -12.0, ""mlp.gate_proj"": -13.0, ""mlp.up_proj"": -11.0, ""self_attn.o_proj"": -13.0, ""self_attn.v_proj"": -6.0}","{""mlp.down_proj"": 0.016877637130801686, ""mlp.gate_proj"": 0.08227848101265822, ""mlp.up_proj"": 0.020560747663551402, ""self_attn.o_proj"": 0.029082774049217, ""self_attn.v_proj"": 0.015113350125944584}",0.011553040644496717,0.02122955735193786,7,equal7,True,"mlp.down_proj,mlp.gate_proj,mlp.up_proj,self_attn.k_proj,self_attn.o_proj,self_attn.q_proj,self_attn.v_proj",,339.2857142857143,347.85714285714283,339.2857142857143,-8.571428571428571,0.03097838962627567,0.024640657084188868,"{""mlp.down_proj"": 711.0, ""mlp.gate_proj"": 158.0, ""mlp.up_proj"": 535.0, ""self_attn.k_proj"": 84.0, ""self_attn.o_proj"": 447.0, ""self_attn.q_proj"": 103.0, ""self_attn.v_proj"": 397.0}","{""mlp.down_proj"": 699.0, ""mlp.gate_proj"": 145.0, ""mlp.up_proj"": 524.0, ""self_attn.k_proj"": 82.0, ""self_attn.o_proj"": 434.0, ""self_attn.q_proj"": 100.0, ""self_attn.v_proj"": 391.0}","{""mlp.down_proj"": -12.0, ""mlp.gate_proj"": -13.0, ""mlp.up_proj"": -11.0, ""self_attn.k_proj"": -2.0, ""self_attn.o_proj"": -13.0, ""self_attn.q_proj"": -3.0, ""self_attn.v_proj"": -6.0}","{""mlp.down_proj"": 0.016877637130801686, ""mlp.gate_proj"": 0.08227848101265822, ""mlp.up_proj"": 0.020560747663551402, ""self_attn.k_proj"": 0.023809523809523808, ""self_attn.o_proj"": 0.029082774049217, ""self_attn.q_proj"": 0.02912621359223301, ""self_attn.v_proj"": 0.015113350125944584}",0.0018042083701589086,-2.428571428571429,99.31428571428575,False,True
,,80,E_math,E_mathHeld,0.05,18,5,equal5_non_qk,True,"mlp.down_proj,mlp.gate_proj,mlp.up_proj,self_attn.o_proj,self_attn.v_proj","self_attn.q_proj,self_attn.k_proj",476.6,478.2,476.6,-1.6,0.004589967201339163,0.003345880384776173,"{""mlp.down_proj"": 733.0, ""mlp.gate_proj"": 427.0, ""mlp.up_proj"": 610.0, ""self_attn.o_proj"": 384.0, ""self_attn.v_proj"": 237.0}","{""mlp.down_proj"": 732.0, ""mlp.gate_proj"": 425.0, ""mlp.up_proj"": 609.0, ""self_attn.o_proj"": 383.0, ""self_attn.v_proj"": 234.0}","{""mlp.down_proj"": -1.0, ""mlp.gate_proj"": -2.0, ""mlp.up_proj"": -1.0, ""self_attn.o_proj"": -1.0, ""self_attn.v_proj"": -3.0}","{""mlp.down_proj"": 0.001364256480218281, ""mlp.gate_proj"": 0.00468384074941452, ""mlp.up_proj"": 0.001639344262295082, ""self_attn.o_proj"": 0.0026041666666666665, ""self_attn.v_proj"": 0.012658227848101266}",0.007659115586824429,-0.003069148385485266,7,equal7,True,"mlp.down_proj,mlp.gate_proj,mlp.up_proj,self_attn.k_proj,self_attn.o_proj,self_attn.q_proj,self_attn.v_proj",,361.42857142857144,363.0,361.42857142857144,-1.5714285714285714,0.008857010285700663,0.004329004329004284,"{""mlp.down_proj"": 733.0, ""mlp.gate_proj"": 427.0, ""mlp.up_proj"": 610.0, ""self_attn.k_proj"": 57.0, ""self_attn.o_proj"": 384.0, ""self_attn.q_proj"": 93.0, ""self_attn.v_proj"": 237.0}","{""mlp.down_proj"": 732.0, ""mlp.gate_proj"": 425.0, ""mlp.up_proj"": 609.0, ""self_attn.k_proj"": 56.0, ""self_attn.o_proj"": 383.0, ""self_attn.q_proj"": 91.0, ""self_attn.v_proj"": 234.0}","{""mlp.down_proj"": -1.0, ""mlp.gate_proj"": -2.0, ""mlp.up_proj"": -1.0, ""self_attn.k_proj"": -1.0, ""self_attn.o_proj"": -1.0, ""self_attn.q_proj"": -2.0, ""self_attn.v_proj"": -3.0}","{""mlp.down_proj"": 0.001364256480218281, ""mlp.gate_proj"": 0.00468384074941452, ""mlp.up_proj"": 0.001639344262295082, ""self_attn.k_proj"": 0.017543859649122806, ""self_attn.o_proj"": 0.0026041666666666665, ""self_attn.q_proj"": 0.021505376344086023, ""self_attn.v_proj"": 0.012658227848101266}",-0.0042670430843615,-0.028571428571428692,115.17142857142858,False,True
,,80,E_math,E_mathHeld,0.1,14,5,equal5_non_qk,True,"mlp.down_proj,mlp.gate_proj,mlp.up_proj,self_attn.o_proj,self_attn.v_proj","self_attn.q_proj,self_attn.k_proj",276.8,285.2,276.8,-8.4,0.04578570622652636,0.02945301542776991,"{""mlp.down_proj"": 489.0, ""mlp.gate_proj"": 49.0, ""mlp.up_proj"": 326.0, ""self_attn.o_proj"": 289.0, ""self_attn.v_proj"": 273.0}","{""mlp.down_proj"": 478.0, ""mlp.gate_proj"": 43.0, ""mlp.up_proj"": 317.0, ""self_attn.o_proj"": 278.0, ""self_attn.v_proj"": 268.0}","{""mlp.down_proj"": -11.0, ""mlp.gate_proj"": -6.0, ""mlp.up_proj"": -9.0, ""self_attn.o_proj"": -11.0, ""self_attn.v_proj"": -5.0}","{""mlp.down_proj"": 0.022494887525562373, ""mlp.gate_proj"": 0.12244897959183673, ""mlp.up_proj"": 0.027607361963190184, ""self_attn.o_proj"": 0.03806228373702422, ""self_attn.v_proj"": 0.018315018315018316}",0.016146696511532138,0.029639009714994224,7,equal7,True,"mlp.down_proj,mlp.gate_proj,mlp.up_proj,self_attn.k_proj,self_attn.o_proj,self_attn.q_proj,self_attn.v_proj",,208.28571428571428,214.57142857142858,208.28571428571428,-6.285714285714286,0.040222872868571465,0.029294274300932184,"{""mlp.down_proj"": 489.0, ""mlp.gate_proj"": 49.0, ""mlp.up_proj"": 326.0, ""self_attn.k_proj"": 38.0, ""self_attn.o_proj"": 289.0, ""self_attn.q_proj"": 38.0, ""self_attn.v_proj"": 273.0}","{""mlp.down_proj"": 478.0, ""mlp.gate_proj"": 43.0, ""mlp.up_proj"": 317.0, ""self_attn.k_proj"": 37.0, ""self_attn.o_proj"": 278.0, ""self_attn.q_proj"": 37.0, ""self_attn.v_proj"": 268.0}","{""mlp.down_proj"": -11.0, ""mlp.gate_proj"": -6.0, ""mlp.up_proj"": -9.0, ""self_attn.k_proj"": -1.0, ""self_attn.o_proj"": -11.0, ""self_attn.q_proj"": -1.0, ""self_attn.v_proj"": -5.0}","{""mlp.down_proj"": 0.022494887525562373, ""mlp.gate_proj"": 0.12244897959183673, ""mlp.up_proj"": 0.027607361963190184, ""self_attn.k_proj"": 0.02631578947368421, ""self_attn.o_proj"": 0.03806228373702422, ""self_attn.q_proj"": 0.02631578947368421, ""self_attn.v_proj"": 0.018315018315018316}",0.005562833357954898,-2.1142857142857148,68.51428571428573,False,True
,,80,E_math,E_mathHeld,0.1,18,5,equal5_non_qk,True,"mlp.down_proj,mlp.gate_proj,mlp.up_proj,self_attn.o_proj,self_attn.v_proj","self_attn.q_proj,self_attn.k_proj",298.6,300.2,298.6,-1.6,0.006951222036496484,0.0053297801465688405,"{""mlp.down_proj"": 510.0, ""mlp.gate_proj"": 232.0, ""mlp.up_proj"": 397.0, ""self_attn.o_proj"": 232.0, ""self_attn.v_proj"": 130.0}","{""mlp.down_proj"": 508.0, ""mlp.gate_proj"": 230.0, ""mlp.up_proj"": 396.0, ""self_attn.o_proj"": 231.0, ""self_attn.v_proj"": 128.0}","{""mlp.down_proj"": -2.0, ""mlp.gate_proj"": -2.0, ""mlp.up_proj"": -1.0, ""self_attn.o_proj"": -1.0, ""self_attn.v_proj"": -2.0}","{""mlp.down_proj"": 0.00392156862745098, ""mlp.gate_proj"": 0.008620689655172414, ""mlp.up_proj"": 0.0025188916876574307, ""self_attn.o_proj"": 0.004310344827586207, ""self_attn.v_proj"": 0.015384615384615385}",0.01143307446678831,-0.004481852430291827,7,equal7,True,"mlp.down_proj,mlp.gate_proj,mlp.up_proj,self_attn.k_proj,self_attn.o_proj,self_attn.q_proj,self_attn.v_proj",,218.85714285714286,220.14285714285714,218.85714285714286,-1.2857142857142858,0.01145866509100398,0.005840363400389321,"{""mlp.down_proj"": 510.0, ""mlp.gate_proj"": 232.0, ""mlp.up_proj"": 397.0, ""self_attn.k_proj"": 18.0, ""self_attn.o_proj"": 232.0, ""self_attn.q_proj"": 22.0, ""self_attn.v_proj"": 130.0}","{""mlp.down_proj"": 508.0, ""mlp.gate_proj"": 230.0, ""mlp.up_proj"": 396.0, ""self_attn.k_proj"": 18.0, ""self_attn.o_proj"": 231.0, ""self_attn.q_proj"": 21.0, ""self_attn.v_proj"": 128.0}","{""mlp.down_proj"": -2.0, ""mlp.gate_proj"": -2.0, ""mlp.up_proj"": -1.0, ""self_attn.k_proj"": 0.0, ""self_attn.o_proj"": -1.0, ""self_attn.q_proj"": -1.0, ""self_attn.v_proj"": -2.0}","{""mlp.down_proj"": 0.00392156862745098, ""mlp.gate_proj"": 0.008620689655172414, ""mlp.up_proj"": 0.0025188916876574307, ""self_attn.k_proj"": 0.0, ""self_attn.o_proj"": 0.004310344827586207, ""self_attn.q_proj"": 0.045454545454545456, ""self_attn.v_proj"": 0.015384615384615385}",-0.0045074430545074965,-0.3142857142857143,79.74285714285716,False,True
,,80,E_math_hard_v2,E_AIME24,0.01,14,5,equal5_non_qk,True,"mlp.down_proj,mlp.gate_proj,mlp.up_proj,self_attn.o_proj,self_attn.v_proj","self_attn.q_proj,self_attn.k_proj",1214.6,1236.2,1214.6,-21.6,0.019389219137970114,0.017472900825109314,"{""mlp.down_proj"": 1802.0, ""mlp.gate_proj"": 877.0, ""mlp.up_proj"": 1561.0, ""self_attn.o_proj"": 1177.0, ""self_attn.v_proj"": 764.0}","{""mlp.down_proj"": 1784.0, ""mlp.gate_proj"": 836.0, ""mlp.up_proj"": 1541.0, ""self_attn.o_proj"": 1154.0, ""self_attn.v_proj"": 758.0}","{""mlp.down_proj"": -18.0, ""mlp.gate_proj"": -41.0, ""mlp.up_proj"": -20.0, ""self_attn.o_proj"": -23.0, ""self_attn.v_proj"": -6.0}","{""mlp.down_proj"": 0.009988901220865706, ""mlp.gate_proj"": 0.046750285062713795, ""mlp.up_proj"": 0.012812299807815503, ""self_attn.o_proj"": 0.01954120645709431, ""self_attn.v_proj"": 0.007853403141361256}",0.0053551041623338316,0.014034114975636282,7,equal7,True,"mlp.down_proj,mlp.gate_proj,mlp.up_proj,self_attn.k_proj,self_attn.o_proj,self_attn.q_proj,self_attn.v_proj",,976.7142857142857,994.0,976.7142857142857,-17.285714285714285,0.018632297222522,0.0173900546133947,"{""mlp.down_proj"": 1802.0, ""mlp.gate_proj"": 877.0, ""mlp.up_proj"": 1561.0, ""self_attn.k_proj"": 298.0, ""self_attn.o_proj"": 1177.0, ""self_attn.q_proj"": 479.0, ""self_attn.v_proj"": 764.0}","{""mlp.down_proj"": 1784.0, ""mlp.gate_proj"": 836.0, ""mlp.up_proj"": 1541.0, ""self_attn.k_proj"": 293.0, ""self_attn.o_proj"": 1154.0, ""self_attn.q_proj"": 471.0, ""self_attn.v_proj"": 758.0}","{""mlp.down_proj"": -18.0, ""mlp.gate_proj"": -41.0, ""mlp.up_proj"": -20.0, ""self_attn.k_proj"": -5.0, ""self_attn.o_proj"": -23.0, ""self_attn.q_proj"": -8.0, ""self_attn.v_proj"": -6.0}","{""mlp.down_proj"": 0.009988901220865706, ""mlp.gate_proj"": 0.046750285062713795, ""mlp.up_proj"": 0.012812299807815503, ""self_attn.k_proj"": 0.016778523489932886, ""self_attn.o_proj"": 0.01954120645709431, ""self_attn.q_proj"": 0.016701461377870562, ""self_attn.v_proj"": 0.007853403141361256}",0.0007569219154481138,-4.314285714285717,237.88571428571424,False,True
,,80,E_math_hard_v2,E_AIME24,0.01,18,5,equal5_non_qk,True,"mlp.down_proj,mlp.gate_proj,mlp.up_proj,self_attn.o_proj,self_attn.v_proj","self_attn.q_proj,self_attn.k_proj",1269.4,1269.4,1269.4,0.0,0.0004317205022054928,0.0,"{""mlp.down_proj"": 1764.0, ""mlp.gate_proj"": 1286.0, ""mlp.up_proj"": 1539.0, ""self_attn.o_proj"": 1126.0, ""self_attn.v_proj"": 632.0}","{""mlp.down_proj"": 1766.0, ""mlp.gate_proj"": 1285.0, ""mlp.up_proj"": 1540.0, ""self_attn.o_proj"": 1126.0, ""self_attn.v_proj"": 630.0}","{""mlp.down_proj"": 2.0, ""mlp.gate_proj"": -1.0, ""mlp.up_proj"": 1.0, ""self_attn.o_proj"": 0.0, ""self_attn.v_proj"": -2.0}","{""mlp.down_proj"": -0.0011337868480725624, ""mlp.gate_proj"": 0.0007776049766718507, ""mlp.up_proj"": -0.000649772579597141, ""self_attn.o_proj"": 0.0, ""self_attn.v_proj"": 0.0031645569620253164}",0.003104208700631139,-0.002672488198425646,7,equal7,True,"mlp.down_proj,mlp.gate_proj,mlp.up_proj,self_attn.k_proj,self_attn.o_proj,self_attn.q_proj,self_attn.v_proj",,1033.7142857142858,1034.2857142857142,1033.7142857142858,-0.5714285714285714,0.0015032268282985247,0.0005524861878451783,"{""mlp.down_proj"": 1764.0, ""mlp.gate_proj"": 1286.0, ""mlp.up_proj"": 1539.0, ""self_attn.k_proj"": 338.0, ""self_attn.o_proj"": 1126.0, ""self_attn.q_proj"": 555.0, ""self_attn.v_proj"": 632.0}","{""mlp.down_proj"": 1766.0, ""mlp.gate_proj"": 1285.0, ""mlp.up_proj"": 1540.0, ""self_attn.k_proj"": 337.0, ""self_attn.o_proj"": 1126.0, ""self_attn.q_proj"": 552.0, ""self_attn.v_proj"": 630.0}","{""mlp.down_proj"": 2.0, ""mlp.gate_proj"": -1.0, ""mlp.up_proj"": 1.0, ""self_attn.k_proj"": -1.0, ""self_attn.o_proj"": 0.0, ""self_attn.q_proj"": -3.0, ""self_attn.v_proj"": -2.0}","{""mlp.down_proj"": -0.0011337868480725624, ""mlp.gate_proj"": 0.0007776049766718507, ""mlp.up_proj"": -0.000649772579597141, ""self_attn.k_proj"": 0.0029585798816568047, ""self_attn.o_proj"": 0.0, ""self_attn.q_proj"": 0.005405405405405406, ""self_attn.v_proj"": 0.0031645569620253164}",-0.0010715063260930318,0.5714285714285714,235.6857142857143,False,True
,,80,E_math_hard_v2,E_AIME24,0.025,14,5,equal5_non_qk,True,"mlp.down_proj,mlp.gate_proj,mlp.up_proj,self_attn.o_proj,self_attn.v_proj","self_attn.q_proj,self_attn.k_proj",874.6,894.8,874.6,-20.2,0.02752928142101755,0.022574877067501043,"{""mlp.down_proj"": 1392.0, ""mlp.gate_proj"": 470.0, ""mlp.up_proj"": 1129.0, ""self_attn.o_proj"": 863.0, ""self_attn.v_proj"": 620.0}","{""mlp.down_proj"": 1372.0, ""mlp.gate_proj"": 437.0, ""mlp.up_proj"": 1108.0, ""self_attn.o_proj"": 843.0, ""self_attn.v_proj"": 613.0}","{""mlp.down_proj"": -20.0, ""mlp.gate_proj"": -33.0, ""mlp.up_proj"": -21.0, ""self_attn.o_proj"": -20.0, ""self_attn.v_proj"": -7.0}","{""mlp.down_proj"": 0.014367816091954023, ""mlp.gate_proj"": 0.07021276595744681, ""mlp.up_proj"": 0.018600531443755536, ""self_attn.o_proj"": 0.023174971031286212, ""self_attn.v_proj"": 0.01129032258064516}",0.00808477442370511,0.01944450699731244,7,equal7,True,"mlp.down_proj,mlp.gate_proj,mlp.up_proj,self_attn.k_proj,self_attn.o_proj,self_attn.q_proj,self_attn.v_proj",,682.4285714285714,698.2857142857143,682.4285714285714,-15.857142857142858,0.026549453545292943,0.02270867430441903,"{""mlp.down_proj"": 1392.0, ""mlp.gate_proj"": 470.0, ""mlp.up_proj"": 1129.0, ""self_attn.k_proj"": 168.0, ""self_attn.o_proj"": 863.0, ""self_attn.q_proj"": 246.0, ""self_attn.v_proj"": 620.0}","{""mlp.down_proj"": 1372.0, ""mlp.gate_proj"": 437.0, ""mlp.up_proj"": 1108.0, ""self_attn.k_proj"": 164.0, ""self_attn.o_proj"": 843.0, ""self_attn.q_proj"": 240.0, ""self_attn.v_proj"": 613.0}","{""mlp.down_proj"": -20.0, ""mlp.gate_proj"": -33.0, ""mlp.up_proj"": -21.0, ""self_attn.k_proj"": -4.0, ""self_attn.o_proj"": -20.0, ""self_attn.q_proj"": -6.0, ""self_attn.v_proj"": -7.0}","{""mlp.down_proj"": 0.014367816091954023, ""mlp.gate_proj"": 0.07021276595744681, ""mlp.up_proj"": 0.018600531443755536, ""self_attn.k_proj"": 0.023809523809523808, ""self_attn.o_proj"": 0.023174971031286212, ""self_attn.q_proj"": 0.024390243902439025, ""self_attn.v_proj"": 0.01129032258064516}",0.0009798278757246065,-4.342857142857142,192.17142857142858,False,True
,,80,E_math_hard_v2,E_AIME24,0.025,18,5,equal5_non_qk,True,"mlp.down_proj,mlp.gate_proj,mlp.up_proj,self_attn.o_proj,self_attn.v_proj","self_attn.q_proj,self_attn.k_proj",951.8,951.8,951.8,0.0,0.0006205626520819623,0.0,"{""mlp.down_proj"": 1417.0, ""mlp.gate_proj"": 889.0, ""mlp.up_proj"": 1167.0, ""self_attn.o_proj"": 815.0, ""self_attn.v_proj"": 471.0}","{""mlp.down_proj"": 1419.0, ""mlp.gate_proj"": 888.0, ""mlp.up_proj"": 1168.0, ""self_attn.o_proj"": 815.0, ""self_attn.v_proj"": 469.0}","{""mlp.down_proj"": 2.0, ""mlp.gate_proj"": -1.0, ""mlp.up_proj"": 1.0, ""self_attn.o_proj"": 0.0, ""self_attn.v_proj"": -2.0}","{""mlp.down_proj"": -0.0014114326040931546, ""mlp.gate_proj"": 0.0011248593925759281, ""mlp.up_proj"": -0.000856898029134533, ""self_attn.o_proj"": 0.0, ""self_attn.v_proj"": 0.004246284501061571}",0.005116761343223317,-0.004496198691141355,7,equal7,True,"mlp.down_proj,mlp.gate_proj,mlp.up_proj,self_attn.k_proj,self_attn.o_proj,self_attn.q_proj,self_attn.v_proj",,746.2857142857143,746.7142857142857,746.2857142857143,-0.42857142857142855,0.002223545619919595,0.0005739429883296955,"{""mlp.down_proj"": 1417.0, ""mlp.gate_proj"": 889.0, ""mlp.up_proj"": 1167.0, ""self_attn.k_proj"": 188.0, ""self_attn.o_proj"": 815.0, ""self_attn.q_proj"": 280.0, ""self_attn.v_proj"": 471.0}","{""mlp.down_proj"": 1419.0, ""mlp.gate_proj"": 888.0, ""mlp.up_proj"": 1168.0, ""self_attn.k_proj"": 187.0, ""self_attn.o_proj"": 815.0, ""self_attn.q_proj"": 278.0, ""self_attn.v_proj"": 469.0}","{""mlp.down_proj"": 2.0, ""mlp.gate_proj"": -1.0, ""mlp.up_proj"": 1.0, ""self_attn.k_proj"": -1.0, ""self_attn.o_proj"": 0.0, ""self_attn.q_proj"": -2.0, ""self_attn.v_proj"": -2.0}","{""mlp.down_proj"": -0.0014114326040931546, ""mlp.gate_proj"": 0.0011248593925759281, ""mlp.up_proj"": -0.000856898029134533, ""self_attn.k_proj"": 0.005319148936170213, ""self_attn.o_proj"": 0.0, ""self_attn.q_proj"": 0.007142857142857143, ""self_attn.v_proj"": 0.004246284501061571}",-0.001602982967837633,0.42857142857142855,205.51428571428562,False,True
,,80,E_math_hard_v2,E_AIME24,0.05,14,5,equal5_non_qk,True,"mlp.down_proj,mlp.gate_proj,mlp.up_proj,self_attn.o_proj,self_attn.v_proj","self_attn.q_proj,self_attn.k_proj",621.0,638.2,621.0,-17.2,0.036965488752729606,0.02695079912253219,"{""mlp.down_proj"": 1060.0, ""mlp.gate_proj"": 225.0, ""mlp.up_proj"": 792.0, ""self_attn.o_proj"": 627.0, ""self_attn.v_proj"": 487.0}","{""mlp.down_proj"": 1041.0, ""mlp.gate_proj"": 203.0, ""mlp.up_proj"": 773.0, ""self_attn.o_proj"": 609.0, ""self_attn.v_proj"": 479.0}","{""mlp.down_proj"": -19.0, ""mlp.gate_proj"": -22.0, ""mlp.up_proj"": -19.0, ""self_attn.o_proj"": -18.0, ""self_attn.v_proj"": -8.0}","{""mlp.down_proj"": 0.017924528301886792, ""mlp.gate_proj"": 0.09777777777777778, ""mlp.up_proj"": 0.023989898989898988, ""self_attn.o_proj"": 0.028708133971291867, ""self_attn.v_proj"": 0.01642710472279261}",0.011553040644496717,0.02541244810823289,7,equal7,True,"mlp.down_proj,mlp.gate_proj,mlp.up_proj,self_attn.k_proj,self_attn.o_proj,self_attn.q_proj,self_attn.v_proj",,472.42857142857144,485.57142857142856,472.42857142857144,-13.142857142857142,0.0344276428471006,0.02706678434833768,"{""mlp.down_proj"": 1060.0, ""mlp.gate_proj"": 225.0, ""mlp.up_proj"": 792.0, ""self_attn.k_proj"": 91.0, ""self_attn.o_proj"": 627.0, ""self_attn.q_proj"": 117.0, ""self_attn.v_proj"": 487.0}","{""mlp.down_proj"": 1041.0, ""mlp.gate_proj"": 203.0, ""mlp.up_proj"": 773.0, ""self_attn.k_proj"": 89.0, ""self_attn.o_proj"": 609.0, ""self_attn.q_proj"": 113.0, ""self_attn.v_proj"": 479.0}","{""mlp.down_proj"": -19.0, ""mlp.gate_proj"": -22.0, ""mlp.up_proj"": -19.0, ""self_attn.k_proj"": -2.0, ""self_attn.o_proj"": -18.0, ""self_attn.q_proj"": -4.0, ""self_attn.v_proj"": -8.0}","{""mlp.down_proj"": 0.017924528301886792, ""mlp.gate_proj"": 0.09777777777777778, ""mlp.up_proj"": 0.023989898989898988, ""self_attn.k_proj"": 0.02197802197802198, ""self_attn.o_proj"": 0.028708133971291867, ""self_attn.q_proj"": 0.03418803418803419, ""self_attn.v_proj"": 0.01642710472279261}",0.002537845905629006,-4.057142857142857,148.57142857142856,False,True
,,80,E_math_hard_v2,E_AIME24,0.05,18,5,equal5_non_qk,True,"mlp.down_proj,mlp.gate_proj,mlp.up_proj,self_attn.o_proj,self_attn.v_proj","self_attn.q_proj,self_attn.k_proj",697.6,698.0,697.6,-0.4,0.001337547661922507,0.000573065902578764,"{""mlp.down_proj"": 1117.0, ""mlp.gate_proj"": 586.0, ""mlp.up_proj"": 863.0, ""self_attn.o_proj"": 584.0, ""self_attn.v_proj"": 340.0}","{""mlp.down_proj"": 1118.0, ""mlp.gate_proj"": 584.0, ""mlp.up_proj"": 863.0, ""self_attn.o_proj"": 585.0, ""self_attn.v_proj"": 338.0}","{""mlp.down_proj"": 1.0, ""mlp.gate_proj"": -2.0, ""mlp.up_proj"": 0.0, ""self_attn.o_proj"": 1.0, ""self_attn.v_proj"": -2.0}","{""mlp.down_proj"": -0.0008952551477170994, ""mlp.gate_proj"": 0.0034129692832764505, ""mlp.up_proj"": 0.0, ""self_attn.o_proj"": -0.0017123287671232876, ""self_attn.v_proj"": 0.0058823529411764705}",0.007659115586824429,-0.006321567924901922,7,equal7,True,"mlp.down_proj,mlp.gate_proj,mlp.up_proj,self_attn.k_proj,self_attn.o_proj,self_attn.q_proj,self_attn.v_proj",,529.0,529.4285714285714,529.0,-0.42857142857142855,0.002116831372917935,0.0008094981111711046,"{""mlp.down_proj"": 1117.0, ""mlp.gate_proj"": 586.0, ""mlp.up_proj"": 863.0, ""self_attn.k_proj"": 93.0, ""self_attn.o_proj"": 584.0, ""self_attn.q_proj"": 123.0, ""self_attn.v_proj"": 340.0}","{""mlp.down_proj"": 1118.0, ""mlp.gate_proj"": 584.0, ""mlp.up_proj"": 863.0, ""self_attn.k_proj"": 93.0, ""self_attn.o_proj"": 585.0, ""self_attn.q_proj"": 122.0, ""self_attn.v_proj"": 338.0}","{""mlp.down_proj"": 1.0, ""mlp.gate_proj"": -2.0, ""mlp.up_proj"": 0.0, ""self_attn.k_proj"": 0.0, ""self_attn.o_proj"": 1.0, ""self_attn.q_proj"": -1.0, ""self_attn.v_proj"": -2.0}","{""mlp.down_proj"": -0.0008952551477170994, ""mlp.gate_proj"": 0.0034129692832764505, ""mlp.up_proj"": 0.0, ""self_attn.k_proj"": 0.0, ""self_attn.o_proj"": -0.0017123287671232876, ""self_attn.q_proj"": 0.008130081300813009, ""self_attn.v_proj"": 0.0058823529411764705}",-0.0007792837109954279,0.028571428571428525,168.60000000000002,False,True
,,80,E_math_hard_v2,E_AIME24,0.1,14,5,equal5_non_qk,True,"mlp.down_proj,mlp.gate_proj,mlp.up_proj,self_attn.o_proj,self_attn.v_proj","self_attn.q_proj,self_attn.k_proj",389.4,402.0,389.4,-12.6,0.05240044364909853,0.03134328358208961,"{""mlp.down_proj"": 724.0, ""mlp.gate_proj"": 66.0, ""mlp.up_proj"": 474.0, ""self_attn.o_proj"": 405.0, ""self_attn.v_proj"": 341.0}","{""mlp.down_proj"": 708.0, ""mlp.gate_proj"": 56.0, ""mlp.up_proj"": 458.0, ""self_attn.o_proj"": 390.0, ""self_attn.v_proj"": 335.0}","{""mlp.down_proj"": -16.0, ""mlp.gate_proj"": -10.0, ""mlp.up_proj"": -16.0, ""self_attn.o_proj"": -15.0, ""self_attn.v_proj"": -6.0}","{""mlp.down_proj"": 0.022099447513812154, ""mlp.gate_proj"": 0.15151515151515152, ""mlp.up_proj"": 0.03375527426160337, ""self_attn.o_proj"": 0.037037037037037035, ""self_attn.v_proj"": 0.017595307917888565}",0.016146696511532138,0.03625374713756639,7,equal7,True,"mlp.down_proj,mlp.gate_proj,mlp.up_proj,self_attn.k_proj,self_attn.o_proj,self_attn.q_proj,self_attn.v_proj",,289.42857142857144,298.7142857142857,289.42857142857144,-9.285714285714286,0.044484637449704524,0.03108560497369677,"{""mlp.down_proj"": 724.0, ""mlp.gate_proj"": 66.0, ""mlp.up_proj"": 474.0, ""self_attn.k_proj"": 40.0, ""self_attn.o_proj"": 405.0, ""self_attn.q_proj"": 41.0, ""self_attn.v_proj"": 341.0}","{""mlp.down_proj"": 708.0, ""mlp.gate_proj"": 56.0, ""mlp.up_proj"": 458.0, ""self_attn.k_proj"": 39.0, ""self_attn.o_proj"": 390.0, ""self_attn.q_proj"": 40.0, ""self_attn.v_proj"": 335.0}","{""mlp.down_proj"": -16.0, ""mlp.gate_proj"": -10.0, ""mlp.up_proj"": -16.0, ""self_attn.k_proj"": -1.0, ""self_attn.o_proj"": -15.0, ""self_attn.q_proj"": -1.0, ""self_attn.v_proj"": -6.0}","{""mlp.down_proj"": 0.022099447513812154, ""mlp.gate_proj"": 0.15151515151515152, ""mlp.up_proj"": 0.03375527426160337, ""self_attn.k_proj"": 0.025, ""self_attn.o_proj"": 0.037037037037037035, ""self_attn.q_proj"": 0.024390243902439025, ""self_attn.v_proj"": 0.017595307917888565}",0.007915806199394006,-3.314285714285713,99.97142857142853,False,True
,,80,E_math_hard_v2,E_AIME24,0.1,18,5,equal5_non_qk,True,"mlp.down_proj,mlp.gate_proj,mlp.up_proj,self_attn.o_proj,self_attn.v_proj","self_attn.q_proj,self_attn.k_proj",447.6,447.6,447.6,0.0,0.001407834811710583,0.0,"{""mlp.down_proj"": 795.0, ""mlp.gate_proj"": 309.0, ""mlp.up_proj"": 556.0, ""self_attn.o_proj"": 369.0, ""self_attn.v_proj"": 209.0}","{""mlp.down_proj"": 796.0, ""mlp.gate_proj"": 308.0, ""mlp.up_proj"": 557.0, ""self_attn.o_proj"": 370.0, ""self_attn.v_proj"": 207.0}","{""mlp.down_proj"": 1.0, ""mlp.gate_proj"": -1.0, ""mlp.up_proj"": 1.0, ""self_attn.o_proj"": 1.0, ""self_attn.v_proj"": -2.0}","{""mlp.down_proj"": -0.0012578616352201257, ""mlp.gate_proj"": 0.003236245954692557, ""mlp.up_proj"": -0.0017985611510791368, ""self_attn.o_proj"": -0.0027100271002710027, ""self_attn.v_proj"": 0.009569377990430622}",0.01143307446678831,-0.010025239655077728,7,equal7,True,"mlp.down_proj,mlp.gate_proj,mlp.up_proj,self_attn.k_proj,self_attn.o_proj,self_attn.q_proj,self_attn.v_proj",,328.7142857142857,328.85714285714283,328.7142857142857,-0.14285714285714285,0.005613891224954564,0.000434404865334393,"{""mlp.down_proj"": 795.0, ""mlp.gate_proj"": 309.0, ""mlp.up_proj"": 556.0, ""self_attn.k_proj"": 33.0, ""self_attn.o_proj"": 369.0, ""self_attn.q_proj"": 31.0, ""self_attn.v_proj"": 209.0}","{""mlp.down_proj"": 796.0, ""mlp.gate_proj"": 308.0, ""mlp.up_proj"": 557.0, ""self_attn.k_proj"": 33.0, ""self_attn.o_proj"": 370.0, ""self_attn.q_proj"": 30.0, ""self_attn.v_proj"": 207.0}","{""mlp.down_proj"": 1.0, ""mlp.gate_proj"": -1.0, ""mlp.up_proj"": 1.0, ""self_attn.k_proj"": 0.0, ""self_attn.o_proj"": 1.0, ""self_attn.q_proj"": -1.0, ""self_attn.v_proj"": -2.0}","{""mlp.down_proj"": -0.0012578616352201257, ""mlp.gate_proj"": 0.003236245954692557, ""mlp.up_proj"": -0.0017985611510791368, ""self_attn.k_proj"": 0.0, ""self_attn.o_proj"": -0.0027100271002710027, ""self_attn.q_proj"": 0.03225806451612903, ""self_attn.v_proj"": 0.009569377990430622}",-0.00420605641324398,0.14285714285714285,118.8857142857143,False,True
,,80,E_ood,E_mmluPro,0.01,14,5,equal5_non_qk,True,"mlp.down_proj,mlp.gate_proj,mlp.up_proj,self_attn.o_proj,self_attn.v_proj","self_attn.q_proj,self_attn.k_proj",1678.0,1694.8,1678.0,-16.8,0.010766018033304677,0.009912674061836178,"{""mlp.down_proj"": 2452.0, ""mlp.gate_proj"": 1353.0, ""mlp.up_proj"": 2264.0, ""self_attn.o_proj"": 1557.0, ""self_attn.v_proj"": 848.0}","{""mlp.down_proj"": 2442.0, ""mlp.gate_proj"": 1317.0, ""mlp.up_proj"": 2247.0, ""self_attn.o_proj"": 1540.0, ""self_attn.v_proj"": 844.0}","{""mlp.down_proj"": -10.0, ""mlp.gate_proj"": -36.0, ""mlp.up_proj"": -17.0, ""self_attn.o_proj"": -17.0, ""self_attn.v_proj"": -4.0}","{""mlp.down_proj"": 0.004078303425774877, ""mlp.gate_proj"": 0.026607538802660754, ""mlp.up_proj"": 0.007508833922261484, ""self_attn.o_proj"": 0.010918432883750802, ""self_attn.v_proj"": 0.0047169811320754715}",0.0053551041623338316,0.005410913870970846,7,equal7,True,"mlp.down_proj,mlp.gate_proj,mlp.up_proj,self_attn.k_proj,self_attn.o_proj,self_attn.q_proj,self_attn.v_proj",,1330.857142857143,1343.857142857143,1330.857142857143,-13.0,0.009740367170092173,0.009673647283937494,"{""mlp.down_proj"": 2452.0, ""mlp.gate_proj"": 1353.0, ""mlp.up_proj"": 2264.0, ""self_attn.k_proj"": 330.0, ""self_attn.o_proj"": 1557.0, ""self_attn.q_proj"": 603.0, ""self_attn.v_proj"": 848.0}","{""mlp.down_proj"": 2442.0, ""mlp.gate_proj"": 1317.0, ""mlp.up_proj"": 2247.0, ""self_attn.k_proj"": 328.0, ""self_attn.o_proj"": 1540.0, ""self_attn.q_proj"": 598.0, ""self_attn.v_proj"": 844.0}","{""mlp.down_proj"": -10.0, ""mlp.gate_proj"": -36.0, ""mlp.up_proj"": -17.0, ""self_attn.k_proj"": -2.0, ""self_attn.o_proj"": -17.0, ""self_attn.q_proj"": -5.0, ""self_attn.v_proj"": -4.0}","{""mlp.down_proj"": 0.004078303425774877, ""mlp.gate_proj"": 0.026607538802660754, ""mlp.up_proj"": 0.007508833922261484, ""self_attn.k_proj"": 0.006060606060606061, ""self_attn.o_proj"": 0.010918432883750802, ""self_attn.q_proj"": 0.008291873963515755, ""self_attn.v_proj"": 0.0047169811320754715}",0.0010256508632125044,-3.8000000000000007,347.1428571428571,False,True
,,80,E_ood,E_mmluPro,0.01,18,5,equal5_non_qk,True,"mlp.down_proj,mlp.gate_proj,mlp.up_proj,self_attn.o_proj,self_attn.v_proj","self_attn.q_proj,self_attn.k_proj",1606.8,1610.8,1606.8,-4.0,0.0029139253811310737,0.0024832381425378696,"{""mlp.down_proj"": 2156.0, ""mlp.gate_proj"": 1668.0, ""mlp.up_proj"": 2030.0, ""self_attn.o_proj"": 1471.0, ""self_attn.v_proj"": 729.0}","{""mlp.down_proj"": 2155.0, ""mlp.gate_proj"": 1660.0, ""mlp.up_proj"": 2025.0, ""self_attn.o_proj"": 1469.0, ""self_attn.v_proj"": 725.0}","{""mlp.down_proj"": -1.0, ""mlp.gate_proj"": -8.0, ""mlp.up_proj"": -5.0, ""self_attn.o_proj"": -2.0, ""self_attn.v_proj"": -4.0}","{""mlp.down_proj"": 0.00046382189239332097, ""mlp.gate_proj"": 0.004796163069544364, ""mlp.up_proj"": 0.0024630541871921183, ""self_attn.o_proj"": 0.0013596193065941536, ""self_attn.v_proj"": 0.0054869684499314125}",0.003104208700631139,-0.00019028331950006515,7,equal7,True,"mlp.down_proj,mlp.gate_proj,mlp.up_proj,self_attn.k_proj,self_attn.o_proj,self_attn.q_proj,self_attn.v_proj",,1301.4285714285713,1306.0,1301.4285714285713,-4.571428571428571,0.004874572965569068,0.0035003281557646777,"{""mlp.down_proj"": 2156.0, ""mlp.gate_proj"": 1668.0, ""mlp.up_proj"": 2030.0, ""self_attn.k_proj"": 402.0, ""self_attn.o_proj"": 1471.0, ""self_attn.q_proj"": 686.0, ""self_attn.v_proj"": 729.0}","{""mlp.down_proj"": 2155.0, ""mlp.gate_proj"": 1660.0, ""mlp.up_proj"": 2025.0, ""self_attn.k_proj"": 400.0, ""self_attn.o_proj"": 1469.0, ""self_attn.q_proj"": 676.0, ""self_attn.v_proj"": 725.0}","{""mlp.down_proj"": -1.0, ""mlp.gate_proj"": -8.0, ""mlp.up_proj"": -5.0, ""self_attn.k_proj"": -2.0, ""self_attn.o_proj"": -2.0, ""self_attn.q_proj"": -10.0, ""self_attn.v_proj"": -4.0}","{""mlp.down_proj"": 0.00046382189239332097, ""mlp.gate_proj"": 0.004796163069544364, ""mlp.up_proj"": 0.0024630541871921183, ""self_attn.k_proj"": 0.004975124378109453, ""self_attn.o_proj"": 0.0013596193065941536, ""self_attn.q_proj"": 0.014577259475218658, ""self_attn.v_proj"": 0.0054869684499314125}",-0.0019606475844379944,0.5714285714285712,305.3714285714286,False,True
,,80,E_ood,E_mmluPro,0.025,14,5,equal5_non_qk,True,"mlp.down_proj,mlp.gate_proj,mlp.up_proj,self_attn.o_proj,self_attn.v_proj","self_attn.q_proj,self_attn.k_proj",1279.2,1297.0,1279.2,-17.8,0.016802246698969188,0.013723978411719318,"{""mlp.down_proj"": 2058.0, ""mlp.gate_proj"": 732.0, ""mlp.up_proj"": 1776.0, ""self_attn.o_proj"": 1191.0, ""self_attn.v_proj"": 728.0}","{""mlp.down_proj"": 2044.0, ""mlp.gate_proj"": 699.0, ""mlp.up_proj"": 1755.0, ""self_attn.o_proj"": 1175.0, ""self_attn.v_proj"": 723.0}","{""mlp.down_proj"": -14.0, ""mlp.gate_proj"": -33.0, ""mlp.up_proj"": -21.0, ""self_attn.o_proj"": -16.0, ""self_attn.v_proj"": -5.0}","{""mlp.down_proj"": 0.006802721088435374, ""mlp.gate_proj"": 0.045081967213114756, ""mlp.up_proj"": 0.011824324324324325, ""self_attn.o_proj"": 0.01343408900083963, ""self_attn.v_proj"": 0.006868131868131868}",0.00808477442370511,0.008717472275264078,7,equal7,True,"mlp.down_proj,mlp.gate_proj,mlp.up_proj,self_attn.k_proj,self_attn.o_proj,self_attn.q_proj,self_attn.v_proj",,979.5714285714286,993.0,979.5714285714286,-13.428571428571429,0.015094836459670342,0.01352323406704073,"{""mlp.down_proj"": 2058.0, ""mlp.gate_proj"": 732.0, ""mlp.up_proj"": 1776.0, ""self_attn.k_proj"": 178.0, ""self_attn.o_proj"": 1191.0, ""self_attn.q_proj"": 288.0, ""self_attn.v_proj"": 728.0}","{""mlp.down_proj"": 2044.0, ""mlp.gate_proj"": 699.0, ""mlp.up_proj"": 1755.0, ""self_attn.k_proj"": 176.0, ""self_attn.o_proj"": 1175.0, ""self_attn.q_proj"": 285.0, ""self_attn.v_proj"": 723.0}","{""mlp.down_proj"": -14.0, ""mlp.gate_proj"": -33.0, ""mlp.up_proj"": -21.0, ""self_attn.k_proj"": -2.0, ""self_attn.o_proj"": -16.0, ""self_attn.q_proj"": -3.0, ""self_attn.v_proj"": -5.0}","{""mlp.down_proj"": 0.006802721088435374, ""mlp.gate_proj"": 0.045081967213114756, ""mlp.up_proj"": 0.011824324324324325, ""self_attn.k_proj"": 0.011235955056179775, ""self_attn.o_proj"": 0.01343408900083963, ""self_attn.q_proj"": 0.010416666666666666, ""self_attn.v_proj"": 0.006868131868131868}",0.0017074102392988458,-4.371428571428572,299.6285714285715,False,True
,,80,E_ood,E_mmluPro,0.025,18,5,equal5_non_qk,True,"mlp.down_proj,mlp.gate_proj,mlp.up_proj,self_attn.o_proj,self_attn.v_proj","self_attn.q_proj,self_attn.k_proj",1264.4,1269.0,1264.4,-4.6,0.0044256909355547625,0.0036249014972418512,"{""mlp.down_proj"": 1847.0, ""mlp.gate_proj"": 1164.0, ""mlp.up_proj"": 1656.0, ""self_attn.o_proj"": 1106.0, ""self_attn.v_proj"": 572.0}","{""mlp.down_proj"": 1845.0, ""mlp.gate_proj"": 1156.0, ""mlp.up_proj"": 1650.0, ""self_attn.o_proj"": 1104.0, ""self_attn.v_proj"": 567.0}","{""mlp.down_proj"": -2.0, ""mlp.gate_proj"": -8.0, ""mlp.up_proj"": -6.0, ""self_attn.o_proj"": -2.0, ""self_attn.v_proj"": -5.0}","{""mlp.down_proj"": 0.0010828370330265296, ""mlp.gate_proj"": 0.006872852233676976, ""mlp.up_proj"": 0.0036231884057971015, ""self_attn.o_proj"": 0.0018083182640144665, ""self_attn.v_proj"": 0.008741258741258742}",0.005116761343223317,-0.0006910704076685545,7,equal7,True,"mlp.down_proj,mlp.gate_proj,mlp.up_proj,self_attn.k_proj,self_attn.o_proj,self_attn.q_proj,self_attn.v_proj",,980.5714285714286,984.8571428571429,980.5714285714286,-4.285714285714286,0.006469294027742489,0.004351610095735471,"{""mlp.down_proj"": 1847.0, ""mlp.gate_proj"": 1164.0, ""mlp.up_proj"": 1656.0, ""self_attn.k_proj"": 230.0, ""self_attn.o_proj"": 1106.0, ""self_attn.q_proj"": 319.0, ""self_attn.v_proj"": 572.0}","{""mlp.down_proj"": 1845.0, ""mlp.gate_proj"": 1156.0, ""mlp.up_proj"": 1650.0, ""self_attn.k_proj"": 229.0, ""self_attn.o_proj"": 1104.0, ""self_attn.q_proj"": 313.0, ""self_attn.v_proj"": 567.0}","{""mlp.down_proj"": -2.0, ""mlp.gate_proj"": -8.0, ""mlp.up_proj"": -6.0, ""self_attn.k_proj"": -1.0, ""self_attn.o_proj"": -2.0, ""self_attn.q_proj"": -6.0, ""self_attn.v_proj"": -5.0}","{""mlp.down_proj"": 0.0010828370330265296, ""mlp.gate_proj"": 0.006872852233676976, ""mlp.up_proj"": 0.0036231884057971015, ""self_attn.k_proj"": 0.004347826086956522, ""self_attn.o_proj"": 0.0018083182640144665, ""self_attn.q_proj"": 0.018808777429467086, ""self_attn.v_proj"": 0.008741258741258742}",-0.002043603092187727,-0.31428571428571406,283.82857142857154,False,True
,,80,E_ood,E_mmluPro,0.05,14,5,equal5_non_qk,True,"mlp.down_proj,mlp.gate_proj,mlp.up_proj,self_attn.o_proj,self_attn.v_proj","self_attn.q_proj,self_attn.k_proj",946.2,962.0,946.2,-15.8,0.023576708304077508,0.016424116424116376,"{""mlp.down_proj"": 1669.0, ""mlp.gate_proj"": 328.0, ""mlp.up_proj"": 1320.0, ""self_attn.o_proj"": 891.0, ""self_attn.v_proj"": 602.0}","{""mlp.down_proj"": 1653.0, ""mlp.gate_proj"": 306.0, ""mlp.up_proj"": 1298.0, ""self_attn.o_proj"": 878.0, ""self_attn.v_proj"": 596.0}","{""mlp.down_proj"": -16.0, ""mlp.gate_proj"": -22.0, ""mlp.up_proj"": -22.0, ""self_attn.o_proj"": -13.0, ""self_attn.v_proj"": -6.0}","{""mlp.down_proj"": 0.009586578789694428, ""mlp.gate_proj"": 0.06707317073170732, ""mlp.up_proj"": 0.016666666666666666, ""self_attn.o_proj"": 0.014590347923681257, ""self_attn.v_proj"": 0.009966777408637873}",0.011553040644496717,0.012023667659580791,7,equal7,True,"mlp.down_proj,mlp.gate_proj,mlp.up_proj,self_attn.k_proj,self_attn.o_proj,self_attn.q_proj,self_attn.v_proj",,706.0,717.7142857142857,706.0,-11.714285714285714,0.020733245015860654,0.016321656050955348,"{""mlp.down_proj"": 1669.0, ""mlp.gate_proj"": 328.0, ""mlp.up_proj"": 1320.0, ""self_attn.k_proj"": 91.0, ""self_attn.o_proj"": 891.0, ""self_attn.q_proj"": 123.0, ""self_attn.v_proj"": 602.0}","{""mlp.down_proj"": 1653.0, ""mlp.gate_proj"": 306.0, ""mlp.up_proj"": 1298.0, ""self_attn.k_proj"": 90.0, ""self_attn.o_proj"": 878.0, ""self_attn.q_proj"": 121.0, ""self_attn.v_proj"": 596.0}","{""mlp.down_proj"": -16.0, ""mlp.gate_proj"": -22.0, ""mlp.up_proj"": -22.0, ""self_attn.k_proj"": -1.0, ""self_attn.o_proj"": -13.0, ""self_attn.q_proj"": -2.0, ""self_attn.v_proj"": -6.0}","{""mlp.down_proj"": 0.009586578789694428, ""mlp.gate_proj"": 0.06707317073170732, ""mlp.up_proj"": 0.016666666666666666, ""self_attn.k_proj"": 0.01098901098901099, ""self_attn.o_proj"": 0.014590347923681257, ""self_attn.q_proj"": 0.016260162601626018, ""self_attn.v_proj"": 0.009966777408637873}",0.002843463288216854,-4.085714285714287,240.20000000000005,False,True
,,80,E_ood,E_mmluPro,0.05,18,5,equal5_non_qk,True,"mlp.down_proj,mlp.gate_proj,mlp.up_proj,self_attn.o_proj,self_attn.v_proj","self_attn.q_proj,self_attn.k_proj",950.4,955.0,950.4,-4.6,0.0061985647940560155,0.004816753926701595,"{""mlp.down_proj"": 1519.0, ""mlp.gate_proj"": 732.0, ""mlp.up_proj"": 1282.0, ""self_attn.o_proj"": 811.0, ""self_attn.v_proj"": 431.0}","{""mlp.down_proj"": 1517.0, ""mlp.gate_proj"": 724.0, ""mlp.up_proj"": 1276.0, ""self_attn.o_proj"": 809.0, ""self_attn.v_proj"": 426.0}","{""mlp.down_proj"": -2.0, ""mlp.gate_proj"": -8.0, ""mlp.up_proj"": -6.0, ""self_attn.o_proj"": -2.0, ""self_attn.v_proj"": -5.0}","{""mlp.down_proj"": 0.0013166556945358788, ""mlp.gate_proj"": 0.01092896174863388, ""mlp.up_proj"": 0.0046801872074883, ""self_attn.o_proj"": 0.002466091245376079, ""self_attn.v_proj"": 0.01160092807424594}",0.007659115586824429,-0.0014605507927684131,7,equal7,True,"mlp.down_proj,mlp.gate_proj,mlp.up_proj,self_attn.k_proj,self_attn.o_proj,self_attn.q_proj,self_attn.v_proj",,712.4285714285714,716.0,712.4285714285714,-3.5714285714285716,0.006788821370016398,0.004988028731045468,"{""mlp.down_proj"": 1519.0, ""mlp.gate_proj"": 732.0, ""mlp.up_proj"": 1282.0, ""self_attn.k_proj"": 116.0, ""self_attn.o_proj"": 811.0, ""self_attn.q_proj"": 121.0, ""self_attn.v_proj"": 431.0}","{""mlp.down_proj"": 1517.0, ""mlp.gate_proj"": 724.0, ""mlp.up_proj"": 1276.0, ""self_attn.k_proj"": 116.0, ""self_attn.o_proj"": 809.0, ""self_attn.q_proj"": 119.0, ""self_attn.v_proj"": 426.0}","{""mlp.down_proj"": -2.0, ""mlp.gate_proj"": -8.0, ""mlp.up_proj"": -6.0, ""self_attn.k_proj"": 0.0, ""self_attn.o_proj"": -2.0, ""self_attn.q_proj"": -2.0, ""self_attn.v_proj"": -5.0}","{""mlp.down_proj"": 0.0013166556945358788, ""mlp.gate_proj"": 0.01092896174863388, ""mlp.up_proj"": 0.0046801872074883, ""self_attn.k_proj"": 0.0, ""self_attn.o_proj"": 0.002466091245376079, ""self_attn.q_proj"": 0.01652892561983471, ""self_attn.v_proj"": 0.01160092807424594}",-0.0005902565759603826,-1.028571428571428,237.97142857142853,False,True
,,80,E_ood,E_mmluPro,0.1,14,5,equal5_non_qk,True,"mlp.down_proj,mlp.gate_proj,mlp.up_proj,self_attn.o_proj,self_attn.v_proj","self_attn.q_proj,self_attn.k_proj",618.2,630.8,618.2,-12.6,0.033893221247610385,0.01997463538363968,"{""mlp.down_proj"": 1213.0, ""mlp.gate_proj"": 83.0, ""mlp.up_proj"": 826.0, ""self_attn.o_proj"": 586.0, ""self_attn.v_proj"": 446.0}","{""mlp.down_proj"": 1197.0, ""mlp.gate_proj"": 75.0, ""mlp.up_proj"": 805.0, ""self_attn.o_proj"": 575.0, ""self_attn.v_proj"": 439.0}","{""mlp.down_proj"": -16.0, ""mlp.gate_proj"": -8.0, ""mlp.up_proj"": -21.0, ""self_attn.o_proj"": -11.0, ""self_attn.v_proj"": -7.0}","{""mlp.down_proj"": 0.013190436933223413, ""mlp.gate_proj"": 0.0963855421686747, ""mlp.up_proj"": 0.025423728813559324, ""self_attn.o_proj"": 0.01877133105802048, ""self_attn.v_proj"": 0.01569506726457399}",0.016146696511532138,0.017746524736078247,7,equal7,True,"mlp.down_proj,mlp.gate_proj,mlp.up_proj,self_attn.k_proj,self_attn.o_proj,self_attn.q_proj,self_attn.v_proj",,452.85714285714283,462.0,452.85714285714283,-9.142857142857142,0.027693764305784414,0.019789734075448415,"{""mlp.down_proj"": 1213.0, ""mlp.gate_proj"": 83.0, ""mlp.up_proj"": 826.0, ""self_attn.k_proj"": 39.0, ""self_attn.o_proj"": 586.0, ""self_attn.q_proj"": 41.0, ""self_attn.v_proj"": 446.0}","{""mlp.down_proj"": 1197.0, ""mlp.gate_proj"": 75.0, ""mlp.up_proj"": 805.0, ""self_attn.k_proj"": 39.0, ""self_attn.o_proj"": 575.0, ""self_attn.q_proj"": 40.0, ""self_attn.v_proj"": 439.0}","{""mlp.down_proj"": -16.0, ""mlp.gate_proj"": -8.0, ""mlp.up_proj"": -21.0, ""self_attn.k_proj"": 0.0, ""self_attn.o_proj"": -11.0, ""self_attn.q_proj"": -1.0, ""self_attn.v_proj"": -7.0}","{""mlp.down_proj"": 0.013190436933223413, ""mlp.gate_proj"": 0.0963855421686747, ""mlp.up_proj"": 0.025423728813559324, ""self_attn.k_proj"": 0.0, ""self_attn.o_proj"": 0.01877133105802048, ""self_attn.q_proj"": 0.024390243902439025, ""self_attn.v_proj"": 0.01569506726457399}",0.00619945694182597,-3.4571428571428573,165.3428571428572,False,True
,,80,E_ood,E_mmluPro,0.1,18,5,equal5_non_qk,True,"mlp.down_proj,mlp.gate_proj,mlp.up_proj,self_attn.o_proj,self_attn.v_proj","self_attn.q_proj,self_attn.k_proj",614.0,618.0,614.0,-4.0,0.009354963997162635,0.006472491909385114,"{""mlp.down_proj"": 1115.0, ""mlp.gate_proj"": 328.0, ""mlp.up_proj"": 851.0, ""self_attn.o_proj"": 518.0, ""self_attn.v_proj"": 278.0}","{""mlp.down_proj"": 1112.0, ""mlp.gate_proj"": 322.0, ""mlp.up_proj"": 846.0, ""self_attn.o_proj"": 517.0, ""self_attn.v_proj"": 273.0}","{""mlp.down_proj"": -3.0, ""mlp.gate_proj"": -6.0, ""mlp.up_proj"": -5.0, ""self_attn.o_proj"": -1.0, ""self_attn.v_proj"": -5.0}","{""mlp.down_proj"": 0.0026905829596412557, ""mlp.gate_proj"": 0.018292682926829267, ""mlp.up_proj"": 0.005875440658049354, ""self_attn.o_proj"": 0.0019305019305019305, ""self_attn.v_proj"": 0.017985611510791366}",0.01143307446678831,-0.0020781104696256762,7,equal7,True,"mlp.down_proj,mlp.gate_proj,mlp.up_proj,self_attn.k_proj,self_attn.o_proj,self_attn.q_proj,self_attn.v_proj",,448.0,450.85714285714283,448.0,-2.857142857142857,0.008605194063907378,0.006337135614702101,"{""mlp.down_proj"": 1115.0, ""mlp.gate_proj"": 328.0, ""mlp.up_proj"": 851.0, ""self_attn.k_proj"": 40.0, ""self_attn.o_proj"": 518.0, ""self_attn.q_proj"": 26.0, ""self_attn.v_proj"": 278.0}","{""mlp.down_proj"": 1112.0, ""mlp.gate_proj"": 322.0, ""mlp.up_proj"": 846.0, ""self_attn.k_proj"": 41.0, ""self_attn.o_proj"": 517.0, ""self_attn.q_proj"": 25.0, ""self_attn.v_proj"": 273.0}","{""mlp.down_proj"": -3.0, ""mlp.gate_proj"": -6.0, ""mlp.up_proj"": -5.0, ""self_attn.k_proj"": 1.0, ""self_attn.o_proj"": -1.0, ""self_attn.q_proj"": -1.0, ""self_attn.v_proj"": -5.0}","{""mlp.down_proj"": 0.0026905829596412557, ""mlp.gate_proj"": 0.018292682926829267, ""mlp.up_proj"": 0.005875440658049354, ""self_attn.k_proj"": -0.025, ""self_attn.o_proj"": 0.0019305019305019305, ""self_attn.q_proj"": 0.038461538461538464, ""self_attn.v_proj"": 0.017985611510791366}",0.0007497699332552569,-1.1428571428571428,166.0,False,True
,,80,S_math,legacy_S_math,0.01,14,5,equal5_non_qk,True,"mlp.down_proj,mlp.gate_proj,mlp.up_proj,self_attn.o_proj,self_attn.v_proj","self_attn.q_proj,self_attn.k_proj",899.2,924.4,899.2,-25.2,0.0314357658072931,0.02726092600605791,"{""mlp.down_proj"": 1423.0, ""mlp.gate_proj"": 604.0, ""mlp.up_proj"": 1193.0, ""self_attn.o_proj"": 743.0, ""self_attn.v_proj"": 659.0}","{""mlp.down_proj"": 1407.0, ""mlp.gate_proj"": 571.0, ""mlp.up_proj"": 1166.0, ""self_attn.o_proj"": 701.0, ""self_attn.v_proj"": 651.0}","{""mlp.down_proj"": -16.0, ""mlp.gate_proj"": -33.0, ""mlp.up_proj"": -27.0, ""self_attn.o_proj"": -42.0, ""self_attn.v_proj"": -8.0}","{""mlp.down_proj"": 0.011243851018973999, ""mlp.gate_proj"": 0.054635761589403975, ""mlp.up_proj"": 0.022632020117351215, ""self_attn.o_proj"": 0.05652759084791386, ""self_attn.v_proj"": 0.012139605462822459}",0.0053551041623338316,0.026080661644959265,7,equal7,True,"mlp.down_proj,mlp.gate_proj,mlp.up_proj,self_attn.k_proj,self_attn.o_proj,self_attn.q_proj,self_attn.v_proj",,711.2857142857143,729.0,711.2857142857143,-17.714285714285715,0.0212018077774242,0.02429943170683905,"{""mlp.down_proj"": 1423.0, ""mlp.gate_proj"": 604.0, ""mlp.up_proj"": 1193.0, ""self_attn.k_proj"": 186.0, ""self_attn.o_proj"": 743.0, ""self_attn.q_proj"": 295.0, ""self_attn.v_proj"": 659.0}","{""mlp.down_proj"": 1407.0, ""mlp.gate_proj"": 571.0, ""mlp.up_proj"": 1166.0, ""self_attn.k_proj"": 187.0, ""self_attn.o_proj"": 701.0, ""self_attn.q_proj"": 296.0, ""self_attn.v_proj"": 651.0}","{""mlp.down_proj"": -16.0, ""mlp.gate_proj"": -33.0, ""mlp.up_proj"": -27.0, ""self_attn.k_proj"": 1.0, ""self_attn.o_proj"": -42.0, ""self_attn.q_proj"": 1.0, ""self_attn.v_proj"": -8.0}","{""mlp.down_proj"": 0.011243851018973999, ""mlp.gate_proj"": 0.054635761589403975, ""mlp.up_proj"": 0.022632020117351215, ""self_attn.k_proj"": -0.005376344086021506, ""self_attn.o_proj"": 0.05652759084791386, ""self_attn.q_proj"": -0.003389830508474576, ""self_attn.v_proj"": 0.012139605462822459}",0.010233958029868897,-7.485714285714284,187.9142857142857,False,True
,,80,S_math,legacy_S_math,0.01,18,5,equal5_non_qk,True,"mlp.down_proj,mlp.gate_proj,mlp.up_proj,self_attn.o_proj,self_attn.v_proj","self_attn.q_proj,self_attn.k_proj",1511.8,1527.2,1511.8,-15.4,0.010370852094766396,0.010083813514929341,"{""mlp.down_proj"": 2158.0, ""mlp.gate_proj"": 1490.0, ""mlp.up_proj"": 1931.0, ""self_attn.o_proj"": 1338.0, ""self_attn.v_proj"": 719.0}","{""mlp.down_proj"": 2151.0, ""mlp.gate_proj"": 1463.0, ""mlp.up_proj"": 1907.0, ""self_attn.o_proj"": 1325.0, ""self_attn.v_proj"": 713.0}","{""mlp.down_proj"": -7.0, ""mlp.gate_proj"": -27.0, ""mlp.up_proj"": -24.0, ""self_attn.o_proj"": -13.0, ""self_attn.v_proj"": -6.0}","{""mlp.down_proj"": 0.003243744207599629, ""mlp.gate_proj"": 0.018120805369127517, ""mlp.up_proj"": 0.012428793371310202, ""self_attn.o_proj"": 0.009715994020926755, ""self_attn.v_proj"": 0.008344923504867872}",0.003104208700631139,0.007266643394135257,7,equal7,True,"mlp.down_proj,mlp.gate_proj,mlp.up_proj,self_attn.k_proj,self_attn.o_proj,self_attn.q_proj,self_attn.v_proj",,1224.5714285714287,1236.5714285714287,1224.5714285714287,-12.0,0.008783642725503938,0.009704251386321626,"{""mlp.down_proj"": 2158.0, ""mlp.gate_proj"": 1490.0, ""mlp.up_proj"": 1931.0, ""self_attn.k_proj"": 371.0, ""self_attn.o_proj"": 1338.0, ""self_attn.q_proj"": 649.0, ""self_attn.v_proj"": 719.0}","{""mlp.down_proj"": 2151.0, ""mlp.gate_proj"": 1463.0, ""mlp.up_proj"": 1907.0, ""self_attn.k_proj"": 372.0, ""self_attn.o_proj"": 1325.0, ""self_attn.q_proj"": 641.0, ""self_attn.v_proj"": 713.0}","{""mlp.down_proj"": -7.0, ""mlp.gate_proj"": -27.0, ""mlp.up_proj"": -24.0, ""self_attn.k_proj"": 1.0, ""self_attn.o_proj"": -13.0, ""self_attn.q_proj"": -8.0, ""self_attn.v_proj"": -6.0}","{""mlp.down_proj"": 0.003243744207599629, ""mlp.gate_proj"": 0.018120805369127517, ""mlp.up_proj"": 0.012428793371310202, ""self_attn.k_proj"": -0.0026954177897574125, ""self_attn.o_proj"": 0.009715994020926755, ""self_attn.q_proj"": 0.012326656394453005, ""self_attn.v_proj"": 0.008344923504867872}",0.0015872093692624583,-3.4000000000000004,287.2285714285713,False,True
,,80,S_math,legacy_S_math,0.025,14,5,equal5_non_qk,True,"mlp.down_proj,mlp.gate_proj,mlp.up_proj,self_attn.o_proj,self_attn.v_proj","self_attn.q_proj,self_attn.k_proj",590.0,612.8,590.0,-22.8,0.04501482821925666,0.03720626631853779,"{""mlp.down_proj"": 1011.0, ""mlp.gate_proj"": 295.0, ""mlp.up_proj"": 783.0, ""self_attn.o_proj"": 477.0, ""self_attn.v_proj"": 498.0}","{""mlp.down_proj"": 993.0, ""mlp.gate_proj"": 272.0, ""mlp.up_proj"": 755.0, ""self_attn.o_proj"": 441.0, ""self_attn.v_proj"": 489.0}","{""mlp.down_proj"": -18.0, ""mlp.gate_proj"": -23.0, ""mlp.up_proj"": -28.0, ""self_attn.o_proj"": -36.0, ""self_attn.v_proj"": -9.0}","{""mlp.down_proj"": 0.017804154302670624, ""mlp.gate_proj"": 0.07796610169491526, ""mlp.up_proj"": 0.035759897828863345, ""self_attn.o_proj"": 0.07547169811320754, ""self_attn.v_proj"": 0.018072289156626505}",0.00808477442370511,0.03693005379555155,7,equal7,True,"mlp.down_proj,mlp.gate_proj,mlp.up_proj,self_attn.k_proj,self_attn.o_proj,self_attn.q_proj,self_attn.v_proj",,454.7142857142857,470.85714285714283,454.7142857142857,-16.142857142857142,0.030633691889134698,0.03428398058252421,"{""mlp.down_proj"": 1011.0, ""mlp.gate_proj"": 295.0, ""mlp.up_proj"": 783.0, ""self_attn.k_proj"": 94.0, ""self_attn.o_proj"": 477.0, ""self_attn.q_proj"": 138.0, ""self_attn.v_proj"": 498.0}","{""mlp.down_proj"": 993.0, ""mlp.gate_proj"": 272.0, ""mlp.up_proj"": 755.0, ""self_attn.k_proj"": 95.0, ""self_attn.o_proj"": 441.0, ""self_attn.q_proj"": 138.0, ""self_attn.v_proj"": 489.0}","{""mlp.down_proj"": -18.0, ""mlp.gate_proj"": -23.0, ""mlp.up_proj"": -28.0, ""self_attn.k_proj"": 1.0, ""self_attn.o_proj"": -36.0, ""self_attn.q_proj"": 0.0, ""self_attn.v_proj"": -9.0}","{""mlp.down_proj"": 0.017804154302670624, ""mlp.gate_proj"": 0.07796610169491526, ""mlp.up_proj"": 0.035759897828863345, ""self_attn.k_proj"": -0.010638297872340425, ""self_attn.o_proj"": 0.07547169811320754, ""self_attn.q_proj"": 0.0, ""self_attn.v_proj"": 0.018072289156626505}",0.014381136330121964,-6.657142857142858,135.28571428571428,False,True
,,80,S_math,legacy_S_math,0.025,18,5,equal5_non_qk,True,"mlp.down_proj,mlp.gate_proj,mlp.up_proj,self_attn.o_proj,self_attn.v_proj","self_attn.q_proj,self_attn.k_proj",1152.2,1169.2,1152.2,-17.0,0.015442563348174749,0.01453985631200821,"{""mlp.down_proj"": 1850.0, ""mlp.gate_proj"": 956.0, ""mlp.up_proj"": 1521.0, ""self_attn.o_proj"": 958.0, ""self_attn.v_proj"": 561.0}","{""mlp.down_proj"": 1839.0, ""mlp.gate_proj"": 930.0, ""mlp.up_proj"": 1492.0, ""self_attn.o_proj"": 946.0, ""self_attn.v_proj"": 554.0}","{""mlp.down_proj"": -11.0, ""mlp.gate_proj"": -26.0, ""mlp.up_proj"": -29.0, ""self_attn.o_proj"": -12.0, ""self_attn.v_proj"": -7.0}","{""mlp.down_proj"": 0.005945945945945946, ""mlp.gate_proj"": 0.027196652719665274, ""mlp.up_proj"": 0.0190664036817883, ""self_attn.o_proj"": 0.012526096033402923, ""self_attn.v_proj"": 0.012477718360071301}",0.005116761343223317,0.010325802004951432,7,equal7,True,"mlp.down_proj,mlp.gate_proj,mlp.up_proj,self_attn.k_proj,self_attn.o_proj,self_attn.q_proj,self_attn.v_proj",,897.1428571428571,909.2857142857143,897.1428571428571,-12.142857142857142,0.010319196354499778,0.013354281225451778,"{""mlp.down_proj"": 1850.0, ""mlp.gate_proj"": 956.0, ""mlp.up_proj"": 1521.0, ""self_attn.k_proj"": 206.0, ""self_attn.o_proj"": 958.0, ""self_attn.q_proj"": 313.0, ""self_attn.v_proj"": 561.0}","{""mlp.down_proj"": 1839.0, ""mlp.gate_proj"": 930.0, ""mlp.up_proj"": 1492.0, ""self_attn.k_proj"": 209.0, ""self_attn.o_proj"": 946.0, ""self_attn.q_proj"": 310.0, ""self_attn.v_proj"": 554.0}","{""mlp.down_proj"": -11.0, ""mlp.gate_proj"": -26.0, ""mlp.up_proj"": -29.0, ""self_attn.k_proj"": 3.0, ""self_attn.o_proj"": -12.0, ""self_attn.q_proj"": -3.0, ""self_attn.v_proj"": -7.0}","{""mlp.down_proj"": 0.005945945945945946, ""mlp.gate_proj"": 0.027196652719665274, ""mlp.up_proj"": 0.0190664036817883, ""self_attn.k_proj"": -0.014563106796116505, ""self_attn.o_proj"": 0.012526096033402923, ""self_attn.q_proj"": 0.009584664536741214, ""self_attn.v_proj"": 0.012477718360071301}",0.005123366993674971,-4.857142857142858,255.05714285714294,False,True
,,80,S_math,legacy_S_math,0.05,14,5,equal5_non_qk,True,"mlp.down_proj,mlp.gate_proj,mlp.up_proj,self_attn.o_proj,self_attn.v_proj","self_attn.q_proj,self_attn.k_proj",385.0,404.0,385.0,-19.0,0.060967623752681235,0.04702970297029703,"{""mlp.down_proj"": 711.0, ""mlp.gate_proj"": 132.0, ""mlp.up_proj"": 505.0, ""self_attn.o_proj"": 307.0, ""self_attn.v_proj"": 365.0}","{""mlp.down_proj"": 693.0, ""mlp.gate_proj"": 117.0, ""mlp.up_proj"": 480.0, ""self_attn.o_proj"": 278.0, ""self_attn.v_proj"": 357.0}","{""mlp.down_proj"": -18.0, ""mlp.gate_proj"": -15.0, ""mlp.up_proj"": -25.0, ""self_attn.o_proj"": -29.0, ""self_attn.v_proj"": -8.0}","{""mlp.down_proj"": 0.02531645569620253, ""mlp.gate_proj"": 0.11363636363636363, ""mlp.up_proj"": 0.04950495049504951, ""self_attn.o_proj"": 0.09446254071661238, ""self_attn.v_proj"": 0.021917808219178082}",0.011553040644496717,0.049414583108184515,7,equal7,True,"mlp.down_proj,mlp.gate_proj,mlp.up_proj,self_attn.k_proj,self_attn.o_proj,self_attn.q_proj,self_attn.v_proj",,291.2857142857143,304.85714285714283,291.2857142857143,-13.571428571428571,0.043548302680486595,0.044517338331771274,"{""mlp.down_proj"": 711.0, ""mlp.gate_proj"": 132.0, ""mlp.up_proj"": 505.0, ""self_attn.k_proj"": 49.0, ""self_attn.o_proj"": 307.0, ""self_attn.q_proj"": 65.0, ""self_attn.v_proj"": 365.0}","{""mlp.down_proj"": 693.0, ""mlp.gate_proj"": 117.0, ""mlp.up_proj"": 480.0, ""self_attn.k_proj"": 49.0, ""self_attn.o_proj"": 278.0, ""self_attn.q_proj"": 65.0, ""self_attn.v_proj"": 357.0}","{""mlp.down_proj"": -18.0, ""mlp.gate_proj"": -15.0, ""mlp.up_proj"": -25.0, ""self_attn.k_proj"": 0.0, ""self_attn.o_proj"": -29.0, ""self_attn.q_proj"": 0.0, ""self_attn.v_proj"": -8.0}","{""mlp.down_proj"": 0.02531645569620253, ""mlp.gate_proj"": 0.11363636363636363, ""mlp.up_proj"": 0.04950495049504951, ""self_attn.k_proj"": 0.0, ""self_attn.o_proj"": 0.09446254071661238, ""self_attn.q_proj"": 0.0, ""self_attn.v_proj"": 0.021917808219178082}",0.01741932107219464,-5.428571428571429,93.71428571428572,False,True
,,80,S_math,legacy_S_math,0.05,18,5,equal5_non_qk,True,"mlp.down_proj,mlp.gate_proj,mlp.up_proj,self_attn.o_proj,self_attn.v_proj","self_attn.q_proj,self_attn.k_proj",840.2,856.2,840.2,-16.0,0.020451112374506548,0.01868722261153936,"{""mlp.down_proj"": 1523.0, ""mlp.gate_proj"": 542.0, ""mlp.up_proj"": 1133.0, ""self_attn.o_proj"": 663.0, ""self_attn.v_proj"": 420.0}","{""mlp.down_proj"": 1510.0, ""mlp.gate_proj"": 521.0, ""mlp.up_proj"": 1103.0, ""self_attn.o_proj"": 652.0, ""self_attn.v_proj"": 415.0}","{""mlp.down_proj"": -13.0, ""mlp.gate_proj"": -21.0, ""mlp.up_proj"": -30.0, ""self_attn.o_proj"": -11.0, ""self_attn.v_proj"": -5.0}","{""mlp.down_proj"": 0.008535784635587657, ""mlp.gate_proj"": 0.03874538745387454, ""mlp.up_proj"": 0.0264783759929391, ""self_attn.o_proj"": 0.016591251885369532, ""self_attn.v_proj"": 0.011904761904761904}",0.007659115586824429,0.012791996787682119,7,equal7,True,"mlp.down_proj,mlp.gate_proj,mlp.up_proj,self_attn.k_proj,self_attn.o_proj,self_attn.q_proj,self_attn.v_proj",,634.8571428571429,645.7142857142857,634.8571428571429,-10.857142857142858,0.009165760539613519,0.016814159292035273,"{""mlp.down_proj"": 1523.0, ""mlp.gate_proj"": 542.0, ""mlp.up_proj"": 1133.0, ""self_attn.k_proj"": 105.0, ""self_attn.o_proj"": 663.0, ""self_attn.q_proj"": 134.0, ""self_attn.v_proj"": 420.0}","{""mlp.down_proj"": 1510.0, ""mlp.gate_proj"": 521.0, ""mlp.up_proj"": 1103.0, ""self_attn.k_proj"": 109.0, ""self_attn.o_proj"": 652.0, ""self_attn.q_proj"": 134.0, ""self_attn.v_proj"": 415.0}","{""mlp.down_proj"": -13.0, ""mlp.gate_proj"": -21.0, ""mlp.up_proj"": -30.0, ""self_attn.k_proj"": 4.0, ""self_attn.o_proj"": -11.0, ""self_attn.q_proj"": 0.0, ""self_attn.v_proj"": -5.0}","{""mlp.down_proj"": 0.008535784635587657, ""mlp.gate_proj"": 0.03874538745387454, ""mlp.up_proj"": 0.0264783759929391, ""self_attn.k_proj"": -0.0380952380952381, ""self_attn.o_proj"": 0.016591251885369532, ""self_attn.q_proj"": 0.0, ""self_attn.v_proj"": 0.011904761904761904}",0.011285351834893029,-5.142857142857142,205.34285714285716,False,True
,,80,S_math,legacy_S_math,0.1,14,5,equal5_non_qk,True,"mlp.down_proj,mlp.gate_proj,mlp.up_proj,self_attn.o_proj,self_attn.v_proj","self_attn.q_proj,self_attn.k_proj",218.6,232.2,218.6,-13.6,0.08339457371573944,0.0585701981050818,"{""mlp.down_proj"": 440.0, ""mlp.gate_proj"": 37.0, ""mlp.up_proj"": 275.0, ""self_attn.o_proj"": 172.0, ""self_attn.v_proj"": 237.0}","{""mlp.down_proj"": 425.0, ""mlp.gate_proj"": 31.0, ""mlp.up_proj"": 256.0, ""self_attn.o_proj"": 151.0, ""self_attn.v_proj"": 230.0}","{""mlp.down_proj"": -15.0, ""mlp.gate_proj"": -6.0, ""mlp.up_proj"": -19.0, ""self_attn.o_proj"": -21.0, ""self_attn.v_proj"": -7.0}","{""mlp.down_proj"": 0.03409090909090909, ""mlp.gate_proj"": 0.16216216216216217, ""mlp.up_proj"": 0.06909090909090909, ""self_attn.o_proj"": 0.12209302325581395, ""self_attn.v_proj"": 0.029535864978902954}",0.016146696511532138,0.0672478772042073,7,equal7,True,"mlp.down_proj,mlp.gate_proj,mlp.up_proj,self_attn.k_proj,self_attn.o_proj,self_attn.q_proj,self_attn.v_proj",,162.28571428571428,172.28571428571428,162.28571428571428,-10.0,0.0725808551410863,0.05804311774461028,"{""mlp.down_proj"": 440.0, ""mlp.gate_proj"": 37.0, ""mlp.up_proj"": 275.0, ""self_attn.k_proj"": 19.0, ""self_attn.o_proj"": 172.0, ""self_attn.q_proj"": 26.0, ""self_attn.v_proj"": 237.0}","{""mlp.down_proj"": 425.0, ""mlp.gate_proj"": 31.0, ""mlp.up_proj"": 256.0, ""self_attn.k_proj"": 18.0, ""self_attn.o_proj"": 151.0, ""self_attn.q_proj"": 25.0, ""self_attn.v_proj"": 230.0}","{""mlp.down_proj"": -15.0, ""mlp.gate_proj"": -6.0, ""mlp.up_proj"": -19.0, ""self_attn.k_proj"": -1.0, ""self_attn.o_proj"": -21.0, ""self_attn.q_proj"": -1.0, ""self_attn.v_proj"": -7.0}","{""mlp.down_proj"": 0.03409090909090909, ""mlp.gate_proj"": 0.16216216216216217, ""mlp.up_proj"": 0.06909090909090909, ""self_attn.k_proj"": 0.05263157894736842, ""self_attn.o_proj"": 0.12209302325581395, ""self_attn.q_proj"": 0.038461538461538464, ""self_attn.v_proj"": 0.029535864978902954}",0.010813718574653144,-3.5999999999999996,56.31428571428572,False,True
,,80,S_math,legacy_S_math,0.1,18,5,equal5_non_qk,True,"mlp.down_proj,mlp.gate_proj,mlp.up_proj,self_attn.o_proj,self_attn.v_proj","self_attn.q_proj,self_attn.k_proj",526.6,538.6,526.6,-12.0,0.026179166547397326,0.02227998514667657,"{""mlp.down_proj"": 1121.0, ""mlp.gate_proj"": 206.0, ""mlp.up_proj"": 711.0, ""self_attn.o_proj"": 383.0, ""self_attn.v_proj"": 272.0}","{""mlp.down_proj"": 1108.0, ""mlp.gate_proj"": 196.0, ""mlp.up_proj"": 686.0, ""self_attn.o_proj"": 375.0, ""self_attn.v_proj"": 268.0}","{""mlp.down_proj"": -13.0, ""mlp.gate_proj"": -10.0, ""mlp.up_proj"": -25.0, ""self_attn.o_proj"": -8.0, ""self_attn.v_proj"": -4.0}","{""mlp.down_proj"": 0.01159678858162355, ""mlp.gate_proj"": 0.04854368932038835, ""mlp.up_proj"": 0.035161744022503515, ""self_attn.o_proj"": 0.020887728459530026, ""self_attn.v_proj"": 0.014705882352941176}",0.01143307446678831,0.014746092080609015,7,equal7,True,"mlp.down_proj,mlp.gate_proj,mlp.up_proj,self_attn.k_proj,self_attn.o_proj,self_attn.q_proj,self_attn.v_proj",,387.85714285714283,396.14285714285717,387.85714285714283,-8.285714285714286,0.011730763561729795,0.020915975477821976,"{""mlp.down_proj"": 1121.0, ""mlp.gate_proj"": 206.0, ""mlp.up_proj"": 711.0, ""self_attn.k_proj"": 41.0, ""self_attn.o_proj"": 383.0, ""self_attn.q_proj"": 39.0, ""self_attn.v_proj"": 272.0}","{""mlp.down_proj"": 1108.0, ""mlp.gate_proj"": 196.0, ""mlp.up_proj"": 686.0, ""self_attn.k_proj"": 43.0, ""self_attn.o_proj"": 375.0, ""self_attn.q_proj"": 39.0, ""self_attn.v_proj"": 268.0}","{""mlp.down_proj"": -13.0, ""mlp.gate_proj"": -10.0, ""mlp.up_proj"": -25.0, ""self_attn.k_proj"": 2.0, ""self_attn.o_proj"": -8.0, ""self_attn.q_proj"": 0.0, ""self_attn.v_proj"": -4.0}","{""mlp.down_proj"": 0.01159678858162355, ""mlp.gate_proj"": 0.04854368932038835, ""mlp.up_proj"": 0.035161744022503515, ""self_attn.k_proj"": -0.04878048780487805, ""self_attn.o_proj"": 0.020887728459530026, ""self_attn.q_proj"": 0.0, ""self_attn.v_proj"": 0.014705882352941176}",0.014448402985667531,-3.7142857142857135,138.7428571428572,False,True
,,160,E_general,E_general,0.01,14,5,equal5_non_qk,True,"mlp.down_proj,mlp.gate_proj,mlp.up_proj,self_attn.o_proj,self_attn.v_proj","self_attn.q_proj,self_attn.k_proj",1730.2,1738.2,1730.2,-8.0,0.004913828158780249,0.004602462317339777,"{""mlp.down_proj"": 2529.0, ""mlp.gate_proj"": 1400.0, ""mlp.up_proj"": 2315.0, ""self_attn.o_proj"": 1584.0, ""self_attn.v_proj"": 863.0}","{""mlp.down_proj"": 2525.0, ""mlp.gate_proj"": 1384.0, ""mlp.up_proj"": 2307.0, ""self_attn.o_proj"": 1573.0, ""self_attn.v_proj"": 862.0}","{""mlp.down_proj"": -4.0, ""mlp.gate_proj"": -16.0, ""mlp.up_proj"": -8.0, ""self_attn.o_proj"": -11.0, ""self_attn.v_proj"": -1.0}","{""mlp.down_proj"": 0.0015816528272044287, ""mlp.gate_proj"": 0.011428571428571429, ""mlp.up_proj"": 0.0034557235421166306, ""self_attn.o_proj"": 0.006944444444444444, ""self_attn.v_proj"": 0.0011587485515643105}",0.004913828158780249,0.0,7,equal7,True,"mlp.down_proj,mlp.gate_proj,mlp.up_proj,self_attn.k_proj,self_attn.o_proj,self_attn.q_proj,self_attn.v_proj",,1386.5714285714287,1394.142857142857,1386.5714285714287,-7.571428571428571,0.006888974349654413,0.0054308843119171115,"{""mlp.down_proj"": 2529.0, ""mlp.gate_proj"": 1400.0, ""mlp.up_proj"": 2315.0, ""self_attn.k_proj"": 375.0, ""self_attn.o_proj"": 1584.0, ""self_attn.q_proj"": 693.0, ""self_attn.v_proj"": 863.0}","{""mlp.down_proj"": 2525.0, ""mlp.gate_proj"": 1384.0, ""mlp.up_proj"": 2307.0, ""self_attn.k_proj"": 371.0, ""self_attn.o_proj"": 1573.0, ""self_attn.q_proj"": 684.0, ""self_attn.v_proj"": 862.0}","{""mlp.down_proj"": -4.0, ""mlp.gate_proj"": -16.0, ""mlp.up_proj"": -8.0, ""self_attn.k_proj"": -4.0, ""self_attn.o_proj"": -11.0, ""self_attn.q_proj"": -9.0, ""self_attn.v_proj"": -1.0}","{""mlp.down_proj"": 0.0015816528272044287, ""mlp.gate_proj"": 0.011428571428571429, ""mlp.up_proj"": 0.0034557235421166306, ""self_attn.k_proj"": 0.010666666666666666, ""self_attn.o_proj"": 0.006944444444444444, ""self_attn.q_proj"": 0.012987012987012988, ""self_attn.v_proj"": 0.0011587485515643105}",-0.0019751461908741642,-0.4285714285714288,343.6285714285714,False,True
,,160,E_general,E_general,0.01,18,5,equal5_non_qk,True,"mlp.down_proj,mlp.gate_proj,mlp.up_proj,self_attn.o_proj,self_attn.v_proj","self_attn.q_proj,self_attn.k_proj",1627.8,1634.4,1627.8,-6.6,0.004602760159620308,0.00403817914831139,"{""mlp.down_proj"": 2190.0, ""mlp.gate_proj"": 1641.0, ""mlp.up_proj"": 2064.0, ""self_attn.o_proj"": 1546.0, ""self_attn.v_proj"": 731.0}","{""mlp.down_proj"": 2185.0, ""mlp.gate_proj"": 1632.0, ""mlp.up_proj"": 2060.0, ""self_attn.o_proj"": 1536.0, ""self_attn.v_proj"": 726.0}","{""mlp.down_proj"": -5.0, ""mlp.gate_proj"": -9.0, ""mlp.up_proj"": -4.0, ""self_attn.o_proj"": -10.0, ""self_attn.v_proj"": -5.0}","{""mlp.down_proj"": 0.00228310502283105, ""mlp.gate_proj"": 0.005484460694698354, ""mlp.up_proj"": 0.001937984496124031, ""self_attn.o_proj"": 0.00646830530401035, ""self_attn.v_proj"": 0.006839945280437756}",0.004602760159620308,0.0,7,equal7,True,"mlp.down_proj,mlp.gate_proj,mlp.up_proj,self_attn.k_proj,self_attn.o_proj,self_attn.q_proj,self_attn.v_proj",,1320.4285714285713,1328.5714285714287,1320.4285714285713,-8.142857142857142,0.008801814556714664,0.006129032258064662,"{""mlp.down_proj"": 2190.0, ""mlp.gate_proj"": 1641.0, ""mlp.up_proj"": 2064.0, ""self_attn.k_proj"": 400.0, ""self_attn.o_proj"": 1546.0, ""self_attn.q_proj"": 728.0, ""self_attn.v_proj"": 731.0}","{""mlp.down_proj"": 2185.0, ""mlp.gate_proj"": 1632.0, ""mlp.up_proj"": 2060.0, ""self_attn.k_proj"": 395.0, ""self_attn.o_proj"": 1536.0, ""self_attn.q_proj"": 709.0, ""self_attn.v_proj"": 726.0}","{""mlp.down_proj"": -5.0, ""mlp.gate_proj"": -9.0, ""mlp.up_proj"": -4.0, ""self_attn.k_proj"": -5.0, ""self_attn.o_proj"": -10.0, ""self_attn.q_proj"": -19.0, ""self_attn.v_proj"": -5.0}","{""mlp.down_proj"": 0.00228310502283105, ""mlp.gate_proj"": 0.005484460694698354, ""mlp.up_proj"": 0.001937984496124031, ""self_attn.k_proj"": 0.0125, ""self_attn.o_proj"": 0.00646830530401035, ""self_attn.q_proj"": 0.0260989010989011, ""self_attn.v_proj"": 0.006839945280437756}",-0.0041990543970943555,1.5428571428571427,307.3714285714286,False,True
,,160,E_general,E_general,0.025,14,5,equal5_non_qk,True,"mlp.down_proj,mlp.gate_proj,mlp.up_proj,self_attn.o_proj,self_attn.v_proj","self_attn.q_proj,self_attn.k_proj",1350.4,1359.0,1350.4,-8.6,0.007613110513336112,0.006328182487122818,"{""mlp.down_proj"": 2167.0, ""mlp.gate_proj"": 785.0, ""mlp.up_proj"": 1853.0, ""self_attn.o_proj"": 1239.0, ""self_attn.v_proj"": 751.0}","{""mlp.down_proj"": 2161.0, ""mlp.gate_proj"": 771.0, ""mlp.up_proj"": 1843.0, ""self_attn.o_proj"": 1229.0, ""self_attn.v_proj"": 748.0}","{""mlp.down_proj"": -6.0, ""mlp.gate_proj"": -14.0, ""mlp.up_proj"": -10.0, ""self_attn.o_proj"": -10.0, ""self_attn.v_proj"": -3.0}","{""mlp.down_proj"": 0.0027688047992616522, ""mlp.gate_proj"": 0.017834394904458598, ""mlp.up_proj"": 0.005396654074473826, ""self_attn.o_proj"": 0.008071025020177562, ""self_attn.v_proj"": 0.0039946737683089215}",0.007613110513336112,0.0,7,equal7,True,"mlp.down_proj,mlp.gate_proj,mlp.up_proj,self_attn.k_proj,self_attn.o_proj,self_attn.q_proj,self_attn.v_proj",,1043.5714285714287,1051.142857142857,1043.5714285714287,-7.571428571428571,0.010575356312714222,0.00720304430551768,"{""mlp.down_proj"": 2167.0, ""mlp.gate_proj"": 785.0, ""mlp.up_proj"": 1853.0, ""self_attn.k_proj"": 212.0, ""self_attn.o_proj"": 1239.0, ""self_attn.q_proj"": 351.0, ""self_attn.v_proj"": 751.0}","{""mlp.down_proj"": 2161.0, ""mlp.gate_proj"": 771.0, ""mlp.up_proj"": 1843.0, ""self_attn.k_proj"": 208.0, ""self_attn.o_proj"": 1229.0, ""self_attn.q_proj"": 345.0, ""self_attn.v_proj"": 748.0}","{""mlp.down_proj"": -6.0, ""mlp.gate_proj"": -14.0, ""mlp.up_proj"": -10.0, ""self_attn.k_proj"": -4.0, ""self_attn.o_proj"": -10.0, ""self_attn.q_proj"": -6.0, ""self_attn.v_proj"": -3.0}","{""mlp.down_proj"": 0.0027688047992616522, ""mlp.gate_proj"": 0.017834394904458598, ""mlp.up_proj"": 0.005396654074473826, ""self_attn.k_proj"": 0.018867924528301886, ""self_attn.o_proj"": 0.008071025020177562, ""self_attn.q_proj"": 0.017094017094017096, ""self_attn.v_proj"": 0.0039946737683089215}",-0.00296224579937811,-1.0285714285714285,306.8285714285714,False,True
,,160,E_general,E_general,0.025,18,5,equal5_non_qk,True,"mlp.down_proj,mlp.gate_proj,mlp.up_proj,self_attn.o_proj,self_attn.v_proj","self_attn.q_proj,self_attn.k_proj",1291.2,1299.8,1291.2,-8.6,0.007792953746099317,0.006616402523465079,"{""mlp.down_proj"": 1901.0, ""mlp.gate_proj"": 1133.0, ""mlp.up_proj"": 1706.0, ""self_attn.o_proj"": 1186.0, ""self_attn.v_proj"": 573.0}","{""mlp.down_proj"": 1893.0, ""mlp.gate_proj"": 1121.0, ""mlp.up_proj"": 1700.0, ""self_attn.o_proj"": 1176.0, ""self_attn.v_proj"": 566.0}","{""mlp.down_proj"": -8.0, ""mlp.gate_proj"": -12.0, ""mlp.up_proj"": -6.0, ""self_attn.o_proj"": -10.0, ""self_attn.v_proj"": -7.0}","{""mlp.down_proj"": 0.004208311415044713, ""mlp.gate_proj"": 0.01059135039717564, ""mlp.up_proj"": 0.0035169988276670576, ""self_attn.o_proj"": 0.008431703204047217, ""self_attn.v_proj"": 0.012216404886561954}",0.007792953746099317,0.0,7,equal7,True,"mlp.down_proj,mlp.gate_proj,mlp.up_proj,self_attn.k_proj,self_attn.o_proj,self_attn.q_proj,self_attn.v_proj",,1002.7142857142857,1011.5714285714286,1002.7142857142857,-8.857142857142858,0.01411991931881521,0.008755825448383029,"{""mlp.down_proj"": 1901.0, ""mlp.gate_proj"": 1133.0, ""mlp.up_proj"": 1706.0, ""self_attn.k_proj"": 227.0, ""self_attn.o_proj"": 1186.0, ""self_attn.q_proj"": 355.0, ""self_attn.v_proj"": 573.0}","{""mlp.down_proj"": 1893.0, ""mlp.gate_proj"": 1121.0, ""mlp.up_proj"": 1700.0, ""self_attn.k_proj"": 223.0, ""self_attn.o_proj"": 1176.0, ""self_attn.q_proj"": 340.0, ""self_attn.v_proj"": 566.0}","{""mlp.down_proj"": -8.0, ""mlp.gate_proj"": -12.0, ""mlp.up_proj"": -6.0, ""self_attn.k_proj"": -4.0, ""self_attn.o_proj"": -10.0, ""self_attn.q_proj"": -15.0, ""self_attn.v_proj"": -7.0}","{""mlp.down_proj"": 0.004208311415044713, ""mlp.gate_proj"": 0.01059135039717564, ""mlp.up_proj"": 0.0035169988276670576, ""self_attn.k_proj"": 0.01762114537444934, ""self_attn.o_proj"": 0.008431703204047217, ""self_attn.q_proj"": 0.04225352112676056, ""self_attn.v_proj"": 0.012216404886561954}",-0.006326965572715893,0.257142857142858,288.4857142857144,False,True
,,160,E_general,E_general,0.05,14,5,equal5_non_qk,True,"mlp.down_proj,mlp.gate_proj,mlp.up_proj,self_attn.o_proj,self_attn.v_proj","self_attn.q_proj,self_attn.k_proj",1025.6,1033.8,1025.6,-8.2,0.010813780601844864,0.007931901721803102,"{""mlp.down_proj"": 1802.0, ""mlp.gate_proj"": 368.0, ""mlp.up_proj"": 1413.0, ""self_attn.o_proj"": 955.0, ""self_attn.v_proj"": 631.0}","{""mlp.down_proj"": 1795.0, ""mlp.gate_proj"": 358.0, ""mlp.up_proj"": 1402.0, ""self_attn.o_proj"": 945.0, ""self_attn.v_proj"": 628.0}","{""mlp.down_proj"": -7.0, ""mlp.gate_proj"": -10.0, ""mlp.up_proj"": -11.0, ""self_attn.o_proj"": -10.0, ""self_attn.v_proj"": -3.0}","{""mlp.down_proj"": 0.00388457269700333, ""mlp.gate_proj"": 0.02717391304347826, ""mlp.up_proj"": 0.00778485491861288, ""self_attn.o_proj"": 0.010471204188481676, ""self_attn.v_proj"": 0.004754358161648178}",0.010813780601844864,0.0,7,equal7,True,"mlp.down_proj,mlp.gate_proj,mlp.up_proj,self_attn.k_proj,self_attn.o_proj,self_attn.q_proj,self_attn.v_proj",,769.8571428571429,776.5714285714286,769.8571428571429,-6.714285714285714,0.013961135238323997,0.008646063281824809,"{""mlp.down_proj"": 1802.0, ""mlp.gate_proj"": 368.0, ""mlp.up_proj"": 1413.0, ""self_attn.k_proj"": 111.0, ""self_attn.o_proj"": 955.0, ""self_attn.q_proj"": 156.0, ""self_attn.v_proj"": 631.0}","{""mlp.down_proj"": 1795.0, ""mlp.gate_proj"": 358.0, ""mlp.up_proj"": 1402.0, ""self_attn.k_proj"": 109.0, ""self_attn.o_proj"": 945.0, ""self_attn.q_proj"": 152.0, ""self_attn.v_proj"": 628.0}","{""mlp.down_proj"": -7.0, ""mlp.gate_proj"": -10.0, ""mlp.up_proj"": -11.0, ""self_attn.k_proj"": -2.0, ""self_attn.o_proj"": -10.0, ""self_attn.q_proj"": -4.0, ""self_attn.v_proj"": -3.0}","{""mlp.down_proj"": 0.00388457269700333, ""mlp.gate_proj"": 0.02717391304347826, ""mlp.up_proj"": 0.00778485491861288, ""self_attn.k_proj"": 0.018018018018018018, ""self_attn.o_proj"": 0.010471204188481676, ""self_attn.q_proj"": 0.02564102564102564, ""self_attn.v_proj"": 0.004754358161648178}",-0.003147354636479133,-1.4857142857142849,255.74285714285702,False,True
,,160,E_general,E_general,0.05,18,5,equal5_non_qk,True,"mlp.down_proj,mlp.gate_proj,mlp.up_proj,self_attn.o_proj,self_attn.v_proj","self_attn.q_proj,self_attn.k_proj",982.2,991.2,982.2,-9.0,0.011408101066040639,0.009079903147699757,"{""mlp.down_proj"": 1590.0, ""mlp.gate_proj"": 701.0, ""mlp.up_proj"": 1344.0, ""self_attn.o_proj"": 890.0, ""self_attn.v_proj"": 431.0}","{""mlp.down_proj"": 1581.0, ""mlp.gate_proj"": 689.0, ""mlp.up_proj"": 1338.0, ""self_attn.o_proj"": 880.0, ""self_attn.v_proj"": 423.0}","{""mlp.down_proj"": -9.0, ""mlp.gate_proj"": -12.0, ""mlp.up_proj"": -6.0, ""self_attn.o_proj"": -10.0, ""self_attn.v_proj"": -8.0}","{""mlp.down_proj"": 0.005660377358490566, ""mlp.gate_proj"": 0.017118402282453638, ""mlp.up_proj"": 0.004464285714285714, ""self_attn.o_proj"": 0.011235955056179775, ""self_attn.v_proj"": 0.018561484918793503}",0.011408101066040639,0.0,7,equal7,True,"mlp.down_proj,mlp.gate_proj,mlp.up_proj,self_attn.k_proj,self_attn.o_proj,self_attn.q_proj,self_attn.v_proj",,736.8571428571429,744.7142857142857,736.8571428571429,-7.857142857142857,0.018613596561429503,0.0105505467101476,"{""mlp.down_proj"": 1590.0, ""mlp.gate_proj"": 701.0, ""mlp.up_proj"": 1344.0, ""self_attn.k_proj"": 113.0, ""self_attn.o_proj"": 890.0, ""self_attn.q_proj"": 144.0, ""self_attn.v_proj"": 431.0}","{""mlp.down_proj"": 1581.0, ""mlp.gate_proj"": 689.0, ""mlp.up_proj"": 1338.0, ""self_attn.k_proj"": 111.0, ""self_attn.o_proj"": 880.0, ""self_attn.q_proj"": 136.0, ""self_attn.v_proj"": 423.0}","{""mlp.down_proj"": -9.0, ""mlp.gate_proj"": -12.0, ""mlp.up_proj"": -6.0, ""self_attn.k_proj"": -2.0, ""self_attn.o_proj"": -10.0, ""self_attn.q_proj"": -8.0, ""self_attn.v_proj"": -8.0}","{""mlp.down_proj"": 0.005660377358490566, ""mlp.gate_proj"": 0.017118402282453638, ""mlp.up_proj"": 0.004464285714285714, ""self_attn.k_proj"": 0.017699115044247787, ""self_attn.o_proj"": 0.011235955056179775, ""self_attn.q_proj"": 0.05555555555555555, ""self_attn.v_proj"": 0.018561484918793503}",-0.007205495495388865,-1.1428571428571432,245.34285714285716,False,True
,,160,E_general,E_general,0.1,14,5,equal5_non_qk,True,"mlp.down_proj,mlp.gate_proj,mlp.up_proj,self_attn.o_proj,self_attn.v_proj","self_attn.q_proj,self_attn.k_proj",698.2,704.8,698.2,-6.6,0.015290469541696588,0.009364358683314287,"{""mlp.down_proj"": 1362.0, ""mlp.gate_proj"": 100.0, ""mlp.up_proj"": 924.0, ""self_attn.o_proj"": 659.0, ""self_attn.v_proj"": 479.0}","{""mlp.down_proj"": 1355.0, ""mlp.gate_proj"": 96.0, ""mlp.up_proj"": 914.0, ""self_attn.o_proj"": 651.0, ""self_attn.v_proj"": 475.0}","{""mlp.down_proj"": -7.0, ""mlp.gate_proj"": -4.0, ""mlp.up_proj"": -10.0, ""self_attn.o_proj"": -8.0, ""self_attn.v_proj"": -4.0}","{""mlp.down_proj"": 0.005139500734214391, ""mlp.gate_proj"": 0.04, ""mlp.up_proj"": 0.010822510822510822, ""self_attn.o_proj"": 0.012139605462822459, ""self_attn.v_proj"": 0.008350730688935281}",0.015290469541696588,0.0,7,equal7,True,"mlp.down_proj,mlp.gate_proj,mlp.up_proj,self_attn.k_proj,self_attn.o_proj,self_attn.q_proj,self_attn.v_proj",,512.2857142857143,517.4285714285714,512.2857142857143,-5.142857142857143,0.0196122401488309,0.009939260077305292,"{""mlp.down_proj"": 1362.0, ""mlp.gate_proj"": 100.0, ""mlp.up_proj"": 924.0, ""self_attn.k_proj"": 48.0, ""self_attn.o_proj"": 659.0, ""self_attn.q_proj"": 50.0, ""self_attn.v_proj"": 479.0}","{""mlp.down_proj"": 1355.0, ""mlp.gate_proj"": 96.0, ""mlp.up_proj"": 914.0, ""self_attn.k_proj"": 47.0, ""self_attn.o_proj"": 651.0, ""self_attn.q_proj"": 48.0, ""self_attn.v_proj"": 475.0}","{""mlp.down_proj"": -7.0, ""mlp.gate_proj"": -4.0, ""mlp.up_proj"": -10.0, ""self_attn.k_proj"": -1.0, ""self_attn.o_proj"": -8.0, ""self_attn.q_proj"": -2.0, ""self_attn.v_proj"": -4.0}","{""mlp.down_proj"": 0.005139500734214391, ""mlp.gate_proj"": 0.04, ""mlp.up_proj"": 0.010822510822510822, ""self_attn.k_proj"": 0.020833333333333332, ""self_attn.o_proj"": 0.012139605462822459, ""self_attn.q_proj"": 0.04, ""self_attn.v_proj"": 0.008350730688935281}",-0.004321770607134311,-1.4571428571428564,185.9142857142857,False,True
,,160,E_general,E_general,0.1,18,5,equal5_non_qk,True,"mlp.down_proj,mlp.gate_proj,mlp.up_proj,self_attn.o_proj,self_attn.v_proj","self_attn.q_proj,self_attn.k_proj",648.8,657.4,648.8,-8.6,0.017463598984674387,0.013081837541831492,"{""mlp.down_proj"": 1200.0, ""mlp.gate_proj"": 300.0, ""mlp.up_proj"": 921.0, ""self_attn.o_proj"": 589.0, ""self_attn.v_proj"": 277.0}","{""mlp.down_proj"": 1189.0, ""mlp.gate_proj"": 291.0, ""mlp.up_proj"": 914.0, ""self_attn.o_proj"": 580.0, ""self_attn.v_proj"": 270.0}","{""mlp.down_proj"": -11.0, ""mlp.gate_proj"": -9.0, ""mlp.up_proj"": -7.0, ""self_attn.o_proj"": -9.0, ""self_attn.v_proj"": -7.0}","{""mlp.down_proj"": 0.009166666666666667, ""mlp.gate_proj"": 0.03, ""mlp.up_proj"": 0.00760043431053203, ""self_attn.o_proj"": 0.015280135823429542, ""self_attn.v_proj"": 0.02527075812274368}",0.017463598984674387,0.0,7,equal7,True,"mlp.down_proj,mlp.gate_proj,mlp.up_proj,self_attn.k_proj,self_attn.o_proj,self_attn.q_proj,self_attn.v_proj",,473.14285714285717,479.85714285714283,473.14285714285717,-6.714285714285714,0.029124015924784065,0.013992259601071647,"{""mlp.down_proj"": 1200.0, ""mlp.gate_proj"": 300.0, ""mlp.up_proj"": 921.0, ""self_attn.k_proj"": 39.0, ""self_attn.o_proj"": 589.0, ""self_attn.q_proj"": 33.0, ""self_attn.v_proj"": 277.0}","{""mlp.down_proj"": 1189.0, ""mlp.gate_proj"": 291.0, ""mlp.up_proj"": 914.0, ""self_attn.k_proj"": 38.0, ""self_attn.o_proj"": 580.0, ""self_attn.q_proj"": 30.0, ""self_attn.v_proj"": 270.0}","{""mlp.down_proj"": -11.0, ""mlp.gate_proj"": -9.0, ""mlp.up_proj"": -7.0, ""self_attn.k_proj"": -1.0, ""self_attn.o_proj"": -9.0, ""self_attn.q_proj"": -3.0, ""self_attn.v_proj"": -7.0}","{""mlp.down_proj"": 0.009166666666666667, ""mlp.gate_proj"": 0.03, ""mlp.up_proj"": 0.00760043431053203, ""self_attn.k_proj"": 0.02564102564102564, ""self_attn.o_proj"": 0.015280135823429542, ""self_attn.q_proj"": 0.09090909090909091, ""self_attn.v_proj"": 0.02527075812274368}",-0.011660416940109677,-1.8857142857142852,175.6571428571428,False,True
,,160,E_if,E_ifeval,0.01,14,5,equal5_non_qk,True,"mlp.down_proj,mlp.gate_proj,mlp.up_proj,self_attn.o_proj,self_attn.v_proj","self_attn.q_proj,self_attn.k_proj",1632.0,1653.2,1632.0,-21.2,0.013769220048832454,0.012823614807645805,"{""mlp.down_proj"": 2435.0, ""mlp.gate_proj"": 1310.0, ""mlp.up_proj"": 2179.0, ""self_attn.o_proj"": 1511.0, ""self_attn.v_proj"": 831.0}","{""mlp.down_proj"": 2419.0, ""mlp.gate_proj"": 1268.0, ""mlp.up_proj"": 2158.0, ""self_attn.o_proj"": 1489.0, ""self_attn.v_proj"": 826.0}","{""mlp.down_proj"": -16.0, ""mlp.gate_proj"": -42.0, ""mlp.up_proj"": -21.0, ""self_attn.o_proj"": -22.0, ""self_attn.v_proj"": -5.0}","{""mlp.down_proj"": 0.006570841889117043, ""mlp.gate_proj"": 0.03206106870229008, ""mlp.up_proj"": 0.009637448370812299, ""self_attn.o_proj"": 0.01455989410986102, ""self_attn.v_proj"": 0.006016847172081829}",0.004913828158780249,0.008855391890052206,7,equal7,True,"mlp.down_proj,mlp.gate_proj,mlp.up_proj,self_attn.k_proj,self_attn.o_proj,self_attn.q_proj,self_attn.v_proj",,1302.142857142857,1320.0,1302.142857142857,-17.857142857142858,0.015274697334885597,0.013528138528138552,"{""mlp.down_proj"": 2435.0, ""mlp.gate_proj"": 1310.0, ""mlp.up_proj"": 2179.0, ""self_attn.k_proj"": 344.0, ""self_attn.o_proj"": 1511.0, ""self_attn.q_proj"": 630.0, ""self_attn.v_proj"": 831.0}","{""mlp.down_proj"": 2419.0, ""mlp.gate_proj"": 1268.0, ""mlp.up_proj"": 2158.0, ""self_attn.k_proj"": 338.0, ""self_attn.o_proj"": 1489.0, ""self_attn.q_proj"": 617.0, ""self_attn.v_proj"": 826.0}","{""mlp.down_proj"": -16.0, ""mlp.gate_proj"": -42.0, ""mlp.up_proj"": -21.0, ""self_attn.k_proj"": -6.0, ""self_attn.o_proj"": -22.0, ""self_attn.q_proj"": -13.0, ""self_attn.v_proj"": -5.0}","{""mlp.down_proj"": 0.006570841889117043, ""mlp.gate_proj"": 0.03206106870229008, ""mlp.up_proj"": 0.009637448370812299, ""self_attn.k_proj"": 0.01744186046511628, ""self_attn.o_proj"": 0.01455989410986102, ""self_attn.q_proj"": 0.020634920634920634, ""self_attn.v_proj"": 0.006016847172081829}",-0.0015054772860531428,-3.3428571428571416,329.8571428571429,False,True
,,160,E_if,E_ifeval,0.01,18,5,equal5_non_qk,True,"mlp.down_proj,mlp.gate_proj,mlp.up_proj,self_attn.o_proj,self_attn.v_proj","self_attn.q_proj,self_attn.k_proj",1472.4,1485.0,1472.4,-12.6,0.009568757217228167,0.008484848484848423,"{""mlp.down_proj"": 2024.0, ""mlp.gate_proj"": 1529.0, ""mlp.up_proj"": 1934.0, ""self_attn.o_proj"": 1349.0, ""self_attn.v_proj"": 589.0}","{""mlp.down_proj"": 2014.0, ""mlp.gate_proj"": 1511.0, ""mlp.up_proj"": 1923.0, ""self_attn.o_proj"": 1333.0, ""self_attn.v_proj"": 581.0}","{""mlp.down_proj"": -10.0, ""mlp.gate_proj"": -18.0, ""mlp.up_proj"": -11.0, ""self_attn.o_proj"": -16.0, ""self_attn.v_proj"": -8.0}","{""mlp.down_proj"": 0.004940711462450593, ""mlp.gate_proj"": 0.011772400261608895, ""mlp.up_proj"": 0.005687693898655636, ""self_attn.o_proj"": 0.011860637509266123, ""self_attn.v_proj"": 0.013582342954159592}",0.004602760159620308,0.004965997057607858,7,equal7,True,"mlp.down_proj,mlp.gate_proj,mlp.up_proj,self_attn.k_proj,self_attn.o_proj,self_attn.q_proj,self_attn.v_proj",,1162.857142857143,1174.7142857142858,1162.857142857143,-11.857142857142858,0.013784067818689924,0.010093639790830625,"{""mlp.down_proj"": 2024.0, ""mlp.gate_proj"": 1529.0, ""mlp.up_proj"": 1934.0, ""self_attn.k_proj"": 273.0, ""self_attn.o_proj"": 1349.0, ""self_attn.q_proj"": 525.0, ""self_attn.v_proj"": 589.0}","{""mlp.down_proj"": 2014.0, ""mlp.gate_proj"": 1511.0, ""mlp.up_proj"": 1923.0, ""self_attn.k_proj"": 267.0, ""self_attn.o_proj"": 1333.0, ""self_attn.q_proj"": 511.0, ""self_attn.v_proj"": 581.0}","{""mlp.down_proj"": -10.0, ""mlp.gate_proj"": -18.0, ""mlp.up_proj"": -11.0, ""self_attn.k_proj"": -6.0, ""self_attn.o_proj"": -16.0, ""self_attn.q_proj"": -14.0, ""self_attn.v_proj"": -8.0}","{""mlp.down_proj"": 0.004940711462450593, ""mlp.gate_proj"": 0.011772400261608895, ""mlp.up_proj"": 0.005687693898655636, ""self_attn.k_proj"": 0.02197802197802198, ""self_attn.o_proj"": 0.011860637509266123, ""self_attn.q_proj"": 0.02666666666666667, ""self_attn.v_proj"": 0.013582342954159592}",-0.004215310601461757,-0.742857142857142,309.5428571428572,False,True
,,160,E_if,E_ifeval,0.025,14,5,equal5_non_qk,True,"mlp.down_proj,mlp.gate_proj,mlp.up_proj,self_attn.o_proj,self_attn.v_proj","self_attn.q_proj,self_attn.k_proj",1232.2,1254.4,1232.2,-22.2,0.020918223836601184,0.01769770408163269,"{""mlp.down_proj"": 2031.0, ""mlp.gate_proj"": 710.0, ""mlp.up_proj"": 1671.0, ""self_attn.o_proj"": 1157.0, ""self_attn.v_proj"": 703.0}","{""mlp.down_proj"": 2009.0, ""mlp.gate_proj"": 673.0, ""mlp.up_proj"": 1646.0, ""self_attn.o_proj"": 1136.0, ""self_attn.v_proj"": 697.0}","{""mlp.down_proj"": -22.0, ""mlp.gate_proj"": -37.0, ""mlp.up_proj"": -25.0, ""self_attn.o_proj"": -21.0, ""self_attn.v_proj"": -6.0}","{""mlp.down_proj"": 0.010832102412604629, ""mlp.gate_proj"": 0.05211267605633803, ""mlp.up_proj"": 0.014961101137043686, ""self_attn.o_proj"": 0.018150388936905792, ""self_attn.v_proj"": 0.008534850640113799}",0.007613110513336112,0.013305113323265071,7,equal7,True,"mlp.down_proj,mlp.gate_proj,mlp.up_proj,self_attn.k_proj,self_attn.o_proj,self_attn.q_proj,self_attn.v_proj",,949.2857142857143,967.0,949.2857142857143,-17.714285714285715,0.022141989788559968,0.018318806322942777,"{""mlp.down_proj"": 2031.0, ""mlp.gate_proj"": 710.0, ""mlp.up_proj"": 1671.0, ""self_attn.k_proj"": 188.0, ""self_attn.o_proj"": 1157.0, ""self_attn.q_proj"": 309.0, ""self_attn.v_proj"": 703.0}","{""mlp.down_proj"": 2009.0, ""mlp.gate_proj"": 673.0, ""mlp.up_proj"": 1646.0, ""self_attn.k_proj"": 184.0, ""self_attn.o_proj"": 1136.0, ""self_attn.q_proj"": 300.0, ""self_attn.v_proj"": 697.0}","{""mlp.down_proj"": -22.0, ""mlp.gate_proj"": -37.0, ""mlp.up_proj"": -25.0, ""self_attn.k_proj"": -4.0, ""self_attn.o_proj"": -21.0, ""self_attn.q_proj"": -9.0, ""self_attn.v_proj"": -6.0}","{""mlp.down_proj"": 0.010832102412604629, ""mlp.gate_proj"": 0.05211267605633803, ""mlp.up_proj"": 0.014961101137043686, ""self_attn.k_proj"": 0.02127659574468085, ""self_attn.o_proj"": 0.018150388936905792, ""self_attn.q_proj"": 0.02912621359223301, ""self_attn.v_proj"": 0.008534850640113799}",-0.0012237659519587843,-4.485714285714284,282.9142857142857,False,True
,,160,E_if,E_ifeval,0.025,18,5,equal5_non_qk,True,"mlp.down_proj,mlp.gate_proj,mlp.up_proj,self_attn.o_proj,self_attn.v_proj","self_attn.q_proj,self_attn.k_proj",1096.2,1110.4,1096.2,-14.2,0.01463122205798735,0.012788184438040386,"{""mlp.down_proj"": 1649.0, ""mlp.gate_proj"": 1006.0, ""mlp.up_proj"": 1522.0, ""self_attn.o_proj"": 971.0, ""self_attn.v_proj"": 404.0}","{""mlp.down_proj"": 1635.0, ""mlp.gate_proj"": 985.0, ""mlp.up_proj"": 1509.0, ""self_attn.o_proj"": 956.0, ""self_attn.v_proj"": 396.0}","{""mlp.down_proj"": -14.0, ""mlp.gate_proj"": -21.0, ""mlp.up_proj"": -13.0, ""self_attn.o_proj"": -15.0, ""self_attn.v_proj"": -8.0}","{""mlp.down_proj"": 0.008489993935718617, ""mlp.gate_proj"": 0.020874751491053677, ""mlp.up_proj"": 0.008541392904073587, ""self_attn.o_proj"": 0.015447991761071062, ""self_attn.v_proj"": 0.019801980198019802}",0.007792953746099317,0.006838268311888033,7,equal7,True,"mlp.down_proj,mlp.gate_proj,mlp.up_proj,self_attn.k_proj,self_attn.o_proj,self_attn.q_proj,self_attn.v_proj",,829.0,840.7142857142857,829.0,-11.714285714285714,0.01937737032680198,0.013933729821580232,"{""mlp.down_proj"": 1649.0, ""mlp.gate_proj"": 1006.0, ""mlp.up_proj"": 1522.0, ""self_attn.k_proj"": 123.0, ""self_attn.o_proj"": 971.0, ""self_attn.q_proj"": 210.0, ""self_attn.v_proj"": 404.0}","{""mlp.down_proj"": 1635.0, ""mlp.gate_proj"": 985.0, ""mlp.up_proj"": 1509.0, ""self_attn.k_proj"": 120.0, ""self_attn.o_proj"": 956.0, ""self_attn.q_proj"": 202.0, ""self_attn.v_proj"": 396.0}","{""mlp.down_proj"": -14.0, ""mlp.gate_proj"": -21.0, ""mlp.up_proj"": -13.0, ""self_attn.k_proj"": -3.0, ""self_attn.o_proj"": -15.0, ""self_attn.q_proj"": -8.0, ""self_attn.v_proj"": -8.0}","{""mlp.down_proj"": 0.008489993935718617, ""mlp.gate_proj"": 0.020874751491053677, ""mlp.up_proj"": 0.008541392904073587, ""self_attn.k_proj"": 0.024390243902439025, ""self_attn.o_proj"": 0.015447991761071062, ""self_attn.q_proj"": 0.0380952380952381, ""self_attn.v_proj"": 0.019801980198019802}",-0.004746148268814629,-2.4857142857142858,267.20000000000005,False,True
,,160,E_if,E_ifeval,0.05,14,5,equal5_non_qk,True,"mlp.down_proj,mlp.gate_proj,mlp.up_proj,self_attn.o_proj,self_attn.v_proj","self_attn.q_proj,self_attn.k_proj",901.0,921.4,901.0,-20.4,0.029290355080698764,0.022140221402213996,"{""mlp.down_proj"": 1632.0, ""mlp.gate_proj"": 328.0, ""mlp.up_proj"": 1208.0, ""self_attn.o_proj"": 868.0, ""self_attn.v_proj"": 571.0}","{""mlp.down_proj"": 1608.0, ""mlp.gate_proj"": 304.0, ""mlp.up_proj"": 1182.0, ""self_attn.o_proj"": 848.0, ""self_attn.v_proj"": 563.0}","{""mlp.down_proj"": -24.0, ""mlp.gate_proj"": -24.0, ""mlp.up_proj"": -26.0, ""self_attn.o_proj"": -20.0, ""self_attn.v_proj"": -8.0}","{""mlp.down_proj"": 0.014705882352941176, ""mlp.gate_proj"": 0.07317073170731707, ""mlp.up_proj"": 0.02152317880794702, ""self_attn.o_proj"": 0.02304147465437788, ""self_attn.v_proj"": 0.014010507880910683}",0.010813780601844864,0.0184765744788539,7,equal7,True,"mlp.down_proj,mlp.gate_proj,mlp.up_proj,self_attn.k_proj,self_attn.o_proj,self_attn.q_proj,self_attn.v_proj",,675.7142857142857,691.4285714285714,675.7142857142857,-15.714285714285714,0.030585865334070008,0.02272727272727282,"{""mlp.down_proj"": 1632.0, ""mlp.gate_proj"": 328.0, ""mlp.up_proj"": 1208.0, ""self_attn.k_proj"": 98.0, ""self_attn.o_proj"": 868.0, ""self_attn.q_proj"": 135.0, ""self_attn.v_proj"": 571.0}","{""mlp.down_proj"": 1608.0, ""mlp.gate_proj"": 304.0, ""mlp.up_proj"": 1182.0, ""self_attn.k_proj"": 95.0, ""self_attn.o_proj"": 848.0, ""self_attn.q_proj"": 130.0, ""self_attn.v_proj"": 563.0}","{""mlp.down_proj"": -24.0, ""mlp.gate_proj"": -24.0, ""mlp.up_proj"": -26.0, ""self_attn.k_proj"": -3.0, ""self_attn.o_proj"": -20.0, ""self_attn.q_proj"": -5.0, ""self_attn.v_proj"": -8.0}","{""mlp.down_proj"": 0.014705882352941176, ""mlp.gate_proj"": 0.07317073170731707, ""mlp.up_proj"": 0.02152317880794702, ""self_attn.k_proj"": 0.030612244897959183, ""self_attn.o_proj"": 0.02304147465437788, ""self_attn.q_proj"": 0.037037037037037035, ""self_attn.v_proj"": 0.014010507880910683}",-0.0012955102533712438,-4.685714285714285,225.28571428571433,False,True
,,160,E_if,E_ifeval,0.05,18,5,equal5_non_qk,True,"mlp.down_proj,mlp.gate_proj,mlp.up_proj,self_attn.o_proj,self_attn.v_proj","self_attn.q_proj,self_attn.k_proj",768.6,782.4,768.6,-13.8,0.020852499326392302,0.017638036809815894,"{""mlp.down_proj"": 1274.0, ""mlp.gate_proj"": 584.0, ""mlp.up_proj"": 1128.0, ""self_attn.o_proj"": 673.0, ""self_attn.v_proj"": 253.0}","{""mlp.down_proj"": 1258.0, ""mlp.gate_proj"": 566.0, ""mlp.up_proj"": 1114.0, ""self_attn.o_proj"": 659.0, ""self_attn.v_proj"": 246.0}","{""mlp.down_proj"": -16.0, ""mlp.gate_proj"": -18.0, ""mlp.up_proj"": -14.0, ""self_attn.o_proj"": -14.0, ""self_attn.v_proj"": -7.0}","{""mlp.down_proj"": 0.012558869701726845, ""mlp.gate_proj"": 0.030821917808219176, ""mlp.up_proj"": 0.012411347517730497, ""self_attn.o_proj"": 0.020802377414561663, ""self_attn.v_proj"": 0.02766798418972332}",0.011408101066040639,0.009444398260351664,7,equal7,True,"mlp.down_proj,mlp.gate_proj,mlp.up_proj,self_attn.k_proj,self_attn.o_proj,self_attn.q_proj,self_attn.v_proj",,565.4285714285714,576.0,565.4285714285714,-10.571428571428571,0.025915050539259802,0.018353174603174576,"{""mlp.down_proj"": 1274.0, ""mlp.gate_proj"": 584.0, ""mlp.up_proj"": 1128.0, ""self_attn.k_proj"": 50.0, ""self_attn.o_proj"": 673.0, ""self_attn.q_proj"": 70.0, ""self_attn.v_proj"": 253.0}","{""mlp.down_proj"": 1258.0, ""mlp.gate_proj"": 566.0, ""mlp.up_proj"": 1114.0, ""self_attn.k_proj"": 49.0, ""self_attn.o_proj"": 659.0, ""self_attn.q_proj"": 66.0, ""self_attn.v_proj"": 246.0}","{""mlp.down_proj"": -16.0, ""mlp.gate_proj"": -18.0, ""mlp.up_proj"": -14.0, ""self_attn.k_proj"": -1.0, ""self_attn.o_proj"": -14.0, ""self_attn.q_proj"": -4.0, ""self_attn.v_proj"": -7.0}","{""mlp.down_proj"": 0.012558869701726845, ""mlp.gate_proj"": 0.030821917808219176, ""mlp.up_proj"": 0.012411347517730497, ""self_attn.k_proj"": 0.02, ""self_attn.o_proj"": 0.020802377414561663, ""self_attn.q_proj"": 0.05714285714285714, ""self_attn.v_proj"": 0.02766798418972332}",-0.0050625512128675,-3.2285714285714295,203.17142857142858,False,True
,,160,E_if,E_ifeval,0.1,14,5,equal5_non_qk,True,"mlp.down_proj,mlp.gate_proj,mlp.up_proj,self_attn.o_proj,self_attn.v_proj","self_attn.q_proj,self_attn.k_proj",576.4,592.8,576.4,-16.4,0.04108130539584818,0.027665317139001312,"{""mlp.down_proj"": 1166.0, ""mlp.gate_proj"": 96.0, ""mlp.up_proj"": 722.0, ""self_attn.o_proj"": 572.0, ""self_attn.v_proj"": 408.0}","{""mlp.down_proj"": 1141.0, ""mlp.gate_proj"": 86.0, ""mlp.up_proj"": 700.0, ""self_attn.o_proj"": 555.0, ""self_attn.v_proj"": 400.0}","{""mlp.down_proj"": -25.0, ""mlp.gate_proj"": -10.0, ""mlp.up_proj"": -22.0, ""self_attn.o_proj"": -17.0, ""self_attn.v_proj"": -8.0}","{""mlp.down_proj"": 0.02144082332761578, ""mlp.gate_proj"": 0.10416666666666667, ""mlp.up_proj"": 0.030470914127423823, ""self_attn.o_proj"": 0.02972027972027972, ""self_attn.v_proj"": 0.0196078431372549}",0.015290469541696588,0.02579083585415159,7,equal7,True,"mlp.down_proj,mlp.gate_proj,mlp.up_proj,self_attn.k_proj,self_attn.o_proj,self_attn.q_proj,self_attn.v_proj",,423.57142857142856,435.7142857142857,423.57142857142856,-12.142857142857142,0.03923865660618716,0.02786885245901645,"{""mlp.down_proj"": 1166.0, ""mlp.gate_proj"": 96.0, ""mlp.up_proj"": 722.0, ""self_attn.k_proj"": 42.0, ""self_attn.o_proj"": 572.0, ""self_attn.q_proj"": 44.0, ""self_attn.v_proj"": 408.0}","{""mlp.down_proj"": 1141.0, ""mlp.gate_proj"": 86.0, ""mlp.up_proj"": 700.0, ""self_attn.k_proj"": 41.0, ""self_attn.o_proj"": 555.0, ""self_attn.q_proj"": 42.0, ""self_attn.v_proj"": 400.0}","{""mlp.down_proj"": -25.0, ""mlp.gate_proj"": -10.0, ""mlp.up_proj"": -22.0, ""self_attn.k_proj"": -1.0, ""self_attn.o_proj"": -17.0, ""self_attn.q_proj"": -2.0, ""self_attn.v_proj"": -8.0}","{""mlp.down_proj"": 0.02144082332761578, ""mlp.gate_proj"": 0.10416666666666667, ""mlp.up_proj"": 0.030470914127423823, ""self_attn.k_proj"": 0.023809523809523808, ""self_attn.o_proj"": 0.02972027972027972, ""self_attn.q_proj"": 0.045454545454545456, ""self_attn.v_proj"": 0.0196078431372549}",0.0018426487896610194,-4.257142857142856,152.82857142857142,False,True
,,160,E_if,E_ifeval,0.1,18,5,equal5_non_qk,True,"mlp.down_proj,mlp.gate_proj,mlp.up_proj,self_attn.o_proj,self_attn.v_proj","self_attn.q_proj,self_attn.k_proj",441.8,453.4,441.8,-11.6,0.03288226900119954,0.02558447287163645,"{""mlp.down_proj"": 839.0, ""mlp.gate_proj"": 228.0, ""mlp.up_proj"": 696.0, ""self_attn.o_proj"": 388.0, ""self_attn.v_proj"": 116.0}","{""mlp.down_proj"": 823.0, ""mlp.gate_proj"": 216.0, ""mlp.up_proj"": 683.0, ""self_attn.o_proj"": 376.0, ""self_attn.v_proj"": 111.0}","{""mlp.down_proj"": -16.0, ""mlp.gate_proj"": -12.0, ""mlp.up_proj"": -13.0, ""self_attn.o_proj"": -12.0, ""self_attn.v_proj"": -5.0}","{""mlp.down_proj"": 0.01907032181168057, ""mlp.gate_proj"": 0.05263157894736842, ""mlp.up_proj"": 0.01867816091954023, ""self_attn.o_proj"": 0.030927835051546393, ""self_attn.v_proj"": 0.04310344827586207}",0.017463598984674387,0.015418670016525152,7,equal7,True,"mlp.down_proj,mlp.gate_proj,mlp.up_proj,self_attn.k_proj,self_attn.o_proj,self_attn.q_proj,self_attn.v_proj",,319.14285714285717,327.7142857142857,319.14285714285717,-8.571428571428571,0.04540291941644122,0.026155187445509976,"{""mlp.down_proj"": 839.0, ""mlp.gate_proj"": 228.0, ""mlp.up_proj"": 696.0, ""self_attn.k_proj"": 16.0, ""self_attn.o_proj"": 388.0, ""self_attn.q_proj"": 11.0, ""self_attn.v_proj"": 116.0}","{""mlp.down_proj"": 823.0, ""mlp.gate_proj"": 216.0, ""mlp.up_proj"": 683.0, ""self_attn.k_proj"": 15.0, ""self_attn.o_proj"": 376.0, ""self_attn.q_proj"": 10.0, ""self_attn.v_proj"": 111.0}","{""mlp.down_proj"": -16.0, ""mlp.gate_proj"": -12.0, ""mlp.up_proj"": -13.0, ""self_attn.k_proj"": -1.0, ""self_attn.o_proj"": -12.0, ""self_attn.q_proj"": -1.0, ""self_attn.v_proj"": -5.0}","{""mlp.down_proj"": 0.01907032181168057, ""mlp.gate_proj"": 0.05263157894736842, ""mlp.up_proj"": 0.01867816091954023, ""self_attn.k_proj"": 0.0625, ""self_attn.o_proj"": 0.030927835051546393, ""self_attn.q_proj"": 0.09090909090909091, ""self_attn.v_proj"": 0.04310344827586207}",-0.012520650415241683,-3.0285714285714285,122.65714285714284,False,True
,,160,E_math,E_mathHeld,0.01,14,5,equal5_non_qk,True,"mlp.down_proj,mlp.gate_proj,mlp.up_proj,self_attn.o_proj,self_attn.v_proj","self_attn.q_proj,self_attn.k_proj",848.0,862.0,848.0,-14.0,0.018447642231913926,0.016241299303944315,"{""mlp.down_proj"": 1191.0, ""mlp.gate_proj"": 588.0, ""mlp.up_proj"": 1024.0, ""self_attn.o_proj"": 848.0, ""self_attn.v_proj"": 659.0}","{""mlp.down_proj"": 1181.0, ""mlp.gate_proj"": 562.0, ""mlp.up_proj"": 1010.0, ""self_attn.o_proj"": 835.0, ""self_attn.v_proj"": 652.0}","{""mlp.down_proj"": -10.0, ""mlp.gate_proj"": -26.0, ""mlp.up_proj"": -14.0, ""self_attn.o_proj"": -13.0, ""self_attn.v_proj"": -7.0}","{""mlp.down_proj"": 0.008396305625524769, ""mlp.gate_proj"": 0.04421768707482993, ""mlp.up_proj"": 0.013671875, ""self_attn.o_proj"": 0.015330188679245283, ""self_attn.v_proj"": 0.010622154779969651}",0.004913828158780249,0.013533814073133678,7,equal7,True,"mlp.down_proj,mlp.gate_proj,mlp.up_proj,self_attn.k_proj,self_attn.o_proj,self_attn.q_proj,self_attn.v_proj",,696.7142857142857,709.1428571428571,696.7142857142857,-12.428571428571429,0.020454984528551875,0.01752618855761485,"{""mlp.down_proj"": 1191.0, ""mlp.gate_proj"": 588.0, ""mlp.up_proj"": 1024.0, ""self_attn.k_proj"": 263.0, ""self_attn.o_proj"": 848.0, ""self_attn.q_proj"": 391.0, ""self_attn.v_proj"": 659.0}","{""mlp.down_proj"": 1181.0, ""mlp.gate_proj"": 562.0, ""mlp.up_proj"": 1010.0, ""self_attn.k_proj"": 257.0, ""self_attn.o_proj"": 835.0, ""self_attn.q_proj"": 380.0, ""self_attn.v_proj"": 652.0}","{""mlp.down_proj"": -10.0, ""mlp.gate_proj"": -26.0, ""mlp.up_proj"": -14.0, ""self_attn.k_proj"": -6.0, ""self_attn.o_proj"": -13.0, ""self_attn.q_proj"": -11.0, ""self_attn.v_proj"": -7.0}","{""mlp.down_proj"": 0.008396305625524769, ""mlp.gate_proj"": 0.04421768707482993, ""mlp.up_proj"": 0.013671875, ""self_attn.k_proj"": 0.022813688212927757, ""self_attn.o_proj"": 0.015330188679245283, ""self_attn.q_proj"": 0.028132992327365727, ""self_attn.v_proj"": 0.010622154779969651}",-0.002007342296637949,-1.5714285714285712,151.28571428571433,False,True
,,160,E_math,E_mathHeld,0.01,18,5,equal5_non_qk,True,"mlp.down_proj,mlp.gate_proj,mlp.up_proj,self_attn.o_proj,self_attn.v_proj","self_attn.q_proj,self_attn.k_proj",888.0,893.0,888.0,-5.0,0.006208155024860202,0.005599104143337066,"{""mlp.down_proj"": 1195.0, ""mlp.gate_proj"": 912.0, ""mlp.up_proj"": 1080.0, ""self_attn.o_proj"": 776.0, ""self_attn.v_proj"": 502.0}","{""mlp.down_proj"": 1190.0, ""mlp.gate_proj"": 905.0, ""mlp.up_proj"": 1077.0, ""self_attn.o_proj"": 771.0, ""self_attn.v_proj"": 497.0}","{""mlp.down_proj"": -5.0, ""mlp.gate_proj"": -7.0, ""mlp.up_proj"": -3.0, ""self_attn.o_proj"": -5.0, ""self_attn.v_proj"": -5.0}","{""mlp.down_proj"": 0.0041841004184100415, ""mlp.gate_proj"": 0.007675438596491228, ""mlp.up_proj"": 0.002777777777777778, ""self_attn.o_proj"": 0.006443298969072165, ""self_attn.v_proj"": 0.0099601593625498}",0.004602760159620308,0.001605394865239894,7,equal7,True,"mlp.down_proj,mlp.gate_proj,mlp.up_proj,self_attn.k_proj,self_attn.o_proj,self_attn.q_proj,self_attn.v_proj",,727.4285714285714,733.2857142857143,727.4285714285714,-5.857142857142857,0.010820664327262612,0.007987531657899907,"{""mlp.down_proj"": 1195.0, ""mlp.gate_proj"": 912.0, ""mlp.up_proj"": 1080.0, ""self_attn.k_proj"": 249.0, ""self_attn.o_proj"": 776.0, ""self_attn.q_proj"": 419.0, ""self_attn.v_proj"": 502.0}","{""mlp.down_proj"": 1190.0, ""mlp.gate_proj"": 905.0, ""mlp.up_proj"": 1077.0, ""self_attn.k_proj"": 245.0, ""self_attn.o_proj"": 771.0, ""self_attn.q_proj"": 407.0, ""self_attn.v_proj"": 497.0}","{""mlp.down_proj"": -5.0, ""mlp.gate_proj"": -7.0, ""mlp.up_proj"": -3.0, ""self_attn.k_proj"": -4.0, ""self_attn.o_proj"": -5.0, ""self_attn.q_proj"": -12.0, ""self_attn.v_proj"": -5.0}","{""mlp.down_proj"": 0.0041841004184100415, ""mlp.gate_proj"": 0.007675438596491228, ""mlp.up_proj"": 0.002777777777777778, ""self_attn.k_proj"": 0.01606425702811245, ""self_attn.o_proj"": 0.006443298969072165, ""self_attn.q_proj"": 0.028639618138424822, ""self_attn.v_proj"": 0.0099601593625498}",-0.004612509302402409,0.8571428571428568,160.57142857142856,False,True
,,160,E_math,E_mathHeld,0.025,14,5,equal5_non_qk,True,"mlp.down_proj,mlp.gate_proj,mlp.up_proj,self_attn.o_proj,self_attn.v_proj","self_attn.q_proj,self_attn.k_proj",614.0,627.4,614.0,-13.4,0.025925761350191125,0.02135798533630854,"{""mlp.down_proj"": 928.0, ""mlp.gate_proj"": 322.0, ""mlp.up_proj"": 752.0, ""self_attn.o_proj"": 618.0, ""self_attn.v_proj"": 517.0}","{""mlp.down_proj"": 915.0, ""mlp.gate_proj"": 302.0, ""mlp.up_proj"": 738.0, ""self_attn.o_proj"": 606.0, ""self_attn.v_proj"": 509.0}","{""mlp.down_proj"": -13.0, ""mlp.gate_proj"": -20.0, ""mlp.up_proj"": -14.0, ""self_attn.o_proj"": -12.0, ""self_attn.v_proj"": -8.0}","{""mlp.down_proj"": 0.014008620689655173, ""mlp.gate_proj"": 0.062111801242236024, ""mlp.up_proj"": 0.018617021276595744, ""self_attn.o_proj"": 0.019417475728155338, ""self_attn.v_proj"": 0.015473887814313346}",0.007613110513336112,0.018312650836855012,7,equal7,True,"mlp.down_proj,mlp.gate_proj,mlp.up_proj,self_attn.k_proj,self_attn.o_proj,self_attn.q_proj,self_attn.v_proj",,487.85714285714283,499.2857142857143,487.85714285714283,-11.428571428571429,0.028509243455264722,0.022889842632331937,"{""mlp.down_proj"": 928.0, ""mlp.gate_proj"": 322.0, ""mlp.up_proj"": 752.0, ""self_attn.k_proj"": 150.0, ""self_attn.o_proj"": 618.0, ""self_attn.q_proj"": 208.0, ""self_attn.v_proj"": 517.0}","{""mlp.down_proj"": 915.0, ""mlp.gate_proj"": 302.0, ""mlp.up_proj"": 738.0, ""self_attn.k_proj"": 146.0, ""self_attn.o_proj"": 606.0, ""self_attn.q_proj"": 199.0, ""self_attn.v_proj"": 509.0}","{""mlp.down_proj"": -13.0, ""mlp.gate_proj"": -20.0, ""mlp.up_proj"": -14.0, ""self_attn.k_proj"": -4.0, ""self_attn.o_proj"": -12.0, ""self_attn.q_proj"": -9.0, ""self_attn.v_proj"": -8.0}","{""mlp.down_proj"": 0.014008620689655173, ""mlp.gate_proj"": 0.062111801242236024, ""mlp.up_proj"": 0.018617021276595744, ""self_attn.k_proj"": 0.02666666666666667, ""self_attn.o_proj"": 0.019417475728155338, ""self_attn.q_proj"": 0.04326923076923077, ""self_attn.v_proj"": 0.015473887814313346}",-0.002583482105073597,-1.9714285714285715,126.14285714285717,False,True
,,160,E_math,E_mathHeld,0.025,18,5,equal5_non_qk,True,"mlp.down_proj,mlp.gate_proj,mlp.up_proj,self_attn.o_proj,self_attn.v_proj","self_attn.q_proj,self_attn.k_proj",655.6,661.4,655.6,-5.8,0.009978186997441968,0.008769277290595637,"{""mlp.down_proj"": 945.0, ""mlp.gate_proj"": 638.0, ""mlp.up_proj"": 822.0, ""self_attn.o_proj"": 550.0, ""self_attn.v_proj"": 352.0}","{""mlp.down_proj"": 939.0, ""mlp.gate_proj"": 630.0, ""mlp.up_proj"": 818.0, ""self_attn.o_proj"": 545.0, ""self_attn.v_proj"": 346.0}","{""mlp.down_proj"": -6.0, ""mlp.gate_proj"": -8.0, ""mlp.up_proj"": -4.0, ""self_attn.o_proj"": -5.0, ""self_attn.v_proj"": -6.0}","{""mlp.down_proj"": 0.006349206349206349, ""mlp.gate_proj"": 0.012539184952978056, ""mlp.up_proj"": 0.004866180048661801, ""self_attn.o_proj"": 0.00909090909090909, ""self_attn.v_proj"": 0.017045454545454544}",0.007792953746099317,0.0021852332513426507,7,equal7,True,"mlp.down_proj,mlp.gate_proj,mlp.up_proj,self_attn.k_proj,self_attn.o_proj,self_attn.q_proj,self_attn.v_proj",,514.8571428571429,520.7142857142857,514.8571428571429,-5.857142857142857,0.016593326997916127,0.011248285322359242,"{""mlp.down_proj"": 945.0, ""mlp.gate_proj"": 638.0, ""mlp.up_proj"": 822.0, ""self_attn.k_proj"": 126.0, ""self_attn.o_proj"": 550.0, ""self_attn.q_proj"": 212.0, ""self_attn.v_proj"": 352.0}","{""mlp.down_proj"": 939.0, ""mlp.gate_proj"": 630.0, ""mlp.up_proj"": 818.0, ""self_attn.k_proj"": 123.0, ""self_attn.o_proj"": 545.0, ""self_attn.q_proj"": 203.0, ""self_attn.v_proj"": 346.0}","{""mlp.down_proj"": -6.0, ""mlp.gate_proj"": -8.0, ""mlp.up_proj"": -4.0, ""self_attn.k_proj"": -3.0, ""self_attn.o_proj"": -5.0, ""self_attn.q_proj"": -9.0, ""self_attn.v_proj"": -6.0}","{""mlp.down_proj"": 0.006349206349206349, ""mlp.gate_proj"": 0.012539184952978056, ""mlp.up_proj"": 0.004866180048661801, ""self_attn.k_proj"": 0.023809523809523808, ""self_attn.o_proj"": 0.00909090909090909, ""self_attn.q_proj"": 0.04245283018867924, ""self_attn.v_proj"": 0.017045454545454544}",-0.006615140000474159,0.05714285714285694,140.74285714285713,False,True
,,160,E_math,E_mathHeld,0.05,14,5,equal5_non_qk,True,"mlp.down_proj,mlp.gate_proj,mlp.up_proj,self_attn.o_proj,self_attn.v_proj","self_attn.q_proj,self_attn.k_proj",438.4,449.6,438.4,-11.2,0.033957580790983426,0.02491103202846985,"{""mlp.down_proj"": 711.0, ""mlp.gate_proj"": 158.0, ""mlp.up_proj"": 535.0, ""self_attn.o_proj"": 447.0, ""self_attn.v_proj"": 397.0}","{""mlp.down_proj"": 699.0, ""mlp.gate_proj"": 144.0, ""mlp.up_proj"": 522.0, ""self_attn.o_proj"": 437.0, ""self_attn.v_proj"": 390.0}","{""mlp.down_proj"": -12.0, ""mlp.gate_proj"": -14.0, ""mlp.up_proj"": -13.0, ""self_attn.o_proj"": -10.0, ""self_attn.v_proj"": -7.0}","{""mlp.down_proj"": 0.016877637130801686, ""mlp.gate_proj"": 0.08860759493670886, ""mlp.up_proj"": 0.024299065420560748, ""self_attn.o_proj"": 0.02237136465324385, ""self_attn.v_proj"": 0.017632241813602016}",0.010813780601844864,0.02314380018913856,7,equal7,True,"mlp.down_proj,mlp.gate_proj,mlp.up_proj,self_attn.k_proj,self_attn.o_proj,self_attn.q_proj,self_attn.v_proj",,338.57142857142856,347.85714285714283,338.57142857142856,-9.285714285714286,0.037679230979095556,0.026694045174537967,"{""mlp.down_proj"": 711.0, ""mlp.gate_proj"": 158.0, ""mlp.up_proj"": 535.0, ""self_attn.k_proj"": 84.0, ""self_attn.o_proj"": 447.0, ""self_attn.q_proj"": 103.0, ""self_attn.v_proj"": 397.0}","{""mlp.down_proj"": 699.0, ""mlp.gate_proj"": 144.0, ""mlp.up_proj"": 522.0, ""self_attn.k_proj"": 81.0, ""self_attn.o_proj"": 437.0, ""self_attn.q_proj"": 97.0, ""self_attn.v_proj"": 390.0}","{""mlp.down_proj"": -12.0, ""mlp.gate_proj"": -14.0, ""mlp.up_proj"": -13.0, ""self_attn.k_proj"": -3.0, ""self_attn.o_proj"": -10.0, ""self_attn.q_proj"": -6.0, ""self_attn.v_proj"": -7.0}","{""mlp.down_proj"": 0.016877637130801686, ""mlp.gate_proj"": 0.08860759493670886, ""mlp.up_proj"": 0.024299065420560748, ""self_attn.k_proj"": 0.03571428571428571, ""self_attn.o_proj"": 0.02237136465324385, ""self_attn.q_proj"": 0.05825242718446602, ""self_attn.v_proj"": 0.017632241813602016}",-0.00372165018811213,-1.9142857142857128,99.82857142857142,False,True
,,160,E_math,E_mathHeld,0.05,18,5,equal5_non_qk,True,"mlp.down_proj,mlp.gate_proj,mlp.up_proj,self_attn.o_proj,self_attn.v_proj","self_attn.q_proj,self_attn.k_proj",472.6,478.2,472.6,-5.6,0.013326267254122389,0.011710581346716783,"{""mlp.down_proj"": 733.0, ""mlp.gate_proj"": 427.0, ""mlp.up_proj"": 610.0, ""self_attn.o_proj"": 384.0, ""self_attn.v_proj"": 237.0}","{""mlp.down_proj"": 727.0, ""mlp.gate_proj"": 419.0, ""mlp.up_proj"": 605.0, ""self_attn.o_proj"": 380.0, ""self_attn.v_proj"": 232.0}","{""mlp.down_proj"": -6.0, ""mlp.gate_proj"": -8.0, ""mlp.up_proj"": -5.0, ""self_attn.o_proj"": -4.0, ""self_attn.v_proj"": -5.0}","{""mlp.down_proj"": 0.008185538881309686, ""mlp.gate_proj"": 0.01873536299765808, ""mlp.up_proj"": 0.00819672131147541, ""self_attn.o_proj"": 0.010416666666666666, ""self_attn.v_proj"": 0.02109704641350211}",0.011408101066040639,0.0019181661880817505,7,equal7,True,"mlp.down_proj,mlp.gate_proj,mlp.up_proj,self_attn.k_proj,self_attn.o_proj,self_attn.q_proj,self_attn.v_proj",,357.85714285714283,363.0,357.85714285714283,-5.142857142857143,0.023747883514445088,0.014167650531286963,"{""mlp.down_proj"": 733.0, ""mlp.gate_proj"": 427.0, ""mlp.up_proj"": 610.0, ""self_attn.k_proj"": 57.0, ""self_attn.o_proj"": 384.0, ""self_attn.q_proj"": 93.0, ""self_attn.v_proj"": 237.0}","{""mlp.down_proj"": 727.0, ""mlp.gate_proj"": 419.0, ""mlp.up_proj"": 605.0, ""self_attn.k_proj"": 55.0, ""self_attn.o_proj"": 380.0, ""self_attn.q_proj"": 87.0, ""self_attn.v_proj"": 232.0}","{""mlp.down_proj"": -6.0, ""mlp.gate_proj"": -8.0, ""mlp.up_proj"": -5.0, ""self_attn.k_proj"": -2.0, ""self_attn.o_proj"": -4.0, ""self_attn.q_proj"": -6.0, ""self_attn.v_proj"": -5.0}","{""mlp.down_proj"": 0.008185538881309686, ""mlp.gate_proj"": 0.01873536299765808, ""mlp.up_proj"": 0.00819672131147541, ""self_attn.k_proj"": 0.03508771929824561, ""self_attn.o_proj"": 0.010416666666666666, ""self_attn.q_proj"": 0.06451612903225806, ""self_attn.v_proj"": 0.02109704641350211}",-0.010421616260322699,-0.4571428571428564,114.74285714285719,False,True
,,160,E_math,E_mathHeld,0.1,14,5,equal5_non_qk,True,"mlp.down_proj,mlp.gate_proj,mlp.up_proj,self_attn.o_proj,self_attn.v_proj","self_attn.q_proj,self_attn.k_proj",276.8,285.2,276.8,-8.4,0.049137311977229606,0.02945301542776991,"{""mlp.down_proj"": 489.0, ""mlp.gate_proj"": 49.0, ""mlp.up_proj"": 326.0, ""self_attn.o_proj"": 289.0, ""self_attn.v_proj"": 273.0}","{""mlp.down_proj"": 478.0, ""mlp.gate_proj"": 42.0, ""mlp.up_proj"": 316.0, ""self_attn.o_proj"": 281.0, ""self_attn.v_proj"": 267.0}","{""mlp.down_proj"": -11.0, ""mlp.gate_proj"": -7.0, ""mlp.up_proj"": -10.0, ""self_attn.o_proj"": -8.0, ""self_attn.v_proj"": -6.0}","{""mlp.down_proj"": 0.022494887525562373, ""mlp.gate_proj"": 0.14285714285714285, ""mlp.up_proj"": 0.03067484662576687, ""self_attn.o_proj"": 0.02768166089965398, ""self_attn.v_proj"": 0.02197802197802198}",0.015290469541696588,0.033846842435533014,7,equal7,True,"mlp.down_proj,mlp.gate_proj,mlp.up_proj,self_attn.k_proj,self_attn.o_proj,self_attn.q_proj,self_attn.v_proj",,208.14285714285714,214.57142857142858,208.14285714285714,-6.428571428571429,0.04637627547245724,0.029960053262316984,"{""mlp.down_proj"": 489.0, ""mlp.gate_proj"": 49.0, ""mlp.up_proj"": 326.0, ""self_attn.k_proj"": 38.0, ""self_attn.o_proj"": 289.0, ""self_attn.q_proj"": 38.0, ""self_attn.v_proj"": 273.0}","{""mlp.down_proj"": 478.0, ""mlp.gate_proj"": 42.0, ""mlp.up_proj"": 316.0, ""self_attn.k_proj"": 37.0, ""self_attn.o_proj"": 281.0, ""self_attn.q_proj"": 36.0, ""self_attn.v_proj"": 267.0}","{""mlp.down_proj"": -11.0, ""mlp.gate_proj"": -7.0, ""mlp.up_proj"": -10.0, ""self_attn.k_proj"": -1.0, ""self_attn.o_proj"": -8.0, ""self_attn.q_proj"": -2.0, ""self_attn.v_proj"": -6.0}","{""mlp.down_proj"": 0.022494887525562373, ""mlp.gate_proj"": 0.14285714285714285, ""mlp.up_proj"": 0.03067484662576687, ""self_attn.k_proj"": 0.02631578947368421, ""self_attn.o_proj"": 0.02768166089965398, ""self_attn.q_proj"": 0.05263157894736842, ""self_attn.v_proj"": 0.02197802197802198}",0.0027610365047723642,-1.9714285714285715,68.65714285714287,False,True
,,160,E_math,E_mathHeld,0.1,18,5,equal5_non_qk,True,"mlp.down_proj,mlp.gate_proj,mlp.up_proj,self_attn.o_proj,self_attn.v_proj","self_attn.q_proj,self_attn.k_proj",295.0,300.2,295.0,-5.2,0.020038525535891687,0.017321785476349064,"{""mlp.down_proj"": 510.0, ""mlp.gate_proj"": 232.0, ""mlp.up_proj"": 397.0, ""self_attn.o_proj"": 232.0, ""self_attn.v_proj"": 130.0}","{""mlp.down_proj"": 503.0, ""mlp.gate_proj"": 225.0, ""mlp.up_proj"": 392.0, ""self_attn.o_proj"": 229.0, ""self_attn.v_proj"": 126.0}","{""mlp.down_proj"": -7.0, ""mlp.gate_proj"": -7.0, ""mlp.up_proj"": -5.0, ""self_attn.o_proj"": -3.0, ""self_attn.v_proj"": -4.0}","{""mlp.down_proj"": 0.013725490196078431, ""mlp.gate_proj"": 0.03017241379310345, ""mlp.up_proj"": 0.012594458438287154, ""self_attn.o_proj"": 0.01293103448275862, ""self_attn.v_proj"": 0.03076923076923077}",0.017463598984674387,0.002574926551217299,7,equal7,True,"mlp.down_proj,mlp.gate_proj,mlp.up_proj,self_attn.k_proj,self_attn.o_proj,self_attn.q_proj,self_attn.v_proj",,216.0,220.14285714285714,216.0,-4.142857142857143,0.0337937520061564,0.018818948734587913,"{""mlp.down_proj"": 510.0, ""mlp.gate_proj"": 232.0, ""mlp.up_proj"": 397.0, ""self_attn.k_proj"": 18.0, ""self_attn.o_proj"": 232.0, ""self_attn.q_proj"": 22.0, ""self_attn.v_proj"": 130.0}","{""mlp.down_proj"": 503.0, ""mlp.gate_proj"": 225.0, ""mlp.up_proj"": 392.0, ""self_attn.k_proj"": 18.0, ""self_attn.o_proj"": 229.0, ""self_attn.q_proj"": 19.0, ""self_attn.v_proj"": 126.0}","{""mlp.down_proj"": -7.0, ""mlp.gate_proj"": -7.0, ""mlp.up_proj"": -5.0, ""self_attn.k_proj"": 0.0, ""self_attn.o_proj"": -3.0, ""self_attn.q_proj"": -3.0, ""self_attn.v_proj"": -4.0}","{""mlp.down_proj"": 0.013725490196078431, ""mlp.gate_proj"": 0.03017241379310345, ""mlp.up_proj"": 0.012594458438287154, ""self_attn.k_proj"": 0.0, ""self_attn.o_proj"": 0.01293103448275862, ""self_attn.q_proj"": 0.13636363636363635, ""self_attn.v_proj"": 0.03076923076923077}",-0.013755226470264711,-1.057142857142857,79.0,False,True
,,160,E_math_hard_v2,E_AIME24,0.01,14,5,equal5_non_qk,True,"mlp.down_proj,mlp.gate_proj,mlp.up_proj,self_attn.o_proj,self_attn.v_proj","self_attn.q_proj,self_attn.k_proj",1211.4,1236.2,1211.4,-24.8,0.02233718207762141,0.020061478725125346,"{""mlp.down_proj"": 1802.0, ""mlp.gate_proj"": 877.0, ""mlp.up_proj"": 1561.0, ""self_attn.o_proj"": 1177.0, ""self_attn.v_proj"": 764.0}","{""mlp.down_proj"": 1781.0, ""mlp.gate_proj"": 827.0, ""mlp.up_proj"": 1536.0, ""self_attn.o_proj"": 1156.0, ""self_attn.v_proj"": 757.0}","{""mlp.down_proj"": -21.0, ""mlp.gate_proj"": -50.0, ""mlp.up_proj"": -25.0, ""self_attn.o_proj"": -21.0, ""self_attn.v_proj"": -7.0}","{""mlp.down_proj"": 0.011653718091009988, ""mlp.gate_proj"": 0.05701254275940707, ""mlp.up_proj"": 0.016015374759769378, ""self_attn.o_proj"": 0.01784197111299915, ""self_attn.v_proj"": 0.009162303664921465}",0.004913828158780249,0.017423353918841162,7,equal7,True,"mlp.down_proj,mlp.gate_proj,mlp.up_proj,self_attn.k_proj,self_attn.o_proj,self_attn.q_proj,self_attn.v_proj",,972.7142857142857,994.0,972.7142857142857,-21.285714285714285,0.025041453632246767,0.021414199482609995,"{""mlp.down_proj"": 1802.0, ""mlp.gate_proj"": 877.0, ""mlp.up_proj"": 1561.0, ""self_attn.k_proj"": 298.0, ""self_attn.o_proj"": 1177.0, ""self_attn.q_proj"": 479.0, ""self_attn.v_proj"": 764.0}","{""mlp.down_proj"": 1781.0, ""mlp.gate_proj"": 827.0, ""mlp.up_proj"": 1536.0, ""self_attn.k_proj"": 289.0, ""self_attn.o_proj"": 1156.0, ""self_attn.q_proj"": 463.0, ""self_attn.v_proj"": 757.0}","{""mlp.down_proj"": -21.0, ""mlp.gate_proj"": -50.0, ""mlp.up_proj"": -25.0, ""self_attn.k_proj"": -9.0, ""self_attn.o_proj"": -21.0, ""self_attn.q_proj"": -16.0, ""self_attn.v_proj"": -7.0}","{""mlp.down_proj"": 0.011653718091009988, ""mlp.gate_proj"": 0.05701254275940707, ""mlp.up_proj"": 0.016015374759769378, ""self_attn.k_proj"": 0.030201342281879196, ""self_attn.o_proj"": 0.01784197111299915, ""self_attn.q_proj"": 0.033402922755741124, ""self_attn.v_proj"": 0.009162303664921465}",-0.002704271554625357,-3.514285714285716,238.68571428571443,False,True
,,160,E_math_hard_v2,E_AIME24,0.01,18,5,equal5_non_qk,True,"mlp.down_proj,mlp.gate_proj,mlp.up_proj,self_attn.o_proj,self_attn.v_proj","self_attn.q_proj,self_attn.k_proj",1263.0,1269.4,1263.0,-6.4,0.006051313092285416,0.005041752008823138,"{""mlp.down_proj"": 1764.0, ""mlp.gate_proj"": 1286.0, ""mlp.up_proj"": 1539.0, ""self_attn.o_proj"": 1126.0, ""self_attn.v_proj"": 632.0}","{""mlp.down_proj"": 1761.0, ""mlp.gate_proj"": 1276.0, ""mlp.up_proj"": 1535.0, ""self_attn.o_proj"": 1118.0, ""self_attn.v_proj"": 625.0}","{""mlp.down_proj"": -3.0, ""mlp.gate_proj"": -10.0, ""mlp.up_proj"": -4.0, ""self_attn.o_proj"": -8.0, ""self_attn.v_proj"": -7.0}","{""mlp.down_proj"": 0.0017006802721088435, ""mlp.gate_proj"": 0.007776049766718507, ""mlp.up_proj"": 0.002599090318388564, ""self_attn.o_proj"": 0.007104795737122558, ""self_attn.v_proj"": 0.011075949367088608}",0.004602760159620308,0.001448552932665108,7,equal7,True,"mlp.down_proj,mlp.gate_proj,mlp.up_proj,self_attn.k_proj,self_attn.o_proj,self_attn.q_proj,self_attn.v_proj",,1026.7142857142858,1034.2857142857142,1026.7142857142858,-7.571428571428571,0.010719295968342132,0.007320441988950151,"{""mlp.down_proj"": 1764.0, ""mlp.gate_proj"": 1286.0, ""mlp.up_proj"": 1539.0, ""self_attn.k_proj"": 338.0, ""self_attn.o_proj"": 1126.0, ""self_attn.q_proj"": 555.0, ""self_attn.v_proj"": 632.0}","{""mlp.down_proj"": 1761.0, ""mlp.gate_proj"": 1276.0, ""mlp.up_proj"": 1535.0, ""self_attn.k_proj"": 332.0, ""self_attn.o_proj"": 1118.0, ""self_attn.q_proj"": 540.0, ""self_attn.v_proj"": 625.0}","{""mlp.down_proj"": -3.0, ""mlp.gate_proj"": -10.0, ""mlp.up_proj"": -4.0, ""self_attn.k_proj"": -6.0, ""self_attn.o_proj"": -8.0, ""self_attn.q_proj"": -15.0, ""self_attn.v_proj"": -7.0}","{""mlp.down_proj"": 0.0017006802721088435, ""mlp.gate_proj"": 0.007776049766718507, ""mlp.up_proj"": 0.002599090318388564, ""self_attn.k_proj"": 0.01775147928994083, ""self_attn.o_proj"": 0.007104795737122558, ""self_attn.q_proj"": 0.02702702702702703, ""self_attn.v_proj"": 0.011075949367088608}",-0.004667982876056716,1.1714285714285708,236.28571428571422,False,True
,,160,E_math_hard_v2,E_AIME24,0.025,14,5,equal5_non_qk,True,"mlp.down_proj,mlp.gate_proj,mlp.up_proj,self_attn.o_proj,self_attn.v_proj","self_attn.q_proj,self_attn.k_proj",871.4,894.8,871.4,-23.4,0.03223819048060099,0.026151095216808203,"{""mlp.down_proj"": 1392.0, ""mlp.gate_proj"": 470.0, ""mlp.up_proj"": 1129.0, ""self_attn.o_proj"": 863.0, ""self_attn.v_proj"": 620.0}","{""mlp.down_proj"": 1369.0, ""mlp.gate_proj"": 430.0, ""mlp.up_proj"": 1103.0, ""self_attn.o_proj"": 844.0, ""self_attn.v_proj"": 611.0}","{""mlp.down_proj"": -23.0, ""mlp.gate_proj"": -40.0, ""mlp.up_proj"": -26.0, ""self_attn.o_proj"": -19.0, ""self_attn.v_proj"": -9.0}","{""mlp.down_proj"": 0.016522988505747127, ""mlp.gate_proj"": 0.0851063829787234, ""mlp.up_proj"": 0.023029229406554472, ""self_attn.o_proj"": 0.0220162224797219, ""self_attn.v_proj"": 0.014516129032258065}",0.007613110513336112,0.024625079967264877,7,equal7,True,"mlp.down_proj,mlp.gate_proj,mlp.up_proj,self_attn.k_proj,self_attn.o_proj,self_attn.q_proj,self_attn.v_proj",,679.0,698.2857142857143,679.0,-19.285714285714285,0.035367580889163315,0.02761865793780694,"{""mlp.down_proj"": 1392.0, ""mlp.gate_proj"": 470.0, ""mlp.up_proj"": 1129.0, ""self_attn.k_proj"": 168.0, ""self_attn.o_proj"": 863.0, ""self_attn.q_proj"": 246.0, ""self_attn.v_proj"": 620.0}","{""mlp.down_proj"": 1369.0, ""mlp.gate_proj"": 430.0, ""mlp.up_proj"": 1103.0, ""self_attn.k_proj"": 161.0, ""self_attn.o_proj"": 844.0, ""self_attn.q_proj"": 235.0, ""self_attn.v_proj"": 611.0}","{""mlp.down_proj"": -23.0, ""mlp.gate_proj"": -40.0, ""mlp.up_proj"": -26.0, ""self_attn.k_proj"": -7.0, ""self_attn.o_proj"": -19.0, ""self_attn.q_proj"": -11.0, ""self_attn.v_proj"": -9.0}","{""mlp.down_proj"": 0.016522988505747127, ""mlp.gate_proj"": 0.0851063829787234, ""mlp.up_proj"": 0.023029229406554472, ""self_attn.k_proj"": 0.041666666666666664, ""self_attn.o_proj"": 0.0220162224797219, ""self_attn.q_proj"": 0.044715447154471545, ""self_attn.v_proj"": 0.014516129032258065}",-0.0031293904085623256,-4.114285714285714,192.39999999999998,False,True
,,160,E_math_hard_v2,E_AIME24,0.025,18,5,equal5_non_qk,True,"mlp.down_proj,mlp.gate_proj,mlp.up_proj,self_attn.o_proj,self_attn.v_proj","self_attn.q_proj,self_attn.k_proj",944.8,951.8,944.8,-7.0,0.008831751069231016,0.007354486236604329,"{""mlp.down_proj"": 1417.0, ""mlp.gate_proj"": 889.0, ""mlp.up_proj"": 1167.0, ""self_attn.o_proj"": 815.0, ""self_attn.v_proj"": 471.0}","{""mlp.down_proj"": 1413.0, ""mlp.gate_proj"": 878.0, ""mlp.up_proj"": 1162.0, ""self_attn.o_proj"": 807.0, ""self_attn.v_proj"": 464.0}","{""mlp.down_proj"": -4.0, ""mlp.gate_proj"": -11.0, ""mlp.up_proj"": -5.0, ""self_attn.o_proj"": -8.0, ""self_attn.v_proj"": -7.0}","{""mlp.down_proj"": 0.0028228652081863093, ""mlp.gate_proj"": 0.012373453318335208, ""mlp.up_proj"": 0.004284490145672665, ""self_attn.o_proj"": 0.0098159509202454, ""self_attn.v_proj"": 0.014861995753715499}",0.007792953746099317,0.0010387973231316986,7,equal7,True,"mlp.down_proj,mlp.gate_proj,mlp.up_proj,self_attn.k_proj,self_attn.o_proj,self_attn.q_proj,self_attn.v_proj",,739.4285714285714,746.7142857142857,739.4285714285714,-7.285714285714286,0.015720030616102918,0.009757030801606954,"{""mlp.down_proj"": 1417.0, ""mlp.gate_proj"": 889.0, ""mlp.up_proj"": 1167.0, ""self_attn.k_proj"": 188.0, ""self_attn.o_proj"": 815.0, ""self_attn.q_proj"": 280.0, ""self_attn.v_proj"": 471.0}","{""mlp.down_proj"": 1413.0, ""mlp.gate_proj"": 878.0, ""mlp.up_proj"": 1162.0, ""self_attn.k_proj"": 183.0, ""self_attn.o_proj"": 807.0, ""self_attn.q_proj"": 269.0, ""self_attn.v_proj"": 464.0}","{""mlp.down_proj"": -4.0, ""mlp.gate_proj"": -11.0, ""mlp.up_proj"": -5.0, ""self_attn.k_proj"": -5.0, ""self_attn.o_proj"": -8.0, ""self_attn.q_proj"": -11.0, ""self_attn.v_proj"": -7.0}","{""mlp.down_proj"": 0.0028228652081863093, ""mlp.gate_proj"": 0.012373453318335208, ""mlp.up_proj"": 0.004284490145672665, ""self_attn.k_proj"": 0.026595744680851064, ""self_attn.o_proj"": 0.0098159509202454, ""self_attn.q_proj"": 0.039285714285714285, ""self_attn.v_proj"": 0.014861995753715499}",-0.0068882795468719026,0.2857142857142856,205.3714285714285,False,True
,,160,E_math_hard_v2,E_AIME24,0.05,14,5,equal5_non_qk,True,"mlp.down_proj,mlp.gate_proj,mlp.up_proj,self_attn.o_proj,self_attn.v_proj","self_attn.q_proj,self_attn.k_proj",618.2,638.2,618.2,-20.0,0.04374097316544131,0.031338138514572234,"{""mlp.down_proj"": 1060.0, ""mlp.gate_proj"": 225.0, ""mlp.up_proj"": 792.0, ""self_attn.o_proj"": 627.0, ""self_attn.v_proj"": 487.0}","{""mlp.down_proj"": 1038.0, ""mlp.gate_proj"": 198.0, ""mlp.up_proj"": 768.0, ""self_attn.o_proj"": 610.0, ""self_attn.v_proj"": 477.0}","{""mlp.down_proj"": -22.0, ""mlp.gate_proj"": -27.0, ""mlp.up_proj"": -24.0, ""self_attn.o_proj"": -17.0, ""self_attn.v_proj"": -10.0}","{""mlp.down_proj"": 0.020754716981132074, ""mlp.gate_proj"": 0.12, ""mlp.up_proj"": 0.030303030303030304, ""self_attn.o_proj"": 0.02711323763955343, ""self_attn.v_proj"": 0.02053388090349076}",0.010813780601844864,0.03292719256359644,7,equal7,True,"mlp.down_proj,mlp.gate_proj,mlp.up_proj,self_attn.k_proj,self_attn.o_proj,self_attn.q_proj,self_attn.v_proj",,469.7142857142857,485.57142857142856,469.7142857142857,-15.857142857142858,0.04606999565890148,0.03265666372462484,"{""mlp.down_proj"": 1060.0, ""mlp.gate_proj"": 225.0, ""mlp.up_proj"": 792.0, ""self_attn.k_proj"": 91.0, ""self_attn.o_proj"": 627.0, ""self_attn.q_proj"": 117.0, ""self_attn.v_proj"": 487.0}","{""mlp.down_proj"": 1038.0, ""mlp.gate_proj"": 198.0, ""mlp.up_proj"": 768.0, ""self_attn.k_proj"": 87.0, ""self_attn.o_proj"": 610.0, ""self_attn.q_proj"": 110.0, ""self_attn.v_proj"": 477.0}","{""mlp.down_proj"": -22.0, ""mlp.gate_proj"": -27.0, ""mlp.up_proj"": -24.0, ""self_attn.k_proj"": -4.0, ""self_attn.o_proj"": -17.0, ""self_attn.q_proj"": -7.0, ""self_attn.v_proj"": -10.0}","{""mlp.down_proj"": 0.020754716981132074, ""mlp.gate_proj"": 0.12, ""mlp.up_proj"": 0.030303030303030304, ""self_attn.k_proj"": 0.04395604395604396, ""self_attn.o_proj"": 0.02711323763955343, ""self_attn.q_proj"": 0.05982905982905983, ""self_attn.v_proj"": 0.02053388090349076}",-0.0023290224934601686,-4.142857142857142,148.48571428571432,False,True
,,160,E_math_hard_v2,E_AIME24,0.05,18,5,equal5_non_qk,True,"mlp.down_proj,mlp.gate_proj,mlp.up_proj,self_attn.o_proj,self_attn.v_proj","self_attn.q_proj,self_attn.k_proj",690.8,698.0,690.8,-7.2,0.012554926953994499,0.010315186246418404,"{""mlp.down_proj"": 1117.0, ""mlp.gate_proj"": 586.0, ""mlp.up_proj"": 863.0, ""self_attn.o_proj"": 584.0, ""self_attn.v_proj"": 340.0}","{""mlp.down_proj"": 1112.0, ""mlp.gate_proj"": 575.0, ""mlp.up_proj"": 857.0, ""self_attn.o_proj"": 577.0, ""self_attn.v_proj"": 333.0}","{""mlp.down_proj"": -5.0, ""mlp.gate_proj"": -11.0, ""mlp.up_proj"": -6.0, ""self_attn.o_proj"": -7.0, ""self_attn.v_proj"": -7.0}","{""mlp.down_proj"": 0.004476275738585497, ""mlp.gate_proj"": 0.01877133105802048, ""mlp.up_proj"": 0.006952491309385863, ""self_attn.o_proj"": 0.011986301369863013, ""self_attn.v_proj"": 0.020588235294117647}",0.011408101066040639,0.0011468258879538604,7,equal7,True,"mlp.down_proj,mlp.gate_proj,mlp.up_proj,self_attn.k_proj,self_attn.o_proj,self_attn.q_proj,self_attn.v_proj",,523.0,529.4285714285714,523.0,-6.428571428571429,0.02017008288853565,0.01214247166756614,"{""mlp.down_proj"": 1117.0, ""mlp.gate_proj"": 586.0, ""mlp.up_proj"": 863.0, ""self_attn.k_proj"": 93.0, ""self_attn.o_proj"": 584.0, ""self_attn.q_proj"": 123.0, ""self_attn.v_proj"": 340.0}","{""mlp.down_proj"": 1112.0, ""mlp.gate_proj"": 575.0, ""mlp.up_proj"": 857.0, ""self_attn.k_proj"": 91.0, ""self_attn.o_proj"": 577.0, ""self_attn.q_proj"": 116.0, ""self_attn.v_proj"": 333.0}","{""mlp.down_proj"": -5.0, ""mlp.gate_proj"": -11.0, ""mlp.up_proj"": -6.0, ""self_attn.k_proj"": -2.0, ""self_attn.o_proj"": -7.0, ""self_attn.q_proj"": -7.0, ""self_attn.v_proj"": -7.0}","{""mlp.down_proj"": 0.004476275738585497, ""mlp.gate_proj"": 0.01877133105802048, ""mlp.up_proj"": 0.006952491309385863, ""self_attn.k_proj"": 0.021505376344086023, ""self_attn.o_proj"": 0.011986301369863013, ""self_attn.q_proj"": 0.056910569105691054, ""self_attn.v_proj"": 0.020588235294117647}",-0.007615155934541151,-0.7714285714285714,167.79999999999995,False,True
,,160,E_math_hard_v2,E_AIME24,0.1,14,5,equal5_non_qk,True,"mlp.down_proj,mlp.gate_proj,mlp.up_proj,self_attn.o_proj,self_attn.v_proj","self_attn.q_proj,self_attn.k_proj",387.8,402.0,387.8,-14.2,0.06095855204972543,0.03532338308457709,"{""mlp.down_proj"": 724.0, ""mlp.gate_proj"": 66.0, ""mlp.up_proj"": 474.0, ""self_attn.o_proj"": 405.0, ""self_attn.v_proj"": 341.0}","{""mlp.down_proj"": 706.0, ""mlp.gate_proj"": 54.0, ""mlp.up_proj"": 455.0, ""self_attn.o_proj"": 391.0, ""self_attn.v_proj"": 333.0}","{""mlp.down_proj"": -18.0, ""mlp.gate_proj"": -12.0, ""mlp.up_proj"": -19.0, ""self_attn.o_proj"": -14.0, ""self_attn.v_proj"": -8.0}","{""mlp.down_proj"": 0.024861878453038673, ""mlp.gate_proj"": 0.18181818181818182, ""mlp.up_proj"": 0.04008438818565401, ""self_attn.o_proj"": 0.0345679012345679, ""self_attn.v_proj"": 0.02346041055718475}",0.015290469541696588,0.04566808250802884,7,equal7,True,"mlp.down_proj,mlp.gate_proj,mlp.up_proj,self_attn.k_proj,self_attn.o_proj,self_attn.q_proj,self_attn.v_proj",,288.14285714285717,298.7142857142857,288.14285714285717,-10.571428571428571,0.05408189257907218,0.03538976566236245,"{""mlp.down_proj"": 724.0, ""mlp.gate_proj"": 66.0, ""mlp.up_proj"": 474.0, ""self_attn.k_proj"": 40.0, ""self_attn.o_proj"": 405.0, ""self_attn.q_proj"": 41.0, ""self_attn.v_proj"": 341.0}","{""mlp.down_proj"": 706.0, ""mlp.gate_proj"": 54.0, ""mlp.up_proj"": 455.0, ""self_attn.k_proj"": 39.0, ""self_attn.o_proj"": 391.0, ""self_attn.q_proj"": 39.0, ""self_attn.v_proj"": 333.0}","{""mlp.down_proj"": -18.0, ""mlp.gate_proj"": -12.0, ""mlp.up_proj"": -19.0, ""self_attn.k_proj"": -1.0, ""self_attn.o_proj"": -14.0, ""self_attn.q_proj"": -2.0, ""self_attn.v_proj"": -8.0}","{""mlp.down_proj"": 0.024861878453038673, ""mlp.gate_proj"": 0.18181818181818182, ""mlp.up_proj"": 0.04008438818565401, ""self_attn.k_proj"": 0.025, ""self_attn.o_proj"": 0.0345679012345679, ""self_attn.q_proj"": 0.04878048780487805, ""self_attn.v_proj"": 0.02346041055718475}",0.006876659470653253,-3.628571428571428,99.65714285714284,False,True
,,160,E_math_hard_v2,E_AIME24,0.1,18,5,equal5_non_qk,True,"mlp.down_proj,mlp.gate_proj,mlp.up_proj,self_attn.o_proj,self_attn.v_proj","self_attn.q_proj,self_attn.k_proj",441.6,447.6,441.6,-6.0,0.01733331939927524,0.013404825737265414,"{""mlp.down_proj"": 795.0, ""mlp.gate_proj"": 309.0, ""mlp.up_proj"": 556.0, ""self_attn.o_proj"": 369.0, ""self_attn.v_proj"": 209.0}","{""mlp.down_proj"": 790.0, ""mlp.gate_proj"": 300.0, ""mlp.up_proj"": 551.0, ""self_attn.o_proj"": 364.0, ""self_attn.v_proj"": 203.0}","{""mlp.down_proj"": -5.0, ""mlp.gate_proj"": -9.0, ""mlp.up_proj"": -5.0, ""self_attn.o_proj"": -5.0, ""self_attn.v_proj"": -6.0}","{""mlp.down_proj"": 0.006289308176100629, ""mlp.gate_proj"": 0.02912621359223301, ""mlp.up_proj"": 0.008992805755395683, ""self_attn.o_proj"": 0.013550135501355014, ""self_attn.v_proj"": 0.028708133971291867}",0.017463598984674387,-0.00013027958539914633,7,equal7,True,"mlp.down_proj,mlp.gate_proj,mlp.up_proj,self_attn.k_proj,self_attn.o_proj,self_attn.q_proj,self_attn.v_proj",,324.0,328.85714285714283,324.0,-4.857142857142857,0.0305348315496848,0.014769765421372646,"{""mlp.down_proj"": 795.0, ""mlp.gate_proj"": 309.0, ""mlp.up_proj"": 556.0, ""self_attn.k_proj"": 33.0, ""self_attn.o_proj"": 369.0, ""self_attn.q_proj"": 31.0, ""self_attn.v_proj"": 209.0}","{""mlp.down_proj"": 790.0, ""mlp.gate_proj"": 300.0, ""mlp.up_proj"": 551.0, ""self_attn.k_proj"": 32.0, ""self_attn.o_proj"": 364.0, ""self_attn.q_proj"": 28.0, ""self_attn.v_proj"": 203.0}","{""mlp.down_proj"": -5.0, ""mlp.gate_proj"": -9.0, ""mlp.up_proj"": -5.0, ""self_attn.k_proj"": -1.0, ""self_attn.o_proj"": -5.0, ""self_attn.q_proj"": -3.0, ""self_attn.v_proj"": -6.0}","{""mlp.down_proj"": 0.006289308176100629, ""mlp.gate_proj"": 0.02912621359223301, ""mlp.up_proj"": 0.008992805755395683, ""self_attn.k_proj"": 0.030303030303030304, ""self_attn.o_proj"": 0.013550135501355014, ""self_attn.q_proj"": 0.0967741935483871, ""self_attn.v_proj"": 0.028708133971291867}",-0.013201512150409558,-1.1428571428571432,117.60000000000002,False,True
,,160,E_ood,E_mmluPro,0.01,14,5,equal5_non_qk,True,"mlp.down_proj,mlp.gate_proj,mlp.up_proj,self_attn.o_proj,self_attn.v_proj","self_attn.q_proj,self_attn.k_proj",1676.4,1694.8,1676.4,-18.4,0.01170525832180004,0.010856738258201477,"{""mlp.down_proj"": 2452.0, ""mlp.gate_proj"": 1353.0, ""mlp.up_proj"": 2264.0, ""self_attn.o_proj"": 1557.0, ""self_attn.v_proj"": 848.0}","{""mlp.down_proj"": 2441.0, ""mlp.gate_proj"": 1315.0, ""mlp.up_proj"": 2245.0, ""self_attn.o_proj"": 1537.0, ""self_attn.v_proj"": 844.0}","{""mlp.down_proj"": -11.0, ""mlp.gate_proj"": -38.0, ""mlp.up_proj"": -19.0, ""self_attn.o_proj"": -20.0, ""self_attn.v_proj"": -4.0}","{""mlp.down_proj"": 0.004486133768352365, ""mlp.gate_proj"": 0.028085735402808575, ""mlp.up_proj"": 0.008392226148409895, ""self_attn.o_proj"": 0.012845215157353885, ""self_attn.v_proj"": 0.0047169811320754715}",0.004913828158780249,0.006791430163019791,7,equal7,True,"mlp.down_proj,mlp.gate_proj,mlp.up_proj,self_attn.k_proj,self_attn.o_proj,self_attn.q_proj,self_attn.v_proj",,1328.142857142857,1343.857142857143,1328.142857142857,-15.714285714285714,0.013801229614750886,0.011693419793770645,"{""mlp.down_proj"": 2452.0, ""mlp.gate_proj"": 1353.0, ""mlp.up_proj"": 2264.0, ""self_attn.k_proj"": 330.0, ""self_attn.o_proj"": 1557.0, ""self_attn.q_proj"": 603.0, ""self_attn.v_proj"": 848.0}","{""mlp.down_proj"": 2441.0, ""mlp.gate_proj"": 1315.0, ""mlp.up_proj"": 2245.0, ""self_attn.k_proj"": 324.0, ""self_attn.o_proj"": 1537.0, ""self_attn.q_proj"": 591.0, ""self_attn.v_proj"": 844.0}","{""mlp.down_proj"": -11.0, ""mlp.gate_proj"": -38.0, ""mlp.up_proj"": -19.0, ""self_attn.k_proj"": -6.0, ""self_attn.o_proj"": -20.0, ""self_attn.q_proj"": -12.0, ""self_attn.v_proj"": -4.0}","{""mlp.down_proj"": 0.004486133768352365, ""mlp.gate_proj"": 0.028085735402808575, ""mlp.up_proj"": 0.008392226148409895, ""self_attn.k_proj"": 0.01818181818181818, ""self_attn.o_proj"": 0.012845215157353885, ""self_attn.q_proj"": 0.01990049751243781, ""self_attn.v_proj"": 0.0047169811320754715}",-0.002095971292950846,-2.685714285714285,348.257142857143,False,True
,,160,E_ood,E_mmluPro,0.01,18,5,equal5_non_qk,True,"mlp.down_proj,mlp.gate_proj,mlp.up_proj,self_attn.o_proj,self_attn.v_proj","self_attn.q_proj,self_attn.k_proj",1598.8,1610.8,1598.8,-12.0,0.008421314544621436,0.007449714427613608,"{""mlp.down_proj"": 2156.0, ""mlp.gate_proj"": 1668.0, ""mlp.up_proj"": 2030.0, ""self_attn.o_proj"": 1471.0, ""self_attn.v_proj"": 729.0}","{""mlp.down_proj"": 2149.0, ""mlp.gate_proj"": 1649.0, ""mlp.up_proj"": 2020.0, ""self_attn.o_proj"": 1456.0, ""self_attn.v_proj"": 720.0}","{""mlp.down_proj"": -7.0, ""mlp.gate_proj"": -19.0, ""mlp.up_proj"": -10.0, ""self_attn.o_proj"": -15.0, ""self_attn.v_proj"": -9.0}","{""mlp.down_proj"": 0.003246753246753247, ""mlp.gate_proj"": 0.011390887290167866, ""mlp.up_proj"": 0.0049261083743842365, ""self_attn.o_proj"": 0.010197144799456152, ""self_attn.v_proj"": 0.012345679012345678}",0.004602760159620308,0.0038185543850011274,7,equal7,True,"mlp.down_proj,mlp.gate_proj,mlp.up_proj,self_attn.k_proj,self_attn.o_proj,self_attn.q_proj,self_attn.v_proj",,1292.5714285714287,1306.0,1292.5714285714287,-13.428571428571429,0.014125444089940093,0.010282213957558446,"{""mlp.down_proj"": 2156.0, ""mlp.gate_proj"": 1668.0, ""mlp.up_proj"": 2030.0, ""self_attn.k_proj"": 402.0, ""self_attn.o_proj"": 1471.0, ""self_attn.q_proj"": 686.0, ""self_attn.v_proj"": 729.0}","{""mlp.down_proj"": 2149.0, ""mlp.gate_proj"": 1649.0, ""mlp.up_proj"": 2020.0, ""self_attn.k_proj"": 395.0, ""self_attn.o_proj"": 1456.0, ""self_attn.q_proj"": 659.0, ""self_attn.v_proj"": 720.0}","{""mlp.down_proj"": -7.0, ""mlp.gate_proj"": -19.0, ""mlp.up_proj"": -10.0, ""self_attn.k_proj"": -7.0, ""self_attn.o_proj"": -15.0, ""self_attn.q_proj"": -27.0, ""self_attn.v_proj"": -9.0}","{""mlp.down_proj"": 0.003246753246753247, ""mlp.gate_proj"": 0.011390887290167866, ""mlp.up_proj"": 0.0049261083743842365, ""self_attn.k_proj"": 0.017412935323383085, ""self_attn.o_proj"": 0.010197144799456152, ""self_attn.q_proj"": 0.03935860058309038, ""self_attn.v_proj"": 0.012345679012345678}",-0.005704129545318657,1.4285714285714288,306.2285714285713,False,True
,,160,E_ood,E_mmluPro,0.025,14,5,equal5_non_qk,True,"mlp.down_proj,mlp.gate_proj,mlp.up_proj,self_attn.o_proj,self_attn.v_proj","self_attn.q_proj,self_attn.k_proj",1277.4,1297.0,1277.4,-19.6,0.018288993922614426,0.015111796453353823,"{""mlp.down_proj"": 2058.0, ""mlp.gate_proj"": 732.0, ""mlp.up_proj"": 1776.0, ""self_attn.o_proj"": 1191.0, ""self_attn.v_proj"": 728.0}","{""mlp.down_proj"": 2043.0, ""mlp.gate_proj"": 698.0, ""mlp.up_proj"": 1752.0, ""self_attn.o_proj"": 1172.0, ""self_attn.v_proj"": 722.0}","{""mlp.down_proj"": -15.0, ""mlp.gate_proj"": -34.0, ""mlp.up_proj"": -24.0, ""self_attn.o_proj"": -19.0, ""self_attn.v_proj"": -6.0}","{""mlp.down_proj"": 0.007288629737609329, ""mlp.gate_proj"": 0.04644808743169399, ""mlp.up_proj"": 0.013513513513513514, ""self_attn.o_proj"": 0.01595298068849706, ""self_attn.v_proj"": 0.008241758241758242}",0.007613110513336112,0.010675883409278313,7,equal7,True,"mlp.down_proj,mlp.gate_proj,mlp.up_proj,self_attn.k_proj,self_attn.o_proj,self_attn.q_proj,self_attn.v_proj",,977.0,993.0,977.0,-16.0,0.021540693893360222,0.016112789526686808,"{""mlp.down_proj"": 2058.0, ""mlp.gate_proj"": 732.0, ""mlp.up_proj"": 1776.0, ""self_attn.k_proj"": 178.0, ""self_attn.o_proj"": 1191.0, ""self_attn.q_proj"": 288.0, ""self_attn.v_proj"": 728.0}","{""mlp.down_proj"": 2043.0, ""mlp.gate_proj"": 698.0, ""mlp.up_proj"": 1752.0, ""self_attn.k_proj"": 173.0, ""self_attn.o_proj"": 1172.0, ""self_attn.q_proj"": 279.0, ""self_attn.v_proj"": 722.0}","{""mlp.down_proj"": -15.0, ""mlp.gate_proj"": -34.0, ""mlp.up_proj"": -24.0, ""self_attn.k_proj"": -5.0, ""self_attn.o_proj"": -19.0, ""self_attn.q_proj"": -9.0, ""self_attn.v_proj"": -6.0}","{""mlp.down_proj"": 0.007288629737609329, ""mlp.gate_proj"": 0.04644808743169399, ""mlp.up_proj"": 0.013513513513513514, ""self_attn.k_proj"": 0.028089887640449437, ""self_attn.o_proj"": 0.01595298068849706, ""self_attn.q_proj"": 0.03125, ""self_attn.v_proj"": 0.008241758241758242}",-0.0032516999707457965,-3.6000000000000014,300.4000000000001,False,True
,,160,E_ood,E_mmluPro,0.025,18,5,equal5_non_qk,True,"mlp.down_proj,mlp.gate_proj,mlp.up_proj,self_attn.o_proj,self_attn.v_proj","self_attn.q_proj,self_attn.k_proj",1254.2,1269.0,1254.2,-14.8,0.013401473789467159,0.011662726556343542,"{""mlp.down_proj"": 1847.0, ""mlp.gate_proj"": 1164.0, ""mlp.up_proj"": 1656.0, ""self_attn.o_proj"": 1106.0, ""self_attn.v_proj"": 572.0}","{""mlp.down_proj"": 1836.0, ""mlp.gate_proj"": 1142.0, ""mlp.up_proj"": 1642.0, ""self_attn.o_proj"": 1090.0, ""self_attn.v_proj"": 561.0}","{""mlp.down_proj"": -11.0, ""mlp.gate_proj"": -22.0, ""mlp.up_proj"": -14.0, ""self_attn.o_proj"": -16.0, ""self_attn.v_proj"": -11.0}","{""mlp.down_proj"": 0.005955603681645912, ""mlp.gate_proj"": 0.018900343642611683, ""mlp.up_proj"": 0.008454106280193236, ""self_attn.o_proj"": 0.014466546112115732, ""self_attn.v_proj"": 0.019230769230769232}",0.007792953746099317,0.005608520043367842,7,equal7,True,"mlp.down_proj,mlp.gate_proj,mlp.up_proj,self_attn.k_proj,self_attn.o_proj,self_attn.q_proj,self_attn.v_proj",,970.5714285714286,984.8571428571429,970.5714285714286,-14.285714285714286,0.0222557500334236,0.01450536698578479,"{""mlp.down_proj"": 1847.0, ""mlp.gate_proj"": 1164.0, ""mlp.up_proj"": 1656.0, ""self_attn.k_proj"": 230.0, ""self_attn.o_proj"": 1106.0, ""self_attn.q_proj"": 319.0, ""self_attn.v_proj"": 572.0}","{""mlp.down_proj"": 1836.0, ""mlp.gate_proj"": 1142.0, ""mlp.up_proj"": 1642.0, ""self_attn.k_proj"": 224.0, ""self_attn.o_proj"": 1090.0, ""self_attn.q_proj"": 299.0, ""self_attn.v_proj"": 561.0}","{""mlp.down_proj"": -11.0, ""mlp.gate_proj"": -22.0, ""mlp.up_proj"": -14.0, ""self_attn.k_proj"": -6.0, ""self_attn.o_proj"": -16.0, ""self_attn.q_proj"": -20.0, ""self_attn.v_proj"": -11.0}","{""mlp.down_proj"": 0.005955603681645912, ""mlp.gate_proj"": 0.018900343642611683, ""mlp.up_proj"": 0.008454106280193236, ""self_attn.k_proj"": 0.02608695652173913, ""self_attn.o_proj"": 0.014466546112115732, ""self_attn.q_proj"": 0.06269592476489028, ""self_attn.v_proj"": 0.019230769230769232}",-0.00885427624395644,-0.5142857142857142,283.6285714285715,False,True
,,160,E_ood,E_mmluPro,0.05,14,5,equal5_non_qk,True,"mlp.down_proj,mlp.gate_proj,mlp.up_proj,self_attn.o_proj,self_attn.v_proj","self_attn.q_proj,self_attn.k_proj",944.4,962.0,944.4,-17.6,0.025839420417695463,0.01829521829521832,"{""mlp.down_proj"": 1669.0, ""mlp.gate_proj"": 328.0, ""mlp.up_proj"": 1320.0, ""self_attn.o_proj"": 891.0, ""self_attn.v_proj"": 602.0}","{""mlp.down_proj"": 1652.0, ""mlp.gate_proj"": 305.0, ""mlp.up_proj"": 1296.0, ""self_attn.o_proj"": 874.0, ""self_attn.v_proj"": 595.0}","{""mlp.down_proj"": -17.0, ""mlp.gate_proj"": -23.0, ""mlp.up_proj"": -24.0, ""self_attn.o_proj"": -17.0, ""self_attn.v_proj"": -7.0}","{""mlp.down_proj"": 0.01018573996405033, ""mlp.gate_proj"": 0.0701219512195122, ""mlp.up_proj"": 0.01818181818181818, ""self_attn.o_proj"": 0.019079685746352413, ""self_attn.v_proj"": 0.011627906976744186}",0.010813780601844864,0.0150256398158506,7,equal7,True,"mlp.down_proj,mlp.gate_proj,mlp.up_proj,self_attn.k_proj,self_attn.o_proj,self_attn.q_proj,self_attn.v_proj",,704.0,717.7142857142857,704.0,-13.714285714285714,0.02897350593708219,0.019108280254777003,"{""mlp.down_proj"": 1669.0, ""mlp.gate_proj"": 328.0, ""mlp.up_proj"": 1320.0, ""self_attn.k_proj"": 91.0, ""self_attn.o_proj"": 891.0, ""self_attn.q_proj"": 123.0, ""self_attn.v_proj"": 602.0}","{""mlp.down_proj"": 1652.0, ""mlp.gate_proj"": 305.0, ""mlp.up_proj"": 1296.0, ""self_attn.k_proj"": 88.0, ""self_attn.o_proj"": 874.0, ""self_attn.q_proj"": 118.0, ""self_attn.v_proj"": 595.0}","{""mlp.down_proj"": -17.0, ""mlp.gate_proj"": -23.0, ""mlp.up_proj"": -24.0, ""self_attn.k_proj"": -3.0, ""self_attn.o_proj"": -17.0, ""self_attn.q_proj"": -5.0, ""self_attn.v_proj"": -7.0}","{""mlp.down_proj"": 0.01018573996405033, ""mlp.gate_proj"": 0.0701219512195122, ""mlp.up_proj"": 0.01818181818181818, ""self_attn.k_proj"": 0.03296703296703297, ""self_attn.o_proj"": 0.019079685746352413, ""self_attn.q_proj"": 0.04065040650406504, ""self_attn.v_proj"": 0.011627906976744186}",-0.0031340855193867263,-3.885714285714288,240.39999999999998,False,True
,,160,E_ood,E_mmluPro,0.05,18,5,equal5_non_qk,True,"mlp.down_proj,mlp.gate_proj,mlp.up_proj,self_attn.o_proj,self_attn.v_proj","self_attn.q_proj,self_attn.k_proj",939.6,955.0,939.6,-15.4,0.019112829313659367,0.016125654450261755,"{""mlp.down_proj"": 1519.0, ""mlp.gate_proj"": 732.0, ""mlp.up_proj"": 1282.0, ""self_attn.o_proj"": 811.0, ""self_attn.v_proj"": 431.0}","{""mlp.down_proj"": 1506.0, ""mlp.gate_proj"": 710.0, ""mlp.up_proj"": 1267.0, ""self_attn.o_proj"": 795.0, ""self_attn.v_proj"": 420.0}","{""mlp.down_proj"": -13.0, ""mlp.gate_proj"": -22.0, ""mlp.up_proj"": -15.0, ""self_attn.o_proj"": -16.0, ""self_attn.v_proj"": -11.0}","{""mlp.down_proj"": 0.008558262014483212, ""mlp.gate_proj"": 0.030054644808743168, ""mlp.up_proj"": 0.01170046801872075, ""self_attn.o_proj"": 0.01972872996300863, ""self_attn.v_proj"": 0.025522041763341066}",0.011408101066040639,0.007704728247618729,7,equal7,True,"mlp.down_proj,mlp.gate_proj,mlp.up_proj,self_attn.k_proj,self_attn.o_proj,self_attn.q_proj,self_attn.v_proj",,703.1428571428571,716.0,703.1428571428571,-12.857142857142858,0.02915297766185537,0.017956903431763812,"{""mlp.down_proj"": 1519.0, ""mlp.gate_proj"": 732.0, ""mlp.up_proj"": 1282.0, ""self_attn.k_proj"": 116.0, ""self_attn.o_proj"": 811.0, ""self_attn.q_proj"": 121.0, ""self_attn.v_proj"": 431.0}","{""mlp.down_proj"": 1506.0, ""mlp.gate_proj"": 710.0, ""mlp.up_proj"": 1267.0, ""self_attn.k_proj"": 113.0, ""self_attn.o_proj"": 795.0, ""self_attn.q_proj"": 111.0, ""self_attn.v_proj"": 420.0}","{""mlp.down_proj"": -13.0, ""mlp.gate_proj"": -22.0, ""mlp.up_proj"": -15.0, ""self_attn.k_proj"": -3.0, ""self_attn.o_proj"": -16.0, ""self_attn.q_proj"": -10.0, ""self_attn.v_proj"": -11.0}","{""mlp.down_proj"": 0.008558262014483212, ""mlp.gate_proj"": 0.030054644808743168, ""mlp.up_proj"": 0.01170046801872075, ""self_attn.k_proj"": 0.02586206896551724, ""self_attn.o_proj"": 0.01972872996300863, ""self_attn.q_proj"": 0.08264462809917356, ""self_attn.v_proj"": 0.025522041763341066}",-0.010040148348196002,-2.5428571428571427,236.4571428571429,False,True
,,160,E_ood,E_mmluPro,0.1,14,5,equal5_non_qk,True,"mlp.down_proj,mlp.gate_proj,mlp.up_proj,self_attn.o_proj,self_attn.v_proj","self_attn.q_proj,self_attn.k_proj",616.2,630.8,616.2,-14.6,0.036969292372009285,0.023145212428661875,"{""mlp.down_proj"": 1213.0, ""mlp.gate_proj"": 83.0, ""mlp.up_proj"": 826.0, ""self_attn.o_proj"": 586.0, ""self_attn.v_proj"": 446.0}","{""mlp.down_proj"": 1195.0, ""mlp.gate_proj"": 75.0, ""mlp.up_proj"": 803.0, ""self_attn.o_proj"": 571.0, ""self_attn.v_proj"": 437.0}","{""mlp.down_proj"": -18.0, ""mlp.gate_proj"": -8.0, ""mlp.up_proj"": -23.0, ""self_attn.o_proj"": -15.0, ""self_attn.v_proj"": -9.0}","{""mlp.down_proj"": 0.01483924154987634, ""mlp.gate_proj"": 0.0963855421686747, ""mlp.up_proj"": 0.02784503631961259, ""self_attn.o_proj"": 0.025597269624573378, ""self_attn.v_proj"": 0.020179372197309416}",0.015290469541696588,0.021678822830312697,7,equal7,True,"mlp.down_proj,mlp.gate_proj,mlp.up_proj,self_attn.k_proj,self_attn.o_proj,self_attn.q_proj,self_attn.v_proj",,451.42857142857144,462.0,451.42857142857144,-10.571428571428571,0.029890957966069352,0.022881880024737133,"{""mlp.down_proj"": 1213.0, ""mlp.gate_proj"": 83.0, ""mlp.up_proj"": 826.0, ""self_attn.k_proj"": 39.0, ""self_attn.o_proj"": 586.0, ""self_attn.q_proj"": 41.0, ""self_attn.v_proj"": 446.0}","{""mlp.down_proj"": 1195.0, ""mlp.gate_proj"": 75.0, ""mlp.up_proj"": 803.0, ""self_attn.k_proj"": 39.0, ""self_attn.o_proj"": 571.0, ""self_attn.q_proj"": 40.0, ""self_attn.v_proj"": 437.0}","{""mlp.down_proj"": -18.0, ""mlp.gate_proj"": -8.0, ""mlp.up_proj"": -23.0, ""self_attn.k_proj"": 0.0, ""self_attn.o_proj"": -15.0, ""self_attn.q_proj"": -1.0, ""self_attn.v_proj"": -9.0}","{""mlp.down_proj"": 0.01483924154987634, ""mlp.gate_proj"": 0.0963855421686747, ""mlp.up_proj"": 0.02784503631961259, ""self_attn.k_proj"": 0.0, ""self_attn.o_proj"": 0.025597269624573378, ""self_attn.q_proj"": 0.024390243902439025, ""self_attn.v_proj"": 0.020179372197309416}",0.007078334405939933,-4.0285714285714285,164.7714285714286,False,True
,,160,E_ood,E_mmluPro,0.1,18,5,equal5_non_qk,True,"mlp.down_proj,mlp.gate_proj,mlp.up_proj,self_attn.o_proj,self_attn.v_proj","self_attn.q_proj,self_attn.k_proj",603.4,618.0,603.4,-14.6,0.030080147680470477,0.0236245954692557,"{""mlp.down_proj"": 1115.0, ""mlp.gate_proj"": 328.0, ""mlp.up_proj"": 851.0, ""self_attn.o_proj"": 518.0, ""self_attn.v_proj"": 278.0}","{""mlp.down_proj"": 1099.0, ""mlp.gate_proj"": 311.0, ""mlp.up_proj"": 836.0, ""self_attn.o_proj"": 504.0, ""self_attn.v_proj"": 267.0}","{""mlp.down_proj"": -16.0, ""mlp.gate_proj"": -17.0, ""mlp.up_proj"": -15.0, ""self_attn.o_proj"": -14.0, ""self_attn.v_proj"": -11.0}","{""mlp.down_proj"": 0.014349775784753363, ""mlp.gate_proj"": 0.051829268292682924, ""mlp.up_proj"": 0.01762632197414806, ""self_attn.o_proj"": 0.02702702702702703, ""self_attn.v_proj"": 0.039568345323741004}",0.017463598984674387,0.01261654869579609,7,equal7,True,"mlp.down_proj,mlp.gate_proj,mlp.up_proj,self_attn.k_proj,self_attn.o_proj,self_attn.q_proj,self_attn.v_proj",,440.0,450.85714285714283,440.0,-10.857142857142858,0.03796933625528111,0.024081115335868136,"{""mlp.down_proj"": 1115.0, ""mlp.gate_proj"": 328.0, ""mlp.up_proj"": 851.0, ""self_attn.k_proj"": 40.0, ""self_attn.o_proj"": 518.0, ""self_attn.q_proj"": 26.0, ""self_attn.v_proj"": 278.0}","{""mlp.down_proj"": 1099.0, ""mlp.gate_proj"": 311.0, ""mlp.up_proj"": 836.0, ""self_attn.k_proj"": 40.0, ""self_attn.o_proj"": 504.0, ""self_attn.q_proj"": 23.0, ""self_attn.v_proj"": 267.0}","{""mlp.down_proj"": -16.0, ""mlp.gate_proj"": -17.0, ""mlp.up_proj"": -15.0, ""self_attn.k_proj"": 0.0, ""self_attn.o_proj"": -14.0, ""self_attn.q_proj"": -3.0, ""self_attn.v_proj"": -11.0}","{""mlp.down_proj"": 0.014349775784753363, ""mlp.gate_proj"": 0.051829268292682924, ""mlp.up_proj"": 0.01762632197414806, ""self_attn.k_proj"": 0.0, ""self_attn.o_proj"": 0.02702702702702703, ""self_attn.q_proj"": 0.11538461538461539, ""self_attn.v_proj"": 0.039568345323741004}",-0.007889188574810631,-3.742857142857142,163.39999999999998,False,True
,,160,S_math,legacy_S_math,0.01,14,5,equal5_non_qk,True,"mlp.down_proj,mlp.gate_proj,mlp.up_proj,self_attn.o_proj,self_attn.v_proj","self_attn.q_proj,self_attn.k_proj",897.8,924.4,897.8,-26.6,0.03283625057378764,0.028775421895283454,"{""mlp.down_proj"": 1423.0, ""mlp.gate_proj"": 604.0, ""mlp.up_proj"": 1193.0, ""self_attn.o_proj"": 743.0, ""self_attn.v_proj"": 659.0}","{""mlp.down_proj"": 1407.0, ""mlp.gate_proj"": 575.0, ""mlp.up_proj"": 1163.0, ""self_attn.o_proj"": 695.0, ""self_attn.v_proj"": 649.0}","{""mlp.down_proj"": -16.0, ""mlp.gate_proj"": -29.0, ""mlp.up_proj"": -30.0, ""self_attn.o_proj"": -48.0, ""self_attn.v_proj"": -10.0}","{""mlp.down_proj"": 0.011243851018973999, ""mlp.gate_proj"": 0.048013245033112585, ""mlp.up_proj"": 0.025146689019279127, ""self_attn.o_proj"": 0.06460296096904442, ""self_attn.v_proj"": 0.015174506828528073}",0.004913828158780249,0.027922422415007392,7,equal7,True,"mlp.down_proj,mlp.gate_proj,mlp.up_proj,self_attn.k_proj,self_attn.o_proj,self_attn.q_proj,self_attn.v_proj",,708.8571428571429,729.0,708.8571428571429,-20.142857142857142,0.027612344359183107,0.02763080540858314,"{""mlp.down_proj"": 1423.0, ""mlp.gate_proj"": 604.0, ""mlp.up_proj"": 1193.0, ""self_attn.k_proj"": 186.0, ""self_attn.o_proj"": 743.0, ""self_attn.q_proj"": 295.0, ""self_attn.v_proj"": 659.0}","{""mlp.down_proj"": 1407.0, ""mlp.gate_proj"": 575.0, ""mlp.up_proj"": 1163.0, ""self_attn.k_proj"": 185.0, ""self_attn.o_proj"": 695.0, ""self_attn.q_proj"": 288.0, ""self_attn.v_proj"": 649.0}","{""mlp.down_proj"": -16.0, ""mlp.gate_proj"": -29.0, ""mlp.up_proj"": -30.0, ""self_attn.k_proj"": -1.0, ""self_attn.o_proj"": -48.0, ""self_attn.q_proj"": -7.0, ""self_attn.v_proj"": -10.0}","{""mlp.down_proj"": 0.011243851018973999, ""mlp.gate_proj"": 0.048013245033112585, ""mlp.up_proj"": 0.025146689019279127, ""self_attn.k_proj"": 0.005376344086021506, ""self_attn.o_proj"": 0.06460296096904442, ""self_attn.q_proj"": 0.023728813559322035, ""self_attn.v_proj"": 0.015174506828528073}",0.0052239062146045324,-6.457142857142859,188.94285714285706,False,True
,,160,S_math,legacy_S_math,0.01,18,5,equal5_non_qk,True,"mlp.down_proj,mlp.gate_proj,mlp.up_proj,self_attn.o_proj,self_attn.v_proj","self_attn.q_proj,self_attn.k_proj",1506.8,1527.2,1506.8,-20.4,0.01357513343752718,0.013357778941854434,"{""mlp.down_proj"": 2158.0, ""mlp.gate_proj"": 1490.0, ""mlp.up_proj"": 1931.0, ""self_attn.o_proj"": 1338.0, ""self_attn.v_proj"": 719.0}","{""mlp.down_proj"": 2147.0, ""mlp.gate_proj"": 1452.0, ""mlp.up_proj"": 1904.0, ""self_attn.o_proj"": 1318.0, ""self_attn.v_proj"": 713.0}","{""mlp.down_proj"": -11.0, ""mlp.gate_proj"": -38.0, ""mlp.up_proj"": -27.0, ""self_attn.o_proj"": -20.0, ""self_attn.v_proj"": -6.0}","{""mlp.down_proj"": 0.005097312326227989, ""mlp.gate_proj"": 0.025503355704697986, ""mlp.up_proj"": 0.013982392542723977, ""self_attn.o_proj"": 0.014947683109118086, ""self_attn.v_proj"": 0.008344923504867872}",0.004602760159620308,0.008972373277906873,7,equal7,True,"mlp.down_proj,mlp.gate_proj,mlp.up_proj,self_attn.k_proj,self_attn.o_proj,self_attn.q_proj,self_attn.v_proj",,1218.5714285714287,1236.5714285714287,1218.5714285714287,-18.0,0.015309258264556643,0.014556377079482439,"{""mlp.down_proj"": 2158.0, ""mlp.gate_proj"": 1490.0, ""mlp.up_proj"": 1931.0, ""self_attn.k_proj"": 371.0, ""self_attn.o_proj"": 1338.0, ""self_attn.q_proj"": 649.0, ""self_attn.v_proj"": 719.0}","{""mlp.down_proj"": 2147.0, ""mlp.gate_proj"": 1452.0, ""mlp.up_proj"": 1904.0, ""self_attn.k_proj"": 369.0, ""self_attn.o_proj"": 1318.0, ""self_attn.q_proj"": 627.0, ""self_attn.v_proj"": 713.0}","{""mlp.down_proj"": -11.0, ""mlp.gate_proj"": -38.0, ""mlp.up_proj"": -27.0, ""self_attn.k_proj"": -2.0, ""self_attn.o_proj"": -20.0, ""self_attn.q_proj"": -22.0, ""self_attn.v_proj"": -6.0}","{""mlp.down_proj"": 0.005097312326227989, ""mlp.gate_proj"": 0.025503355704697986, ""mlp.up_proj"": 0.013982392542723977, ""self_attn.k_proj"": 0.005390835579514825, ""self_attn.o_proj"": 0.014947683109118086, ""self_attn.q_proj"": 0.03389830508474576, ""self_attn.v_proj"": 0.008344923504867872}",-0.0017341248270294624,-2.3999999999999986,288.2285714285713,False,True
,,160,S_math,legacy_S_math,0.025,14,5,equal5_non_qk,True,"mlp.down_proj,mlp.gate_proj,mlp.up_proj,self_attn.o_proj,self_attn.v_proj","self_attn.q_proj,self_attn.k_proj",589.4,612.8,589.4,-23.4,0.04520261272258282,0.0381853785900783,"{""mlp.down_proj"": 1011.0, ""mlp.gate_proj"": 295.0, ""mlp.up_proj"": 783.0, ""self_attn.o_proj"": 477.0, ""self_attn.v_proj"": 498.0}","{""mlp.down_proj"": 993.0, ""mlp.gate_proj"": 276.0, ""mlp.up_proj"": 755.0, ""self_attn.o_proj"": 436.0, ""self_attn.v_proj"": 487.0}","{""mlp.down_proj"": -18.0, ""mlp.gate_proj"": -19.0, ""mlp.up_proj"": -28.0, ""self_attn.o_proj"": -41.0, ""self_attn.v_proj"": -11.0}","{""mlp.down_proj"": 0.017804154302670624, ""mlp.gate_proj"": 0.06440677966101695, ""mlp.up_proj"": 0.035759897828863345, ""self_attn.o_proj"": 0.0859538784067086, ""self_attn.v_proj"": 0.02208835341365462}",0.007613110513336112,0.037589502209246714,7,equal7,True,"mlp.down_proj,mlp.gate_proj,mlp.up_proj,self_attn.k_proj,self_attn.o_proj,self_attn.q_proj,self_attn.v_proj",,453.7142857142857,470.85714285714283,453.7142857142857,-17.142857142857142,0.03490861042670722,0.0364077669902912,"{""mlp.down_proj"": 1011.0, ""mlp.gate_proj"": 295.0, ""mlp.up_proj"": 783.0, ""self_attn.k_proj"": 94.0, ""self_attn.o_proj"": 477.0, ""self_attn.q_proj"": 138.0, ""self_attn.v_proj"": 498.0}","{""mlp.down_proj"": 993.0, ""mlp.gate_proj"": 276.0, ""mlp.up_proj"": 755.0, ""self_attn.k_proj"": 95.0, ""self_attn.o_proj"": 436.0, ""self_attn.q_proj"": 134.0, ""self_attn.v_proj"": 487.0}","{""mlp.down_proj"": -18.0, ""mlp.gate_proj"": -19.0, ""mlp.up_proj"": -28.0, ""self_attn.k_proj"": 1.0, ""self_attn.o_proj"": -41.0, ""self_attn.q_proj"": -4.0, ""self_attn.v_proj"": -11.0}","{""mlp.down_proj"": 0.017804154302670624, ""mlp.gate_proj"": 0.06440677966101695, ""mlp.up_proj"": 0.035759897828863345, ""self_attn.k_proj"": -0.010638297872340425, ""self_attn.o_proj"": 0.0859538784067086, ""self_attn.q_proj"": 0.028985507246376812, ""self_attn.v_proj"": 0.02208835341365462}",0.010294002295875605,-6.257142857142856,135.68571428571425,False,True
,,160,S_math,legacy_S_math,0.025,18,5,equal5_non_qk,True,"mlp.down_proj,mlp.gate_proj,mlp.up_proj,self_attn.o_proj,self_attn.v_proj","self_attn.q_proj,self_attn.k_proj",1146.2,1169.2,1146.2,-23.0,0.02084486595491599,0.019671570304481696,"{""mlp.down_proj"": 1850.0, ""mlp.gate_proj"": 956.0, ""mlp.up_proj"": 1521.0, ""self_attn.o_proj"": 958.0, ""self_attn.v_proj"": 561.0}","{""mlp.down_proj"": 1832.0, ""mlp.gate_proj"": 918.0, ""mlp.up_proj"": 1488.0, ""self_attn.o_proj"": 940.0, ""self_attn.v_proj"": 553.0}","{""mlp.down_proj"": -18.0, ""mlp.gate_proj"": -38.0, ""mlp.up_proj"": -33.0, ""self_attn.o_proj"": -18.0, ""self_attn.v_proj"": -8.0}","{""mlp.down_proj"": 0.00972972972972973, ""mlp.gate_proj"": 0.0397489539748954, ""mlp.up_proj"": 0.021696252465483234, ""self_attn.o_proj"": 0.018789144050104383, ""self_attn.v_proj"": 0.0142602495543672}",0.007792953746099317,0.013051912208816675,7,equal7,True,"mlp.down_proj,mlp.gate_proj,mlp.up_proj,self_attn.k_proj,self_attn.o_proj,self_attn.q_proj,self_attn.v_proj",,890.8571428571429,909.2857142857143,890.8571428571429,-18.428571428571427,0.021278966325624614,0.02026708562450905,"{""mlp.down_proj"": 1850.0, ""mlp.gate_proj"": 956.0, ""mlp.up_proj"": 1521.0, ""self_attn.k_proj"": 206.0, ""self_attn.o_proj"": 958.0, ""self_attn.q_proj"": 313.0, ""self_attn.v_proj"": 561.0}","{""mlp.down_proj"": 1832.0, ""mlp.gate_proj"": 918.0, ""mlp.up_proj"": 1488.0, ""self_attn.k_proj"": 206.0, ""self_attn.o_proj"": 940.0, ""self_attn.q_proj"": 299.0, ""self_attn.v_proj"": 553.0}","{""mlp.down_proj"": -18.0, ""mlp.gate_proj"": -38.0, ""mlp.up_proj"": -33.0, ""self_attn.k_proj"": 0.0, ""self_attn.o_proj"": -18.0, ""self_attn.q_proj"": -14.0, ""self_attn.v_proj"": -8.0}","{""mlp.down_proj"": 0.00972972972972973, ""mlp.gate_proj"": 0.0397489539748954, ""mlp.up_proj"": 0.021696252465483234, ""self_attn.k_proj"": 0.0, ""self_attn.o_proj"": 0.018789144050104383, ""self_attn.q_proj"": 0.04472843450479233, ""self_attn.v_proj"": 0.0142602495543672}",-0.0004341003707086233,-4.571428571428573,255.34285714285716,False,True
,,160,S_math,legacy_S_math,0.05,14,5,equal5_non_qk,True,"mlp.down_proj,mlp.gate_proj,mlp.up_proj,self_attn.o_proj,self_attn.v_proj","self_attn.q_proj,self_attn.k_proj",385.6,404.0,385.6,-18.4,0.05645073278337097,0.04554455445544549,"{""mlp.down_proj"": 711.0, ""mlp.gate_proj"": 132.0, ""mlp.up_proj"": 505.0, ""self_attn.o_proj"": 307.0, ""self_attn.v_proj"": 365.0}","{""mlp.down_proj"": 695.0, ""mlp.gate_proj"": 121.0, ""mlp.up_proj"": 481.0, ""self_attn.o_proj"": 275.0, ""self_attn.v_proj"": 356.0}","{""mlp.down_proj"": -16.0, ""mlp.gate_proj"": -11.0, ""mlp.up_proj"": -24.0, ""self_attn.o_proj"": -32.0, ""self_attn.v_proj"": -9.0}","{""mlp.down_proj"": 0.02250351617440225, ""mlp.gate_proj"": 0.08333333333333333, ""mlp.up_proj"": 0.047524752475247525, ""self_attn.o_proj"": 0.10423452768729642, ""self_attn.v_proj"": 0.024657534246575342}",0.010813780601844864,0.04563695218152611,7,equal7,True,"mlp.down_proj,mlp.gate_proj,mlp.up_proj,self_attn.k_proj,self_attn.o_proj,self_attn.q_proj,self_attn.v_proj",,291.42857142857144,304.85714285714283,291.42857142857144,-13.428571428571429,0.04471755638372652,0.044048734770384124,"{""mlp.down_proj"": 711.0, ""mlp.gate_proj"": 132.0, ""mlp.up_proj"": 505.0, ""self_attn.k_proj"": 49.0, ""self_attn.o_proj"": 307.0, ""self_attn.q_proj"": 65.0, ""self_attn.v_proj"": 365.0}","{""mlp.down_proj"": 695.0, ""mlp.gate_proj"": 121.0, ""mlp.up_proj"": 481.0, ""self_attn.k_proj"": 49.0, ""self_attn.o_proj"": 275.0, ""self_attn.q_proj"": 63.0, ""self_attn.v_proj"": 356.0}","{""mlp.down_proj"": -16.0, ""mlp.gate_proj"": -11.0, ""mlp.up_proj"": -24.0, ""self_attn.k_proj"": 0.0, ""self_attn.o_proj"": -32.0, ""self_attn.q_proj"": -2.0, ""self_attn.v_proj"": -9.0}","{""mlp.down_proj"": 0.02250351617440225, ""mlp.gate_proj"": 0.08333333333333333, ""mlp.up_proj"": 0.047524752475247525, ""self_attn.k_proj"": 0.0, ""self_attn.o_proj"": 0.10423452768729642, ""self_attn.q_proj"": 0.03076923076923077, ""self_attn.v_proj"": 0.024657534246575342}",0.011733176399644447,-4.97142857142857,94.17142857142858,False,True
,,160,S_math,legacy_S_math,0.05,18,5,equal5_non_qk,True,"mlp.down_proj,mlp.gate_proj,mlp.up_proj,self_attn.o_proj,self_attn.v_proj","self_attn.q_proj,self_attn.k_proj",834.6,856.2,834.6,-21.6,0.02788228351248249,0.02522775052557816,"{""mlp.down_proj"": 1523.0, ""mlp.gate_proj"": 542.0, ""mlp.up_proj"": 1133.0, ""self_attn.o_proj"": 663.0, ""self_attn.v_proj"": 420.0}","{""mlp.down_proj"": 1502.0, ""mlp.gate_proj"": 511.0, ""mlp.up_proj"": 1099.0, ""self_attn.o_proj"": 647.0, ""self_attn.v_proj"": 414.0}","{""mlp.down_proj"": -21.0, ""mlp.gate_proj"": -31.0, ""mlp.up_proj"": -34.0, ""self_attn.o_proj"": -16.0, ""self_attn.v_proj"": -6.0}","{""mlp.down_proj"": 0.013788575180564675, ""mlp.gate_proj"": 0.05719557195571956, ""mlp.up_proj"": 0.03000882612533098, ""self_attn.o_proj"": 0.024132730015082957, ""self_attn.v_proj"": 0.014285714285714285}",0.011408101066040639,0.016474182446441853,7,equal7,True,"mlp.down_proj,mlp.gate_proj,mlp.up_proj,self_attn.k_proj,self_attn.o_proj,self_attn.q_proj,self_attn.v_proj",,629.7142857142857,645.7142857142857,629.7142857142857,-16.0,0.023591416845396923,0.024778761061946906,"{""mlp.down_proj"": 1523.0, ""mlp.gate_proj"": 542.0, ""mlp.up_proj"": 1133.0, ""self_attn.k_proj"": 105.0, ""self_attn.o_proj"": 663.0, ""self_attn.q_proj"": 134.0, ""self_attn.v_proj"": 420.0}","{""mlp.down_proj"": 1502.0, ""mlp.gate_proj"": 511.0, ""mlp.up_proj"": 1099.0, ""self_attn.k_proj"": 107.0, ""self_attn.o_proj"": 647.0, ""self_attn.q_proj"": 128.0, ""self_attn.v_proj"": 414.0}","{""mlp.down_proj"": -21.0, ""mlp.gate_proj"": -31.0, ""mlp.up_proj"": -34.0, ""self_attn.k_proj"": 2.0, ""self_attn.o_proj"": -16.0, ""self_attn.q_proj"": -6.0, ""self_attn.v_proj"": -6.0}","{""mlp.down_proj"": 0.013788575180564675, ""mlp.gate_proj"": 0.05719557195571956, ""mlp.up_proj"": 0.03000882612533098, ""self_attn.k_proj"": -0.01904761904761905, ""self_attn.o_proj"": 0.024132730015082957, ""self_attn.q_proj"": 0.04477611940298507, ""self_attn.v_proj"": 0.014285714285714285}",0.004290866667085568,-5.600000000000001,204.88571428571436,False,True
,,160,S_math,legacy_S_math,0.1,14,5,equal5_non_qk,True,"mlp.down_proj,mlp.gate_proj,mlp.up_proj,self_attn.o_proj,self_attn.v_proj","self_attn.q_proj,self_attn.k_proj",219.2,232.2,219.2,-13.0,0.07338958979318119,0.05598621877691645,"{""mlp.down_proj"": 440.0, ""mlp.gate_proj"": 37.0, ""mlp.up_proj"": 275.0, ""self_attn.o_proj"": 172.0, ""self_attn.v_proj"": 237.0}","{""mlp.down_proj"": 427.0, ""mlp.gate_proj"": 33.0, ""mlp.up_proj"": 258.0, ""self_attn.o_proj"": 149.0, ""self_attn.v_proj"": 229.0}","{""mlp.down_proj"": -13.0, ""mlp.gate_proj"": -4.0, ""mlp.up_proj"": -17.0, ""self_attn.o_proj"": -23.0, ""self_attn.v_proj"": -8.0}","{""mlp.down_proj"": 0.029545454545454545, ""mlp.gate_proj"": 0.10810810810810811, ""mlp.up_proj"": 0.06181818181818182, ""self_attn.o_proj"": 0.13372093023255813, ""self_attn.v_proj"": 0.03375527426160337}",0.015290469541696588,0.0580991202514846,7,equal7,True,"mlp.down_proj,mlp.gate_proj,mlp.up_proj,self_attn.k_proj,self_attn.o_proj,self_attn.q_proj,self_attn.v_proj",,162.85714285714286,172.28571428571428,162.85714285714286,-9.428571428571429,0.0579156410610635,0.05472636815920391,"{""mlp.down_proj"": 440.0, ""mlp.gate_proj"": 37.0, ""mlp.up_proj"": 275.0, ""self_attn.k_proj"": 19.0, ""self_attn.o_proj"": 172.0, ""self_attn.q_proj"": 26.0, ""self_attn.v_proj"": 237.0}","{""mlp.down_proj"": 427.0, ""mlp.gate_proj"": 33.0, ""mlp.up_proj"": 258.0, ""self_attn.k_proj"": 19.0, ""self_attn.o_proj"": 149.0, ""self_attn.q_proj"": 25.0, ""self_attn.v_proj"": 229.0}","{""mlp.down_proj"": -13.0, ""mlp.gate_proj"": -4.0, ""mlp.up_proj"": -17.0, ""self_attn.k_proj"": 0.0, ""self_attn.o_proj"": -23.0, ""self_attn.q_proj"": -1.0, ""self_attn.v_proj"": -8.0}","{""mlp.down_proj"": 0.029545454545454545, ""mlp.gate_proj"": 0.10810810810810811, ""mlp.up_proj"": 0.06181818181818182, ""self_attn.k_proj"": 0.0, ""self_attn.o_proj"": 0.13372093023255813, ""self_attn.q_proj"": 0.038461538461538464, ""self_attn.v_proj"": 0.03375527426160337}",0.015473948732117694,-3.571428571428571,56.34285714285713,False,True
,,160,S_math,legacy_S_math,0.1,18,5,equal5_non_qk,True,"mlp.down_proj,mlp.gate_proj,mlp.up_proj,self_attn.o_proj,self_attn.v_proj","self_attn.q_proj,self_attn.k_proj",521.8,538.6,521.8,-16.8,0.0375593612263889,0.03119197920534732,"{""mlp.down_proj"": 1121.0, ""mlp.gate_proj"": 206.0, ""mlp.up_proj"": 711.0, ""self_attn.o_proj"": 383.0, ""self_attn.v_proj"": 272.0}","{""mlp.down_proj"": 1099.0, ""mlp.gate_proj"": 190.0, ""mlp.up_proj"": 682.0, ""self_attn.o_proj"": 371.0, ""self_attn.v_proj"": 267.0}","{""mlp.down_proj"": -22.0, ""mlp.gate_proj"": -16.0, ""mlp.up_proj"": -29.0, ""self_attn.o_proj"": -12.0, ""self_attn.v_proj"": -5.0}","{""mlp.down_proj"": 0.019625334522747548, ""mlp.gate_proj"": 0.07766990291262135, ""mlp.up_proj"": 0.040787623066104076, ""self_attn.o_proj"": 0.031331592689295036, ""self_attn.v_proj"": 0.01838235294117647}",0.017463598984674387,0.020095762241714513,7,equal7,True,"mlp.down_proj,mlp.gate_proj,mlp.up_proj,self_attn.k_proj,self_attn.o_proj,self_attn.q_proj,self_attn.v_proj",,384.14285714285717,396.14285714285717,384.14285714285717,-12.0,0.027185481372731104,0.030292102416155785,"{""mlp.down_proj"": 1121.0, ""mlp.gate_proj"": 206.0, ""mlp.up_proj"": 711.0, ""self_attn.k_proj"": 41.0, ""self_attn.o_proj"": 383.0, ""self_attn.q_proj"": 39.0, ""self_attn.v_proj"": 272.0}","{""mlp.down_proj"": 1099.0, ""mlp.gate_proj"": 190.0, ""mlp.up_proj"": 682.0, ""self_attn.k_proj"": 43.0, ""self_attn.o_proj"": 371.0, ""self_attn.q_proj"": 37.0, ""self_attn.v_proj"": 267.0}","{""mlp.down_proj"": -22.0, ""mlp.gate_proj"": -16.0, ""mlp.up_proj"": -29.0, ""self_attn.k_proj"": 2.0, ""self_attn.o_proj"": -12.0, ""self_attn.q_proj"": -2.0, ""self_attn.v_proj"": -5.0}","{""mlp.down_proj"": 0.019625334522747548, ""mlp.gate_proj"": 0.07766990291262135, ""mlp.up_proj"": 0.040787623066104076, ""self_attn.k_proj"": -0.04878048780487805, ""self_attn.o_proj"": 0.031331592689295036, ""self_attn.q_proj"": 0.05128205128205128, ""self_attn.v_proj"": 0.01838235294117647}",0.010373879853657796,-4.800000000000001,137.6571428571428,False,True
,,320,E_general,E_general,0.01,14,5,equal5_non_qk,True,"mlp.down_proj,mlp.gate_proj,mlp.up_proj,self_attn.o_proj,self_attn.v_proj","self_attn.q_proj,self_attn.k_proj",1724.0,1738.2,1724.0,-14.2,0.008873915275785373,0.00816937061327813,"{""mlp.down_proj"": 2529.0, ""mlp.gate_proj"": 1400.0, ""mlp.up_proj"": 2315.0, ""self_attn.o_proj"": 1584.0, ""self_attn.v_proj"": 863.0}","{""mlp.down_proj"": 2522.0, ""mlp.gate_proj"": 1371.0, ""mlp.up_proj"": 2301.0, ""self_attn.o_proj"": 1566.0, ""self_attn.v_proj"": 860.0}","{""mlp.down_proj"": -7.0, ""mlp.gate_proj"": -29.0, ""mlp.up_proj"": -14.0, ""self_attn.o_proj"": -18.0, ""self_attn.v_proj"": -3.0}","{""mlp.down_proj"": 0.00276789244760775, ""mlp.gate_proj"": 0.020714285714285713, ""mlp.up_proj"": 0.006047516198704104, ""self_attn.o_proj"": 0.011363636363636364, ""self_attn.v_proj"": 0.0034762456546929316}",0.008873915275785373,0.0,7,equal7,True,"mlp.down_proj,mlp.gate_proj,mlp.up_proj,self_attn.k_proj,self_attn.o_proj,self_attn.q_proj,self_attn.v_proj",,1381.2857142857142,1394.142857142857,1381.2857142857142,-12.857142857142858,0.011304085019706518,0.009222256378727351,"{""mlp.down_proj"": 2529.0, ""mlp.gate_proj"": 1400.0, ""mlp.up_proj"": 2315.0, ""self_attn.k_proj"": 375.0, ""self_attn.o_proj"": 1584.0, ""self_attn.q_proj"": 693.0, ""self_attn.v_proj"": 863.0}","{""mlp.down_proj"": 2522.0, ""mlp.gate_proj"": 1371.0, ""mlp.up_proj"": 2301.0, ""self_attn.k_proj"": 369.0, ""self_attn.o_proj"": 1566.0, ""self_attn.q_proj"": 680.0, ""self_attn.v_proj"": 860.0}","{""mlp.down_proj"": -7.0, ""mlp.gate_proj"": -29.0, ""mlp.up_proj"": -14.0, ""self_attn.k_proj"": -6.0, ""self_attn.o_proj"": -18.0, ""self_attn.q_proj"": -13.0, ""self_attn.v_proj"": -3.0}","{""mlp.down_proj"": 0.00276789244760775, ""mlp.gate_proj"": 0.020714285714285713, ""mlp.up_proj"": 0.006047516198704104, ""self_attn.k_proj"": 0.016, ""self_attn.o_proj"": 0.011363636363636364, ""self_attn.q_proj"": 0.01875901875901876, ""self_attn.v_proj"": 0.0034762456546929316}",-0.0024301697439211446,-1.3428571428571416,342.7142857142858,False,True
,,320,E_general,E_general,0.01,18,5,equal5_non_qk,True,"mlp.down_proj,mlp.gate_proj,mlp.up_proj,self_attn.o_proj,self_attn.v_proj","self_attn.q_proj,self_attn.k_proj",1624.4,1634.4,1624.4,-10.0,0.007058129674606528,0.006118453255017131,"{""mlp.down_proj"": 2190.0, ""mlp.gate_proj"": 1641.0, ""mlp.up_proj"": 2064.0, ""self_attn.o_proj"": 1546.0, ""self_attn.v_proj"": 731.0}","{""mlp.down_proj"": 2182.0, ""mlp.gate_proj"": 1628.0, ""mlp.up_proj"": 2059.0, ""self_attn.o_proj"": 1530.0, ""self_attn.v_proj"": 723.0}","{""mlp.down_proj"": -8.0, ""mlp.gate_proj"": -13.0, ""mlp.up_proj"": -5.0, ""self_attn.o_proj"": -16.0, ""self_attn.v_proj"": -8.0}","{""mlp.down_proj"": 0.0036529680365296802, ""mlp.gate_proj"": 0.007921998781230956, ""mlp.up_proj"": 0.0024224806201550387, ""self_attn.o_proj"": 0.01034928848641656, ""self_attn.v_proj"": 0.01094391244870041}",0.007058129674606528,0.0,7,equal7,True,"mlp.down_proj,mlp.gate_proj,mlp.up_proj,self_attn.k_proj,self_attn.o_proj,self_attn.q_proj,self_attn.v_proj",,1316.2857142857142,1328.5714285714287,1316.2857142857142,-12.285714285714286,0.013554080065849248,0.00924731182795711,"{""mlp.down_proj"": 2190.0, ""mlp.gate_proj"": 1641.0, ""mlp.up_proj"": 2064.0, ""self_attn.k_proj"": 400.0, ""self_attn.o_proj"": 1546.0, ""self_attn.q_proj"": 728.0, ""self_attn.v_proj"": 731.0}","{""mlp.down_proj"": 2182.0, ""mlp.gate_proj"": 1628.0, ""mlp.up_proj"": 2059.0, ""self_attn.k_proj"": 391.0, ""self_attn.o_proj"": 1530.0, ""self_attn.q_proj"": 701.0, ""self_attn.v_proj"": 723.0}","{""mlp.down_proj"": -8.0, ""mlp.gate_proj"": -13.0, ""mlp.up_proj"": -5.0, ""self_attn.k_proj"": -9.0, ""self_attn.o_proj"": -16.0, ""self_attn.q_proj"": -27.0, ""self_attn.v_proj"": -8.0}","{""mlp.down_proj"": 0.0036529680365296802, ""mlp.gate_proj"": 0.007921998781230956, ""mlp.up_proj"": 0.0024224806201550387, ""self_attn.k_proj"": 0.0225, ""self_attn.o_proj"": 0.01034928848641656, ""self_attn.q_proj"": 0.03708791208791209, ""self_attn.v_proj"": 0.01094391244870041}",-0.006495950391242719,2.2857142857142865,308.11428571428587,False,True
,,320,E_general,E_general,0.025,14,5,equal5_non_qk,True,"mlp.down_proj,mlp.gate_proj,mlp.up_proj,self_attn.o_proj,self_attn.v_proj","self_attn.q_proj,self_attn.k_proj",1343.6,1359.0,1343.6,-15.4,0.013727061151587408,0.011331861662987558,"{""mlp.down_proj"": 2167.0, ""mlp.gate_proj"": 785.0, ""mlp.up_proj"": 1853.0, ""self_attn.o_proj"": 1239.0, ""self_attn.v_proj"": 751.0}","{""mlp.down_proj"": 2157.0, ""mlp.gate_proj"": 759.0, ""mlp.up_proj"": 1835.0, ""self_attn.o_proj"": 1221.0, ""self_attn.v_proj"": 746.0}","{""mlp.down_proj"": -10.0, ""mlp.gate_proj"": -26.0, ""mlp.up_proj"": -18.0, ""self_attn.o_proj"": -18.0, ""self_attn.v_proj"": -5.0}","{""mlp.down_proj"": 0.0046146746654360865, ""mlp.gate_proj"": 0.033121019108280254, ""mlp.up_proj"": 0.009713977334052886, ""self_attn.o_proj"": 0.014527845036319613, ""self_attn.v_proj"": 0.006657789613848202}",0.013727061151587408,0.0,7,equal7,True,"mlp.down_proj,mlp.gate_proj,mlp.up_proj,self_attn.k_proj,self_attn.o_proj,self_attn.q_proj,self_attn.v_proj",,1038.142857142857,1051.142857142857,1038.142857142857,-13.0,0.01683731957990572,0.01236749116607774,"{""mlp.down_proj"": 2167.0, ""mlp.gate_proj"": 785.0, ""mlp.up_proj"": 1853.0, ""self_attn.k_proj"": 212.0, ""self_attn.o_proj"": 1239.0, ""self_attn.q_proj"": 351.0, ""self_attn.v_proj"": 751.0}","{""mlp.down_proj"": 2157.0, ""mlp.gate_proj"": 759.0, ""mlp.up_proj"": 1835.0, ""self_attn.k_proj"": 207.0, ""self_attn.o_proj"": 1221.0, ""self_attn.q_proj"": 342.0, ""self_attn.v_proj"": 746.0}","{""mlp.down_proj"": -10.0, ""mlp.gate_proj"": -26.0, ""mlp.up_proj"": -18.0, ""self_attn.k_proj"": -5.0, ""self_attn.o_proj"": -18.0, ""self_attn.q_proj"": -9.0, ""self_attn.v_proj"": -5.0}","{""mlp.down_proj"": 0.0046146746654360865, ""mlp.gate_proj"": 0.033121019108280254, ""mlp.up_proj"": 0.009713977334052886, ""self_attn.k_proj"": 0.02358490566037736, ""self_attn.o_proj"": 0.014527845036319613, ""self_attn.q_proj"": 0.02564102564102564, ""self_attn.v_proj"": 0.006657789613848202}",-0.0031102584283183125,-2.4000000000000004,305.4571428571428,False,True
,,320,E_general,E_general,0.025,18,5,equal5_non_qk,True,"mlp.down_proj,mlp.gate_proj,mlp.up_proj,self_attn.o_proj,self_attn.v_proj","self_attn.q_proj,self_attn.k_proj",1287.2,1299.8,1287.2,-12.6,0.01156230644554319,0.009693799046007008,"{""mlp.down_proj"": 1901.0, ""mlp.gate_proj"": 1133.0, ""mlp.up_proj"": 1706.0, ""self_attn.o_proj"": 1186.0, ""self_attn.v_proj"": 573.0}","{""mlp.down_proj"": 1889.0, ""mlp.gate_proj"": 1117.0, ""mlp.up_proj"": 1698.0, ""self_attn.o_proj"": 1170.0, ""self_attn.v_proj"": 562.0}","{""mlp.down_proj"": -12.0, ""mlp.gate_proj"": -16.0, ""mlp.up_proj"": -8.0, ""self_attn.o_proj"": -16.0, ""self_attn.v_proj"": -11.0}","{""mlp.down_proj"": 0.00631246712256707, ""mlp.gate_proj"": 0.01412180052956752, ""mlp.up_proj"": 0.004689331770222743, ""self_attn.o_proj"": 0.013490725126475547, ""self_attn.v_proj"": 0.019197207678883072}",0.01156230644554319,0.0,7,equal7,True,"mlp.down_proj,mlp.gate_proj,mlp.up_proj,self_attn.k_proj,self_attn.o_proj,self_attn.q_proj,self_attn.v_proj",,998.5714285714286,1011.5714285714286,998.5714285714286,-13.0,0.021114780887209583,0.012851292190368593,"{""mlp.down_proj"": 1901.0, ""mlp.gate_proj"": 1133.0, ""mlp.up_proj"": 1706.0, ""self_attn.k_proj"": 227.0, ""self_attn.o_proj"": 1186.0, ""self_attn.q_proj"": 355.0, ""self_attn.v_proj"": 573.0}","{""mlp.down_proj"": 1889.0, ""mlp.gate_proj"": 1117.0, ""mlp.up_proj"": 1698.0, ""self_attn.k_proj"": 220.0, ""self_attn.o_proj"": 1170.0, ""self_attn.q_proj"": 334.0, ""self_attn.v_proj"": 562.0}","{""mlp.down_proj"": -12.0, ""mlp.gate_proj"": -16.0, ""mlp.up_proj"": -8.0, ""self_attn.k_proj"": -7.0, ""self_attn.o_proj"": -16.0, ""self_attn.q_proj"": -21.0, ""self_attn.v_proj"": -11.0}","{""mlp.down_proj"": 0.00631246712256707, ""mlp.gate_proj"": 0.01412180052956752, ""mlp.up_proj"": 0.004689331770222743, ""self_attn.k_proj"": 0.030837004405286344, ""self_attn.o_proj"": 0.013490725126475547, ""self_attn.q_proj"": 0.059154929577464786, ""self_attn.v_proj"": 0.019197207678883072}",-0.009552474441666393,0.40000000000000036,288.6285714285715,False,True
,,320,E_general,E_general,0.05,14,5,equal5_non_qk,True,"mlp.down_proj,mlp.gate_proj,mlp.up_proj,self_attn.o_proj,self_attn.v_proj","self_attn.q_proj,self_attn.k_proj",1019.2,1033.8,1019.2,-14.6,0.019407271214551693,0.014122654285161452,"{""mlp.down_proj"": 1802.0, ""mlp.gate_proj"": 368.0, ""mlp.up_proj"": 1413.0, ""self_attn.o_proj"": 955.0, ""self_attn.v_proj"": 631.0}","{""mlp.down_proj"": 1790.0, ""mlp.gate_proj"": 350.0, ""mlp.up_proj"": 1393.0, ""self_attn.o_proj"": 938.0, ""self_attn.v_proj"": 625.0}","{""mlp.down_proj"": -12.0, ""mlp.gate_proj"": -18.0, ""mlp.up_proj"": -20.0, ""self_attn.o_proj"": -17.0, ""self_attn.v_proj"": -6.0}","{""mlp.down_proj"": 0.006659267480577136, ""mlp.gate_proj"": 0.04891304347826087, ""mlp.up_proj"": 0.014154281670205236, ""self_attn.o_proj"": 0.01780104712041885, ""self_attn.v_proj"": 0.009508716323296355}",0.019407271214551693,0.0,7,equal7,True,"mlp.down_proj,mlp.gate_proj,mlp.up_proj,self_attn.k_proj,self_attn.o_proj,self_attn.q_proj,self_attn.v_proj",,765.0,776.5714285714286,765.0,-11.571428571428571,0.022302095021581075,0.014900662251655608,"{""mlp.down_proj"": 1802.0, ""mlp.gate_proj"": 368.0, ""mlp.up_proj"": 1413.0, ""self_attn.k_proj"": 111.0, ""self_attn.o_proj"": 955.0, ""self_attn.q_proj"": 156.0, ""self_attn.v_proj"": 631.0}","{""mlp.down_proj"": 1790.0, ""mlp.gate_proj"": 350.0, ""mlp.up_proj"": 1393.0, ""self_attn.k_proj"": 108.0, ""self_attn.o_proj"": 938.0, ""self_attn.q_proj"": 151.0, ""self_attn.v_proj"": 625.0}","{""mlp.down_proj"": -12.0, ""mlp.gate_proj"": -18.0, ""mlp.up_proj"": -20.0, ""self_attn.k_proj"": -3.0, ""self_attn.o_proj"": -17.0, ""self_attn.q_proj"": -5.0, ""self_attn.v_proj"": -6.0}","{""mlp.down_proj"": 0.006659267480577136, ""mlp.gate_proj"": 0.04891304347826087, ""mlp.up_proj"": 0.014154281670205236, ""self_attn.k_proj"": 0.02702702702702703, ""self_attn.o_proj"": 0.01780104712041885, ""self_attn.q_proj"": 0.03205128205128205, ""self_attn.v_proj"": 0.009508716323296355}",-0.002894823807029382,-3.0285714285714285,254.20000000000005,False,True
,,320,E_general,E_general,0.05,18,5,equal5_non_qk,True,"mlp.down_proj,mlp.gate_proj,mlp.up_proj,self_attn.o_proj,self_attn.v_proj","self_attn.q_proj,self_attn.k_proj",977.6,991.2,977.6,-13.6,0.016954936536052453,0.013720742534301878,"{""mlp.down_proj"": 1590.0, ""mlp.gate_proj"": 701.0, ""mlp.up_proj"": 1344.0, ""self_attn.o_proj"": 890.0, ""self_attn.v_proj"": 431.0}","{""mlp.down_proj"": 1575.0, ""mlp.gate_proj"": 685.0, ""mlp.up_proj"": 1335.0, ""self_attn.o_proj"": 874.0, ""self_attn.v_proj"": 419.0}","{""mlp.down_proj"": -15.0, ""mlp.gate_proj"": -16.0, ""mlp.up_proj"": -9.0, ""self_attn.o_proj"": -16.0, ""self_attn.v_proj"": -12.0}","{""mlp.down_proj"": 0.009433962264150943, ""mlp.gate_proj"": 0.02282453637660485, ""mlp.up_proj"": 0.006696428571428571, ""self_attn.o_proj"": 0.017977528089887642, ""self_attn.v_proj"": 0.027842227378190254}",0.016954936536052453,0.0,7,equal7,True,"mlp.down_proj,mlp.gate_proj,mlp.up_proj,self_attn.k_proj,self_attn.o_proj,self_attn.q_proj,self_attn.v_proj",,732.5714285714286,744.7142857142857,732.5714285714286,-12.142857142857142,0.030336543374887864,0.016305390370228233,"{""mlp.down_proj"": 1590.0, ""mlp.gate_proj"": 701.0, ""mlp.up_proj"": 1344.0, ""self_attn.k_proj"": 113.0, ""self_attn.o_proj"": 890.0, ""self_attn.q_proj"": 144.0, ""self_attn.v_proj"": 431.0}","{""mlp.down_proj"": 1575.0, ""mlp.gate_proj"": 685.0, ""mlp.up_proj"": 1335.0, ""self_attn.k_proj"": 108.0, ""self_attn.o_proj"": 874.0, ""self_attn.q_proj"": 132.0, ""self_attn.v_proj"": 419.0}","{""mlp.down_proj"": -15.0, ""mlp.gate_proj"": -16.0, ""mlp.up_proj"": -9.0, ""self_attn.k_proj"": -5.0, ""self_attn.o_proj"": -16.0, ""self_attn.q_proj"": -12.0, ""self_attn.v_proj"": -12.0}","{""mlp.down_proj"": 0.009433962264150943, ""mlp.gate_proj"": 0.02282453637660485, ""mlp.up_proj"": 0.006696428571428571, ""self_attn.k_proj"": 0.04424778761061947, ""self_attn.o_proj"": 0.017977528089887642, ""self_attn.q_proj"": 0.08333333333333333, ""self_attn.v_proj"": 0.027842227378190254}",-0.013381606838835412,-1.4571428571428573,245.02857142857147,False,True
,,320,E_general,E_general,0.1,14,5,equal5_non_qk,True,"mlp.down_proj,mlp.gate_proj,mlp.up_proj,self_attn.o_proj,self_attn.v_proj","self_attn.q_proj,self_attn.k_proj",693.2,704.8,693.2,-11.6,0.02662874976866749,0.01645856980703733,"{""mlp.down_proj"": 1362.0, ""mlp.gate_proj"": 100.0, ""mlp.up_proj"": 924.0, ""self_attn.o_proj"": 659.0, ""self_attn.v_proj"": 479.0}","{""mlp.down_proj"": 1350.0, ""mlp.gate_proj"": 93.0, ""mlp.up_proj"": 905.0, ""self_attn.o_proj"": 645.0, ""self_attn.v_proj"": 473.0}","{""mlp.down_proj"": -12.0, ""mlp.gate_proj"": -7.0, ""mlp.up_proj"": -19.0, ""self_attn.o_proj"": -14.0, ""self_attn.v_proj"": -6.0}","{""mlp.down_proj"": 0.00881057268722467, ""mlp.gate_proj"": 0.07, ""mlp.up_proj"": 0.020562770562770564, ""self_attn.o_proj"": 0.021244309559939303, ""self_attn.v_proj"": 0.012526096033402923}",0.02662874976866749,0.0,7,equal7,True,"mlp.down_proj,mlp.gate_proj,mlp.up_proj,self_attn.k_proj,self_attn.o_proj,self_attn.q_proj,self_attn.v_proj",,508.7142857142857,517.4285714285714,508.7142857142857,-8.714285714285714,0.0277110117395244,0.016841524019878536,"{""mlp.down_proj"": 1362.0, ""mlp.gate_proj"": 100.0, ""mlp.up_proj"": 924.0, ""self_attn.k_proj"": 48.0, ""self_attn.o_proj"": 659.0, ""self_attn.q_proj"": 50.0, ""self_attn.v_proj"": 479.0}","{""mlp.down_proj"": 1350.0, ""mlp.gate_proj"": 93.0, ""mlp.up_proj"": 905.0, ""self_attn.k_proj"": 47.0, ""self_attn.o_proj"": 645.0, ""self_attn.q_proj"": 48.0, ""self_attn.v_proj"": 473.0}","{""mlp.down_proj"": -12.0, ""mlp.gate_proj"": -7.0, ""mlp.up_proj"": -19.0, ""self_attn.k_proj"": -1.0, ""self_attn.o_proj"": -14.0, ""self_attn.q_proj"": -2.0, ""self_attn.v_proj"": -6.0}","{""mlp.down_proj"": 0.00881057268722467, ""mlp.gate_proj"": 0.07, ""mlp.up_proj"": 0.020562770562770564, ""self_attn.k_proj"": 0.020833333333333332, ""self_attn.o_proj"": 0.021244309559939303, ""self_attn.q_proj"": 0.04, ""self_attn.v_proj"": 0.012526096033402923}",-0.0010822619708569098,-2.885714285714286,184.48571428571432,False,True
,,320,E_general,E_general,0.1,18,5,equal5_non_qk,True,"mlp.down_proj,mlp.gate_proj,mlp.up_proj,self_attn.o_proj,self_attn.v_proj","self_attn.q_proj,self_attn.k_proj",644.4,657.4,644.4,-13.0,0.026040502868443206,0.019774870702768482,"{""mlp.down_proj"": 1200.0, ""mlp.gate_proj"": 300.0, ""mlp.up_proj"": 921.0, ""self_attn.o_proj"": 589.0, ""self_attn.v_proj"": 277.0}","{""mlp.down_proj"": 1183.0, ""mlp.gate_proj"": 288.0, ""mlp.up_proj"": 911.0, ""self_attn.o_proj"": 574.0, ""self_attn.v_proj"": 266.0}","{""mlp.down_proj"": -17.0, ""mlp.gate_proj"": -12.0, ""mlp.up_proj"": -10.0, ""self_attn.o_proj"": -15.0, ""self_attn.v_proj"": -11.0}","{""mlp.down_proj"": 0.014166666666666666, ""mlp.gate_proj"": 0.04, ""mlp.up_proj"": 0.010857763300760043, ""self_attn.o_proj"": 0.025466893039049237, ""self_attn.v_proj"": 0.039711191335740074}",0.026040502868443206,0.0,7,equal7,True,"mlp.down_proj,mlp.gate_proj,mlp.up_proj,self_attn.k_proj,self_attn.o_proj,self_attn.q_proj,self_attn.v_proj",,469.7142857142857,479.85714285714283,469.7142857142857,-10.142857142857142,0.043242383833769785,0.02113724322715087,"{""mlp.down_proj"": 1200.0, ""mlp.gate_proj"": 300.0, ""mlp.up_proj"": 921.0, ""self_attn.k_proj"": 39.0, ""self_attn.o_proj"": 589.0, ""self_attn.q_proj"": 33.0, ""self_attn.v_proj"": 277.0}","{""mlp.down_proj"": 1183.0, ""mlp.gate_proj"": 288.0, ""mlp.up_proj"": 911.0, ""self_attn.k_proj"": 37.0, ""self_attn.o_proj"": 574.0, ""self_attn.q_proj"": 29.0, ""self_attn.v_proj"": 266.0}","{""mlp.down_proj"": -17.0, ""mlp.gate_proj"": -12.0, ""mlp.up_proj"": -10.0, ""self_attn.k_proj"": -2.0, ""self_attn.o_proj"": -15.0, ""self_attn.q_proj"": -4.0, ""self_attn.v_proj"": -11.0}","{""mlp.down_proj"": 0.014166666666666666, ""mlp.gate_proj"": 0.04, ""mlp.up_proj"": 0.010857763300760043, ""self_attn.k_proj"": 0.05128205128205128, ""self_attn.o_proj"": 0.025466893039049237, ""self_attn.q_proj"": 0.12121212121212122, ""self_attn.v_proj"": 0.039711191335740074}",-0.01720188096532658,-2.8571428571428577,174.68571428571425,False,True
,,320,E_if,E_ifeval,0.01,14,5,equal5_non_qk,True,"mlp.down_proj,mlp.gate_proj,mlp.up_proj,self_attn.o_proj,self_attn.v_proj","self_attn.q_proj,self_attn.k_proj",1619.2,1653.2,1619.2,-34.0,0.02197457004463974,0.02056617469150738,"{""mlp.down_proj"": 2435.0, ""mlp.gate_proj"": 1310.0, ""mlp.up_proj"": 2179.0, ""self_attn.o_proj"": 1511.0, ""self_attn.v_proj"": 831.0}","{""mlp.down_proj"": 2411.0, ""mlp.gate_proj"": 1244.0, ""mlp.up_proj"": 2144.0, ""self_attn.o_proj"": 1473.0, ""self_attn.v_proj"": 824.0}","{""mlp.down_proj"": -24.0, ""mlp.gate_proj"": -66.0, ""mlp.up_proj"": -35.0, ""self_attn.o_proj"": -38.0, ""self_attn.v_proj"": -7.0}","{""mlp.down_proj"": 0.009856262833675565, ""mlp.gate_proj"": 0.050381679389312976, ""mlp.up_proj"": 0.016062413951353834, ""self_attn.o_proj"": 0.02514890800794176, ""self_attn.v_proj"": 0.00842358604091456}",0.008873915275785373,0.013100654768854365,7,equal7,True,"mlp.down_proj,mlp.gate_proj,mlp.up_proj,self_attn.k_proj,self_attn.o_proj,self_attn.q_proj,self_attn.v_proj",,1291.0,1320.0,1291.0,-29.0,0.025252889904268588,0.02196969696969697,"{""mlp.down_proj"": 2435.0, ""mlp.gate_proj"": 1310.0, ""mlp.up_proj"": 2179.0, ""self_attn.k_proj"": 344.0, ""self_attn.o_proj"": 1511.0, ""self_attn.q_proj"": 630.0, ""self_attn.v_proj"": 831.0}","{""mlp.down_proj"": 2411.0, ""mlp.gate_proj"": 1244.0, ""mlp.up_proj"": 2144.0, ""self_attn.k_proj"": 333.0, ""self_attn.o_proj"": 1473.0, ""self_attn.q_proj"": 608.0, ""self_attn.v_proj"": 824.0}","{""mlp.down_proj"": -24.0, ""mlp.gate_proj"": -66.0, ""mlp.up_proj"": -35.0, ""self_attn.k_proj"": -11.0, ""self_attn.o_proj"": -38.0, ""self_attn.q_proj"": -22.0, ""self_attn.v_proj"": -7.0}","{""mlp.down_proj"": 0.009856262833675565, ""mlp.gate_proj"": 0.050381679389312976, ""mlp.up_proj"": 0.016062413951353834, ""self_attn.k_proj"": 0.03197674418604651, ""self_attn.o_proj"": 0.02514890800794176, ""self_attn.q_proj"": 0.03492063492063492, ""self_attn.v_proj"": 0.00842358604091456}",-0.003278319859628849,-5.0,328.20000000000005,False,True
,,320,E_if,E_ifeval,0.01,18,5,equal5_non_qk,True,"mlp.down_proj,mlp.gate_proj,mlp.up_proj,self_attn.o_proj,self_attn.v_proj","self_attn.q_proj,self_attn.k_proj",1467.4,1485.0,1467.4,-17.6,0.013756407151324266,0.01185185185185179,"{""mlp.down_proj"": 2024.0, ""mlp.gate_proj"": 1529.0, ""mlp.up_proj"": 1934.0, ""self_attn.o_proj"": 1349.0, ""self_attn.v_proj"": 589.0}","{""mlp.down_proj"": 2006.0, ""mlp.gate_proj"": 1509.0, ""mlp.up_proj"": 1922.0, ""self_attn.o_proj"": 1324.0, ""self_attn.v_proj"": 576.0}","{""mlp.down_proj"": -18.0, ""mlp.gate_proj"": -20.0, ""mlp.up_proj"": -12.0, ""self_attn.o_proj"": -25.0, ""self_attn.v_proj"": -13.0}","{""mlp.down_proj"": 0.008893280632411068, ""mlp.gate_proj"": 0.013080444735120994, ""mlp.up_proj"": 0.0062047569803516025, ""self_attn.o_proj"": 0.018532246108228317, ""self_attn.v_proj"": 0.022071307300509338}",0.007058129674606528,0.006698277476717737,7,equal7,True,"mlp.down_proj,mlp.gate_proj,mlp.up_proj,self_attn.k_proj,self_attn.o_proj,self_attn.q_proj,self_attn.v_proj",,1157.0,1174.7142857142858,1157.0,-17.714285714285715,0.022384874809815603,0.015079654627265043,"{""mlp.down_proj"": 2024.0, ""mlp.gate_proj"": 1529.0, ""mlp.up_proj"": 1934.0, ""self_attn.k_proj"": 273.0, ""self_attn.o_proj"": 1349.0, ""self_attn.q_proj"": 525.0, ""self_attn.v_proj"": 589.0}","{""mlp.down_proj"": 2006.0, ""mlp.gate_proj"": 1509.0, ""mlp.up_proj"": 1922.0, ""self_attn.k_proj"": 262.0, ""self_attn.o_proj"": 1324.0, ""self_attn.q_proj"": 500.0, ""self_attn.v_proj"": 576.0}","{""mlp.down_proj"": -18.0, ""mlp.gate_proj"": -20.0, ""mlp.up_proj"": -12.0, ""self_attn.k_proj"": -11.0, ""self_attn.o_proj"": -25.0, ""self_attn.q_proj"": -25.0, ""self_attn.v_proj"": -13.0}","{""mlp.down_proj"": 0.008893280632411068, ""mlp.gate_proj"": 0.013080444735120994, ""mlp.up_proj"": 0.0062047569803516025, ""self_attn.k_proj"": 0.040293040293040296, ""self_attn.o_proj"": 0.018532246108228317, ""self_attn.q_proj"": 0.047619047619047616, ""self_attn.v_proj"": 0.022071307300509338}",-0.008628467658491337,0.11428571428571388,310.4000000000001,False,True
,,320,E_if,E_ifeval,0.025,14,5,equal5_non_qk,True,"mlp.down_proj,mlp.gate_proj,mlp.up_proj,self_attn.o_proj,self_attn.v_proj","self_attn.q_proj,self_attn.k_proj",1218.8,1254.4,1218.8,-35.6,0.033422054590821704,0.028380102040816434,"{""mlp.down_proj"": 2031.0, ""mlp.gate_proj"": 710.0, ""mlp.up_proj"": 1671.0, ""self_attn.o_proj"": 1157.0, ""self_attn.v_proj"": 703.0}","{""mlp.down_proj"": 1999.0, ""mlp.gate_proj"": 653.0, ""mlp.up_proj"": 1628.0, ""self_attn.o_proj"": 1121.0, ""self_attn.v_proj"": 693.0}","{""mlp.down_proj"": -32.0, ""mlp.gate_proj"": -57.0, ""mlp.up_proj"": -43.0, ""self_attn.o_proj"": -36.0, ""self_attn.v_proj"": -10.0}","{""mlp.down_proj"": 0.015755785327424915, ""mlp.gate_proj"": 0.08028169014084507, ""mlp.up_proj"": 0.02573309395571514, ""self_attn.o_proj"": 0.03111495246326707, ""self_attn.v_proj"": 0.01422475106685633}",0.013727061151587408,0.019694993439234296,7,equal7,True,"mlp.down_proj,mlp.gate_proj,mlp.up_proj,self_attn.k_proj,self_attn.o_proj,self_attn.q_proj,self_attn.v_proj",,938.1428571428571,967.0,938.1428571428571,-28.857142857142858,0.037349057102650164,0.029841926429310123,"{""mlp.down_proj"": 2031.0, ""mlp.gate_proj"": 710.0, ""mlp.up_proj"": 1671.0, ""self_attn.k_proj"": 188.0, ""self_attn.o_proj"": 1157.0, ""self_attn.q_proj"": 309.0, ""self_attn.v_proj"": 703.0}","{""mlp.down_proj"": 1999.0, ""mlp.gate_proj"": 653.0, ""mlp.up_proj"": 1628.0, ""self_attn.k_proj"": 180.0, ""self_attn.o_proj"": 1121.0, ""self_attn.q_proj"": 293.0, ""self_attn.v_proj"": 693.0}","{""mlp.down_proj"": -32.0, ""mlp.gate_proj"": -57.0, ""mlp.up_proj"": -43.0, ""self_attn.k_proj"": -8.0, ""self_attn.o_proj"": -36.0, ""self_attn.q_proj"": -16.0, ""self_attn.v_proj"": -10.0}","{""mlp.down_proj"": 0.015755785327424915, ""mlp.gate_proj"": 0.08028169014084507, ""mlp.up_proj"": 0.02573309395571514, ""self_attn.k_proj"": 0.0425531914893617, ""self_attn.o_proj"": 0.03111495246326707, ""self_attn.q_proj"": 0.05177993527508091, ""self_attn.v_proj"": 0.01422475106685633}",-0.0039270025118284604,-6.742857142857144,280.65714285714284,False,True
,,320,E_if,E_ifeval,0.025,18,5,equal5_non_qk,True,"mlp.down_proj,mlp.gate_proj,mlp.up_proj,self_attn.o_proj,self_attn.v_proj","self_attn.q_proj,self_attn.k_proj",1090.2,1110.4,1090.2,-20.2,0.021457012473097913,0.018191642651296868,"{""mlp.down_proj"": 1649.0, ""mlp.gate_proj"": 1006.0, ""mlp.up_proj"": 1522.0, ""self_attn.o_proj"": 971.0, ""self_attn.v_proj"": 404.0}","{""mlp.down_proj"": 1624.0, ""mlp.gate_proj"": 984.0, ""mlp.up_proj"": 1507.0, ""self_attn.o_proj"": 946.0, ""self_attn.v_proj"": 390.0}","{""mlp.down_proj"": -25.0, ""mlp.gate_proj"": -22.0, ""mlp.up_proj"": -15.0, ""self_attn.o_proj"": -25.0, ""self_attn.v_proj"": -14.0}","{""mlp.down_proj"": 0.015160703456640388, ""mlp.gate_proj"": 0.02186878727634195, ""mlp.up_proj"": 0.00985545335085414, ""self_attn.o_proj"": 0.025746652935118436, ""self_attn.v_proj"": 0.034653465346534656}",0.01156230644554319,0.009894706027554722,7,equal7,True,"mlp.down_proj,mlp.gate_proj,mlp.up_proj,self_attn.k_proj,self_attn.o_proj,self_attn.q_proj,self_attn.v_proj",,823.1428571428571,840.7142857142857,823.1428571428571,-17.571428571428573,0.033179432337263406,0.020900594732370416,"{""mlp.down_proj"": 1649.0, ""mlp.gate_proj"": 1006.0, ""mlp.up_proj"": 1522.0, ""self_attn.k_proj"": 123.0, ""self_attn.o_proj"": 971.0, ""self_attn.q_proj"": 210.0, ""self_attn.v_proj"": 404.0}","{""mlp.down_proj"": 1624.0, ""mlp.gate_proj"": 984.0, ""mlp.up_proj"": 1507.0, ""self_attn.k_proj"": 117.0, ""self_attn.o_proj"": 946.0, ""self_attn.q_proj"": 194.0, ""self_attn.v_proj"": 390.0}","{""mlp.down_proj"": -25.0, ""mlp.gate_proj"": -22.0, ""mlp.up_proj"": -15.0, ""self_attn.k_proj"": -6.0, ""self_attn.o_proj"": -25.0, ""self_attn.q_proj"": -16.0, ""self_attn.v_proj"": -14.0}","{""mlp.down_proj"": 0.015160703456640388, ""mlp.gate_proj"": 0.02186878727634195, ""mlp.up_proj"": 0.00985545335085414, ""self_attn.k_proj"": 0.04878048780487805, ""self_attn.o_proj"": 0.025746652935118436, ""self_attn.q_proj"": 0.0761904761904762, ""self_attn.v_proj"": 0.034653465346534656}",-0.011722419864165494,-2.6285714285714263,267.05714285714294,False,True
,,320,E_if,E_ifeval,0.05,14,5,equal5_non_qk,True,"mlp.down_proj,mlp.gate_proj,mlp.up_proj,self_attn.o_proj,self_attn.v_proj","self_attn.q_proj,self_attn.k_proj",889.0,921.4,889.0,-32.4,0.04568500617675969,0.03516388105057519,"{""mlp.down_proj"": 1632.0, ""mlp.gate_proj"": 328.0, ""mlp.up_proj"": 1208.0, ""self_attn.o_proj"": 868.0, ""self_attn.v_proj"": 571.0}","{""mlp.down_proj"": 1596.0, ""mlp.gate_proj"": 292.0, ""mlp.up_proj"": 1164.0, ""self_attn.o_proj"": 834.0, ""self_attn.v_proj"": 559.0}","{""mlp.down_proj"": -36.0, ""mlp.gate_proj"": -36.0, ""mlp.up_proj"": -44.0, ""self_attn.o_proj"": -34.0, ""self_attn.v_proj"": -12.0}","{""mlp.down_proj"": 0.022058823529411766, ""mlp.gate_proj"": 0.10975609756097561, ""mlp.up_proj"": 0.03642384105960265, ""self_attn.o_proj"": 0.03917050691244239, ""self_attn.v_proj"": 0.021015761821366025}",0.019407271214551693,0.026277734962207998,7,equal7,True,"mlp.down_proj,mlp.gate_proj,mlp.up_proj,self_attn.k_proj,self_attn.o_proj,self_attn.q_proj,self_attn.v_proj",,666.4285714285714,691.4285714285714,666.4285714285714,-25.0,0.04838638547233186,0.03615702479338843,"{""mlp.down_proj"": 1632.0, ""mlp.gate_proj"": 328.0, ""mlp.up_proj"": 1208.0, ""self_attn.k_proj"": 98.0, ""self_attn.o_proj"": 868.0, ""self_attn.q_proj"": 135.0, ""self_attn.v_proj"": 571.0}","{""mlp.down_proj"": 1596.0, ""mlp.gate_proj"": 292.0, ""mlp.up_proj"": 1164.0, ""self_attn.k_proj"": 93.0, ""self_attn.o_proj"": 834.0, ""self_attn.q_proj"": 127.0, ""self_attn.v_proj"": 559.0}","{""mlp.down_proj"": -36.0, ""mlp.gate_proj"": -36.0, ""mlp.up_proj"": -44.0, ""self_attn.k_proj"": -5.0, ""self_attn.o_proj"": -34.0, ""self_attn.q_proj"": -8.0, ""self_attn.v_proj"": -12.0}","{""mlp.down_proj"": 0.022058823529411766, ""mlp.gate_proj"": 0.10975609756097561, ""mlp.up_proj"": 0.03642384105960265, ""self_attn.k_proj"": 0.05102040816326531, ""self_attn.o_proj"": 0.03917050691244239, ""self_attn.q_proj"": 0.05925925925925926, ""self_attn.v_proj"": 0.021015761821366025}",-0.0027013792955721677,-7.399999999999999,222.57142857142856,False,True
,,320,E_if,E_ifeval,0.05,18,5,equal5_non_qk,True,"mlp.down_proj,mlp.gate_proj,mlp.up_proj,self_attn.o_proj,self_attn.v_proj","self_attn.q_proj,self_attn.k_proj",762.2,782.4,762.2,-20.2,0.031185370685789377,0.025817995910020364,"{""mlp.down_proj"": 1274.0, ""mlp.gate_proj"": 584.0, ""mlp.up_proj"": 1128.0, ""self_attn.o_proj"": 673.0, ""self_attn.v_proj"": 253.0}","{""mlp.down_proj"": 1245.0, ""mlp.gate_proj"": 565.0, ""mlp.up_proj"": 1111.0, ""self_attn.o_proj"": 650.0, ""self_attn.v_proj"": 240.0}","{""mlp.down_proj"": -29.0, ""mlp.gate_proj"": -19.0, ""mlp.up_proj"": -17.0, ""self_attn.o_proj"": -23.0, ""self_attn.v_proj"": -13.0}","{""mlp.down_proj"": 0.022762951334379906, ""mlp.gate_proj"": 0.032534246575342464, ""mlp.up_proj"": 0.015070921985815602, ""self_attn.o_proj"": 0.03417533432392273, ""self_attn.v_proj"": 0.05138339920948617}",0.016954936536052453,0.014230434149736924,7,equal7,True,"mlp.down_proj,mlp.gate_proj,mlp.up_proj,self_attn.k_proj,self_attn.o_proj,self_attn.q_proj,self_attn.v_proj",,560.1428571428571,576.0,560.1428571428571,-15.857142857142858,0.0451324076327067,0.02752976190476196,"{""mlp.down_proj"": 1274.0, ""mlp.gate_proj"": 584.0, ""mlp.up_proj"": 1128.0, ""self_attn.k_proj"": 50.0, ""self_attn.o_proj"": 673.0, ""self_attn.q_proj"": 70.0, ""self_attn.v_proj"": 253.0}","{""mlp.down_proj"": 1245.0, ""mlp.gate_proj"": 565.0, ""mlp.up_proj"": 1111.0, ""self_attn.k_proj"": 47.0, ""self_attn.o_proj"": 650.0, ""self_attn.q_proj"": 63.0, ""self_attn.v_proj"": 240.0}","{""mlp.down_proj"": -29.0, ""mlp.gate_proj"": -19.0, ""mlp.up_proj"": -17.0, ""self_attn.k_proj"": -3.0, ""self_attn.o_proj"": -23.0, ""self_attn.q_proj"": -7.0, ""self_attn.v_proj"": -13.0}","{""mlp.down_proj"": 0.022762951334379906, ""mlp.gate_proj"": 0.032534246575342464, ""mlp.up_proj"": 0.015070921985815602, ""self_attn.k_proj"": 0.06, ""self_attn.o_proj"": 0.03417533432392273, ""self_attn.q_proj"": 0.1, ""self_attn.v_proj"": 0.05138339920948617}",-0.013947036946917322,-4.342857142857142,202.05714285714294,False,True
,,320,E_if,E_ifeval,0.1,14,5,equal5_non_qk,True,"mlp.down_proj,mlp.gate_proj,mlp.up_proj,self_attn.o_proj,self_attn.v_proj","self_attn.q_proj,self_attn.k_proj",566.6,592.8,566.6,-26.2,0.06255187532058261,0.04419703103913619,"{""mlp.down_proj"": 1166.0, ""mlp.gate_proj"": 96.0, ""mlp.up_proj"": 722.0, ""self_attn.o_proj"": 572.0, ""self_attn.v_proj"": 408.0}","{""mlp.down_proj"": 1129.0, ""mlp.gate_proj"": 82.0, ""mlp.up_proj"": 684.0, ""self_attn.o_proj"": 543.0, ""self_attn.v_proj"": 395.0}","{""mlp.down_proj"": -37.0, ""mlp.gate_proj"": -14.0, ""mlp.up_proj"": -38.0, ""self_attn.o_proj"": -29.0, ""self_attn.v_proj"": -13.0}","{""mlp.down_proj"": 0.03173241852487135, ""mlp.gate_proj"": 0.14583333333333334, ""mlp.up_proj"": 0.05263157894736842, ""self_attn.o_proj"": 0.050699300699300696, ""self_attn.v_proj"": 0.031862745098039214}",0.02662874976866749,0.03592312555191512,7,equal7,True,"mlp.down_proj,mlp.gate_proj,mlp.up_proj,self_attn.k_proj,self_attn.o_proj,self_attn.q_proj,self_attn.v_proj",,416.2857142857143,435.7142857142857,416.2857142857143,-19.428571428571427,0.0612228917719684,0.04459016393442627,"{""mlp.down_proj"": 1166.0, ""mlp.gate_proj"": 96.0, ""mlp.up_proj"": 722.0, ""self_attn.k_proj"": 42.0, ""self_attn.o_proj"": 572.0, ""self_attn.q_proj"": 44.0, ""self_attn.v_proj"": 408.0}","{""mlp.down_proj"": 1129.0, ""mlp.gate_proj"": 82.0, ""mlp.up_proj"": 684.0, ""self_attn.k_proj"": 40.0, ""self_attn.o_proj"": 543.0, ""self_attn.q_proj"": 41.0, ""self_attn.v_proj"": 395.0}","{""mlp.down_proj"": -37.0, ""mlp.gate_proj"": -14.0, ""mlp.up_proj"": -38.0, ""self_attn.k_proj"": -2.0, ""self_attn.o_proj"": -29.0, ""self_attn.q_proj"": -3.0, ""self_attn.v_proj"": -13.0}","{""mlp.down_proj"": 0.03173241852487135, ""mlp.gate_proj"": 0.14583333333333334, ""mlp.up_proj"": 0.05263157894736842, ""self_attn.k_proj"": 0.047619047619047616, ""self_attn.o_proj"": 0.050699300699300696, ""self_attn.q_proj"": 0.06818181818181818, ""self_attn.v_proj"": 0.031862745098039214}",0.0013289835486142085,-6.771428571428572,150.31428571428575,False,True
,,320,E_if,E_ifeval,0.1,18,5,equal5_non_qk,True,"mlp.down_proj,mlp.gate_proj,mlp.up_proj,self_attn.o_proj,self_attn.v_proj","self_attn.q_proj,self_attn.k_proj",436.2,453.4,436.2,-17.2,0.047586443430579224,0.037935597706219654,"{""mlp.down_proj"": 839.0, ""mlp.gate_proj"": 228.0, ""mlp.up_proj"": 696.0, ""self_attn.o_proj"": 388.0, ""self_attn.v_proj"": 116.0}","{""mlp.down_proj"": 809.0, ""mlp.gate_proj"": 216.0, ""mlp.up_proj"": 680.0, ""self_attn.o_proj"": 369.0, ""self_attn.v_proj"": 107.0}","{""mlp.down_proj"": -30.0, ""mlp.gate_proj"": -12.0, ""mlp.up_proj"": -16.0, ""self_attn.o_proj"": -19.0, ""self_attn.v_proj"": -9.0}","{""mlp.down_proj"": 0.03575685339690107, ""mlp.gate_proj"": 0.05263157894736842, ""mlp.up_proj"": 0.022988505747126436, ""self_attn.o_proj"": 0.04896907216494845, ""self_attn.v_proj"": 0.07758620689655173}",0.026040502868443206,0.021545940562136018,7,equal7,True,"mlp.down_proj,mlp.gate_proj,mlp.up_proj,self_attn.k_proj,self_attn.o_proj,self_attn.q_proj,self_attn.v_proj",,314.85714285714283,327.7142857142857,314.85714285714283,-12.857142857142858,0.07782148556729684,0.03923278116826514,"{""mlp.down_proj"": 839.0, ""mlp.gate_proj"": 228.0, ""mlp.up_proj"": 696.0, ""self_attn.k_proj"": 16.0, ""self_attn.o_proj"": 388.0, ""self_attn.q_proj"": 11.0, ""self_attn.v_proj"": 116.0}","{""mlp.down_proj"": 809.0, ""mlp.gate_proj"": 216.0, ""mlp.up_proj"": 680.0, ""self_attn.k_proj"": 14.0, ""self_attn.o_proj"": 369.0, ""self_attn.q_proj"": 9.0, ""self_attn.v_proj"": 107.0}","{""mlp.down_proj"": -30.0, ""mlp.gate_proj"": -12.0, ""mlp.up_proj"": -16.0, ""self_attn.k_proj"": -2.0, ""self_attn.o_proj"": -19.0, ""self_attn.q_proj"": -2.0, ""self_attn.v_proj"": -9.0}","{""mlp.down_proj"": 0.03575685339690107, ""mlp.gate_proj"": 0.05263157894736842, ""mlp.up_proj"": 0.022988505747126436, ""self_attn.k_proj"": 0.125, ""self_attn.o_proj"": 0.04896907216494845, ""self_attn.q_proj"": 0.18181818181818182, ""self_attn.v_proj"": 0.07758620689655173}",-0.03023504213671762,-4.342857142857142,121.34285714285716,False,True
,,320,E_math,E_mathHeld,0.01,14,5,equal5_non_qk,True,"mlp.down_proj,mlp.gate_proj,mlp.up_proj,self_attn.o_proj,self_attn.v_proj","self_attn.q_proj,self_attn.k_proj",842.0,862.0,842.0,-20.0,0.026000712976992874,0.02320185614849188,"{""mlp.down_proj"": 1191.0, ""mlp.gate_proj"": 588.0, ""mlp.up_proj"": 1024.0, ""self_attn.o_proj"": 848.0, ""self_attn.v_proj"": 659.0}","{""mlp.down_proj"": 1176.0, ""mlp.gate_proj"": 553.0, ""mlp.up_proj"": 1002.0, ""self_attn.o_proj"": 830.0, ""self_attn.v_proj"": 649.0}","{""mlp.down_proj"": -15.0, ""mlp.gate_proj"": -35.0, ""mlp.up_proj"": -22.0, ""self_attn.o_proj"": -18.0, ""self_attn.v_proj"": -10.0}","{""mlp.down_proj"": 0.012594458438287154, ""mlp.gate_proj"": 0.05952380952380952, ""mlp.up_proj"": 0.021484375, ""self_attn.o_proj"": 0.02122641509433962, ""self_attn.v_proj"": 0.015174506828528073}",0.008873915275785373,0.0171267977012075,7,equal7,True,"mlp.down_proj,mlp.gate_proj,mlp.up_proj,self_attn.k_proj,self_attn.o_proj,self_attn.q_proj,self_attn.v_proj",,691.1428571428571,709.1428571428571,691.1428571428571,-18.0,0.029849584955101323,0.025382755842062853,"{""mlp.down_proj"": 1191.0, ""mlp.gate_proj"": 588.0, ""mlp.up_proj"": 1024.0, ""self_attn.k_proj"": 263.0, ""self_attn.o_proj"": 848.0, ""self_attn.q_proj"": 391.0, ""self_attn.v_proj"": 659.0}","{""mlp.down_proj"": 1176.0, ""mlp.gate_proj"": 553.0, ""mlp.up_proj"": 1002.0, ""self_attn.k_proj"": 253.0, ""self_attn.o_proj"": 830.0, ""self_attn.q_proj"": 375.0, ""self_attn.v_proj"": 649.0}","{""mlp.down_proj"": -15.0, ""mlp.gate_proj"": -35.0, ""mlp.up_proj"": -22.0, ""self_attn.k_proj"": -10.0, ""self_attn.o_proj"": -18.0, ""self_attn.q_proj"": -16.0, ""self_attn.v_proj"": -10.0}","{""mlp.down_proj"": 0.012594458438287154, ""mlp.gate_proj"": 0.05952380952380952, ""mlp.up_proj"": 0.021484375, ""self_attn.k_proj"": 0.03802281368821293, ""self_attn.o_proj"": 0.02122641509433962, ""self_attn.q_proj"": 0.04092071611253197, ""self_attn.v_proj"": 0.015174506828528073}",-0.0038488719781084486,-2.0,150.8571428571429,False,True
,,320,E_math,E_mathHeld,0.01,18,5,equal5_non_qk,True,"mlp.down_proj,mlp.gate_proj,mlp.up_proj,self_attn.o_proj,self_attn.v_proj","self_attn.q_proj,self_attn.k_proj",884.8,893.0,884.8,-8.2,0.010413371989054019,0.009182530795072839,"{""mlp.down_proj"": 1195.0, ""mlp.gate_proj"": 912.0, ""mlp.up_proj"": 1080.0, ""self_attn.o_proj"": 776.0, ""self_attn.v_proj"": 502.0}","{""mlp.down_proj"": 1186.0, ""mlp.gate_proj"": 902.0, ""mlp.up_proj"": 1075.0, ""self_attn.o_proj"": 769.0, ""self_attn.v_proj"": 492.0}","{""mlp.down_proj"": -9.0, ""mlp.gate_proj"": -10.0, ""mlp.up_proj"": -5.0, ""self_attn.o_proj"": -7.0, ""self_attn.v_proj"": -10.0}","{""mlp.down_proj"": 0.007531380753138075, ""mlp.gate_proj"": 0.010964912280701754, ""mlp.up_proj"": 0.004629629629629629, ""self_attn.o_proj"": 0.00902061855670103, ""self_attn.v_proj"": 0.0199203187250996}",0.007058129674606528,0.00335524231444749,7,equal7,True,"mlp.down_proj,mlp.gate_proj,mlp.up_proj,self_attn.k_proj,self_attn.o_proj,self_attn.q_proj,self_attn.v_proj",,723.7142857142857,733.2857142857143,723.7142857142857,-9.571428571428571,0.0181649716013046,0.013052795636080397,"{""mlp.down_proj"": 1195.0, ""mlp.gate_proj"": 912.0, ""mlp.up_proj"": 1080.0, ""self_attn.k_proj"": 249.0, ""self_attn.o_proj"": 776.0, ""self_attn.q_proj"": 419.0, ""self_attn.v_proj"": 502.0}","{""mlp.down_proj"": 1186.0, ""mlp.gate_proj"": 902.0, ""mlp.up_proj"": 1075.0, ""self_attn.k_proj"": 241.0, ""self_attn.o_proj"": 769.0, ""self_attn.q_proj"": 401.0, ""self_attn.v_proj"": 492.0}","{""mlp.down_proj"": -9.0, ""mlp.gate_proj"": -10.0, ""mlp.up_proj"": -5.0, ""self_attn.k_proj"": -8.0, ""self_attn.o_proj"": -7.0, ""self_attn.q_proj"": -18.0, ""self_attn.v_proj"": -10.0}","{""mlp.down_proj"": 0.007531380753138075, ""mlp.gate_proj"": 0.010964912280701754, ""mlp.up_proj"": 0.004629629629629629, ""self_attn.k_proj"": 0.0321285140562249, ""self_attn.o_proj"": 0.00902061855670103, ""self_attn.q_proj"": 0.04295942720763723, ""self_attn.v_proj"": 0.0199203187250996}",-0.00775159961225058,1.3714285714285719,161.0857142857143,False,True
,,320,E_math,E_mathHeld,0.025,14,5,equal5_non_qk,True,"mlp.down_proj,mlp.gate_proj,mlp.up_proj,self_attn.o_proj,self_attn.v_proj","self_attn.q_proj,self_attn.k_proj",608.2,627.4,608.2,-19.2,0.036941838394243,0.030602486452024118,"{""mlp.down_proj"": 928.0, ""mlp.gate_proj"": 322.0, ""mlp.up_proj"": 752.0, ""self_attn.o_proj"": 618.0, ""self_attn.v_proj"": 517.0}","{""mlp.down_proj"": 910.0, ""mlp.gate_proj"": 294.0, ""mlp.up_proj"": 730.0, ""self_attn.o_proj"": 602.0, ""self_attn.v_proj"": 505.0}","{""mlp.down_proj"": -18.0, ""mlp.gate_proj"": -28.0, ""mlp.up_proj"": -22.0, ""self_attn.o_proj"": -16.0, ""self_attn.v_proj"": -12.0}","{""mlp.down_proj"": 0.01939655172413793, ""mlp.gate_proj"": 0.08695652173913043, ""mlp.up_proj"": 0.02925531914893617, ""self_attn.o_proj"": 0.025889967637540454, ""self_attn.v_proj"": 0.02321083172147002}",0.013727061151587408,0.02321477724265559,7,equal7,True,"mlp.down_proj,mlp.gate_proj,mlp.up_proj,self_attn.k_proj,self_attn.o_proj,self_attn.q_proj,self_attn.v_proj",,482.85714285714283,499.2857142857143,482.85714285714283,-16.428571428571427,0.041295452332884196,0.03290414878397714,"{""mlp.down_proj"": 928.0, ""mlp.gate_proj"": 322.0, ""mlp.up_proj"": 752.0, ""self_attn.k_proj"": 150.0, ""self_attn.o_proj"": 618.0, ""self_attn.q_proj"": 208.0, ""self_attn.v_proj"": 517.0}","{""mlp.down_proj"": 910.0, ""mlp.gate_proj"": 294.0, ""mlp.up_proj"": 730.0, ""self_attn.k_proj"": 143.0, ""self_attn.o_proj"": 602.0, ""self_attn.q_proj"": 196.0, ""self_attn.v_proj"": 505.0}","{""mlp.down_proj"": -18.0, ""mlp.gate_proj"": -28.0, ""mlp.up_proj"": -22.0, ""self_attn.k_proj"": -7.0, ""self_attn.o_proj"": -16.0, ""self_attn.q_proj"": -12.0, ""self_attn.v_proj"": -12.0}","{""mlp.down_proj"": 0.01939655172413793, ""mlp.gate_proj"": 0.08695652173913043, ""mlp.up_proj"": 0.02925531914893617, ""self_attn.k_proj"": 0.04666666666666667, ""self_attn.o_proj"": 0.025889967637540454, ""self_attn.q_proj"": 0.057692307692307696, ""self_attn.v_proj"": 0.02321083172147002}",-0.004353613938641199,-2.7714285714285722,125.34285714285721,False,True
,,320,E_math,E_mathHeld,0.025,18,5,equal5_non_qk,True,"mlp.down_proj,mlp.gate_proj,mlp.up_proj,self_attn.o_proj,self_attn.v_proj","self_attn.q_proj,self_attn.k_proj",652.4,661.4,652.4,-9.0,0.015463444931982562,0.01360749924402782,"{""mlp.down_proj"": 945.0, ""mlp.gate_proj"": 638.0, ""mlp.up_proj"": 822.0, ""self_attn.o_proj"": 550.0, ""self_attn.v_proj"": 352.0}","{""mlp.down_proj"": 934.0, ""mlp.gate_proj"": 627.0, ""mlp.up_proj"": 816.0, ""self_attn.o_proj"": 543.0, ""self_attn.v_proj"": 342.0}","{""mlp.down_proj"": -11.0, ""mlp.gate_proj"": -11.0, ""mlp.up_proj"": -6.0, ""self_attn.o_proj"": -7.0, ""self_attn.v_proj"": -10.0}","{""mlp.down_proj"": 0.01164021164021164, ""mlp.gate_proj"": 0.017241379310344827, ""mlp.up_proj"": 0.0072992700729927005, ""self_attn.o_proj"": 0.012727272727272728, ""self_attn.v_proj"": 0.028409090909090908}",0.01156230644554319,0.0039011384864393716,7,equal7,True,"mlp.down_proj,mlp.gate_proj,mlp.up_proj,self_attn.k_proj,self_attn.o_proj,self_attn.q_proj,self_attn.v_proj",,511.57142857142856,520.7142857142857,511.57142857142856,-9.142857142857142,0.026148214313072727,0.01755829903978046,"{""mlp.down_proj"": 945.0, ""mlp.gate_proj"": 638.0, ""mlp.up_proj"": 822.0, ""self_attn.k_proj"": 126.0, ""self_attn.o_proj"": 550.0, ""self_attn.q_proj"": 212.0, ""self_attn.v_proj"": 352.0}","{""mlp.down_proj"": 934.0, ""mlp.gate_proj"": 627.0, ""mlp.up_proj"": 816.0, ""self_attn.k_proj"": 121.0, ""self_attn.o_proj"": 543.0, ""self_attn.q_proj"": 198.0, ""self_attn.v_proj"": 342.0}","{""mlp.down_proj"": -11.0, ""mlp.gate_proj"": -11.0, ""mlp.up_proj"": -6.0, ""self_attn.k_proj"": -5.0, ""self_attn.o_proj"": -7.0, ""self_attn.q_proj"": -14.0, ""self_attn.v_proj"": -10.0}","{""mlp.down_proj"": 0.01164021164021164, ""mlp.gate_proj"": 0.017241379310344827, ""mlp.up_proj"": 0.0072992700729927005, ""self_attn.k_proj"": 0.03968253968253968, ""self_attn.o_proj"": 0.012727272727272728, ""self_attn.q_proj"": 0.0660377358490566, ""self_attn.v_proj"": 0.028409090909090908}",-0.010684769381090165,0.14285714285714235,140.82857142857142,False,True
,,320,E_math,E_mathHeld,0.05,14,5,equal5_non_qk,True,"mlp.down_proj,mlp.gate_proj,mlp.up_proj,self_attn.o_proj,self_attn.v_proj","self_attn.q_proj,self_attn.k_proj",433.8,449.6,433.8,-15.8,0.04729355035946039,0.035142348754448424,"{""mlp.down_proj"": 711.0, ""mlp.gate_proj"": 158.0, ""mlp.up_proj"": 535.0, ""self_attn.o_proj"": 447.0, ""self_attn.v_proj"": 397.0}","{""mlp.down_proj"": 694.0, ""mlp.gate_proj"": 139.0, ""mlp.up_proj"": 516.0, ""self_attn.o_proj"": 434.0, ""self_attn.v_proj"": 386.0}","{""mlp.down_proj"": -17.0, ""mlp.gate_proj"": -19.0, ""mlp.up_proj"": -19.0, ""self_attn.o_proj"": -13.0, ""self_attn.v_proj"": -11.0}","{""mlp.down_proj"": 0.02390998593530239, ""mlp.gate_proj"": 0.12025316455696203, ""mlp.up_proj"": 0.03551401869158879, ""self_attn.o_proj"": 0.029082774049217, ""self_attn.v_proj"": 0.027707808564231738}",0.019407271214551693,0.027886279144908696,7,equal7,True,"mlp.down_proj,mlp.gate_proj,mlp.up_proj,self_attn.k_proj,self_attn.o_proj,self_attn.q_proj,self_attn.v_proj",,334.7142857142857,347.85714285714283,334.7142857142857,-13.142857142857142,0.05338020917624754,0.03778234086242291,"{""mlp.down_proj"": 711.0, ""mlp.gate_proj"": 158.0, ""mlp.up_proj"": 535.0, ""self_attn.k_proj"": 84.0, ""self_attn.o_proj"": 447.0, ""self_attn.q_proj"": 103.0, ""self_attn.v_proj"": 397.0}","{""mlp.down_proj"": 694.0, ""mlp.gate_proj"": 139.0, ""mlp.up_proj"": 516.0, ""self_attn.k_proj"": 79.0, ""self_attn.o_proj"": 434.0, ""self_attn.q_proj"": 95.0, ""self_attn.v_proj"": 386.0}","{""mlp.down_proj"": -17.0, ""mlp.gate_proj"": -19.0, ""mlp.up_proj"": -19.0, ""self_attn.k_proj"": -5.0, ""self_attn.o_proj"": -13.0, ""self_attn.q_proj"": -8.0, ""self_attn.v_proj"": -11.0}","{""mlp.down_proj"": 0.02390998593530239, ""mlp.gate_proj"": 0.12025316455696203, ""mlp.up_proj"": 0.03551401869158879, ""self_attn.k_proj"": 0.05952380952380952, ""self_attn.o_proj"": 0.029082774049217, ""self_attn.q_proj"": 0.07766990291262135, ""self_attn.v_proj"": 0.027707808564231738}",-0.0060866588167871535,-2.6571428571428584,99.08571428571429,False,True
,,320,E_math,E_mathHeld,0.05,18,5,equal5_non_qk,True,"mlp.down_proj,mlp.gate_proj,mlp.up_proj,self_attn.o_proj,self_attn.v_proj","self_attn.q_proj,self_attn.k_proj",469.2,478.2,469.2,-9.0,0.022012489613450148,0.018820577164366373,"{""mlp.down_proj"": 733.0, ""mlp.gate_proj"": 427.0, ""mlp.up_proj"": 610.0, ""self_attn.o_proj"": 384.0, ""self_attn.v_proj"": 237.0}","{""mlp.down_proj"": 722.0, ""mlp.gate_proj"": 416.0, ""mlp.up_proj"": 603.0, ""self_attn.o_proj"": 378.0, ""self_attn.v_proj"": 227.0}","{""mlp.down_proj"": -11.0, ""mlp.gate_proj"": -11.0, ""mlp.up_proj"": -7.0, ""self_attn.o_proj"": -6.0, ""self_attn.v_proj"": -10.0}","{""mlp.down_proj"": 0.015006821282401092, ""mlp.gate_proj"": 0.02576112412177986, ""mlp.up_proj"": 0.011475409836065573, ""self_attn.o_proj"": 0.015625, ""self_attn.v_proj"": 0.04219409282700422}",0.016954936536052453,0.005057553077397695,7,equal7,True,"mlp.down_proj,mlp.gate_proj,mlp.up_proj,self_attn.k_proj,self_attn.o_proj,self_attn.q_proj,self_attn.v_proj",,355.0,363.0,355.0,-8.0,0.035530790341566185,0.02203856749311295,"{""mlp.down_proj"": 733.0, ""mlp.gate_proj"": 427.0, ""mlp.up_proj"": 610.0, ""self_attn.k_proj"": 57.0, ""self_attn.o_proj"": 384.0, ""self_attn.q_proj"": 93.0, ""self_attn.v_proj"": 237.0}","{""mlp.down_proj"": 722.0, ""mlp.gate_proj"": 416.0, ""mlp.up_proj"": 603.0, ""self_attn.k_proj"": 54.0, ""self_attn.o_proj"": 378.0, ""self_attn.q_proj"": 85.0, ""self_attn.v_proj"": 227.0}","{""mlp.down_proj"": -11.0, ""mlp.gate_proj"": -11.0, ""mlp.up_proj"": -7.0, ""self_attn.k_proj"": -3.0, ""self_attn.o_proj"": -6.0, ""self_attn.q_proj"": -8.0, ""self_attn.v_proj"": -10.0}","{""mlp.down_proj"": 0.015006821282401092, ""mlp.gate_proj"": 0.02576112412177986, ""mlp.up_proj"": 0.011475409836065573, ""self_attn.k_proj"": 0.05263157894736842, ""self_attn.o_proj"": 0.015625, ""self_attn.q_proj"": 0.08602150537634409, ""self_attn.v_proj"": 0.04219409282700422}",-0.013518300728116037,-1.0,114.19999999999999,False,True
,,320,E_math,E_mathHeld,0.1,14,5,equal5_non_qk,True,"mlp.down_proj,mlp.gate_proj,mlp.up_proj,self_attn.o_proj,self_attn.v_proj","self_attn.q_proj,self_attn.k_proj",273.4,285.2,273.4,-11.8,0.06631853974135529,0.04137447405329597,"{""mlp.down_proj"": 489.0, ""mlp.gate_proj"": 49.0, ""mlp.up_proj"": 326.0, ""self_attn.o_proj"": 289.0, ""self_attn.v_proj"": 273.0}","{""mlp.down_proj"": 474.0, ""mlp.gate_proj"": 40.0, ""mlp.up_proj"": 311.0, ""self_attn.o_proj"": 279.0, ""self_attn.v_proj"": 263.0}","{""mlp.down_proj"": -15.0, ""mlp.gate_proj"": -9.0, ""mlp.up_proj"": -15.0, ""self_attn.o_proj"": -10.0, ""self_attn.v_proj"": -10.0}","{""mlp.down_proj"": 0.03067484662576687, ""mlp.gate_proj"": 0.1836734693877551, ""mlp.up_proj"": 0.046012269938650305, ""self_attn.o_proj"": 0.03460207612456748, ""self_attn.v_proj"": 0.03663003663003663}",0.02662874976866749,0.0396897899726878,7,equal7,True,"mlp.down_proj,mlp.gate_proj,mlp.up_proj,self_attn.k_proj,self_attn.o_proj,self_attn.q_proj,self_attn.v_proj",,205.57142857142858,214.57142857142858,205.57142857142858,-9.0,0.062407979514501895,0.041944074567243674,"{""mlp.down_proj"": 489.0, ""mlp.gate_proj"": 49.0, ""mlp.up_proj"": 326.0, ""self_attn.k_proj"": 38.0, ""self_attn.o_proj"": 289.0, ""self_attn.q_proj"": 38.0, ""self_attn.v_proj"": 273.0}","{""mlp.down_proj"": 474.0, ""mlp.gate_proj"": 40.0, ""mlp.up_proj"": 311.0, ""self_attn.k_proj"": 36.0, ""self_attn.o_proj"": 279.0, ""self_attn.q_proj"": 36.0, ""self_attn.v_proj"": 263.0}","{""mlp.down_proj"": -15.0, ""mlp.gate_proj"": -9.0, ""mlp.up_proj"": -15.0, ""self_attn.k_proj"": -2.0, ""self_attn.o_proj"": -10.0, ""self_attn.q_proj"": -2.0, ""self_attn.v_proj"": -10.0}","{""mlp.down_proj"": 0.03067484662576687, ""mlp.gate_proj"": 0.1836734693877551, ""mlp.up_proj"": 0.046012269938650305, ""self_attn.k_proj"": 0.05263157894736842, ""self_attn.o_proj"": 0.03460207612456748, ""self_attn.q_proj"": 0.05263157894736842, ""self_attn.v_proj"": 0.03663003663003663}",0.003910560226853398,-2.8000000000000007,67.8285714285714,False,True
,,320,E_math,E_mathHeld,0.1,18,5,equal5_non_qk,True,"mlp.down_proj,mlp.gate_proj,mlp.up_proj,self_attn.o_proj,self_attn.v_proj","self_attn.q_proj,self_attn.k_proj",292.4,300.2,292.4,-7.8,0.030566748664602246,0.02598267821452369,"{""mlp.down_proj"": 510.0, ""mlp.gate_proj"": 232.0, ""mlp.up_proj"": 397.0, ""self_attn.o_proj"": 232.0, ""self_attn.v_proj"": 130.0}","{""mlp.down_proj"": 498.0, ""mlp.gate_proj"": 223.0, ""mlp.up_proj"": 391.0, ""self_attn.o_proj"": 227.0, ""self_attn.v_proj"": 123.0}","{""mlp.down_proj"": -12.0, ""mlp.gate_proj"": -9.0, ""mlp.up_proj"": -6.0, ""self_attn.o_proj"": -5.0, ""self_attn.v_proj"": -7.0}","{""mlp.down_proj"": 0.023529411764705882, ""mlp.gate_proj"": 0.03879310344827586, ""mlp.up_proj"": 0.015113350125944584, ""self_attn.o_proj"": 0.021551724137931036, ""self_attn.v_proj"": 0.05384615384615385}",0.026040502868443206,0.00452624579615904,7,equal7,True,"mlp.down_proj,mlp.gate_proj,mlp.up_proj,self_attn.k_proj,self_attn.o_proj,self_attn.q_proj,self_attn.v_proj",,213.85714285714286,220.14285714285714,213.85714285714286,-6.285714285714286,0.055743925813821225,0.028552887735236822,"{""mlp.down_proj"": 510.0, ""mlp.gate_proj"": 232.0, ""mlp.up_proj"": 397.0, ""self_attn.k_proj"": 18.0, ""self_attn.o_proj"": 232.0, ""self_attn.q_proj"": 22.0, ""self_attn.v_proj"": 130.0}","{""mlp.down_proj"": 498.0, ""mlp.gate_proj"": 223.0, ""mlp.up_proj"": 391.0, ""self_attn.k_proj"": 17.0, ""self_attn.o_proj"": 227.0, ""self_attn.q_proj"": 18.0, ""self_attn.v_proj"": 123.0}","{""mlp.down_proj"": -12.0, ""mlp.gate_proj"": -9.0, ""mlp.up_proj"": -6.0, ""self_attn.k_proj"": -1.0, ""self_attn.o_proj"": -5.0, ""self_attn.q_proj"": -4.0, ""self_attn.v_proj"": -7.0}","{""mlp.down_proj"": 0.023529411764705882, ""mlp.gate_proj"": 0.03879310344827586, ""mlp.up_proj"": 0.015113350125944584, ""self_attn.k_proj"": 0.05555555555555555, ""self_attn.o_proj"": 0.021551724137931036, ""self_attn.q_proj"": 0.18181818181818182, ""self_attn.v_proj"": 0.05384615384615385}",-0.02517717714921898,-1.5142857142857142,78.54285714285712,False,True
,,320,E_math_hard_v2,E_AIME24,0.01,14,5,equal5_non_qk,True,"mlp.down_proj,mlp.gate_proj,mlp.up_proj,self_attn.o_proj,self_attn.v_proj","self_attn.q_proj,self_attn.k_proj",1199.2,1236.2,1199.2,-37.0,0.032798312555645574,0.029930431968937063,"{""mlp.down_proj"": 1802.0, ""mlp.gate_proj"": 877.0, ""mlp.up_proj"": 1561.0, ""self_attn.o_proj"": 1177.0, ""self_attn.v_proj"": 764.0}","{""mlp.down_proj"": 1769.0, ""mlp.gate_proj"": 808.0, ""mlp.up_proj"": 1520.0, ""self_attn.o_proj"": 1146.0, ""self_attn.v_proj"": 753.0}","{""mlp.down_proj"": -33.0, ""mlp.gate_proj"": -69.0, ""mlp.up_proj"": -41.0, ""self_attn.o_proj"": -31.0, ""self_attn.v_proj"": -11.0}","{""mlp.down_proj"": 0.018312985571587125, ""mlp.gate_proj"": 0.07867730900798175, ""mlp.up_proj"": 0.02626521460602178, ""self_attn.o_proj"": 0.026338147833474938, ""self_attn.v_proj"": 0.014397905759162303}",0.008873915275785373,0.0239243972798602,7,equal7,True,"mlp.down_proj,mlp.gate_proj,mlp.up_proj,self_attn.k_proj,self_attn.o_proj,self_attn.q_proj,self_attn.v_proj",,962.5714285714286,994.0,962.5714285714286,-31.428571428571427,0.036220677520171066,0.031618281115263026,"{""mlp.down_proj"": 1802.0, ""mlp.gate_proj"": 877.0, ""mlp.up_proj"": 1561.0, ""self_attn.k_proj"": 298.0, ""self_attn.o_proj"": 1177.0, ""self_attn.q_proj"": 479.0, ""self_attn.v_proj"": 764.0}","{""mlp.down_proj"": 1769.0, ""mlp.gate_proj"": 808.0, ""mlp.up_proj"": 1520.0, ""self_attn.k_proj"": 285.0, ""self_attn.o_proj"": 1146.0, ""self_attn.q_proj"": 457.0, ""self_attn.v_proj"": 753.0}","{""mlp.down_proj"": -33.0, ""mlp.gate_proj"": -69.0, ""mlp.up_proj"": -41.0, ""self_attn.k_proj"": -13.0, ""self_attn.o_proj"": -31.0, ""self_attn.q_proj"": -22.0, ""self_attn.v_proj"": -11.0}","{""mlp.down_proj"": 0.018312985571587125, ""mlp.gate_proj"": 0.07867730900798175, ""mlp.up_proj"": 0.02626521460602178, ""self_attn.k_proj"": 0.0436241610738255, ""self_attn.o_proj"": 0.026338147833474938, ""self_attn.q_proj"": 0.04592901878914405, ""self_attn.v_proj"": 0.014397905759162303}",-0.0034223649645254914,-5.571428571428573,236.6285714285715,False,True
,,320,E_math_hard_v2,E_AIME24,0.01,18,5,equal5_non_qk,True,"mlp.down_proj,mlp.gate_proj,mlp.up_proj,self_attn.o_proj,self_attn.v_proj","self_attn.q_proj,self_attn.k_proj",1257.4,1269.4,1257.4,-12.0,0.011052289282349107,0.009453285016543248,"{""mlp.down_proj"": 1764.0, ""mlp.gate_proj"": 1286.0, ""mlp.up_proj"": 1539.0, ""self_attn.o_proj"": 1126.0, ""self_attn.v_proj"": 632.0}","{""mlp.down_proj"": 1756.0, ""mlp.gate_proj"": 1269.0, ""mlp.up_proj"": 1531.0, ""self_attn.o_proj"": 1111.0, ""self_attn.v_proj"": 620.0}","{""mlp.down_proj"": -8.0, ""mlp.gate_proj"": -17.0, ""mlp.up_proj"": -8.0, ""self_attn.o_proj"": -15.0, ""self_attn.v_proj"": -12.0}","{""mlp.down_proj"": 0.0045351473922902496, ""mlp.gate_proj"": 0.013219284603421462, ""mlp.up_proj"": 0.005198180636777128, ""self_attn.o_proj"": 0.013321492007104795, ""self_attn.v_proj"": 0.0189873417721519}",0.007058129674606528,0.003994159607742579,7,equal7,True,"mlp.down_proj,mlp.gate_proj,mlp.up_proj,self_attn.k_proj,self_attn.o_proj,self_attn.q_proj,self_attn.v_proj",,1020.7142857142857,1034.2857142857142,1020.7142857142857,-13.571428571428571,0.01872129547903052,0.013121546961325952,"{""mlp.down_proj"": 1764.0, ""mlp.gate_proj"": 1286.0, ""mlp.up_proj"": 1539.0, ""self_attn.k_proj"": 338.0, ""self_attn.o_proj"": 1126.0, ""self_attn.q_proj"": 555.0, ""self_attn.v_proj"": 632.0}","{""mlp.down_proj"": 1756.0, ""mlp.gate_proj"": 1269.0, ""mlp.up_proj"": 1531.0, ""self_attn.k_proj"": 327.0, ""self_attn.o_proj"": 1111.0, ""self_attn.q_proj"": 531.0, ""self_attn.v_proj"": 620.0}","{""mlp.down_proj"": -8.0, ""mlp.gate_proj"": -17.0, ""mlp.up_proj"": -8.0, ""self_attn.k_proj"": -11.0, ""self_attn.o_proj"": -15.0, ""self_attn.q_proj"": -24.0, ""self_attn.v_proj"": -12.0}","{""mlp.down_proj"": 0.0045351473922902496, ""mlp.gate_proj"": 0.013219284603421462, ""mlp.up_proj"": 0.005198180636777128, ""self_attn.k_proj"": 0.03254437869822485, ""self_attn.o_proj"": 0.013321492007104795, ""self_attn.q_proj"": 0.043243243243243246, ""self_attn.v_proj"": 0.0189873417721519}",-0.0076690061966814115,1.5714285714285712,236.68571428571443,False,True
,,320,E_math_hard_v2,E_AIME24,0.025,14,5,equal5_non_qk,True,"mlp.down_proj,mlp.gate_proj,mlp.up_proj,self_attn.o_proj,self_attn.v_proj","self_attn.q_proj,self_attn.k_proj",860.6,894.8,860.6,-34.2,0.04604389490613482,0.03822083147071964,"{""mlp.down_proj"": 1392.0, ""mlp.gate_proj"": 470.0, ""mlp.up_proj"": 1129.0, ""self_attn.o_proj"": 863.0, ""self_attn.v_proj"": 620.0}","{""mlp.down_proj"": 1357.0, ""mlp.gate_proj"": 416.0, ""mlp.up_proj"": 1088.0, ""self_attn.o_proj"": 836.0, ""self_attn.v_proj"": 606.0}","{""mlp.down_proj"": -35.0, ""mlp.gate_proj"": -54.0, ""mlp.up_proj"": -41.0, ""self_attn.o_proj"": -27.0, ""self_attn.v_proj"": -14.0}","{""mlp.down_proj"": 0.02514367816091954, ""mlp.gate_proj"": 0.1148936170212766, ""mlp.up_proj"": 0.03631532329495128, ""self_attn.o_proj"": 0.031286210892236384, ""self_attn.v_proj"": 0.02258064516129032}",0.013727061151587408,0.032316833754547414,7,equal7,True,"mlp.down_proj,mlp.gate_proj,mlp.up_proj,self_attn.k_proj,self_attn.o_proj,self_attn.q_proj,self_attn.v_proj",,670.2857142857143,698.2857142857143,670.2857142857143,-28.0,0.050102699115797324,0.040098199672667756,"{""mlp.down_proj"": 1392.0, ""mlp.gate_proj"": 470.0, ""mlp.up_proj"": 1129.0, ""self_attn.k_proj"": 168.0, ""self_attn.o_proj"": 863.0, ""self_attn.q_proj"": 246.0, ""self_attn.v_proj"": 620.0}","{""mlp.down_proj"": 1357.0, ""mlp.gate_proj"": 416.0, ""mlp.up_proj"": 1088.0, ""self_attn.k_proj"": 158.0, ""self_attn.o_proj"": 836.0, ""self_attn.q_proj"": 231.0, ""self_attn.v_proj"": 606.0}","{""mlp.down_proj"": -35.0, ""mlp.gate_proj"": -54.0, ""mlp.up_proj"": -41.0, ""self_attn.k_proj"": -10.0, ""self_attn.o_proj"": -27.0, ""self_attn.q_proj"": -15.0, ""self_attn.v_proj"": -14.0}","{""mlp.down_proj"": 0.02514367816091954, ""mlp.gate_proj"": 0.1148936170212766, ""mlp.up_proj"": 0.03631532329495128, ""self_attn.k_proj"": 0.05952380952380952, ""self_attn.o_proj"": 0.031286210892236384, ""self_attn.q_proj"": 0.06097560975609756, ""self_attn.v_proj"": 0.02258064516129032}",-0.004058804209662502,-6.200000000000003,190.3142857142857,False,True
,,320,E_math_hard_v2,E_AIME24,0.025,18,5,equal5_non_qk,True,"mlp.down_proj,mlp.gate_proj,mlp.up_proj,self_attn.o_proj,self_attn.v_proj","self_attn.q_proj,self_attn.k_proj",939.2,951.8,939.2,-12.6,0.015534467093168431,0.013238075225887696,"{""mlp.down_proj"": 1417.0, ""mlp.gate_proj"": 889.0, ""mlp.up_proj"": 1167.0, ""self_attn.o_proj"": 815.0, ""self_attn.v_proj"": 471.0}","{""mlp.down_proj"": 1407.0, ""mlp.gate_proj"": 871.0, ""mlp.up_proj"": 1158.0, ""self_attn.o_proj"": 801.0, ""self_attn.v_proj"": 459.0}","{""mlp.down_proj"": -10.0, ""mlp.gate_proj"": -18.0, ""mlp.up_proj"": -9.0, ""self_attn.o_proj"": -14.0, ""self_attn.v_proj"": -12.0}","{""mlp.down_proj"": 0.007057163020465773, ""mlp.gate_proj"": 0.020247469066366704, ""mlp.up_proj"": 0.007712082262210797, ""self_attn.o_proj"": 0.01717791411042945, ""self_attn.v_proj"": 0.025477707006369428}",0.01156230644554319,0.0039721606476252405,7,equal7,True,"mlp.down_proj,mlp.gate_proj,mlp.up_proj,self_attn.k_proj,self_attn.o_proj,self_attn.q_proj,self_attn.v_proj",,733.8571428571429,746.7142857142857,733.8571428571429,-12.857142857142858,0.02711862716815548,0.01721828964989467,"{""mlp.down_proj"": 1417.0, ""mlp.gate_proj"": 889.0, ""mlp.up_proj"": 1167.0, ""self_attn.k_proj"": 188.0, ""self_attn.o_proj"": 815.0, ""self_attn.q_proj"": 280.0, ""self_attn.v_proj"": 471.0}","{""mlp.down_proj"": 1407.0, ""mlp.gate_proj"": 871.0, ""mlp.up_proj"": 1158.0, ""self_attn.k_proj"": 179.0, ""self_attn.o_proj"": 801.0, ""self_attn.q_proj"": 262.0, ""self_attn.v_proj"": 459.0}","{""mlp.down_proj"": -10.0, ""mlp.gate_proj"": -18.0, ""mlp.up_proj"": -9.0, ""self_attn.k_proj"": -9.0, ""self_attn.o_proj"": -14.0, ""self_attn.q_proj"": -18.0, ""self_attn.v_proj"": -12.0}","{""mlp.down_proj"": 0.007057163020465773, ""mlp.gate_proj"": 0.020247469066366704, ""mlp.up_proj"": 0.007712082262210797, ""self_attn.k_proj"": 0.047872340425531915, ""self_attn.o_proj"": 0.01717791411042945, ""self_attn.q_proj"": 0.06428571428571428, ""self_attn.v_proj"": 0.025477707006369428}",-0.011584160074987047,0.257142857142858,205.34285714285716,False,True
,,320,E_math_hard_v2,E_AIME24,0.05,14,5,equal5_non_qk,True,"mlp.down_proj,mlp.gate_proj,mlp.up_proj,self_attn.o_proj,self_attn.v_proj","self_attn.q_proj,self_attn.k_proj",609.2,638.2,609.2,-29.0,0.061385516101165695,0.04544030084612974,"{""mlp.down_proj"": 1060.0, ""mlp.gate_proj"": 225.0, ""mlp.up_proj"": 792.0, ""self_attn.o_proj"": 627.0, ""self_attn.v_proj"": 487.0}","{""mlp.down_proj"": 1027.0, ""mlp.gate_proj"": 189.0, ""mlp.up_proj"": 755.0, ""self_attn.o_proj"": 603.0, ""self_attn.v_proj"": 472.0}","{""mlp.down_proj"": -33.0, ""mlp.gate_proj"": -36.0, ""mlp.up_proj"": -37.0, ""self_attn.o_proj"": -24.0, ""self_attn.v_proj"": -15.0}","{""mlp.down_proj"": 0.031132075471698113, ""mlp.gate_proj"": 0.16, ""mlp.up_proj"": 0.04671717171717172, ""self_attn.o_proj"": 0.03827751196172249, ""self_attn.v_proj"": 0.030800821355236138}",0.019407271214551693,0.041978244886614,7,equal7,True,"mlp.down_proj,mlp.gate_proj,mlp.up_proj,self_attn.k_proj,self_attn.o_proj,self_attn.q_proj,self_attn.v_proj",,462.7142857142857,485.57142857142856,462.7142857142857,-22.857142857142858,0.06390610298870984,0.04707266843189169,"{""mlp.down_proj"": 1060.0, ""mlp.gate_proj"": 225.0, ""mlp.up_proj"": 792.0, ""self_attn.k_proj"": 91.0, ""self_attn.o_proj"": 627.0, ""self_attn.q_proj"": 117.0, ""self_attn.v_proj"": 487.0}","{""mlp.down_proj"": 1027.0, ""mlp.gate_proj"": 189.0, ""mlp.up_proj"": 755.0, ""self_attn.k_proj"": 86.0, ""self_attn.o_proj"": 603.0, ""self_attn.q_proj"": 107.0, ""self_attn.v_proj"": 472.0}","{""mlp.down_proj"": -33.0, ""mlp.gate_proj"": -36.0, ""mlp.up_proj"": -37.0, ""self_attn.k_proj"": -5.0, ""self_attn.o_proj"": -24.0, ""self_attn.q_proj"": -10.0, ""self_attn.v_proj"": -15.0}","{""mlp.down_proj"": 0.031132075471698113, ""mlp.gate_proj"": 0.16, ""mlp.up_proj"": 0.04671717171717172, ""self_attn.k_proj"": 0.054945054945054944, ""self_attn.o_proj"": 0.03827751196172249, ""self_attn.q_proj"": 0.08547008547008547, ""self_attn.v_proj"": 0.030800821355236138}",-0.0025205868875441476,-6.142857142857142,146.48571428571432,False,True
,,320,E_math_hard_v2,E_AIME24,0.05,18,5,equal5_non_qk,True,"mlp.down_proj,mlp.gate_proj,mlp.up_proj,self_attn.o_proj,self_attn.v_proj","self_attn.q_proj,self_attn.k_proj",685.4,698.0,685.4,-12.6,0.02184575407430151,0.018051575931232123,"{""mlp.down_proj"": 1117.0, ""mlp.gate_proj"": 586.0, ""mlp.up_proj"": 863.0, ""self_attn.o_proj"": 584.0, ""self_attn.v_proj"": 340.0}","{""mlp.down_proj"": 1106.0, ""mlp.gate_proj"": 569.0, ""mlp.up_proj"": 853.0, ""self_attn.o_proj"": 572.0, ""self_attn.v_proj"": 327.0}","{""mlp.down_proj"": -11.0, ""mlp.gate_proj"": -17.0, ""mlp.up_proj"": -10.0, ""self_attn.o_proj"": -12.0, ""self_attn.v_proj"": -13.0}","{""mlp.down_proj"": 0.009847806624888093, ""mlp.gate_proj"": 0.02901023890784983, ""mlp.up_proj"": 0.011587485515643106, ""self_attn.o_proj"": 0.02054794520547945, ""self_attn.v_proj"": 0.03823529411764706}",0.016954936536052453,0.004890817538249059,7,equal7,True,"mlp.down_proj,mlp.gate_proj,mlp.up_proj,self_attn.k_proj,self_attn.o_proj,self_attn.q_proj,self_attn.v_proj",,518.1428571428571,529.4285714285714,518.1428571428571,-11.285714285714286,0.03606044364866652,0.021316783594171704,"{""mlp.down_proj"": 1117.0, ""mlp.gate_proj"": 586.0, ""mlp.up_proj"": 863.0, ""self_attn.k_proj"": 93.0, ""self_attn.o_proj"": 584.0, ""self_attn.q_proj"": 123.0, ""self_attn.v_proj"": 340.0}","{""mlp.down_proj"": 1106.0, ""mlp.gate_proj"": 569.0, ""mlp.up_proj"": 853.0, ""self_attn.k_proj"": 88.0, ""self_attn.o_proj"": 572.0, ""self_attn.q_proj"": 112.0, ""self_attn.v_proj"": 327.0}","{""mlp.down_proj"": -11.0, ""mlp.gate_proj"": -17.0, ""mlp.up_proj"": -10.0, ""self_attn.k_proj"": -5.0, ""self_attn.o_proj"": -12.0, ""self_attn.q_proj"": -11.0, ""self_attn.v_proj"": -13.0}","{""mlp.down_proj"": 0.009847806624888093, ""mlp.gate_proj"": 0.02901023890784983, ""mlp.up_proj"": 0.011587485515643106, ""self_attn.k_proj"": 0.053763440860215055, ""self_attn.o_proj"": 0.02054794520547945, ""self_attn.q_proj"": 0.08943089430894309, ""self_attn.v_proj"": 0.03823529411764706}",-0.01421468957436501,-1.3142857142857132,167.25714285714287,False,True
,,320,E_math_hard_v2,E_AIME24,0.1,14,5,equal5_non_qk,True,"mlp.down_proj,mlp.gate_proj,mlp.up_proj,self_attn.o_proj,self_attn.v_proj","self_attn.q_proj,self_attn.k_proj",381.2,402.0,381.2,-20.8,0.0824329884846787,0.051741293532338334,"{""mlp.down_proj"": 724.0, ""mlp.gate_proj"": 66.0, ""mlp.up_proj"": 474.0, ""self_attn.o_proj"": 405.0, ""self_attn.v_proj"": 341.0}","{""mlp.down_proj"": 696.0, ""mlp.gate_proj"": 51.0, ""mlp.up_proj"": 445.0, ""self_attn.o_proj"": 386.0, ""self_attn.v_proj"": 328.0}","{""mlp.down_proj"": -28.0, ""mlp.gate_proj"": -15.0, ""mlp.up_proj"": -29.0, ""self_attn.o_proj"": -19.0, ""self_attn.v_proj"": -13.0}","{""mlp.down_proj"": 0.03867403314917127, ""mlp.gate_proj"": 0.22727272727272727, ""mlp.up_proj"": 0.06118143459915612, ""self_attn.o_proj"": 0.04691358024691358, ""self_attn.v_proj"": 0.03812316715542522}",0.02662874976866749,0.05580423871601121,7,equal7,True,"mlp.down_proj,mlp.gate_proj,mlp.up_proj,self_attn.k_proj,self_attn.o_proj,self_attn.q_proj,self_attn.v_proj",,283.14285714285717,298.7142857142857,283.14285714285717,-15.571428571428571,0.0764765248758158,0.05212816834050688,"{""mlp.down_proj"": 724.0, ""mlp.gate_proj"": 66.0, ""mlp.up_proj"": 474.0, ""self_attn.k_proj"": 40.0, ""self_attn.o_proj"": 405.0, ""self_attn.q_proj"": 41.0, ""self_attn.v_proj"": 341.0}","{""mlp.down_proj"": 696.0, ""mlp.gate_proj"": 51.0, ""mlp.up_proj"": 445.0, ""self_attn.k_proj"": 38.0, ""self_attn.o_proj"": 386.0, ""self_attn.q_proj"": 38.0, ""self_attn.v_proj"": 328.0}","{""mlp.down_proj"": -28.0, ""mlp.gate_proj"": -15.0, ""mlp.up_proj"": -29.0, ""self_attn.k_proj"": -2.0, ""self_attn.o_proj"": -19.0, ""self_attn.q_proj"": -3.0, ""self_attn.v_proj"": -13.0}","{""mlp.down_proj"": 0.03867403314917127, ""mlp.gate_proj"": 0.22727272727272727, ""mlp.up_proj"": 0.06118143459915612, ""self_attn.k_proj"": 0.05, ""self_attn.o_proj"": 0.04691358024691358, ""self_attn.q_proj"": 0.07317073170731707, ""self_attn.v_proj"": 0.03812316715542522}",0.0059564636088629,-5.2285714285714295,98.05714285714282,False,True
,,320,E_math_hard_v2,E_AIME24,0.1,18,5,equal5_non_qk,True,"mlp.down_proj,mlp.gate_proj,mlp.up_proj,self_attn.o_proj,self_attn.v_proj","self_attn.q_proj,self_attn.k_proj",436.8,447.6,436.8,-10.8,0.030652852102365742,0.02412868632707777,"{""mlp.down_proj"": 795.0, ""mlp.gate_proj"": 309.0, ""mlp.up_proj"": 556.0, ""self_attn.o_proj"": 369.0, ""self_attn.v_proj"": 209.0}","{""mlp.down_proj"": 784.0, ""mlp.gate_proj"": 295.0, ""mlp.up_proj"": 548.0, ""self_attn.o_proj"": 359.0, ""self_attn.v_proj"": 198.0}","{""mlp.down_proj"": -11.0, ""mlp.gate_proj"": -14.0, ""mlp.up_proj"": -8.0, ""self_attn.o_proj"": -10.0, ""self_attn.v_proj"": -11.0}","{""mlp.down_proj"": 0.013836477987421384, ""mlp.gate_proj"": 0.045307443365695796, ""mlp.up_proj"": 0.014388489208633094, ""self_attn.o_proj"": 0.02710027100271003, ""self_attn.v_proj"": 0.05263157894736842}",0.026040502868443206,0.004612349233922536,7,equal7,True,"mlp.down_proj,mlp.gate_proj,mlp.up_proj,self_attn.k_proj,self_attn.o_proj,self_attn.q_proj,self_attn.v_proj",,320.14285714285717,328.85714285714283,320.14285714285717,-8.714285714285714,0.05359437767121921,0.02649869678540385,"{""mlp.down_proj"": 795.0, ""mlp.gate_proj"": 309.0, ""mlp.up_proj"": 556.0, ""self_attn.k_proj"": 33.0, ""self_attn.o_proj"": 369.0, ""self_attn.q_proj"": 31.0, ""self_attn.v_proj"": 209.0}","{""mlp.down_proj"": 784.0, ""mlp.gate_proj"": 295.0, ""mlp.up_proj"": 548.0, ""self_attn.k_proj"": 31.0, ""self_attn.o_proj"": 359.0, ""self_attn.q_proj"": 26.0, ""self_attn.v_proj"": 198.0}","{""mlp.down_proj"": -11.0, ""mlp.gate_proj"": -14.0, ""mlp.up_proj"": -8.0, ""self_attn.k_proj"": -2.0, ""self_attn.o_proj"": -10.0, ""self_attn.q_proj"": -5.0, ""self_attn.v_proj"": -11.0}","{""mlp.down_proj"": 0.013836477987421384, ""mlp.gate_proj"": 0.045307443365695796, ""mlp.up_proj"": 0.014388489208633094, ""self_attn.k_proj"": 0.06060606060606061, ""self_attn.o_proj"": 0.02710027100271003, ""self_attn.q_proj"": 0.16129032258064516, ""self_attn.v_proj"": 0.05263157894736842}",-0.02294152556885347,-2.085714285714287,116.65714285714284,False,True
,,320,E_ood,E_mmluPro,0.01,14,5,equal5_non_qk,True,"mlp.down_proj,mlp.gate_proj,mlp.up_proj,self_attn.o_proj,self_attn.v_proj","self_attn.q_proj,self_attn.k_proj",1668.4,1694.8,1668.4,-26.4,0.016877560162325236,0.015577059240028241,"{""mlp.down_proj"": 2452.0, ""mlp.gate_proj"": 1353.0, ""mlp.up_proj"": 2264.0, ""self_attn.o_proj"": 1557.0, ""self_attn.v_proj"": 848.0}","{""mlp.down_proj"": 2437.0, ""mlp.gate_proj"": 1296.0, ""mlp.up_proj"": 2236.0, ""self_attn.o_proj"": 1531.0, ""self_attn.v_proj"": 842.0}","{""mlp.down_proj"": -15.0, ""mlp.gate_proj"": -57.0, ""mlp.up_proj"": -28.0, ""self_attn.o_proj"": -26.0, ""self_attn.v_proj"": -6.0}","{""mlp.down_proj"": 0.006117455138662317, ""mlp.gate_proj"": 0.04212860310421286, ""mlp.up_proj"": 0.012367491166077738, ""self_attn.o_proj"": 0.016698779704560053, ""self_attn.v_proj"": 0.007075471698113208}",0.008873915275785373,0.008003644886539863,7,equal7,True,"mlp.down_proj,mlp.gate_proj,mlp.up_proj,self_attn.k_proj,self_attn.o_proj,self_attn.q_proj,self_attn.v_proj",,1321.857142857143,1343.857142857143,1321.857142857143,-22.0,0.01883535316455636,0.016370787711278836,"{""mlp.down_proj"": 2452.0, ""mlp.gate_proj"": 1353.0, ""mlp.up_proj"": 2264.0, ""self_attn.k_proj"": 330.0, ""self_attn.o_proj"": 1557.0, ""self_attn.q_proj"": 603.0, ""self_attn.v_proj"": 848.0}","{""mlp.down_proj"": 2437.0, ""mlp.gate_proj"": 1296.0, ""mlp.up_proj"": 2236.0, ""self_attn.k_proj"": 322.0, ""self_attn.o_proj"": 1531.0, ""self_attn.q_proj"": 589.0, ""self_attn.v_proj"": 842.0}","{""mlp.down_proj"": -15.0, ""mlp.gate_proj"": -57.0, ""mlp.up_proj"": -28.0, ""self_attn.k_proj"": -8.0, ""self_attn.o_proj"": -26.0, ""self_attn.q_proj"": -14.0, ""self_attn.v_proj"": -6.0}","{""mlp.down_proj"": 0.006117455138662317, ""mlp.gate_proj"": 0.04212860310421286, ""mlp.up_proj"": 0.012367491166077738, ""self_attn.k_proj"": 0.024242424242424242, ""self_attn.o_proj"": 0.016698779704560053, ""self_attn.q_proj"": 0.02321724709784411, ""self_attn.v_proj"": 0.007075471698113208}",-0.0019577930022311243,-4.399999999999999,346.5428571428572,False,True
,,320,E_ood,E_mmluPro,0.01,18,5,equal5_non_qk,True,"mlp.down_proj,mlp.gate_proj,mlp.up_proj,self_attn.o_proj,self_attn.v_proj","self_attn.q_proj,self_attn.k_proj",1594.2,1610.8,1594.2,-16.6,0.011763725847554328,0.010305438291532102,"{""mlp.down_proj"": 2156.0, ""mlp.gate_proj"": 1668.0, ""mlp.up_proj"": 2030.0, ""self_attn.o_proj"": 1471.0, ""self_attn.v_proj"": 729.0}","{""mlp.down_proj"": 2146.0, ""mlp.gate_proj"": 1643.0, ""mlp.up_proj"": 2017.0, ""self_attn.o_proj"": 1449.0, ""self_attn.v_proj"": 716.0}","{""mlp.down_proj"": -10.0, ""mlp.gate_proj"": -25.0, ""mlp.up_proj"": -13.0, ""self_attn.o_proj"": -22.0, ""self_attn.v_proj"": -13.0}","{""mlp.down_proj"": 0.00463821892393321, ""mlp.gate_proj"": 0.01498800959232614, ""mlp.up_proj"": 0.0064039408866995075, ""self_attn.o_proj"": 0.01495581237253569, ""self_attn.v_proj"": 0.01783264746227709}",0.007058129674606528,0.0047055961729478,7,equal7,True,"mlp.down_proj,mlp.gate_proj,mlp.up_proj,self_attn.k_proj,self_attn.o_proj,self_attn.q_proj,self_attn.v_proj",,1286.5714285714287,1306.0,1286.5714285714287,-19.428571428571427,0.02120516276497498,0.014876394661999488,"{""mlp.down_proj"": 2156.0, ""mlp.gate_proj"": 1668.0, ""mlp.up_proj"": 2030.0, ""self_attn.k_proj"": 402.0, ""self_attn.o_proj"": 1471.0, ""self_attn.q_proj"": 686.0, ""self_attn.v_proj"": 729.0}","{""mlp.down_proj"": 2146.0, ""mlp.gate_proj"": 1643.0, ""mlp.up_proj"": 2017.0, ""self_attn.k_proj"": 390.0, ""self_attn.o_proj"": 1449.0, ""self_attn.q_proj"": 645.0, ""self_attn.v_proj"": 716.0}","{""mlp.down_proj"": -10.0, ""mlp.gate_proj"": -25.0, ""mlp.up_proj"": -13.0, ""self_attn.k_proj"": -12.0, ""self_attn.o_proj"": -22.0, ""self_attn.q_proj"": -41.0, ""self_attn.v_proj"": -13.0}","{""mlp.down_proj"": 0.00463821892393321, ""mlp.gate_proj"": 0.01498800959232614, ""mlp.up_proj"": 0.0064039408866995075, ""self_attn.k_proj"": 0.029850746268656716, ""self_attn.o_proj"": 0.01495581237253569, ""self_attn.q_proj"": 0.0597667638483965, ""self_attn.v_proj"": 0.01783264746227709}",-0.00944143691742065,2.8285714285714256,307.6285714285714,False,True
,,320,E_ood,E_mmluPro,0.025,14,5,equal5_non_qk,True,"mlp.down_proj,mlp.gate_proj,mlp.up_proj,self_attn.o_proj,self_attn.v_proj","self_attn.q_proj,self_attn.k_proj",1268.6,1297.0,1268.6,-28.4,0.02669997689538272,0.02189668465690061,"{""mlp.down_proj"": 2058.0, ""mlp.gate_proj"": 732.0, ""mlp.up_proj"": 1776.0, ""self_attn.o_proj"": 1191.0, ""self_attn.v_proj"": 728.0}","{""mlp.down_proj"": 2037.0, ""mlp.gate_proj"": 681.0, ""mlp.up_proj"": 1740.0, ""self_attn.o_proj"": 1166.0, ""self_attn.v_proj"": 719.0}","{""mlp.down_proj"": -21.0, ""mlp.gate_proj"": -51.0, ""mlp.up_proj"": -36.0, ""self_attn.o_proj"": -25.0, ""self_attn.v_proj"": -9.0}","{""mlp.down_proj"": 0.01020408163265306, ""mlp.gate_proj"": 0.06967213114754098, ""mlp.up_proj"": 0.02027027027027027, ""self_attn.o_proj"": 0.020990764063811923, ""self_attn.v_proj"": 0.012362637362637362}",0.013727061151587408,0.012972915743795312,7,equal7,True,"mlp.down_proj,mlp.gate_proj,mlp.up_proj,self_attn.k_proj,self_attn.o_proj,self_attn.q_proj,self_attn.v_proj",,970.2857142857143,993.0,970.2857142857143,-22.714285714285715,0.029649707056537862,0.022874406560207117,"{""mlp.down_proj"": 2058.0, ""mlp.gate_proj"": 732.0, ""mlp.up_proj"": 1776.0, ""self_attn.k_proj"": 178.0, ""self_attn.o_proj"": 1191.0, ""self_attn.q_proj"": 288.0, ""self_attn.v_proj"": 728.0}","{""mlp.down_proj"": 2037.0, ""mlp.gate_proj"": 681.0, ""mlp.up_proj"": 1740.0, ""self_attn.k_proj"": 171.0, ""self_attn.o_proj"": 1166.0, ""self_attn.q_proj"": 278.0, ""self_attn.v_proj"": 719.0}","{""mlp.down_proj"": -21.0, ""mlp.gate_proj"": -51.0, ""mlp.up_proj"": -36.0, ""self_attn.k_proj"": -7.0, ""self_attn.o_proj"": -25.0, ""self_attn.q_proj"": -10.0, ""self_attn.v_proj"": -9.0}","{""mlp.down_proj"": 0.01020408163265306, ""mlp.gate_proj"": 0.06967213114754098, ""mlp.up_proj"": 0.02027027027027027, ""self_attn.k_proj"": 0.03932584269662921, ""self_attn.o_proj"": 0.020990764063811923, ""self_attn.q_proj"": 0.034722222222222224, ""self_attn.v_proj"": 0.012362637362637362}",-0.0029497301611551424,-5.685714285714283,298.3142857142856,False,True
,,320,E_ood,E_mmluPro,0.025,18,5,equal5_non_qk,True,"mlp.down_proj,mlp.gate_proj,mlp.up_proj,self_attn.o_proj,self_attn.v_proj","self_attn.q_proj,self_attn.k_proj",1248.2,1269.0,1248.2,-20.8,0.018995460899618753,0.016390858944050398,"{""mlp.down_proj"": 1847.0, ""mlp.gate_proj"": 1164.0, ""mlp.up_proj"": 1656.0, ""self_attn.o_proj"": 1106.0, ""self_attn.v_proj"": 572.0}","{""mlp.down_proj"": 1831.0, ""mlp.gate_proj"": 1134.0, ""mlp.up_proj"": 1638.0, ""self_attn.o_proj"": 1082.0, ""self_attn.v_proj"": 556.0}","{""mlp.down_proj"": -16.0, ""mlp.gate_proj"": -30.0, ""mlp.up_proj"": -18.0, ""self_attn.o_proj"": -24.0, ""self_attn.v_proj"": -16.0}","{""mlp.down_proj"": 0.008662696264212236, ""mlp.gate_proj"": 0.02577319587628866, ""mlp.up_proj"": 0.010869565217391304, ""self_attn.o_proj"": 0.0216998191681736, ""self_attn.v_proj"": 0.027972027972027972}",0.01156230644554319,0.007433154454075563,7,equal7,True,"mlp.down_proj,mlp.gate_proj,mlp.up_proj,self_attn.k_proj,self_attn.o_proj,self_attn.q_proj,self_attn.v_proj",,964.2857142857143,984.8571428571429,964.2857142857143,-20.571428571428573,0.03321420750214206,0.02088772845953001,"{""mlp.down_proj"": 1847.0, ""mlp.gate_proj"": 1164.0, ""mlp.up_proj"": 1656.0, ""self_attn.k_proj"": 230.0, ""self_attn.o_proj"": 1106.0, ""self_attn.q_proj"": 319.0, ""self_attn.v_proj"": 572.0}","{""mlp.down_proj"": 1831.0, ""mlp.gate_proj"": 1134.0, ""mlp.up_proj"": 1638.0, ""self_attn.k_proj"": 220.0, ""self_attn.o_proj"": 1082.0, ""self_attn.q_proj"": 289.0, ""self_attn.v_proj"": 556.0}","{""mlp.down_proj"": -16.0, ""mlp.gate_proj"": -30.0, ""mlp.up_proj"": -18.0, ""self_attn.k_proj"": -10.0, ""self_attn.o_proj"": -24.0, ""self_attn.q_proj"": -30.0, ""self_attn.v_proj"": -16.0}","{""mlp.down_proj"": 0.008662696264212236, ""mlp.gate_proj"": 0.02577319587628866, ""mlp.up_proj"": 0.010869565217391304, ""self_attn.k_proj"": 0.043478260869565216, ""self_attn.o_proj"": 0.0216998191681736, ""self_attn.q_proj"": 0.09404388714733543, ""self_attn.v_proj"": 0.027972027972027972}",-0.014218746602523306,-0.22857142857142776,283.9142857142857,False,True
,,320,E_ood,E_mmluPro,0.05,14,5,equal5_non_qk,True,"mlp.down_proj,mlp.gate_proj,mlp.up_proj,self_attn.o_proj,self_attn.v_proj","self_attn.q_proj,self_attn.k_proj",937.0,962.0,937.0,-25.0,0.03674468396876085,0.02598752598752599,"{""mlp.down_proj"": 1669.0, ""mlp.gate_proj"": 328.0, ""mlp.up_proj"": 1320.0, ""self_attn.o_proj"": 891.0, ""self_attn.v_proj"": 602.0}","{""mlp.down_proj"": 1646.0, ""mlp.gate_proj"": 295.0, ""mlp.up_proj"": 1283.0, ""self_attn.o_proj"": 869.0, ""self_attn.v_proj"": 592.0}","{""mlp.down_proj"": -23.0, ""mlp.gate_proj"": -33.0, ""mlp.up_proj"": -37.0, ""self_attn.o_proj"": -22.0, ""self_attn.v_proj"": -10.0}","{""mlp.down_proj"": 0.01378070701018574, ""mlp.gate_proj"": 0.10060975609756098, ""mlp.up_proj"": 0.02803030303030303, ""self_attn.o_proj"": 0.024691358024691357, ""self_attn.v_proj"": 0.016611295681063124}",0.019407271214551693,0.017337412754209157,7,equal7,True,"mlp.down_proj,mlp.gate_proj,mlp.up_proj,self_attn.k_proj,self_attn.o_proj,self_attn.q_proj,self_attn.v_proj",,698.4285714285714,717.7142857142857,698.4285714285714,-19.285714285714285,0.03949427880067518,0.026871019108280166,"{""mlp.down_proj"": 1669.0, ""mlp.gate_proj"": 328.0, ""mlp.up_proj"": 1320.0, ""self_attn.k_proj"": 91.0, ""self_attn.o_proj"": 891.0, ""self_attn.q_proj"": 123.0, ""self_attn.v_proj"": 602.0}","{""mlp.down_proj"": 1646.0, ""mlp.gate_proj"": 295.0, ""mlp.up_proj"": 1283.0, ""self_attn.k_proj"": 87.0, ""self_attn.o_proj"": 869.0, ""self_attn.q_proj"": 117.0, ""self_attn.v_proj"": 592.0}","{""mlp.down_proj"": -23.0, ""mlp.gate_proj"": -33.0, ""mlp.up_proj"": -37.0, ""self_attn.k_proj"": -4.0, ""self_attn.o_proj"": -22.0, ""self_attn.q_proj"": -6.0, ""self_attn.v_proj"": -10.0}","{""mlp.down_proj"": 0.01378070701018574, ""mlp.gate_proj"": 0.10060975609756098, ""mlp.up_proj"": 0.02803030303030303, ""self_attn.k_proj"": 0.04395604395604396, ""self_attn.o_proj"": 0.024691358024691357, ""self_attn.q_proj"": 0.04878048780487805, ""self_attn.v_proj"": 0.016611295681063124}",-0.00274959483191433,-5.714285714285715,238.57142857142856,False,True
,,320,E_ood,E_mmluPro,0.05,18,5,equal5_non_qk,True,"mlp.down_proj,mlp.gate_proj,mlp.up_proj,self_attn.o_proj,self_attn.v_proj","self_attn.q_proj,self_attn.k_proj",933.0,955.0,933.0,-22.0,0.027393580656925355,0.023036649214659685,"{""mlp.down_proj"": 1519.0, ""mlp.gate_proj"": 732.0, ""mlp.up_proj"": 1282.0, ""self_attn.o_proj"": 811.0, ""self_attn.v_proj"": 431.0}","{""mlp.down_proj"": 1499.0, ""mlp.gate_proj"": 703.0, ""mlp.up_proj"": 1261.0, ""self_attn.o_proj"": 788.0, ""self_attn.v_proj"": 414.0}","{""mlp.down_proj"": -20.0, ""mlp.gate_proj"": -29.0, ""mlp.up_proj"": -21.0, ""self_attn.o_proj"": -23.0, ""self_attn.v_proj"": -17.0}","{""mlp.down_proj"": 0.013166556945358789, ""mlp.gate_proj"": 0.03961748633879782, ""mlp.up_proj"": 0.01638065522620905, ""self_attn.o_proj"": 0.02836004932182491, ""self_attn.v_proj"": 0.03944315545243619}",0.016954936536052453,0.010438644120872902,7,equal7,True,"mlp.down_proj,mlp.gate_proj,mlp.up_proj,self_attn.k_proj,self_attn.o_proj,self_attn.q_proj,self_attn.v_proj",,697.1428571428571,716.0,697.1428571428571,-18.857142857142858,0.045897096145656284,0.026336791699920238,"{""mlp.down_proj"": 1519.0, ""mlp.gate_proj"": 732.0, ""mlp.up_proj"": 1282.0, ""self_attn.k_proj"": 116.0, ""self_attn.o_proj"": 811.0, ""self_attn.q_proj"": 121.0, ""self_attn.v_proj"": 431.0}","{""mlp.down_proj"": 1499.0, ""mlp.gate_proj"": 703.0, ""mlp.up_proj"": 1261.0, ""self_attn.k_proj"": 109.0, ""self_attn.o_proj"": 788.0, ""self_attn.q_proj"": 106.0, ""self_attn.v_proj"": 414.0}","{""mlp.down_proj"": -20.0, ""mlp.gate_proj"": -29.0, ""mlp.up_proj"": -21.0, ""self_attn.k_proj"": -7.0, ""self_attn.o_proj"": -23.0, ""self_attn.q_proj"": -15.0, ""self_attn.v_proj"": -17.0}","{""mlp.down_proj"": 0.013166556945358789, ""mlp.gate_proj"": 0.03961748633879782, ""mlp.up_proj"": 0.01638065522620905, ""self_attn.k_proj"": 0.0603448275862069, ""self_attn.o_proj"": 0.02836004932182491, ""self_attn.q_proj"": 0.12396694214876033, ""self_attn.v_proj"": 0.03944315545243619}",-0.01850351548873093,-3.1428571428571423,235.8571428571429,False,True
,,320,E_ood,E_mmluPro,0.1,14,5,equal5_non_qk,True,"mlp.down_proj,mlp.gate_proj,mlp.up_proj,self_attn.o_proj,self_attn.v_proj","self_attn.q_proj,self_attn.k_proj",611.2,630.8,611.2,-19.6,0.052123572490337736,0.03107165504121736,"{""mlp.down_proj"": 1213.0, ""mlp.gate_proj"": 83.0, ""mlp.up_proj"": 826.0, ""self_attn.o_proj"": 586.0, ""self_attn.v_proj"": 446.0}","{""mlp.down_proj"": 1190.0, ""mlp.gate_proj"": 71.0, ""mlp.up_proj"": 792.0, ""self_attn.o_proj"": 569.0, ""self_attn.v_proj"": 434.0}","{""mlp.down_proj"": -23.0, ""mlp.gate_proj"": -12.0, ""mlp.up_proj"": -34.0, ""self_attn.o_proj"": -17.0, ""self_attn.v_proj"": -12.0}","{""mlp.down_proj"": 0.018961253091508656, ""mlp.gate_proj"": 0.14457831325301204, ""mlp.up_proj"": 0.04116222760290557, ""self_attn.o_proj"": 0.02901023890784983, ""self_attn.v_proj"": 0.026905829596412557}",0.02662874976866749,0.025494822721670245,7,equal7,True,"mlp.down_proj,mlp.gate_proj,mlp.up_proj,self_attn.k_proj,self_attn.o_proj,self_attn.q_proj,self_attn.v_proj",,447.57142857142856,462.0,447.57142857142856,-14.428571428571429,0.047862767985370334,0.03123067408781698,"{""mlp.down_proj"": 1213.0, ""mlp.gate_proj"": 83.0, ""mlp.up_proj"": 826.0, ""self_attn.k_proj"": 39.0, ""self_attn.o_proj"": 586.0, ""self_attn.q_proj"": 41.0, ""self_attn.v_proj"": 446.0}","{""mlp.down_proj"": 1190.0, ""mlp.gate_proj"": 71.0, ""mlp.up_proj"": 792.0, ""self_attn.k_proj"": 38.0, ""self_attn.o_proj"": 569.0, ""self_attn.q_proj"": 39.0, ""self_attn.v_proj"": 434.0}","{""mlp.down_proj"": -23.0, ""mlp.gate_proj"": -12.0, ""mlp.up_proj"": -34.0, ""self_attn.k_proj"": -1.0, ""self_attn.o_proj"": -17.0, ""self_attn.q_proj"": -2.0, ""self_attn.v_proj"": -12.0}","{""mlp.down_proj"": 0.018961253091508656, ""mlp.gate_proj"": 0.14457831325301204, ""mlp.up_proj"": 0.04116222760290557, ""self_attn.k_proj"": 0.02564102564102564, ""self_attn.o_proj"": 0.02901023890784983, ""self_attn.q_proj"": 0.04878048780487805, ""self_attn.v_proj"": 0.026905829596412557}",0.004260804504967401,-5.171428571428573,163.6285714285715,False,True
,,320,E_ood,E_mmluPro,0.1,18,5,equal5_non_qk,True,"mlp.down_proj,mlp.gate_proj,mlp.up_proj,self_attn.o_proj,self_attn.v_proj","self_attn.q_proj,self_attn.k_proj",597.6,618.0,597.6,-20.4,0.04219277076024339,0.03300970873786404,"{""mlp.down_proj"": 1115.0, ""mlp.gate_proj"": 328.0, ""mlp.up_proj"": 851.0, ""self_attn.o_proj"": 518.0, ""self_attn.v_proj"": 278.0}","{""mlp.down_proj"": 1092.0, ""mlp.gate_proj"": 306.0, ""mlp.up_proj"": 831.0, ""self_attn.o_proj"": 498.0, ""self_attn.v_proj"": 261.0}","{""mlp.down_proj"": -23.0, ""mlp.gate_proj"": -22.0, ""mlp.up_proj"": -20.0, ""self_attn.o_proj"": -20.0, ""self_attn.v_proj"": -17.0}","{""mlp.down_proj"": 0.02062780269058296, ""mlp.gate_proj"": 0.06707317073170732, ""mlp.up_proj"": 0.023501762632197415, ""self_attn.o_proj"": 0.03861003861003861, ""self_attn.v_proj"": 0.06115107913669065}",0.026040502868443206,0.01615226789180018,7,equal7,True,"mlp.down_proj,mlp.gate_proj,mlp.up_proj,self_attn.k_proj,self_attn.o_proj,self_attn.q_proj,self_attn.v_proj",,435.2857142857143,450.85714285714283,435.2857142857143,-15.571428571428571,0.06475307801555848,0.03453738910012671,"{""mlp.down_proj"": 1115.0, ""mlp.gate_proj"": 328.0, ""mlp.up_proj"": 851.0, ""self_attn.k_proj"": 40.0, ""self_attn.o_proj"": 518.0, ""self_attn.q_proj"": 26.0, ""self_attn.v_proj"": 278.0}","{""mlp.down_proj"": 1092.0, ""mlp.gate_proj"": 306.0, ""mlp.up_proj"": 831.0, ""self_attn.k_proj"": 38.0, ""self_attn.o_proj"": 498.0, ""self_attn.q_proj"": 21.0, ""self_attn.v_proj"": 261.0}","{""mlp.down_proj"": -23.0, ""mlp.gate_proj"": -22.0, ""mlp.up_proj"": -20.0, ""self_attn.k_proj"": -2.0, ""self_attn.o_proj"": -20.0, ""self_attn.q_proj"": -5.0, ""self_attn.v_proj"": -17.0}","{""mlp.down_proj"": 0.02062780269058296, ""mlp.gate_proj"": 0.06707317073170732, ""mlp.up_proj"": 0.023501762632197415, ""self_attn.k_proj"": 0.05, ""self_attn.o_proj"": 0.03861003861003861, ""self_attn.q_proj"": 0.19230769230769232, ""self_attn.v_proj"": 0.06115107913669065}",-0.02256030725531509,-4.828571428571427,162.31428571428575,False,True
,,320,S_math,legacy_S_math,0.01,14,5,equal5_non_qk,True,"mlp.down_proj,mlp.gate_proj,mlp.up_proj,self_attn.o_proj,self_attn.v_proj","self_attn.q_proj,self_attn.k_proj",873.4,924.4,873.4,-51.0,0.05923138685484679,0.05517092167892687,"{""mlp.down_proj"": 1423.0, ""mlp.gate_proj"": 604.0, ""mlp.up_proj"": 1193.0, ""self_attn.o_proj"": 743.0, ""self_attn.v_proj"": 659.0}","{""mlp.down_proj"": 1372.0, ""mlp.gate_proj"": 554.0, ""mlp.up_proj"": 1127.0, ""self_attn.o_proj"": 677.0, ""self_attn.v_proj"": 637.0}","{""mlp.down_proj"": -51.0, ""mlp.gate_proj"": -50.0, ""mlp.up_proj"": -66.0, ""self_attn.o_proj"": -66.0, ""self_attn.v_proj"": -22.0}","{""mlp.down_proj"": 0.035839775122979624, ""mlp.gate_proj"": 0.08278145695364239, ""mlp.up_proj"": 0.055322715842414084, ""self_attn.o_proj"": 0.08882907133243607, ""self_attn.v_proj"": 0.03338391502276176}",0.008873915275785373,0.05035747157906141,7,equal7,True,"mlp.down_proj,mlp.gate_proj,mlp.up_proj,self_attn.k_proj,self_attn.o_proj,self_attn.q_proj,self_attn.v_proj",,690.7142857142857,729.0,690.7142857142857,-38.285714285714285,0.04973868359922732,0.05251812659220073,"{""mlp.down_proj"": 1423.0, ""mlp.gate_proj"": 604.0, ""mlp.up_proj"": 1193.0, ""self_attn.k_proj"": 186.0, ""self_attn.o_proj"": 743.0, ""self_attn.q_proj"": 295.0, ""self_attn.v_proj"": 659.0}","{""mlp.down_proj"": 1372.0, ""mlp.gate_proj"": 554.0, ""mlp.up_proj"": 1127.0, ""self_attn.k_proj"": 182.0, ""self_attn.o_proj"": 677.0, ""self_attn.q_proj"": 286.0, ""self_attn.v_proj"": 637.0}","{""mlp.down_proj"": -51.0, ""mlp.gate_proj"": -50.0, ""mlp.up_proj"": -66.0, ""self_attn.k_proj"": -4.0, ""self_attn.o_proj"": -66.0, ""self_attn.q_proj"": -9.0, ""self_attn.v_proj"": -22.0}","{""mlp.down_proj"": 0.035839775122979624, ""mlp.gate_proj"": 0.08278145695364239, ""mlp.up_proj"": 0.055322715842414084, ""self_attn.k_proj"": 0.021505376344086023, ""self_attn.o_proj"": 0.08882907133243607, ""self_attn.q_proj"": 0.030508474576271188, ""self_attn.v_proj"": 0.03338391502276176}",0.009492703255619468,-12.714285714285715,182.6857142857143,False,True
,,320,S_math,legacy_S_math,0.01,18,5,equal5_non_qk,True,"mlp.down_proj,mlp.gate_proj,mlp.up_proj,self_attn.o_proj,self_attn.v_proj","self_attn.q_proj,self_attn.k_proj",1503.0,1527.2,1503.0,-24.2,0.01637131821338254,0.015845992666317473,"{""mlp.down_proj"": 2158.0, ""mlp.gate_proj"": 1490.0, ""mlp.up_proj"": 1931.0, ""self_attn.o_proj"": 1338.0, ""self_attn.v_proj"": 719.0}","{""mlp.down_proj"": 2146.0, ""mlp.gate_proj"": 1445.0, ""mlp.up_proj"": 1901.0, ""self_attn.o_proj"": 1312.0, ""self_attn.v_proj"": 711.0}","{""mlp.down_proj"": -12.0, ""mlp.gate_proj"": -45.0, ""mlp.up_proj"": -30.0, ""self_attn.o_proj"": -26.0, ""self_attn.v_proj"": -8.0}","{""mlp.down_proj"": 0.005560704355885079, ""mlp.gate_proj"": 0.030201342281879196, ""mlp.up_proj"": 0.015535991714137753, ""self_attn.o_proj"": 0.01943198804185351, ""self_attn.v_proj"": 0.011126564673157162}",0.007058129674606528,0.009313188538776012,7,equal7,True,"mlp.down_proj,mlp.gate_proj,mlp.up_proj,self_attn.k_proj,self_attn.o_proj,self_attn.q_proj,self_attn.v_proj",,1214.4285714285713,1236.5714285714287,1214.4285714285713,-22.142857142857142,0.019837603386448733,0.01790665434380792,"{""mlp.down_proj"": 2158.0, ""mlp.gate_proj"": 1490.0, ""mlp.up_proj"": 1931.0, ""self_attn.k_proj"": 371.0, ""self_attn.o_proj"": 1338.0, ""self_attn.q_proj"": 649.0, ""self_attn.v_proj"": 719.0}","{""mlp.down_proj"": 2146.0, ""mlp.gate_proj"": 1445.0, ""mlp.up_proj"": 1901.0, ""self_attn.k_proj"": 367.0, ""self_attn.o_proj"": 1312.0, ""self_attn.q_proj"": 619.0, ""self_attn.v_proj"": 711.0}","{""mlp.down_proj"": -12.0, ""mlp.gate_proj"": -45.0, ""mlp.up_proj"": -30.0, ""self_attn.k_proj"": -4.0, ""self_attn.o_proj"": -26.0, ""self_attn.q_proj"": -30.0, ""self_attn.v_proj"": -8.0}","{""mlp.down_proj"": 0.005560704355885079, ""mlp.gate_proj"": 0.030201342281879196, ""mlp.up_proj"": 0.015535991714137753, ""self_attn.k_proj"": 0.01078167115902965, ""self_attn.o_proj"": 0.01943198804185351, ""self_attn.q_proj"": 0.046224961479198766, ""self_attn.v_proj"": 0.011126564673157162}",-0.003466285173066193,-2.057142857142857,288.57142857142867,False,True
,,320,S_math,legacy_S_math,0.025,14,5,equal5_non_qk,True,"mlp.down_proj,mlp.gate_proj,mlp.up_proj,self_attn.o_proj,self_attn.v_proj","self_attn.q_proj,self_attn.k_proj",572.4,612.8,572.4,-40.4,0.0734197196887579,0.06592689295039161,"{""mlp.down_proj"": 1011.0, ""mlp.gate_proj"": 295.0, ""mlp.up_proj"": 783.0, ""self_attn.o_proj"": 477.0, ""self_attn.v_proj"": 498.0}","{""mlp.down_proj"": 968.0, ""mlp.gate_proj"": 266.0, ""mlp.up_proj"": 729.0, ""self_attn.o_proj"": 424.0, ""self_attn.v_proj"": 475.0}","{""mlp.down_proj"": -43.0, ""mlp.gate_proj"": -29.0, ""mlp.up_proj"": -54.0, ""self_attn.o_proj"": -53.0, ""self_attn.v_proj"": -23.0}","{""mlp.down_proj"": 0.04253214638971316, ""mlp.gate_proj"": 0.09830508474576272, ""mlp.up_proj"": 0.06896551724137931, ""self_attn.o_proj"": 0.1111111111111111, ""self_attn.v_proj"": 0.04618473895582329}",0.013727061151587408,0.0596926585371705,7,equal7,True,"mlp.down_proj,mlp.gate_proj,mlp.up_proj,self_attn.k_proj,self_attn.o_proj,self_attn.q_proj,self_attn.v_proj",,441.2857142857143,470.85714285714283,441.2857142857143,-29.571428571428573,0.05810320050892954,0.0628033980582524,"{""mlp.down_proj"": 1011.0, ""mlp.gate_proj"": 295.0, ""mlp.up_proj"": 783.0, ""self_attn.k_proj"": 94.0, ""self_attn.o_proj"": 477.0, ""self_attn.q_proj"": 138.0, ""self_attn.v_proj"": 498.0}","{""mlp.down_proj"": 968.0, ""mlp.gate_proj"": 266.0, ""mlp.up_proj"": 729.0, ""self_attn.k_proj"": 93.0, ""self_attn.o_proj"": 424.0, ""self_attn.q_proj"": 134.0, ""self_attn.v_proj"": 475.0}","{""mlp.down_proj"": -43.0, ""mlp.gate_proj"": -29.0, ""mlp.up_proj"": -54.0, ""self_attn.k_proj"": -1.0, ""self_attn.o_proj"": -53.0, ""self_attn.q_proj"": -4.0, ""self_attn.v_proj"": -23.0}","{""mlp.down_proj"": 0.04253214638971316, ""mlp.gate_proj"": 0.09830508474576272, ""mlp.up_proj"": 0.06896551724137931, ""self_attn.k_proj"": 0.010638297872340425, ""self_attn.o_proj"": 0.1111111111111111, ""self_attn.q_proj"": 0.028985507246376812, ""self_attn.v_proj"": 0.04618473895582329}",0.015316519179828368,-10.828571428571426,131.1142857142857,False,True
,,320,S_math,legacy_S_math,0.025,18,5,equal5_non_qk,True,"mlp.down_proj,mlp.gate_proj,mlp.up_proj,self_attn.o_proj,self_attn.v_proj","self_attn.q_proj,self_attn.k_proj",1142.4,1169.2,1142.4,-26.8,0.02465359172121847,0.0229216558330482,"{""mlp.down_proj"": 1850.0, ""mlp.gate_proj"": 956.0, ""mlp.up_proj"": 1521.0, ""self_attn.o_proj"": 958.0, ""self_attn.v_proj"": 561.0}","{""mlp.down_proj"": 1832.0, ""mlp.gate_proj"": 910.0, ""mlp.up_proj"": 1484.0, ""self_attn.o_proj"": 934.0, ""self_attn.v_proj"": 552.0}","{""mlp.down_proj"": -18.0, ""mlp.gate_proj"": -46.0, ""mlp.up_proj"": -37.0, ""self_attn.o_proj"": -24.0, ""self_attn.v_proj"": -9.0}","{""mlp.down_proj"": 0.00972972972972973, ""mlp.gate_proj"": 0.04811715481171548, ""mlp.up_proj"": 0.024326101249178174, ""self_attn.o_proj"": 0.025052192066805846, ""self_attn.v_proj"": 0.016042780748663103}",0.01156230644554319,0.013091285275675279,7,equal7,True,"mlp.down_proj,mlp.gate_proj,mlp.up_proj,self_attn.k_proj,self_attn.o_proj,self_attn.q_proj,self_attn.v_proj",,887.2857142857143,909.2857142857143,887.2857142857143,-22.0,0.02697502899107031,0.024194815396700705,"{""mlp.down_proj"": 1850.0, ""mlp.gate_proj"": 956.0, ""mlp.up_proj"": 1521.0, ""self_attn.k_proj"": 206.0, ""self_attn.o_proj"": 958.0, ""self_attn.q_proj"": 313.0, ""self_attn.v_proj"": 561.0}","{""mlp.down_proj"": 1832.0, ""mlp.gate_proj"": 910.0, ""mlp.up_proj"": 1484.0, ""self_attn.k_proj"": 205.0, ""self_attn.o_proj"": 934.0, ""self_attn.q_proj"": 294.0, ""self_attn.v_proj"": 552.0}","{""mlp.down_proj"": -18.0, ""mlp.gate_proj"": -46.0, ""mlp.up_proj"": -37.0, ""self_attn.k_proj"": -1.0, ""self_attn.o_proj"": -24.0, ""self_attn.q_proj"": -19.0, ""self_attn.v_proj"": -9.0}","{""mlp.down_proj"": 0.00972972972972973, ""mlp.gate_proj"": 0.04811715481171548, ""mlp.up_proj"": 0.024326101249178174, ""self_attn.k_proj"": 0.0048543689320388345, ""self_attn.o_proj"": 0.025052192066805846, ""self_attn.q_proj"": 0.06070287539936102, ""self_attn.v_proj"": 0.016042780748663103}",-0.0023214372698518414,-4.800000000000001,255.11428571428576,False,True
,,320,S_math,legacy_S_math,0.05,14,5,equal5_non_qk,True,"mlp.down_proj,mlp.gate_proj,mlp.up_proj,self_attn.o_proj,self_attn.v_proj","self_attn.q_proj,self_attn.k_proj",374.0,404.0,374.0,-30.0,0.08554642689518308,0.07425742574257425,"{""mlp.down_proj"": 711.0, ""mlp.gate_proj"": 132.0, ""mlp.up_proj"": 505.0, ""self_attn.o_proj"": 307.0, ""self_attn.v_proj"": 365.0}","{""mlp.down_proj"": 677.0, ""mlp.gate_proj"": 117.0, ""mlp.up_proj"": 464.0, ""self_attn.o_proj"": 267.0, ""self_attn.v_proj"": 345.0}","{""mlp.down_proj"": -34.0, ""mlp.gate_proj"": -15.0, ""mlp.up_proj"": -41.0, ""self_attn.o_proj"": -40.0, ""self_attn.v_proj"": -20.0}","{""mlp.down_proj"": 0.04781997187060478, ""mlp.gate_proj"": 0.11363636363636363, ""mlp.up_proj"": 0.08118811881188119, ""self_attn.o_proj"": 0.13029315960912052, ""self_attn.v_proj"": 0.0547945205479452}",0.019407271214551693,0.06613915568063139,7,equal7,True,"mlp.down_proj,mlp.gate_proj,mlp.up_proj,self_attn.k_proj,self_attn.o_proj,self_attn.q_proj,self_attn.v_proj",,283.14285714285717,304.85714285714283,283.14285714285717,-21.714285714285715,0.06550019503502087,0.07122774133083395,"{""mlp.down_proj"": 711.0, ""mlp.gate_proj"": 132.0, ""mlp.up_proj"": 505.0, ""self_attn.k_proj"": 49.0, ""self_attn.o_proj"": 307.0, ""self_attn.q_proj"": 65.0, ""self_attn.v_proj"": 365.0}","{""mlp.down_proj"": 677.0, ""mlp.gate_proj"": 117.0, ""mlp.up_proj"": 464.0, ""self_attn.k_proj"": 49.0, ""self_attn.o_proj"": 267.0, ""self_attn.q_proj"": 63.0, ""self_attn.v_proj"": 345.0}","{""mlp.down_proj"": -34.0, ""mlp.gate_proj"": -15.0, ""mlp.up_proj"": -41.0, ""self_attn.k_proj"": 0.0, ""self_attn.o_proj"": -40.0, ""self_attn.q_proj"": -2.0, ""self_attn.v_proj"": -20.0}","{""mlp.down_proj"": 0.04781997187060478, ""mlp.gate_proj"": 0.11363636363636363, ""mlp.up_proj"": 0.08118811881188119, ""self_attn.k_proj"": 0.0, ""self_attn.o_proj"": 0.13029315960912052, ""self_attn.q_proj"": 0.03076923076923077, ""self_attn.v_proj"": 0.0547945205479452}",0.020046231860162203,-8.285714285714285,90.85714285714283,False,True
,,320,S_math,legacy_S_math,0.05,18,5,equal5_non_qk,True,"mlp.down_proj,mlp.gate_proj,mlp.up_proj,self_attn.o_proj,self_attn.v_proj","self_attn.q_proj,self_attn.k_proj",830.6,856.2,830.6,-25.6,0.03387257365293846,0.029899556178463002,"{""mlp.down_proj"": 1523.0, ""mlp.gate_proj"": 542.0, ""mlp.up_proj"": 1133.0, ""self_attn.o_proj"": 663.0, ""self_attn.v_proj"": 420.0}","{""mlp.down_proj"": 1501.0, ""mlp.gate_proj"": 505.0, ""mlp.up_proj"": 1094.0, ""self_attn.o_proj"": 641.0, ""self_attn.v_proj"": 412.0}","{""mlp.down_proj"": -22.0, ""mlp.gate_proj"": -37.0, ""mlp.up_proj"": -39.0, ""self_attn.o_proj"": -22.0, ""self_attn.v_proj"": -8.0}","{""mlp.down_proj"": 0.014445173998686802, ""mlp.gate_proj"": 0.06826568265682657, ""mlp.up_proj"": 0.03442188879082083, ""self_attn.o_proj"": 0.033182503770739065, ""self_attn.v_proj"": 0.01904761904761905}",0.016954936536052453,0.01691763711688601,7,equal7,True,"mlp.down_proj,mlp.gate_proj,mlp.up_proj,self_attn.k_proj,self_attn.o_proj,self_attn.q_proj,self_attn.v_proj",,626.2857142857143,645.7142857142857,626.2857142857143,-19.428571428571427,0.03242903397790863,0.03008849557522109,"{""mlp.down_proj"": 1523.0, ""mlp.gate_proj"": 542.0, ""mlp.up_proj"": 1133.0, ""self_attn.k_proj"": 105.0, ""self_attn.o_proj"": 663.0, ""self_attn.q_proj"": 134.0, ""self_attn.v_proj"": 420.0}","{""mlp.down_proj"": 1501.0, ""mlp.gate_proj"": 505.0, ""mlp.up_proj"": 1094.0, ""self_attn.k_proj"": 106.0, ""self_attn.o_proj"": 641.0, ""self_attn.q_proj"": 125.0, ""self_attn.v_proj"": 412.0}","{""mlp.down_proj"": -22.0, ""mlp.gate_proj"": -37.0, ""mlp.up_proj"": -39.0, ""self_attn.k_proj"": 1.0, ""self_attn.o_proj"": -22.0, ""self_attn.q_proj"": -9.0, ""self_attn.v_proj"": -8.0}","{""mlp.down_proj"": 0.014445173998686802, ""mlp.gate_proj"": 0.06826568265682657, ""mlp.up_proj"": 0.03442188879082083, ""self_attn.k_proj"": -0.009523809523809525, ""self_attn.o_proj"": 0.033182503770739065, ""self_attn.q_proj"": 0.06716417910447761, ""self_attn.v_proj"": 0.01904761904761905}",0.0014435396750298313,-6.171428571428574,204.3142857142857,False,True
,,320,S_math,legacy_S_math,0.1,14,5,equal5_non_qk,True,"mlp.down_proj,mlp.gate_proj,mlp.up_proj,self_attn.o_proj,self_attn.v_proj","self_attn.q_proj,self_attn.k_proj",212.4,232.2,212.4,-19.8,0.10329479448672856,0.0852713178294573,"{""mlp.down_proj"": 440.0, ""mlp.gate_proj"": 37.0, ""mlp.up_proj"": 275.0, ""self_attn.o_proj"": 172.0, ""self_attn.v_proj"": 237.0}","{""mlp.down_proj"": 417.0, ""mlp.gate_proj"": 32.0, ""mlp.up_proj"": 249.0, ""self_attn.o_proj"": 144.0, ""self_attn.v_proj"": 220.0}","{""mlp.down_proj"": -23.0, ""mlp.gate_proj"": -5.0, ""mlp.up_proj"": -26.0, ""self_attn.o_proj"": -28.0, ""self_attn.v_proj"": -17.0}","{""mlp.down_proj"": 0.05227272727272727, ""mlp.gate_proj"": 0.13513513513513514, ""mlp.up_proj"": 0.09454545454545454, ""self_attn.o_proj"": 0.16279069767441862, ""self_attn.v_proj"": 0.07172995780590717}",0.02662874976866749,0.07666604471806107,7,equal7,True,"mlp.down_proj,mlp.gate_proj,mlp.up_proj,self_attn.k_proj,self_attn.o_proj,self_attn.q_proj,self_attn.v_proj",,157.85714285714286,172.28571428571428,157.85714285714286,-14.428571428571429,0.08679529854893565,0.08374792703150906,"{""mlp.down_proj"": 440.0, ""mlp.gate_proj"": 37.0, ""mlp.up_proj"": 275.0, ""self_attn.k_proj"": 19.0, ""self_attn.o_proj"": 172.0, ""self_attn.q_proj"": 26.0, ""self_attn.v_proj"": 237.0}","{""mlp.down_proj"": 417.0, ""mlp.gate_proj"": 32.0, ""mlp.up_proj"": 249.0, ""self_attn.k_proj"": 18.0, ""self_attn.o_proj"": 144.0, ""self_attn.q_proj"": 25.0, ""self_attn.v_proj"": 220.0}","{""mlp.down_proj"": -23.0, ""mlp.gate_proj"": -5.0, ""mlp.up_proj"": -26.0, ""self_attn.k_proj"": -1.0, ""self_attn.o_proj"": -28.0, ""self_attn.q_proj"": -1.0, ""self_attn.v_proj"": -17.0}","{""mlp.down_proj"": 0.05227272727272727, ""mlp.gate_proj"": 0.13513513513513514, ""mlp.up_proj"": 0.09454545454545454, ""self_attn.k_proj"": 0.05263157894736842, ""self_attn.o_proj"": 0.16279069767441862, ""self_attn.q_proj"": 0.038461538461538464, ""self_attn.v_proj"": 0.07172995780590717}",0.016499495937792902,-5.371428571428572,54.542857142857144,False,True
,,320,S_math,legacy_S_math,0.1,18,5,equal5_non_qk,True,"mlp.down_proj,mlp.gate_proj,mlp.up_proj,self_attn.o_proj,self_attn.v_proj","self_attn.q_proj,self_attn.k_proj",519.0,538.6,519.0,-19.6,0.0451218307014456,0.03639064240623844,"{""mlp.down_proj"": 1121.0, ""mlp.gate_proj"": 206.0, ""mlp.up_proj"": 711.0, ""self_attn.o_proj"": 383.0, ""self_attn.v_proj"": 272.0}","{""mlp.down_proj"": 1098.0, ""mlp.gate_proj"": 187.0, ""mlp.up_proj"": 678.0, ""self_attn.o_proj"": 366.0, ""self_attn.v_proj"": 266.0}","{""mlp.down_proj"": -23.0, ""mlp.gate_proj"": -19.0, ""mlp.up_proj"": -33.0, ""self_attn.o_proj"": -17.0, ""self_attn.v_proj"": -6.0}","{""mlp.down_proj"": 0.020517395182872437, ""mlp.gate_proj"": 0.09223300970873786, ""mlp.up_proj"": 0.046413502109704644, ""self_attn.o_proj"": 0.044386422976501305, ""self_attn.v_proj"": 0.022058823529411766}",0.026040502868443206,0.01908132783300239,7,equal7,True,"mlp.down_proj,mlp.gate_proj,mlp.up_proj,self_attn.k_proj,self_attn.o_proj,self_attn.q_proj,self_attn.v_proj",,381.85714285714283,396.14285714285717,381.85714285714283,-14.285714285714286,0.03973456950398085,0.03606202668589987,"{""mlp.down_proj"": 1121.0, ""mlp.gate_proj"": 206.0, ""mlp.up_proj"": 711.0, ""self_attn.k_proj"": 41.0, ""self_attn.o_proj"": 383.0, ""self_attn.q_proj"": 39.0, ""self_attn.v_proj"": 272.0}","{""mlp.down_proj"": 1098.0, ""mlp.gate_proj"": 187.0, ""mlp.up_proj"": 678.0, ""self_attn.k_proj"": 42.0, ""self_attn.o_proj"": 366.0, ""self_attn.q_proj"": 36.0, ""self_attn.v_proj"": 266.0}","{""mlp.down_proj"": -23.0, ""mlp.gate_proj"": -19.0, ""mlp.up_proj"": -33.0, ""self_attn.k_proj"": 1.0, ""self_attn.o_proj"": -17.0, ""self_attn.q_proj"": -3.0, ""self_attn.v_proj"": -6.0}","{""mlp.down_proj"": 0.020517395182872437, ""mlp.gate_proj"": 0.09223300970873786, ""mlp.up_proj"": 0.046413502109704644, ""self_attn.k_proj"": -0.024390243902439025, ""self_attn.o_proj"": 0.044386422976501305, ""self_attn.q_proj"": 0.07692307692307693, ""self_attn.v_proj"": 0.022058823529411766}",0.00538726119746475,-5.314285714285715,137.14285714285717,False,True
